10732.843364784356 3682045.3959626416 724.6912976103749 
13868.893680977482 4165539.0706916684 355.0242454193736 
9734.91527850362 7672970.194939148 999.8677288713413 
15357.995598211728 1838979.9096585435 349.9181196083766 
15298.478273634773 3293546.864102541 326.30187691645267 
11322.24254627198 2801045.2753350893 641.1789564742826 
10943.10571157235 4400265.12502167 669.3664802187147 
8760.44908801109 25994861.943996046 2363.4778307677934 
8773.668298790826 20283703.1246896 1945.3505575857794 
18916.89472645846 2989911.665590952 160.26168003139125 
11442.238869841216 2099180.5973964417 450.9374721339724 
8917.842557714794 38316082.37835692 1367.1472938317947 
15284.725158280291 2172203.7102979696 446.2641224131188 
9871.466160435037 6700190.7337742485 787.7201519074246 
17116.32294845187 2645754.8800503886 229.60123769187575 
20121.55851836722 1989366.0097113498 210.77854974415536 
32203.76468920287 1461357.6324049975 83.27809084434344 
16626.001563161102 3839377.2783601605 239.73049331352163 
17594.728942686143 2446112.545593359 255.41719308535636 
9965.425173258593 3494232.6851897873 811.4591384641342 
15390.454720621832 3508290.502575465 321.0634296110595 
9285.513953123409 9727097.945748108 1105.2725146909363 
16006.012869135233 1904426.688105918 325.65710380767644 
13453.902664944795 6378971.393028912 396.89679141558946 
8971.341563876522 23481468.85907861 1308.4815146401083 
14532.333282819352 2970658.1468020175 398.5306673119233 
9760.168655805192 6054125.341861021 845.7369070239783 
20145.17951502184 2203613.2565928204 180.9897642698727 
10412.933420379573 4572442.636705132 647.5246130122719 
8821.135475004747 18647634.846714973 1848.1312410149549 
26893.033659163866 1517499.749680067 177.7087380515733 
9936.143306199669 5052695.15661481 984.6279166291484 
15157.312007339991 1982343.9229064288 528.9518306301395 
9572.116574862506 7677543.737870227 855.5460109077584 
18254.051912256527 1572700.5067574785 236.619693059422 
19294.58331102358 2790606.3579132464 143.08751909684963 
18876.008434200372 2992198.9618275464 174.76409587393337 
9044.953793262315 14121034.67335563 1344.7453360062348 
8653.85402048138 25436071.511044905 2554.324701846914 
8852.814927439638 13918974.387976488 1556.5055143566426 
9545.998138128323 10032384.75414837 695.0569580185567 
9244.715026452766 13396087.14674907 879.5561149074586 
14055.66456979743 3146615.987569192 333.81954149276464 
8591.214046069736 26985216.755518064 1743.0131299130533 
22446.120347304044 1980137.0716004844 129.57736643466046 
13731.29105800101 8921009.51115987 358.17490883714186 
9855.394496459927 5775387.437986228 1042.790859166911 
9962.013676855595 4679155.784089228 498.88546638787744 
8998.237934147275 20488146.19354269 1359.044768304343 
9065.640738158116 10616420.068629341 998.3645450746692 
15730.598215241822 3423944.411569367 326.1014821273198 
9302.857600576988 8132079.81868662 974.9658324428653 
9445.597208098237 10005874.12003399 857.1500905596022 
15765.837801292033 2264523.6573034753 294.3917859066662 
10384.631943437125 4659357.390314309 752.2275105306728 
22416.05693334834 2348957.5263442914 163.5174398217183 
8549.963403401918 35247320.37208445 1752.0207839122795 
8703.28934429121 27855361.063522376 1583.7183290822086 
11454.36131330194 2456148.5794606702 402.1612247601538 
8827.90828918599 15813195.295423072 1415.337841510916 
11234.62101879869 3506766.0638822587 672.9340912852379 
16300.263794041202 1416159.228935464 259.4358956037308 
9067.84666621487 15159813.844417829 925.7001685542664 
9100.993478683431 10312838.213794803 1018.3177381707885 
37319.91340090422 1765509.2575926622 237.2388948979668 
26237.815350258148 2184997.608557096 151.2498920749387 
8720.13215248453 61700919.879629076 2568.7392136132744 
8782.750753429622 66272378.89297517 2208.0780829865403 
18815.79470729893 1693854.1243469454 313.7830063400317 
8934.346420241405 26597223.659109652 1520.322966113395 
35871.604788364966 2038392.3012228624 157.56681660970995 
27653.201761026237 2016122.4203548597 174.0141954022983 
8954.066840283449 19528707.992084004 1929.1668323822 
9086.304118281658 13869499.21680128 1610.8093589954908 
23288.79167377224 2029170.6225320667 173.30667838501347 
20253.816969729425 3858532.0546145844 197.87546737205906 
9041.889386486 22055899.64470143 1447.445006563939 
9117.586661531092 11993312.579037672 1210.4796225628581 
9439.867871984556 16698280.300219063 1087.9024790523297 
9062.79716313522 16831688.279274285 1402.3753300092515 
15094.568096897221 4230008.616680925 361.4706405502313 
22134.3504248097 1970168.8656214862 276.58240725425594 
19312.028288439375 2708812.0120768165 233.228012015229 
13157.135263245342 2442712.6457871012 503.15770302605756 
17841.339560207085 2415743.7179454146 272.602183142743 
14254.68770813509 8014126.989372263 406.66145414009725 
16392.567366262123 4111699.502793161 378.61800891893915 
15828.838807170483 5340906.463068097 306.55321936627394 
10371.474124684599 13470685.616407573 612.6733212904583 
9734.703758815802 21962409.997286804 883.0274184261937 
17129.462309640312 3264398.7903811485 286.6412276475004 
12023.863558577294 3217276.153666067 583.6996552309944 
9185.716056175486 10554643.557631984 1266.4473603205086 
10252.51737668916 5644231.341850531 811.3663241067494 
11114.824948802096 5568133.706507681 748.1771035516238 
8841.79417681455 21437575.341327276 1593.2045724915647 
9483.682234169159 10122896.037536487 993.5954145606746 
10645.715262180503 6515515.601235125 775.6953832800664 
9867.7794317765 8124096.179749429 1031.656099435702 
22239.663421121604 2242349.173704311 195.81431773713973 
