5308.3632277413635 1227313.7924384715 1096.926723374183 
5234.540172105162 12578448.894713685 3720.3958634603787 
5248.747326568362 1823563.1595425885 1922.8000287354414 
5623.908019780879 944244.8776433879 663.8676370899349 
6233.032115874535 726237.1237853923 395.2324549225822 
5383.485656582515 1196887.8582826755 1055.225729460747 
6187.284360100237 558462.2183688246 461.4294456089643 
5237.974213060589 2964493.6562090176 2649.197282402427 
5283.92241278722 1894100.4650693615 1424.9225768068468 
7674.4038912004 221238.0202592718 39.266217672644956 
5236.931057977326 5751746.773336531 3384.9203210098945 
5449.092470901811 1046596.5217318332 751.7542840526695 
5234.467189585106 5114712.063378191 4481.2756619119555 
7874.138248403989 219635.4947308893 55.64635493110682 
5231.350883218019 4931604.227021355 5224.122734543817 
19688.565091458582 209125.03899397067 50.917164662111894 
20305.811782590245 182761.8376930958 32.45334307611323 
5817.282397185214 989799.1802722139 613.8325402267573 
5245.825384480007 1881307.5590498247 1980.6765570190728 
5242.581391538677 3627664.6716443147 2644.121334253575 
7027.57525716069 271215.43015301623 133.5685557824613 
92014.5006775986 174452.06861839275 36.69915768993198 
6041.510448645746 649493.5194986643 583.8380309834388 
5229.67792157108 8866357.107758444 7185.240255591348 
5255.283757397281 1502283.1589613792 1824.9828806124387 
6343.938395555263 725699.7744639004 384.34850394102807 
5869.827246626885 697515.7566806591 396.4929061338045 
5855.888848936743 716374.7377665718 508.0314464221809 
5422.051312698466 863683.1807582316 778.2377227496097 
5261.685997989335 1502451.0755605965 1785.190096256976 
5231.810892328256 5335033.4475121815 5175.694835545448 
6711.000689585972 417425.3925103856 166.13324665986534 
6925.809736498558 303729.7157442458 245.74892251496533 
10440.83901081833 228106.53982792574 31.33227131704951 
7713.317491293936 332425.15861766686 121.39795853111553 
5310.823862394307 1202567.1514953994 1097.6474605274452 
5283.273436760529 2975161.8596418034 1586.6465523655693 
10602.486479408251 194776.4688764029 22.132736454686327 
5234.150674927036 5862517.365695605 4643.730132975947 
5235.420747461832 3162488.1463770955 3571.875977762628 
5233.349997480803 4432790.931890439 4610.947064423414 
5604.431105345581 1042008.3092615147 597.6862402732727 
5243.447706511544 2281518.8017245363 2290.2194534844753 
5257.61106599859 1891590.418083971 1641.5368105285352 
5237.624929715939 12321055.807853527 3540.0180540401425 
5599.439502156013 935396.929421143 759.0036527984214 
5229.630889342667 76153614.23439635 19860.998884476245 
5234.9570679435055 3869418.2468727217 4124.358612920836 
5245.780589839311 2239393.302479464 2128.015195099332 
5234.830484620428 5848127.591085799 4397.394243324527 
5230.808371062843 7492668.728770867 5980.720776807124 
6087.195963090871 819301.9508820658 390.98515189982294 
5301.139974643616 1672864.0821733188 1204.124094475099 
5234.530735827658 5549595.332579425 4452.461673534672 
5235.3635358092915 3223388.9418945466 3411.644295194801 
5561.544935054122 1163746.6779719738 515.2550547701235 
21350.19016893187 177905.15162915929 34.48438281414243 
5232.027060837325 4770698.298008077 4805.852622744404 
6355.80909953272 632565.3019338441 257.3737993501078 
5229.760742096668 12263828.66059736 10057.023287458565 
20536.660840770302 220440.29806211035 29.227691860703935 
5234.388154833337 11337021.117963215 4079.5068003979873 
92945.2006013153 180747.05257593718 49.45145177916883 
33391.00465642747 198977.12558402694 33.94194266118154 
5230.156736286791 15911319.958593685 7677.995095141093 
5230.83441230285 8097133.450807328 7693.716232539506 
5231.45192481581 9217430.022678401 6013.213166847862 
5230.777846258048 13295544.22398113 7234.531974667653 
20420.698724697533 181125.60977689945 39.950129192055314 
5243.8472645395395 5221083.324912836 2318.982752113357 
5231.273148126364 12389013.856041113 7226.030933980194 
5231.928753414082 6823821.761624802 5647.388530178892 
5236.103097403884 4464286.780227119 3852.807682699335 
5233.943558374581 4927143.037134723 5246.137813486288 
5235.062361950183 5156631.534441309 4324.491171138243 
5255.112604651483 8019786.729709936 2102.506873627454 
5236.483933462837 3310118.9463906502 3532.6797812901564 
5245.554040950169 2631696.203612693 3102.7982272418726 
15471.42927436535 250265.8376350104 57.167694870607036 
9327.892460367899 278614.82688270416 76.53515810481174 
19393.63921748409 199114.21195551124 39.53100561360274 
5560.132473054558 1563100.1189218436 873.4438370546541 
5231.791374297995 6436454.396927311 4696.2012312941315 
13497.059490594793 206360.20325348843 64.02851539600104 
5280.838121883374 2038871.0156896086 1638.3897958807004 
5247.313081297801 2210372.3035469125 2975.540565809628 
5331.762819028371 1708668.7066563466 1221.0619174075919 
5233.999072678568 8311827.036924586 4770.998476393274 
5240.064494916072 3009290.854651847 2701.576206401475 
5260.150713780188 2932193.4421629068 1779.0314534747422 
5317.123401063424 1868923.498368146 1201.679329148792 
6045.259272886241 3920353.292041598 580.8616149765376 
8566.152591508728 342787.77108978265 214.45311473767867 
5231.638705383435 5024517.184832092 5746.194076802429 
5231.775183503087 9132470.29515614 5720.879435412437 
5234.247871479427 5058265.555914814 4635.725302467444 
5238.955373726668 2989663.167545221 2761.622628513647 
5700.487028346849 1112752.6999965054 821.6595882813132 
7287.168876796398 741170.8752240323 342.12379276023427 
5232.118883967375 5226653.613114346 4994.044397559053 
