5273.596031478831 1488221.6877232082 1202.4619204015914 
5620.600789801593 1029928.8485884357 623.6588944353662 
7768.366335002813 1718391.3912164546 220.55707827774302 
5245.01004890387 7745694.095454202 2035.8091102546512 
5236.7113074396 2937791.2099721367 3139.889269233545 
5451.018751555151 1367256.5982018248 1026.5311681409107 
6372.281554803208 761322.2429593427 332.4796413768587 
12622.163622519069 317083.0827981178 117.3906938614948 
5720.197179528487 943167.9646243856 505.6774894037031 
5267.971912293327 2985844.427653261 1693.2724273831132 
5237.086224244767 3015275.4329191763 3020.565828701679 
43570.35954819965 236561.82447113606 42.128480736614264 
5230.314834478994 7865266.030521151 5843.045364480444 
5236.603603385033 3108966.095564591 3391.846003646585 
5231.111713422406 5711025.700624786 4885.292490176924 
5229.544407114743 1183299885.5393946 13772.327129122174 
5231.139443457681 6449286.307032085 4737.167187409819 
5235.742388430905 14893038.294937272 4667.161422161016 
5337.567440742359 1549058.0315073424 1014.1649556637404 
6664.886360638664 676276.2699435786 378.57475081942783 
5233.859980875051 3983408.786955317 3604.1841901578864 
5237.808685146135 4421920.203169511 2657.2642589913817 
5273.246407842519 1418762.089039047 1497.5161346392758 
61841.72878043371 205711.248333054 20.786450520323687 
5237.569689272164 2820056.8973803376 2989.1630460124866 
5235.395728108032 6271423.588584366 3440.151707345121 
5230.770858058421 5850083.733321104 4984.031045953725 
12921.262801252622 308059.3670398141 90.46196169588455 
5234.079689644937 13376413.000802413 5234.566347784359 
5240.36529684676 2414161.8530411283 2376.965577125731 
5452.440432762757 3752185.1420758897 816.3271442029613 
8145.316956271832 534888.6054452949 93.65829661946675 
5236.614006017783 3756122.249332599 3047.4611987488292 
5245.694598970376 4918412.923428908 2241.635974505858 
5235.214485017619 3590466.233826414 3478.0025718244365 
5231.057490450659 5044834.839107598 4976.905104845771 
5244.455725173152 2910917.6665739687 2258.0450126286987 
7053.189510834755 3739777.641266093 379.08564056783683 
5233.298610205094 5089158.425220653 4241.027763102964 
5238.601348970774 3606333.0087274117 2918.0668921057013 
5645.226676441898 1074372.6070491506 481.8494360231496 
5229.397484959317 28967337.82763537 7433.430976010368 
5231.8535990975715 4970235.920825015 4368.268382348461 
5232.3780394823425 5523445.750551389 4221.810661032463 
5231.610834522436 4631560.175062212 4566.929756128274 
10243.217044107565 483777.0940289885 164.97926225419712 
26941.273849319372 296444.6623115643 55.339537179118466 
5235.796714387148 3110188.069709105 3303.4100689293646 
5237.889936014255 2931460.4599738335 2982.091232540537 
7106.763222189754 4589561.825933731 380.22014686120065 
5229.949389500282 6904744.518590438 6048.3267136034965 
5229.170044280467 11813268.480706861 8520.302540675933 
5231.765836271391 4738875.432265588 4437.6818974622165 
5233.669984928071 4491356.999941833 4118.080527987658 
5623.345548204436 954834.379578554 633.3761874699499 
5570.132990412515 1233773.174480376 569.1857460704149 
5245.633533714461 2533449.3679829203 1940.7455277603408 
5228.848573624703 23994854.51760255 13904.2133369649 
5230.599820996286 7012381.106593181 5731.436106032097 
5325.913633588324 2104949.0329899876 1069.320199611357 
5232.481571779881 7715491.882954122 4219.789632076269 
5262.001212543293 2183395.5538676153 1727.849050480274 
5255.086700685951 1857797.1556130522 1758.911779656879 
5229.572899432581 13083350.963128805 7226.8776029359215 
5489.871487895714 1086184.4581485488 690.0182003646987 
6277.107023204393 1458883.5725059141 411.83847836410433 
5453.564236796567 1735712.7575404728 767.7527021803347 
5239.470402709691 3253665.876391651 2778.897307418523 
483103.3091517468 265465.7748514692 28.314966282307672 
2463146.259473063 216702.50976216697 43.50951367739399 
5228.907845660948 51484252.47419057 15949.692898493739 
5230.691688310939 108054162.76715302 6421.168672094416 
5229.579517244951 13764669.789629806 8941.027138076632 
5238.040633744805 3521596.2081200127 3047.1825117700187 
62148.15101367817 268002.862266909 31.242664515052176 
5230.319754390687 10291927.719567603 7809.738950851106 
5232.843262253825 21148189.947801046 4310.407829014967 
5230.099314037947 11675972.596768338 6854.158929706491 
6667.757642068833 23657728.39003907 659.1832096692873 
5230.917056467216 8017351.4009831995 5897.351935601161 
5232.731540587432 7469794.7122138785 5111.668366003188 
11591.688407938926 560797.7598487353 213.9795180758186 
5235.700239908296 13733697.524854643 4715.583464487477 
5282.011573096439 1893844.9139708204 1349.0412119279144 
5231.111101452869 12923814.108651103 5003.92412218732 
5231.052215801033 9259750.330237746 6497.022913385676 
5235.631220105457 20382394.52739033 5288.018888476616 
5230.878324135208 9218406.931056898 5537.845828962957 
5262.7422077424535 2233311.497433799 1782.4783902569666 
5231.441502058515 5129256.855848073 5459.716058189792 
5233.521838260616 5248531.469959945 4680.291494184012 
5255.2179024364605 7178583.174707037 2524.949301699352 
5235.347553473742 5270272.30418744 3524.9551777554484 
56793.16179017675 291030.9185485812 38.46781265602069 
5319.0700640857285 1772840.2860619673 1201.8090519306224 
5248.437052314696 4388558.889120238 2072.003286142174 
5926.0941467530465 8205012.976793607 855.1017466839984 
5230.922665820794 8020792.2267464325 5648.321902567619 
5487.967074205902 2606317.8316852525 966.152668340049 
5238.468924569674 3808941.615895777 3343.3081837642762 
