5246.43678850642 2720464.544202577 2194.8544070128733 
5233.167594734445 117385621.52940622 10771.60835532807 
5231.7603745670585 5073806.282167422 4950.155659336636 
5247.19152950736 2328579.9238480977 2326.4043971600545 
5234.661978627913 4491943.927895533 3648.590059903903 
5252.2414803276915 2005475.561239891 1945.2509971917407 
5230.651550419383 15233124.114655176 6738.659286112945 
5231.9439196443545 5041859.6862375075 4618.637549141 
5242.753796499024 2742016.9903054666 2818.7106411255195 
86473.64957217769 336303.80541225354 14.870078845792492 
5247.2183149977445 2591234.275295781 2137.4393674614635 
5261.404681096752 2436558.1751991995 1864.0251381072871 
5348.122825855028 905709.6161786916 858.175668192559 
5361.974289808585 1319780.4243346069 776.9745906877932 
5270.921256241743 1416966.8983421484 1466.4484893679023 
5234.830490845511 3009243.0641663545 3183.9790796682937 
5860.201720983305 1895542.3201546632 682.1013138614403 
5234.077623291858 3687621.1605764534 3781.7171808729 
5239.521073242456 3019636.1832162943 2729.7898726322796 
5232.108273085978 5555196.425686608 4884.126286124304 
5475.489337874017 5022062.351441617 866.6622598283972 
37726.7548698489 185923.2316886416 51.74234850936846 
5237.07735620814 10364742.249927022 3027.6857749252417 
5230.987963445975 5185823.370612329 5193.781360946889 
6226.861351687026 441879.49231882545 305.54376315178627 
5322.254408595568 1573649.036997265 1142.3880529743483 
5246.5318939145645 2852963.7334899553 2458.0514991335067 
5267.148959412855 2727331.6546707237 1757.7283029070652 
5232.605371112102 113425942.09021205 11405.106302044436 
5338.287047154085 2272614.8116483134 1090.9239757865823 
6847.7545107167425 290932.8867375134 133.54157325808805 
5242.391903633217 2982887.5347202327 2441.597009045488 
6589.150945453073 530279.8020877433 271.97940174639194 
5232.247795653786 5501656.035163507 5096.218711477883 
5230.4822515134665 42193804.03450692 10412.43795605142 
5238.728835775925 3459153.126256139 2748.8852886692885 
5251.534532157077 2459762.226910297 2128.5337578497847 
5237.947457553988 3234770.7934660465 2900.234467564541 
5230.874564962874 5379568.369060259 5846.91313226544 
6399.25127207914 692994012.6965965 3120.7836377531316 
5232.758212226625 4014416.0870934455 4407.285122070835 
5233.143049149266 9948538.259408813 3966.415806525123 
5239.19774327967 3322892.6098144404 2604.764491685894 
5239.776498395651 3161992.499372107 2562.778260738446 
5231.546076504223 8895220.447058681 5044.151137523015 
5307.768371242881 2592691.351865914 1264.7127552783866 
5231.60493685315 5652982.6699258415 5832.4345450887095 
5242.986164825151 2883837.910009681 2382.3675841302115 
5230.946054351669 6332753.345654709 5809.369608158841 
6848.351274740312 289513.3098865674 133.03039976666665 
6736.286171380135 322654.88234652195 180.65108671601192 
5229.849734161684 46819724.059574105 12411.012462924966 
5602.289807615217 809486.0863628564 605.5328948818183 
35417.8023468592 252285.62885419076 52.936677530534226 
6729.012248816104 2146305.6648456855 371.90519740868655 
5229.910583971667 59078660.207132 10931.202816294603 
5233.283187669826 122010775.05873337 10900.985548597377 
5232.371796967346 6192939.809457789 4548.924895690646 
5238.316445943376 2744193.633050501 2831.618181867289 
6533.010775879863 1647653.8160824087 585.5626236359815 
5626.770469607537 1867911.3370677412 759.8122630554777 
5230.867596952058 53073476.440985546 11794.829750483594 
5242.2455974047925 3911835.6289494336 2851.6653654529455 
5341.863333042978 1633378.691815394 949.3465411309493 
5267.274208760187 3628442.4039999945 1696.0905046369526 
5231.661694943992 6983780.758824066 5040.855768611373 
5305.203162356662 1283568.3752122596 1475.9640485395723 
5236.4777294432815 3001092.3610813003 3203.3396858936344 
34561.896998610864 209774.346591103 30.2147030385639 
5234.354553350189 3171490.537074749 3335.8213373012754 
5233.750357974454 4911482.664686911 3855.1094749716694 
5233.01696595989 4701181.888319581 4111.645729365853 
7269.262246063177 235321.7516949296 42.31399787721569 
5230.543352627837 50704904.69368456 9465.327042882072 
14419.209081299598 317192.85304151743 36.10585344588452 
36101.33106796784 243943.64552644 51.29672124438393 
5230.66138658307 19161930.13538578 7974.518069170844 
5234.20974668293 8473067.74946368 3551.437549955299 
5231.384478738693 16625866.153305829 5960.392137511803 
8769.026491598817 305021.9841782856 78.39513782231728 
5231.115998213062 7989406.69692249 6745.196064064141 
5233.236222438996 4318978.26736914 4317.005958436111 
5231.782528375457 8294775.32981536 5074.373431928588 
5231.424755963322 6985447.176706671 6717.344889859876 
5235.26158208451 5703664.524068657 3748.599552939137 
5232.439716226641 5100971.076702342 4569.683192615612 
5231.332007424603 7519029.729142728 5646.334989569915 
5277.046224659369 1517709.1755979497 1702.753594250015 
5239.6943158139175 3421824.037030147 3591.7649035257955 
5237.8567600358 6599776.128684329 3016.018166953025 
5344.0170512900295 2112698.320128226 1133.2238514006447 
5287.9647691213795 1908518.2723117429 1581.416188872427 
5259.251106571756 2313930.9416393237 2337.740447130025 
6198.38730570921 1457843.2090157568 538.6543776998094 
5731.039967588371 1755896.5443650004 949.4924424495636 
7399.918236021068 308196.02896294213 126.42493338026722 
6573.24209519531 2488937.948385386 514.0599182711821 
5231.635520062009 5170247.225852589 5209.2649982709045 
5239.307407027133 3619326.6587687014 2716.5069056067505 
6782.279305069891 616241.8324699195 240.59602435736588 
