5639.1144245467995 749763.6779089133 476.5470526206976 
7172.1413181136495 610947.68162627 159.23027956416976 
5547.407802796854 1008403.2251124056 607.598019348663 
5264.37655961661 3887979.5317275357 1755.9871756753114 
5998.207004152064 989096.2351188179 369.64780767846133 
5570.533776071321 998305.7181841964 568.1854153582264 
5233.357642548477 3764233.5003826953 4017.907856894215 
5232.485976270212 4910956.158451377 4607.075915107496 
6180.952885199579 886694.3877496939 419.073146796091 
6332.156579711431 740637.3531317209 187.3883552820334 
5281.583385241288 1625828.7831063988 1510.530895385214 
5231.342921838633 7288287.317913464 5224.864203147498 
9340.821707708212 255334.30704461274 43.7840871354526 
5308.214342693906 1548848.1124850807 989.4762558792993 
5235.845103926804 3263242.7321629347 3834.130611234169 
5564.211705314558 901386.6903037741 618.1062511993296 
5229.311140817676 10594430.558765618 8632.562469608592 
5443.279031418473 1147948.216819898 840.1805532440785 
5235.419068428821 5270000.430806235 3408.8672606563905 
5354.558181503376 2136986.104459528 773.3364467475847 
5230.668210915367 7209832.878428581 6047.770747288584 
5389.974372580482 974180.5275477737 844.9979685126747 
5239.851843546282 3178829.119280819 2891.5680898273536 
5532.802682196093 918251.3931327036 1219.766829933877 
5246.5176523983555 2260073.9194233157 2043.8061751956209 
5297.683846123722 5401776.062064674 1149.1071196841017 
5345.625795294318 3289560.6237768396 1592.8721818850481 
5230.195186848898 7167752.403497925 6798.1328287482775 
5241.774998682964 2930963.55546983 2824.564752433369 
5230.133228660308 26762974.406322 7198.459662893127 
5861.723132001 1008918.4654430455 459.3787133097646 
8937.130252708155 278636.5548920785 65.13369294080945 
5230.022988269588 13315364.16218579 7617.358260824949 
6039.579837411873 849768.7944227541 474.0817461519581 
5232.441717004606 4741612.946749654 4488.675575803088 
8639.656312160376 536999.5989464538 222.4422503043102 
8788.432385339785 578004.0162568064 112.52076935366179 
5449.731680293519 970235.5139559135 737.010643015518 
5242.689431120395 54058039.359096006 5506.245412385199 
5234.310652168748 4591082.672653863 3618.149654197795 
5242.14574701193 5091299.559754718 2655.916970541637 
7207.958282223181 334969.6269078001 145.77775525328656 
7235.860240072079 825636.6345828699 155.50319595855987 
5230.227825076312 11084623.057149662 7725.702359141142 
6194.268181827277 550056.108016392 256.76322764932223 
5438.043978772946 1600703.1374091036 750.7060480748987 
5628.9534579585 805484.0624803707 481.66644283689936 
5231.095925300207 5655584.602951439 5360.565754601834 
5274.119992291111 2151311.192034633 1795.0509817544557 
5237.360321446825 4454314.762267785 3080.3889379418924 
11528.882594425735 671307.2537040154 178.75974727375498 
6590.739389631513 549375.841337262 305.6744349962106 
5246.177222186111 3092585.296265176 2232.655550361545 
8733.473006372165 787785.2546126166 125.2671807130234 
5237.090159749711 4305827.6022824645 3525.548089236141 
7120.993427293195 859065.7298843984 143.69467461313408 
9569.255828370962 351353.87261883705 58.16537371097557 
13334.228933527771 282773.16439859575 88.9174391366407 
5229.80762325583 48381610.14177545 12475.601134323299 
5230.397976811361 29325675.352248102 7544.078705652703 
5229.9260140172855 28095717.17320644 8730.288426836645 
13116.56564928824 354090.5498940102 79.97700627190079 
5230.775386312439 14265959.650245965 6191.503992790651 
7004.720539135153 897144.7395913764 348.41668823262285 
5230.746315717323 12621179.95146335 7070.388482309736 
7498.031311389978 522385.4100499269 431.0565478691176 
5230.282054765839 10412971.567281583 8261.104408708388 
8589.054567336614 691957.074200402 184.14237136244793 
6381.436081215863 724951.5256500497 234.2250561363835 
9071.096908145717 499160.6877129885 137.7834467776702 
5747.594997724974 1224130.816666576 541.1297586846681 
5276.048246148336 4041230.918863517 2013.261365824457 
6178.286876124934 1124639.2644771398 355.3393718528596 
5231.237648525213 6275049.188994292 5545.362183384721 
5230.99768331059 8211936.284089383 6320.316126976131 
7925.998463759744 505462.54987957934 336.93966725892346 
9246.462223169025 930799.6901224962 112.59779855273287 
5247.93609980444 3011081.6106067933 2670.720476779848 
7666.126062690725 929466.4285498552 231.4256249894094 
8380.734703801956 637314.9944987715 197.46943307665077 
5230.9049264046425 12753522.131820664 7841.095527997739 
8261.590520186703 618425.3488400782 286.0019226805047 
5237.417512371679 10407662.685571082 3224.5729446666005 
5383.799547109865 6687850.787826779 1290.6243345591677 
5235.35809751922 4737409.347821406 5274.564612883348 
5303.348566787703 2383049.4524344266 1744.7399311807249 
5233.212422949913 9313371.206840845 4372.28671357484 
5232.970213784329 5116485.329406642 4984.252947654031 
5524.040454952265 5875137.607974017 700.257453606468 
5242.84625523537 2937631.4996480043 2479.093536677418 
5488.295023251168 1345441.2520564229 811.0128049546414 
5234.939685093804 4918541.860229892 3788.4041731995153 
5233.428334213157 6961984.7626380725 4061.9925022416523 
5390.037191416591 1106136.8486628078 1055.7813967202808 
5324.59334351978 1696226.6269450327 1539.50964764741 
5241.731014068224 5429338.011975979 3554.2344726926503 
6326.344791906346 783855.1654738918 379.48868875387984 
5232.494793698924 6075224.041645061 4679.183310915747 
5675.421610124256 918375.9727571658 614.0878672343752 
5242.0126676363425 3124825.259199641 3232.453076685601 
