5387.293696871208 3502792.590224391 1155.6874944648575 
5240.123021567379 3928064.46758818 3340.024243273886 
5237.830921738887 3938444.4709346998 3456.5450813500993 
5230.791741356436 6802863.993553982 6454.449601773456 
5470.320103523618 1801312.2940122953 1033.7752054860666 
13349.351721874713 210661.64210205854 57.76607632459401 
5240.458457972913 3707806.3220746364 4283.935403455107 
5280.221725147869 1682089.2180351815 1723.913267645283 
5229.437670331561 15317764.92842407 10621.653334026032 
5270.512929760366 2953013.2132465662 1894.943288508371 
5241.823531891343 2993614.259340051 2886.575532629952 
5255.070553340216 9893356.09039967 2051.828955570616 
5621.353623888161 1309103.9173137133 560.5931311640971 
5274.33529709937 4006443.5143579403 1810.6991150001727 
5232.2344703921035 6580853.57547541 6350.987831803399 
5230.17835041319 9121244.97623334 7182.776340083788 
5232.394046427032 10667230.557834012 5651.183930304063 
5243.661012638292 2693289.7477228246 2724.221308981524 
6195.880612625493 1184567.3942158928 442.7875860920339 
5228.50376860728 41599163.57353811 16630.70864865378 
5234.7494190597145 7105928.343710219 4528.873599710787 
6235.709137600302 1226772.1059592061 411.40060403149545 
5233.427632963023 7138305.249053233 5009.475186956635 
5252.200082799873 4872461.692227246 2588.1218042140363 
5231.88473681646 7537331.603114273 6047.547503991762 
5228.955252883372 26662227.937999036 10498.208056397323 
5234.253006529188 6232576.12461545 4711.906753564555 
5255.4903340764085 3614534.732127223 2603.1728900445014 
5274.817286954647 4921151.522467652 1751.0135437330923 
5256.328303300858 3965743.40162408 2205.8562611483535 
5229.607644917598 17906929.970206678 9169.941172848148 
5229.41516906005 34487092.53714159 10760.081326267073 
5228.565106884135 20796521.044012483 17389.885369832016 
6642.484065510142 1692275.2700945733 240.02606367115052 
5228.579732339343 39941434.91428526 16358.958209775974 
5234.286919641189 9465450.655022535 4224.455734640265 
6310.859631890603 486238.54028586764 409.34893729431644 
5235.011733334176 8630431.060619976 4311.348181134703 
5274.01092979275 2888429.9987650136 2162.3960103765726 
5232.939122101746 5387909.304229049 5113.315825122026 
8464.790571710802 274024.1688506801 70.76285431429147 
5616.266424193155 1483439.2954209067 837.140197786436 
5232.4274469480115 9806764.199691102 5674.652291173913 
5229.24968695702 27781632.595548514 12126.073514715254 
5228.69153524552 22088650.914066862 16836.069626442797 
5229.273123611485 18399925.893673502 9909.712744596436 
5259.998757854471 3089607.8911263077 2221.3054693672575 
5275.794379557903 2500168.98387394 2114.4272425890167 
6483.939807638851 429598.5775746324 274.0699457057487 
5251.320021590055 3699658.8893090887 2720.825744737862 
5742.801515666688 897887.3884192358 475.282064089113 
5230.768744154843 10928515.172306925 6648.970674540921 
5232.535997363162 21452436.174463764 5222.304038248954 
5233.800564310149 6250158.528976073 4980.786749907439 
5228.612619935186 28930911.852934226 17214.631672173084 
18250.387308045872 1217315.3089052408 48.634661315672794 
20020.201047996627 225113.28128453656 21.644364824928843 
7336.254926612611 821186.2276907892 242.13675720842224 
6127.313175951828 889609.0039350446 739.971755982143 
5249.192989297751 4432860.145207778 2595.848020662307 
5264.898429765155 2737077.905523329 2640.7250528888435 
7617.98299557628 290520.01695023075 136.4512335869237 
5229.521521405222 17087743.687491372 10350.482052659296 
5228.678426929055 26210654.230733104 16445.12061118251 
5233.823205870312 6424402.707756798 4478.071561000658 
5228.817535335096 46557987.67806152 14016.536400233836 
8016.313686411795 542423.0810631932 131.85812467390105 
5229.129134010949 14794561.16386194 13722.71968034239 
5229.891025928162 8482911.949832158 7306.177657217662 
5228.553202531856 27882033.717326023 23576.69402683403 
5228.486561976257 63961115.97041521 14160.769591128595 
5287.769770029651 1586530.353420645 1212.9923895059778 
5233.260933381036 11929800.627420925 4685.652425754724 
5229.752392338854 12522794.661681816 8770.605527686002 
5229.041884379118 15515118.719775865 10283.968062578968 
5228.866077832372 25871438.27626114 12804.416823009396 
5236.18146577392 4417622.951673585 4848.59972906592 
5232.243987865316 7171425.567570537 6037.155849671051 
13437.422626852755 321135.95551588933 81.12889117006335 
55928.47309758755 414975.10221644054 40.76227089286394 
5228.650866284604 276721894.2401242 23284.187399606966 
39132.155642846665 1295960.5689965193 53.036616444183686 
5229.12614902168 108247870.21336198 13531.003627987906 
5228.698971518122 42575826.38448423 17116.741011848277 
55482.82222643154 372701.1643531377 44.309459606376564 
5228.763076256116 29482556.213105302 22960.045606387725 
5229.413593205198 89247400.43668963 9612.664667113579 
5229.198823614515 21585110.016068526 14730.273665357774 
12142.85399643072 2070543.6376158658 107.47195229050605 
6857.276306537531 1155550.2265719178 321.10297064433456 
5229.125816085892 35353144.56905499 14227.560360246305 
5229.219079067038 1293711227.4167106 33900.601622159345 
5229.278389484688 48527368.550226234 12914.170481908426 
5229.37737050738 18953587.013186462 10669.053659906094 
5230.0066032092445 35108857.690876774 9384.90279599404 
5229.48894052431 10752333.639841285 10920.871795747526 
6366.4839941912305 741554.6562767555 556.8955488112219 
5233.947172956977 9785047.812649492 6029.836990414834 
5427.616832449837 1661038.4247004248 1348.5673113036983 
5238.356615821012 13108539.029297695 4143.671525960892 
