5340.457243645041 3520855.8038426596 1020.5957949887168 
5413.820637898659 1016218.8745244292 928.5946567727904 
6982.8180480461715 484555.5204049163 222.60752220807143 
6936.326936038822 545558.1766213316 300.73557753114295 
6447.4818860441965 728083.2127844536 259.166045956803 
5416.370921943224 1119601.105225226 727.5790231597481 
5665.811719170884 848494.5743328654 619.3799904946856 
7839.286204084442 430201.2068199719 134.90394352798413 
5235.160356009048 4747161.709077432 3395.2630024681407 
5241.2678122092975 3644628.624565606 2424.230784552436 
5255.69436855222 5964487.44721821 1437.4162251662433 
5275.635852397498 1263110.7842790333 1142.4443020929905 
5361.146005327954 3246553.1934607355 894.8368018018401 
8518.273817585747 342145.34527251584 88.82297490232207 
5246.206621847123 2377190.5279316828 1918.8201666544128 
5253.118608182816 1890601.2479439501 1500.4255788971511 
5878.904924411163 1061072.8593574676 514.9202920505641 
6715.0806201114065 557849.2056888146 229.49074602192374 
5233.809966175581 5287837.986507227 3701.32050719646 
5248.970756252838 2206283.606421908 1954.9620174433562 
5942.0050979196585 732503.8793634146 608.3281075485012 
5229.940219434113 6423266.8149536215 6420.746893427601 
5249.64298707589 2422685.334823102 1772.9390470511266 
5234.711145539516 3781064.4483301975 3514.08110724081 
5249.356521197887 2210277.769581504 1918.376474619459 
5230.523628109696 16277055.87510724 5441.931723897714 
6342.481084682926 1145846.3318919719 412.5227005473839 
5233.434134033389 4021623.4222538923 4605.909115066901 
7750.080614182788 464845.1546188607 287.75759172932345 
5234.842241552628 2990837.4457744174 3538.4280986792924 
5239.759502854873 2981978.497473062 2515.479553116622 
5231.57248046177 4973655.656094798 4869.985878521063 
5231.650317523039 6138038.7858271105 4654.079992912748 
5787.557400577822 2115342.5148507142 502.51730517061924 
1662972.728916376 2914410.524040104 60.40114640170766 
5272.819328092926 1318040.1023903193 1183.42712916501 
5230.296010469297 8088539.9168094825 5396.902939233281 
5232.174521641282 4797358.727686948 4825.495559006647 
5238.947707460206 2639023.476786349 2620.1035958758052 
5229.451843922296 8101172.301453417 7416.450396375796 
5230.297096012073 6173018.162564083 5741.624119627933 
5230.181352303586 9153441.498350661 5317.199060662007 
5230.418433362474 9995036.957388403 7061.729336502507 
5261.779496982818 1239867.8306633674 1326.3767128871896 
5230.250460886891 6088068.883859376 5943.907305912231 
5231.927725191331 4569371.355899629 5096.559298356444 
5270.456428805014 1799755.8044186903 1322.2618167681576 
5229.736675109526 11445194.506540576 6800.960204274811 
5233.815761865071 4241040.974735408 3757.165503488204 
5240.52723790735 2683907.3444196368 2568.7366137156987 
5229.490377811125 9628068.707142377 7219.202152656172 
5232.794121894693 4022588.306949088 4887.518880314556 
5238.791282362707 2914106.043673473 3117.605776303314 
6368.992963095654 677428.0604718355 320.1736265639054 
5232.5430393453835 4934356.60742882 4313.828167195369 
5229.272846941818 80881115.82183397 12983.706616627875 
5276.153210532588 1299607.436016045 1135.2182074102968 
5229.542648300283 7565969.922155184 7606.360168961111 
5232.637677458955 4039428.6466485886 4042.6855028737227 
5232.806328875919 4527400.47543744 3964.436802549211 
5236.019053855274 3852786.4004476434 3434.651042760858 
6289.971777083469 1918329.111231748 477.0256124069776 
5250.580649867708 1991194.9191192864 1757.9118342146198 
5230.1518171951575 8991829.952938903 5992.028477297363 
5236.166197891571 3857643.9945039577 3382.522029550939 
5229.81129968198 8058722.049829002 6947.9981072055125 
5231.935183350781 4267581.202357161 5053.225488294962 
5236.3438490819935 3263978.7026792974 2977.710691329208 
5237.9573086299715 3697472.3349304614 2676.3312926720537 
5244.457312832897 2733001.7485990007 2418.2348571611005 
5229.889201690322 7074359.287195089 6664.829596533519 
5229.881045366805 12643803.083433844 6491.766005848467 
1663873.3796457036 420672.89075375855 43.017108793107596 
5367.033278286405 2575629.4136513914 1047.1488527417353 
5248.488511242507 2114784.232671765 2009.8269389514683 
5397.955579912922 2468585.011199108 1020.9786380427544 
5243.808931599132 2468506.7581077386 2850.0527251045023 
1663442.3220214448 476533.6691816506 119.26233825516177 
5229.4326823905385 100975114.62539527 11295.69993352886 
5229.526037323154 20450687.83572972 12840.708698791612 
693818.4091216119 820431.2766896819 120.64384504592824 
5242.117093776285 26464752.871313974 2648.9365019984243 
21828.527401066665 653147.1755569909 224.70922190718028 
5229.51240776789 22310518.32099145 9195.918830607288 
5229.677079935199 11634362.863391804 7894.673110568161 
5229.904877316669 7371296.842172539 6735.11999694132 
5232.269760920319 13187806.280243576 4788.784471993396 
5231.3128896936905 13844233.475345412 5457.155019881141 
5271.903585604868 2084126.5470225355 1336.1081232386312 
5233.053466882818 4711162.725433892 4113.701186543605 
5230.286831118956 8292879.30479244 5968.400226459706 
5518.013832327591 1190333.7499990633 893.2934875171994 
5239.6041330641365 5011866.161926642 3147.120448953589 
19161.77204620765 1754794.8261073225 235.71328448044312 
5960.2884674714705 1057451.8886997853 612.5938471048671 
5232.92238816121 6417799.448372026 4989.770666831976 
5236.735005497828 4344710.020479308 3576.776876496792 
5260.438690792506 2102836.9195891474 1826.3369711696282 
5230.198758441052 9288134.054002898 6377.216830334782 
5230.154623604314 11905094.454379156 6393.3542558333465 
