5634.322903632899 1026088.1089724628 576.4923074180099 
5245.810656258836 2891074.077700312 1950.2562107507047 
5722.773024959173 677205.270903775 481.35481418172884 
30103.837734272285 208880.01815695604 21.239514923244826 
5766.506458864804 1062689.3454817368 354.3749929762457 
10380.043184033759 470984.5332229378 90.66047014042147 
5255.651729759462 4691750.80353469 1805.7943069463681 
5236.323859405491 2725191.3435724834 2858.5040731248564 
6624.1696762723195 875177.0595088848 282.24883729928155 
9266.460453468088 531728.2022702473 332.93544923127064 
5469.2896030222955 971432.7318362759 614.1094904523965 
5235.596554969597 6793117.535837527 3344.712205143941 
5245.491173536933 2196500.0001140274 2284.602179582118 
5243.679532557109 3274397.530473754 2292.629155032107 
5231.049831656297 5744553.169753591 4918.351683183561 
5330.11021438146 1438057.2931643305 1052.8878988536133 
5230.403769081491 6187341.475868085 5526.96215709484 
5229.1553383180535 10893513.811568104 8453.812341035573 
5943.767466596792 1017916.9651625878 306.43976452621325 
5567.854949296244 896963.3313413451 747.0325421469183 
5233.363466268139 292888669.9450471 13094.42894602641 
5230.6976358666725 6829707.537978278 5440.851581171509 
5235.8195759152995 3673241.716396598 3275.6304075211015 
5280.042743476202 5669878.28003141 1527.0101543546775 
5229.881299722163 8523928.083585799 6470.841903439743 
5330.385521021313 1065091.3856686265 963.6721865285897 
5234.0541950373245 2947607.8319143467 3352.8493965404864 
5317.907197370565 4313838.888603711 2510.3730411336655 
5422.037412005029 1451387.1784621465 753.2205262313861 
13156.88514944866 307926.19194284565 38.77206957796843 
5611.4262138161175 2867442.30619101 532.4468528243718 
5231.385504119545 5610001.362974836 4912.219271116611 
6557.080790907075 491206.4506466386 387.6836511693552 
5229.857282768064 13043915.201114995 6556.534122917229 
5230.393111068688 6998798.590606941 6893.246543699105 
5229.8698068307485 10848071.073518049 6577.521894954489 
5328.795824660124 4185347.873755966 2074.6756873692116 
5231.978102816728 6910671.322629088 4477.658537500674 
5233.6148517772 3876417.4376717974 3803.5737895833518 
9625.560263451875 701654.3865794705 260.7602061230279 
5232.601642867205 3590875.7898921305 3953.9576100452323 
5329.404104104962 3231426.9229487604 1386.0425709565193 
5260.548542627755 1778475.5198116314 1609.4173342929225 
5233.701777634959 280910697.58591366 4966.074062100863 
6621.290118217698 908198.2290570121 289.33189263490647 
6726.637752405846 882895.3258792042 277.61999471105355 
5231.332140780121 5657827.9569584625 5254.061553852646 
5228.898690335287 20727310.26109933 13890.573749158864 
5244.684324485992 3145751.480287393 2343.1300008730823 
5559.915699030411 970352.4291231779 786.6436162533114 
5239.229380885807 2955735.4205536842 2622.942725444874 
5394.226374691195 1146172.7120946315 832.9236028028853 
5230.020021195331 7273134.720111715 6226.902248847025 
29621.629201601776 288471.0526529793 37.095620069288366 
5512.805052807193 1233838.7588825116 546.9645749256762 
5229.762488137263 10435033.675795984 8132.005997873464 
5229.830280277176 13444163.274633363 7133.849844560568 
5268.394247702718 2040183.8190253265 1530.3773318696124 
62317.5612757744 227293.46852344833 29.202446217786054 
5106009.97743429 217504.74103635634 43.30719064648749 
5229.228934264422 16676023.424701996 9921.610359845705 
5235.496834406325 27649284.73954559 3684.0525604858767 
71266.70935641424 222377.36132249536 37.178351669786466 
5230.070633529524 23015491.025341265 10542.09872667466 
5232.408538220595 30120910.978130937 10394.017519751933 
5230.435043701572 28420199.84034043 7823.893049313372 
5231.012004782401 7439563.6253391495 5702.9737384874015 
5230.374368942492 13294181.04718745 7538.706396253084 
5232.89492759167 26435614.00223262 8853.58329673477 
5230.047281224205 12798170.901780948 6198.810141054055 
5229.998040697931 17885231.381962195 10098.189156408607 
5236.513285490212 3405928.425013596 3542.0811225381367 
5231.289280668084 5840942.574097831 4952.882601127575 
5236.740470304635 3084557.7567926235 3136.1924504749913 
5318.936492303745 4563171.61755311 2377.067408879344 
5232.305322820462 4930806.923359033 4452.85605983353 
5230.59281244676 7254134.723085932 6125.749911613111 
5231.073752379954 6426696.699196331 5343.637846170205 
5231.1087614562775 16019168.281975392 5654.229772339224 
5365.340950867888 1566439.2033387139 1098.1805169352724 
5329.5909340671105 4055983.426911991 1628.4730301632355 
5231.125412095377 6567028.720141806 4922.05180346051 
5240.702800096881 2737816.7029767386 2862.5498899256104 
5235.1484869778915 4725976.970387643 3746.654331954916 
5407.730157006268 3875521.5315949707 1046.831036782805 
5232.795281645047 7144910.389044441 4289.247622206908 
5344.0743655891165 5149406.800808067 2529.630145459228 
5354.074877392899 2247721.360401412 1978.1279562419504 
5263.2819669265755 3391805.0135679785 1722.6144854162205 
6308.560418396291 873363.112055665 836.2062710774264 
6662.244660654683 1125998.0343340202 389.9534012851732 
5233.478282800419 4317683.9388072025 3968.8079530729524 
33468.374119793676 501339.5245924481 158.00766315176259 
5233.251541309672 5851822.540943626 4189.5480831331515 
5251.318306935176 2403490.8865642822 2655.8709437064035 
12327.78848432192 804093.8202136913 218.180295738549 
5233.724329340547 4059209.720985326 4120.9513143812765 
5240.610486751069 3290285.3097072253 2765.199998915534 
5233.91625039142 5359403.63503805 3886.4589932519925 
5232.622881051915 5173089.775887305 4941.134411014325 
