5328.9973317169915 1835815.324551089 951.4871272776986 
5238.611111980879 6704343.984847161 3358.727254020042 
5404.25617940343 851257.0126677168 838.4321485258915 
5427.824217969512 865806.2770459119 661.8250911676166 
5278.739936716027 1667195.6647329335 1096.6978980074884 
6987.157561883418 461965.95679292764 212.59032316138573 
6935.228050767923 544413.1801404256 298.8546121561896 
6446.630602933716 721952.6841774248 257.2489490317739 
5251.106018909745 3328878.0032661236 1729.28579327247 
5416.387056211064 1150991.1970662354 726.1743998499412 
5880.128409991927 880058.4562437613 550.6190281184123 
5665.6003971148975 841590.3487815007 618.2566221732206 
5237.229479032272 5018921.746212414 2893.9602842356544 
7833.4818223730235 420610.0038464151 124.48995471214685 
5234.511017393843 4529010.528370004 3391.8257808340322 
5233.033384726601 5082994.926477841 4369.732698274706 
6696.637859270303 757922.8835543116 191.6618896757845 
5242.4657426269605 2052509.9415299 2078.0886162906363 
5233.658143570717 6613524.984271378 4098.802760302592 
5241.404887576013 3784531.1504303515 2477.181742144769 
5229.708618891465 8063724.1567376675 8416.72179745264 
5231.358633559053 5584048.26546918 5060.344500511599 
5242.872902017356 2727468.343054222 2974.7714143775192 
5255.451211575311 1431425.215842023 1423.3829388502481 
5237.960858532003 7196622.437979064 3439.518094283116 
5274.986738451289 1464969.4465559355 1140.9191976355328 
5503.679829448945 895589.8852514056 777.786168106293 
5364.0215811341695 1046907.3074833911 803.8760427930688 
8530.641257665184 363250.7933560711 84.76116829484596 
6077.024938282958 811389.4751945443 464.9896283992604 
5246.272097394043 2799518.4436902585 1877.4619937334096 
5269.913360757747 1262914.0920682373 1321.0789840738105 
5231.050278746548 4611336.822647837 5140.837303073819 
6418.169464914421 691894.116492776 343.80452328612137 
5234.481409055115 3694083.4387498307 3888.992610449879 
5230.612176221823 5528569.644603478 5717.763888711717 
5236.120445561215 6024563.953277319 3279.964430423762 
5253.129391014838 1828186.748822197 1515.9936780042863 
5235.563243214694 5753856.780544177 3836.9217245855016 
5876.108868470752 921900.7621730821 599.9469518160518 
5235.272142926518 2968600.413397032 3590.1463006778513 
1036840.3820166613 1880577.111161757 47.57522864300027 
5880.022211315158 877474.8241849191 551.9726228603326 
5275.028063246203 1695052.7453244613 1366.8274087973869 
7306.31034702656 392103.5897084147 154.06528663059947 
5232.973114259943 5921178.222464103 4565.572665469442 
6713.950463952041 548254.9227465001 226.94254319834272 
6552.594982315253 589217.0593425714 373.28993019186566 
5233.784236184954 4479114.49836482 3656.6525565575153 
5232.028211856064 6300482.90263247 4835.903462022933 
5247.735827049256 2146300.9466283466 2014.0378482768745 
5234.821217017669 4297869.532662565 3500.0643626429232 
5230.497074468685 6358080.446192241 5075.035137011986 
5230.101801290797 7261570.383276951 6040.888790172544 
5241.816921615257 3421125.3706318946 2498.191838607177 
5229.824212392777 36464657.25853814 6400.702108849407 
5230.5860251240665 6154916.533906097 6086.955562802767 
5230.383632020651 9842032.737161541 6251.669023114686 
5940.963322498092 671068.4766804193 573.0306991099168 
5229.929845213444 6031965.283150464 6143.690532070626 
5250.072315598955 4076020.6820946154 1805.198870594114 
5248.606253559043 2390360.758148388 1956.5257562670358 
5235.096985113545 9420359.840908755 3146.4879801296006 
5229.487385159457 10697353.08809729 7214.623513860683 
5233.4075218938015 4329576.904971445 4533.040809990001 
1036859.8164550333 377671.8285596586 45.91164378018251 
1036306.7976662898 811776.310673432 132.02777982023028 
5236.134953333155 6012864.582892903 3326.297326807434 
5229.839375980483 22318847.446158394 6884.330403143776 
5236.401514861453 3590217.201505717 3247.615948313884 
5229.297022623098 8554053.652341451 7861.594771697399 
5235.99397360593 4236932.059580801 3413.3027279779403 
5232.521772996232 6824824.346412146 4244.777597350311 
5232.382417770471 5128458.375113565 4974.724738908143 
5232.148937682441 7014666.844225529 4581.730816061644 
5236.3849679973355 4701263.4817080265 3102.5114260962832 
5239.9500458998755 2687870.2255179016 3347.3858020132 
5231.185619949863 5561297.986966845 4919.8449452268915 
5229.2197839182745 176759996.7101096 12916.369707579921 
5229.852184942263 8053248.555674975 6151.0480046945895 
11262.804458234637 378576.0375184454 81.76397194530804 
5229.462195455427 15302338.109001802 12478.283136694668 
5229.549007875744 20247877.539286457 9210.264644310822 
7749.955426748296 462348.19061262085 281.3918361388841 
5891.6248127029885 879814.588840601 583.9304963461902 
5229.788715542462 10581029.512795707 8557.158774481419 
7233.154709073566 1238057.070975524 447.1325453029781 
5229.772899351675 12763924.277380332 7485.926819296309 
5230.635519316264 9141445.104909316 5903.692995533023 
5614.937426069709 2040949.9136457422 945.6470659810354 
7312.896583738457 1322539.8625752286 443.1617629714336 
5229.916889998262 14538351.116550159 6943.688550899174 
5229.927174111513 13550045.64576294 7139.767291019598 
5231.098287061127 6751249.667532299 5421.906026248995 
5229.942394067591 10128378.300295917 7215.272932185697 
5230.278941668146 8007089.027725874 6243.556881476129 
5234.200097221435 5419555.600528671 4414.214299131897 
5283.0900087709615 1541168.5334233523 1457.9725716098199 
5230.227005795767 8674146.869007481 6042.289485711227 
5231.651108187664 6518250.062127846 4983.950759932002 
