5636.4691802929265 1146013.6519730622 819.954801203177 
5241.251013190235 4327980.839014284 3444.4318294426944 
6067.408528214835 723859.9264983808 469.8452714716903 
5230.413302063487 17229239.485517807 10417.680789586364 
5791.511609051568 994934.5144339288 745.5134268504611 
5721.685610424513 1201202.516892138 746.598865345852 
6074.569938948422 772998.9405639938 425.9451298218799 
5273.54292650492 3336553.9729506024 1840.6380122377318 
5484.763758408604 1534570.117665786 880.3222280202277 
5542.995440941706 1024363.6652001645 894.1513208239392 
211033.7930499575 492627.07457062387 64.52818083011289 
6068.324074715929 750163.0364914619 447.2841418043988 
5584.422162407868 1130046.9636334062 808.570035830584 
5231.595580626678 7973254.032744043 5575.442912363299 
12668.305368540548 323664.17691618705 139.90097954935624 
69488.18586830594 290235.5570620531 51.308097471459526 
13309.33382324455 291074.9857109608 68.07006473138959 
5294.736956594284 1536552.1669526484 1309.6697055667019 
5229.070870245825 69958567.40555179 25845.08453301596 
34856.38432616037 241860.1833925323 64.64848316687907 
5277.784281620703 2109166.576164127 1612.0575841909792 
6951.990069660596 571917.4323297322 341.8873915763172 
5286.103287188247 1846693.8113810061 1362.2589659410294 
5236.942903042379 9925468.585890012 4095.395590455703 
5460.66473259016 1844738.4955025672 1049.813491738388 
5514.548405391263 1336587.6120566325 943.823443277402 
7799.365324472794 331035.0721575472 220.5313472594553 
5249.898048435488 5027195.20508066 2928.760514402347 
7992.7725878617985 409446.7540689764 151.81766294812888 
5380.956138137586 1352257.9815573427 1109.6177897333798 
5230.406327056031 767683730.79781 13088.421832658623 
5263.043708520226 2154406.754439525 2096.4791582049393 
5231.51674603926 7449210.169282009 6449.694408794372 
5813.592519976663 916732.6556185908 633.5573008724239 
6029.830959114332 1261411.4876224145 572.7420997241031 
14393.353521077775 289203.5473393356 35.35446013435885 
12831.945292751914 320408.97060889914 139.27617421493042 
5237.6884039306515 4404165.369378348 3964.4489094515347 
33689.31836327854 263941.7916911045 109.42347774442379 
5230.121699520144 26026831.910544876 11691.885758003524 
5229.952240246779 27661025.846004285 12999.800645108171 
5234.215387623494 6031621.664374758 5060.32621640525 
7316.57133510942 751690.739810826 262.28909644069665 
5272.5235016418255 2395031.1893905406 1850.9855757816526 
5303.02350571002 1270999.8528901374 1139.3724277185158 
5230.830890096714 25092053.795327082 7482.768686285082 
5254.812425800992 2796536.4750965233 2424.6360729236794 
5236.598101182702 5267674.354597574 4386.1249096462325 
5234.0792978355 9364866.86140208 4941.564420213368 
5265.1787001619 4407464.306419234 2048.1013999141305 
5256.355906076588 2907396.2606890257 2284.2307891681594 
5260.885136522765 2470539.633077949 2252.8075063033593 
5242.80145074803 3580530.4600481573 2946.9808800218007 
7628.714899089271 646645.5050621696 195.87360354699837 
40109.87281730269 177333.2884095229 58.31497434085282 
5230.879903923017 12092483.098541403 7935.377403331287 
5228.879493511856 49857203.75683216 21623.492279110607 
5229.623283900595 34076345.305014245 22125.253999543274 
5230.148560916821 24745888.461442262 16297.670254393975 
6451.402230557937 809109.0981957997 421.71908803592686 
5236.141266066501 6304699.826028431 4628.545989348486 
7579.9936992379935 439234.9747463545 187.67603645923282 
5232.582987957458 6537938.947229153 4828.281483889592 
5230.686966911675 17969400.05100388 10159.668044644855 
9793.781312849587 507743.39390460926 57.0593986155685 
5270.144233775517 2364700.840953597 1949.0021592082735 
5229.163524653801 173902128.7486799 14470.670873003444 
5236.1929401503185 5154315.885154327 4498.685203867411 
220841.64105722393 484779.85494097165 51.55690789459477 
5230.064208358932 169725249.64005774 11802.474214817667 
5229.8492187053125 32842139.537026286 14788.935385956489 
5230.071272301842 32660412.536746994 15053.496370740004 
88476.92655493418 213737.05055049332 61.87497814254165 
5230.241781476769 37950859.30322338 8505.853513486627 
62644.253991191916 244539.6745190338 96.34683417967189 
5231.601789192366 8476062.994880429 5601.6754718356015 
55258.65249400137 325360.1725820607 39.69101754499405 
42048.29628721222 427385.895202264 56.39160041640151 
27118.34014562081 698900.4119933108 66.68945534089897 
5231.026788134505 22270122.799813494 12447.796729469965 
5231.186477269758 19447100.7073216 10579.922005691187 
5231.379630838098 17818132.12798196 8662.947827382666 
15187.451726390864 376333.2856092043 73.03144741968107 
5236.809392870658 6582542.094957725 4535.614049647123 
5230.388157272083 34220379.16980785 10997.848914627064 
34886.76494780469 414225.96851232654 68.28587599175495 
34956.07216526066 341029.39670272 115.12204397833749 
5339.87407116779 2837528.430693258 1751.3354802047093 
5230.8627280718465 27924195.06896496 11423.395890061733 
5232.65981765764 13903598.027139626 5209.908187124199 
5243.253120929576 8803995.13866246 3068.0222111956837 
5243.697816915095 4383440.854560285 3751.2463844178756 
13687.119459538848 312416.52567575756 207.711991215145 
9468.227182767407 1090544.2915309889 191.15592241641292 
7004.151148704749 1314811.0955915235 547.969154727149 
5258.107425624987 3641563.450360546 2521.900618749626 
5233.368295055036 23224162.235461123 5159.9895590011665 
5230.246346223588 26881086.78006444 12115.549895308242 
5352.142941018454 2172997.979584125 1148.079867365433 
8616.04026434834 2548024.644455606 269.93575587315826 
