5390.208155873903 12196424.61695279 3997.5756423905664 
5566.5069883452725 6604534.362376582 2119.1883727070453 
7594.4866959290475 1891458.7429906237 740.5021652820551 
5636.4662433961985 11950315.998389037 1593.2240001021585 
5810.6628055624715 3266275.358643662 1085.796080793127 
11684.218783968536 927787.0701420483 311.47501433632874 
9058.762956723021 1744570.215743544 314.871798204976 
5479.877288868998 18047594.125312064 2878.1261796781896 
5281.294620360978 150654313.81301773 18016.318070066427 
5667.7014766979755 5256840.522417195 1498.9509702812604 
6635.3852161465475 1834239.8112351843 976.6840336984363 
6053.9190450861915 2880549.950905475 903.4207485446876 
6440.614804867065 3878444.790116686 721.4516554863428 
5462.529709049375 49572840.16765309 5669.888217217788 
5715.055061503952 10969272.544702023 1798.6470297464791 
7035.363867070154 1972943.502184127 737.4913472954363 
6653.312884992137 2140143.2442108216 878.9919469219325 
5230.393093247431 114383767.96961285 43577.11107325645 
5229.761734792521 1008576494.1545258 36320.120517633586 
6478.00298935022 4283500.511224371 610.8929791688123 
5238.623606502707 218703580.14843065 20170.30034436577 
5678.377874313722 4977618.392019382 1393.5854551560358 
5230.177533369062 397163056.76009166 21673.575309762142 
6786.728026355222 2606747.154352759 705.1591192547287 
5283.291558827393 76426929.44734515 9733.369061755255 
7784.790951124696 1871147.98161237 637.7282209023975 
22361.65220463842 2503443.666211045 153.05171968486243 
5231.386957376733 96785837.28727712 48131.37295625235 
5229.789856134181 1094026661.2295702 36947.9233481518 
7067.940318529245 1521158.6896975639 824.2955455116585 
5233.758597789938 88461304.715785 37289.629349666146 
12047.646550594307 2473744.419154531 480.3767510754682 
5257.1904034989375 43476404.501498565 10738.88515451857 
8243.90675545807 3733716.3420271613 411.0484324400089 
5315.20508798054 61966405.92240584 8932.089811553778 
5229.688482498639 865205920.8122007 60131.982320162264 
5235.577429947464 41680847.98770982 13256.379043177898 
5230.967000236777 116824400.59254909 36477.8160261024 
8686.65065227608 2154757.5880494243 431.76100454087634 
14356.922035226353 2148380.537481207 251.67279634886887 
30906.354538113457 654151.5932855897 184.1589670804468 
17559.142604978035 977682.4329504353 299.44678153792967 
5232.298511586814 214843676.1423657 19633.694009412957 
16742.43602995152 1115910.87744914 263.14579490457004 
40510.75396407151 1367773.960139035 180.77684762807039 
24762.016267116785 1167602.947245669 198.96768635657614 
20352.032727961414 1649343.6883863984 265.0958080463611 
23821.981390194367 1502187.7310313191 202.9596441469064 
22333.452918196104 1390333.332640197 218.69853102217843 
21796.01050651397 1654659.955637564 292.18399451649555 
6051.35903224729 4871912.055016283 1072.5750982938077 
5884.432710808333 1525926.7571514398 1074.0057352758795 
5233.21418284614 214123937.89582977 18894.920317973556 
5522.303338857615 12586972.444647558 5764.097826750703 
13823.017671220341 2112388.4923850517 299.4290991688701 
5260.904004873708 35126328.140897475 10317.575273870605 
7615.863147602031 2804603.965139093 662.6846944688889 
5231.295649250799 142262633.6997326 20521.90304066531 
5230.089074143694 992597380.6699532 41909.8051119563 
5561.431132063913 11437887.843389906 5040.899333372506 
12245.823637404983 1084596.817496847 319.88417591915623 
5230.664200381371 189064905.50990772 54293.20674503851 
5229.754108368444 1319907426.2073402 40093.97025980103 
31162.46878354545 1737977.1155625398 280.3551070570561 
17735.004232679334 1554840.4928334022 306.4972734386823 
5230.4661362055995 625003427.5281354 40671.36689237001 
5230.668376911875 1025748762.4782908 34992.90862333034 
5230.519782129973 927111081.7294824 36103.22742750652 
5231.2759671937 401324562.03038424 26810.633936970302 
5230.744753349749 721550870.6964418 29299.733270316356 
5230.898427020803 698795576.0577642 34074.80575775476 
5418.23356305739 265973861.9011843 7216.591898946873 
5231.956181703445 361130973.19061244 21107.33126527138 
5231.848169576125 181232747.75585508 30622.456133094493 
8444.440651914521 5883855.390759411 695.1526316205783 
5231.824195108345 363884086.4018214 24739.479119801268 
11200.189183359646 2332997.0339972577 341.87023443770687 
5234.170145993039 239705385.1263463 19884.81060866571 
6741.568414666672 2755512.561156861 967.8199543702516 
5231.865064079166 122282286.89735685 38186.92339033344 
9983.840439076346 2471755.7934620297 476.6750363739657 
5236.283750334952 201667324.79490766 18939.868901484137 
5231.893595919658 144965391.99334535 22819.70114164002 
5237.120581328204 154023855.4301861 16375.403559643451 
5546.724986808763 20132136.0048707 4528.366882136653 
9328.93604505319 2187870.789687544 489.180350746654 
5241.250954175381 85200123.05694982 15042.028981671017 
5631.258132419731 8079728.524483068 2298.893410438488 
5443.654922481506 104077186.64617325 8600.967970094147 
5243.119512085206 63330001.120116174 13760.606562127436 
5297.1745135384845 100766241.85313907 19111.311738799675 
5289.4367341410825 82937800.46133488 9846.07329559995 
5237.375304697929 123995219.62775469 17101.83327337234 
5237.852984900573 109498295.45345059 18170.1978121099 
5287.004176085635 118756800.64143927 18276.788081239527 
5235.770978476028 186227368.28315672 22187.701834082138 
5269.237863020046 98297447.91679464 12684.626533720726 
5475.128596500032 19651974.357425738 6159.788048275939 
6169.378252070476 2597184.6413560747 1592.4776645756701 
5543.708090892211 32746192.375065915 5566.9550212174345 
