5907.861539581036 1889369.211208921 1169.602650000788 
6663.62129841412 4863638.7418520255 505.3354588551514 
6699.0437092805 1990142.8783994173 786.9549047238145 
15005.217564770435 689448.1447483988 221.18127959932644 
32591.43240268122 752428.2496237024 75.35302092663561 
16018.931095454409 1023023.9279704882 161.26081365227253 
8473.132003252744 911248.3160884312 415.5734390816731 
9245.487432616144 1229886.413822053 259.2371947252095 
19426.04948097779 1020799.7798960805 171.59362350125997 
5235.754868515111 13762905.027125135 7172.313703473906 
2235961.782118909 906234.0107326438 87.51743250240652 
5442.539396490727 4146723.4675019714 1591.9234289260735 
6254.8184881457155 3227023.8393708933 646.6456736094243 
6469.273394085682 3853763.9788406137 485.73131890264847 
5783.41743442723 13032974.03102199 1545.987385453255 
5229.507360936558 18098746.81489603 10620.32720361635 
5376.716069860842 3008538.602671364 2607.895912551395 
5273.493999026714 5206353.831770593 3573.4147294644026 
5831.026741058444 5152918.949407289 1395.685467368896 
9634.932121908034 1406667.2145743982 279.8483428189191 
6794.679658496647 2336147.7115269313 427.6118534273737 
2221034.04508898 1398969.2711329923 129.22641095621807 
6235.160029032477 10360188.84678569 773.6239433913585 
6130.9712716004715 1556614.6391185743 937.0665843354841 
25258.285627516503 1154122.2421109045 80.73870501866531 
6038.459736120731 3189737.6517966595 930.7295331302399 
5256.481318833155 5822496.032160775 4575.607087392245 
9309.967672665256 899077.1841894315 313.895413251553 
157802.56175044866 755859.3634909769 95.97160320768299 
5252.207777437559 22679944.723816372 5822.475948598665 
8781.703629938305 1266853.88795065 416.33116573429726 
7094.804479004628 1160255.435553719 596.5854457087423 
7106.364435652993 1555952.4497437682 383.39011287025477 
5252.968321231421 11569498.347396724 7497.11785160914 
10377.262488553062 787171.5168573969 212.58407254117853 
5800.926296753568 2737920.8323078165 968.1653548808275 
75401.3483793241 605621.4870120513 59.03193842506184 
5798.93820018574 5563366.712795429 1143.8014277372554 
5232.661464884677 12798850.72100787 8851.707241170538 
5230.621993436293 25022038.178058565 9303.174807786236 
5232.164294982132 20771901.821140885 8721.280909236337 
6208.292351444574 2290058.7534510135 844.6326828758805 
15953.823799098416 833972.9617382754 195.90491702416685 
54580.06091232714 701074.7321555602 112.45362504566347 
14146.212161906065 978358.0060231383 138.6490998193406 
38018.260147550325 1048661.400282958 47.843184515771824 
5228.818991228203 25161311.28130313 16217.79653145684 
5228.60606552654 6753118832.756811 134831.9806255051 
2207038.4044493726 628309.0521356546 91.66873722950163 
2246047.0263815364 1955813.7778855388 212.21932824641416 
5228.9205873407145 6692061308.393419 107464.2838518576 
737625.3627676254 2020383.644964973 51.45759376803081 
5228.918351633815 492481205.61366296 48246.05101843709 
2331976.296337821 1326565.8987642755 63.69339712105627 
5229.642532340742 331795542.4573205 48752.43928211242 
5229.698591437651 77594693.74323647 25202.259484155253 
5229.343480416533 254766148.33272952 52713.50062026241 
73584.1008962486 969501.0393272701 92.34766343083159 
5231.433648246437 1028414337.3885527 63330.64227362924 
5229.74592797499 32393370.83342922 12858.206256333968 
5257.7146049344365 11188012.742454479 6509.354948838962 
5247.887919991667 27767128.748643767 8241.58906595159 
5274.92597060395 24312449.019791003 4949.396811393494 
5231.725505960627 39350806.08269102 11382.594662807765 
5417.767777940447 7264811.921797219 3383.30581328879 
5231.792853410629 28658712.151451968 10285.237226615038 
57064.225491443874 1553080.7046748626 52.00181605903803 
5231.737534367646 47647248.56478623 9393.921929180331 
5535.980702128983 6466619.269295302 2500.516362848128 
5269.37227433254 15489873.166241653 5545.661407199963 
5231.775157324508 35974070.452177286 9722.70892525967 
5571.7020758612525 6744099.999779928 1968.187178894303 
5766.804934101354 5934173.888478884 3136.964719998374 
39260.43580134 893538.6691750488 113.34926785219497 
5236.723545048565 30636884.47543554 8678.972876445689 
5521.141111975536 8460899.77629437 1616.9714739381157 
5378.855422777036 8154203.248286504 5374.44456592851 
42096.92419021881 1085596.8024950642 58.374454388155954 
26662.550997626073 717969.2885484366 195.61037271930294 
5232.120876806537 31588718.796198774 9122.41593705737 
5233.1872618769885 16616606.727300547 8938.63924573865 
5884.654847135603 3043732.873059164 1244.4064130866602 
25217.255201686326 777330.2986553165 160.68754115414117 
19056.14972833585 1131462.847353086 144.20802217687174 
6386.631043855146 1913940.4178148713 952.2296538398514 
11574.695388512191 825092.2846184588 342.44300308786563 
14434.806734617943 1260962.9217941929 197.58111078460132 
7426.0688169782 16256346.500515305 515.9745739921773 
6033.077162467119 1947305.9747432175 1170.0034911372686 
9202.383842137982 7065645.95271141 422.027824310243 
16371.242950387452 751156.5388000598 235.51910828414603 
6627.768368700884 3246623.595056722 725.6569590488724 
6464.8523944764665 29096908.966886595 667.6739510608415 
9913.559263830717 1289026.565533182 255.8012150188415 
6824.117575697826 1886503.0183700505 601.4345656387827 
18060.37504983577 1235657.144796329 229.2605507038245 
6213.899615880914 2843043.595823484 846.4403291031156 
6209.262118823258 2698680.042638362 846.815599020046 
9514.454822376065 7342856.629870702 292.02579178277836 
6982.341503837186 3747614.581309275 574.0422618780498 
