5227.004728326367 99768265.76117611 79056.88283624992 
8672.97840288499 414999.9290332845 118.56788238533255 
8221.215886147686 386476.71820526005 129.05147914620906 
5227.0071250379715 69905228.37559433 46846.97193100481 
5227.0048460469425 70716442.56929518 46483.22252206014 
7255.302235352727 509999.0301942472 203.80448799398906 
6746.552309247683 523275.5202496641 241.24765700566076 
7729.3760858912 420481.4953498208 180.4318638549575 
8053.712190555967 412456.1392933978 120.85908193688324 
8342.192287982114 396576.04090122564 121.11145548032272 
7382.715392850176 430654.9256842698 136.58132088747377 
6648.991046693666 619751.9772032474 206.0115560568439 
5227.053915741018 44867840.64476827 35375.110106398264 
6170.206918486587 601526.6141799057 246.24962457917465 
6427.1188167435275 605888.1065619078 207.97016904082324 
5227.01361037095 64541600.94529295 39543.84815100804 
5227.009053072488 61759989.814445585 45565.63131248224 
5227.042875343464 49490876.60271499 37158.75477703776 
5227.0105505066385 67959723.90884307 42872.20515113625 
6068.1437122431535 612031.4969618951 305.43531864797757 
5227.193190951102 25086017.40691927 18212.739226884874 
5227.015099922355 63205090.987047136 42780.453815015266 
5284.132131888151 14523279.609722458 2110.032747166724 
5227.057325178992 45765092.601817764 29217.58070709972 
5227.022526066011 59473750.99971869 39782.67178271307 
5227.046172328061 50354266.42820098 32030.03120974159 
5731.026569468033 815505.3215830921 536.663387323305 
5227.106206656472 37263293.17097661 24216.02450236491 
5244.012082600412 5645240.636692286 4252.709297530009 
5227.070434113109 39135758.597834624 28157.3556759382 
5398.830756972858 1776675.2717092817 1071.7210640598832 
6288.958474525349 713954.113724733 216.307286849223 
5227.025621546941 60297776.57208126 38582.012584222524 
5229.737886180681 8369239.238895222 6005.288473764483 
5227.030268777282 54833806.29575049 35594.07444601348 
5227.154284990111 26208662.740026318 20351.429075269203 
5901.953231299977 692492.882300361 423.3220403348012 
5231.033634309233 4231812.403485566 5269.601359626149 
5844.575854392995 774827.1006498063 502.07367183622694 
5227.027207920264 52764624.59332946 38200.37257648955 
5227.82340581419 11868103.444756292 12405.127487381786 
5227.149694999474 30515197.799098875 22188.743417375867 
5227.289679342384 17455517.054898143 19282.124219827194 
5623.97789286673 1329069.3759202885 622.9289830179852 
7368.42641138774 529834.2917400651 165.78867752787775 
5227.3128674329 22318647.381610226 16388.260176379263 
5279.512365353496 6419084.905737666 2827.0492361763636 
5565.205084557714 1194381.8081944562 782.8481426984065 
5228.4611939954775 7808602.684926502 8076.845162350225 
5771.416451535903 959771.656426142 519.9617239033644 
5344.6227691398835 2027004.1574865635 1344.047543276544 
5227.06845116891 40927674.67330819 27052.85621981197 
5227.013073478171 60136566.85841289 44199.202809158094 
5227.124986729862 34913711.87228818 24029.21519886142 
5227.142295942703 31398734.403312217 21965.684885040937 
5227.087614830302 33717504.197531626 26712.721347311897 
5228.474585760953 10588856.979016572 7479.874815064665 
5227.264963157472 18698808.754375286 23367.853313614112 
5227.0715705170005 40614114.19044303 28846.720134344305 
5450.716848916671 1501248.4045417067 847.5145369919094 
5227.036385829201 56932712.48661504 33417.40143472587 
5227.038710828478 51351430.38624207 37349.749291879 
6395.822965820959 641133.3232711989 228.65598582452083 
5227.568390978358 16115522.28653587 11458.077482212924 
5266.756329178535 3517050.7064228673 4454.235442814627 
5227.628652182264 12170979.61276019 10232.613797007447 
5227.527832509997 16681839.179762978 13482.755999343832 
5244.760690834528 4024794.9558890215 2967.352642922757 
5227.032431027266 52357201.508591205 36549.68264706227 
6311.877597725639 583447.8494011945 236.86576550219755 
5227.953126479961 9717009.899827791 8740.027054961707 
5227.062160138136 40757284.18397528 32533.989019795605 
5227.431218804674 19215706.939895462 14299.221977508016 
5319.359553191912 3033758.0114647653 1496.7022156463602 
5227.183765804179 28606924.61700857 18774.73013191459 
5227.013764418183 63668327.10166627 43235.98369670095 
5227.938560473794 10479315.9230081 10072.518261291734 
5227.028744871683 55366023.76397399 36980.208406464386 
5293.632191862856 2617254.7531777904 1839.8134474765336 
5227.0701095287095 39330317.12837044 29965.254358380043 
5982.531293639202 700916.6862436368 369.1263471645029 
5227.030992083754 58549194.7152929 34758.6863397416 
5227.366275946312 15456998.272899207 15960.912095969725 
5978.215947597249 686990.0404228859 376.8307989118314 
5227.303397829889 20454740.14773783 16622.700528181093 
5227.062488236451 43745749.611338794 29477.412995211605 
5227.256348358889 21772755.430664077 17693.84376615538 
5227.126283892383 30605763.70584358 25226.675157698224 
5227.444156680702 19234375.266384557 15211.657196702785 
5227.146938007283 30219962.324301004 26205.144867898678 
5227.942069006956 9271362.347287627 9486.133301076772 
5499.183416199161 1393536.4958100764 744.0222002177954 
5227.095947769901 43213890.1139271 25941.819830521563 
5227.038081214152 57779211.78913557 33161.955915455066 
5227.519569631575 21750959.531644505 13784.643996755327 
5227.619378473441 11886983.45629077 10517.045592198037 
5227.126084405178 31759480.72060967 21941.68098386228 
5227.102544774605 34835849.00334142 25494.926528221564 
5227.0332402913145 59355203.15464162 33951.410786708744 
5610.954671814359 1351219.8441720908 721.53893897922 
