8018.2289099711425 382843.65992349904 117.65310259654555 
5226.965311166981 221387891.16001555 139583.6641729335 
8008.368543283662 391082.1361916117 107.76859146676692 
5226.966881963668 76936382.97313008 65521.410678336695 
5226.972916784279 108499491.53245969 58748.78324685754 
6797.413861130252 567242.6436728868 211.4319115064036 
7173.196785297131 500043.5776495765 206.96743535643685 
7650.104977368546 397050.53259669326 108.94707799294764 
5728.399527367602 814113.3285877215 545.1192794878349 
5546.970209895551 1933177.8053366642 672.8874452592548 
5226.979481783864 92275297.04843518 60340.81090318302 
6051.17112286683 629238.3720024765 349.6645516665919 
5862.526018363342 827046.828826535 414.3705201169287 
6623.845768201463 471877.52685385424 222.04879836376452 
6472.213366438641 545157.6549220486 271.5487125423827 
7597.69198423303 402318.40114441485 114.06741299301243 
5226.978964746538 101542688.98138356 58803.076320565306 
7485.23316817796 420331.6772346003 113.9961157638791 
6214.629022889722 555140.2860808991 265.4526775127705 
6294.820388933672 568065.7868714046 233.8669691072405 
5344.633127838362 1987154.0770658464 1355.7500340455517 
5816.129898691304 734199.3028670074 483.738417365806 
6534.348538248594 584255.1956574317 218.96077648877505 
6362.109926525841 629416.916243724 210.60868445211855 
5290.745659675377 2920539.6688476265 1555.5448618637463 
5227.017699888814 63052241.16277394 37336.940868994105 
7238.677554956792 558697.9685597376 186.1890872126933 
5226.991502117717 79859010.09105223 49230.39005313564 
5227.085939364008 35808297.65670359 28028.52017358434 
5227.007673209792 68411448.30474594 40111.196029620114 
5227.937249114051 9156518.646528801 9566.314951909211 
5450.265865558528 1514712.3046321734 850.3316637843528 
5244.771545277669 3874236.917160726 2735.433218103615 
5227.058416932588 42309695.66076924 33590.64431678912 
5226.989708268775 83384281.8343737 55586.01040719047 
5499.203928730806 1395738.961244982 743.4555263010383 
5227.335821476709 17635163.424636055 16351.866496978344 
5227.113085606522 31848328.50224373 29201.805138609066 
7393.613179947839 428320.7050650729 131.4496928065562 
5227.34724439765 15824662.066887677 17620.441474064093 
5227.00237772347 72493835.06427199 44797.95858411826 
6597.359182072382 476259.9241831864 235.9207544296655 
5227.857466825082 10874854.867929813 11218.944202707415 
5227.030088964755 52248786.56449888 35169.14835487727 
5227.327552830351 18692558.525031395 19740.36283370544 
7293.419211559067 530672.6852773931 189.02343620696018 
5228.415462030082 7735525.518834351 7811.296909892508 
5226.982882156269 103178065.17066394 50723.97941734576 
5226.996633482843 66984316.61979203 47802.05055826004 
6157.792786197335 735878.5544612992 257.2534717764232 
5227.036650737643 54408384.77118032 32334.8062614885 
5227.132245669567 29017309.306982536 21514.103884374785 
5226.995408156221 106457701.66868116 45333.65631424391 
5226.9761800243205 102487740.30661854 57444.86637245726 
5227.532008904574 13463210.611979326 13212.493006605415 
5227.189630339602 22591236.42123341 18400.361728558677 
6130.84842766217 621602.6935016646 273.16432443478885 
5398.922443393559 1399302.3323857866 1758.7560174871146 
5227.07252045885 39000386.75437046 26775.764764148942 
5227.004890228441 73250793.14040354 42502.87080658246 
5227.241603008359 21693598.233420756 25944.02915135256 
5227.108547401312 37223436.91178258 22898.753868919976 
5226.986911897516 86500965.48779048 48586.28784405457 
5227.494004777339 17803398.987190068 13765.211940747238 
5227.0203834529275 56788049.40762283 43046.59225399676 
5227.167533365364 24664914.591745872 20384.79501021344 
5227.040924583085 50354026.86758266 33024.78650670859 
5227.7718808963255 11598636.469425427 12446.174691053515 
5227.106554786711 37663446.47300351 24150.073432342655 
5227.014754159346 59926111.981099255 39216.964975111674 
5227.11536609346 30792250.379495017 25431.93437688164 
5226.995489342965 78049812.88046505 51079.60257345329 
7348.064198223293 438348.53056181525 162.1120295325932 
6347.3914226577945 540659.4751749483 273.6726813239008 
5227.056172465981 46202897.14489888 30073.30230636611 
6079.538511385201 598365.5658555189 284.01507940746546 
5396.614511831103 1514400.9827403238 892.7397613443762 
5233.584855335468 6607350.994931177 4615.722946592571 
5227.053012865599 43799262.98990337 30735.834344340263 
5227.158107378447 27006581.04796648 20701.108179780593 
5242.661584113388 3178711.2763195056 4049.2932954184525 
5226.985305493175 60604170.25862363 59928.980357598244 
5227.042079380056 47715090.55768807 32564.75685964523 
5227.057702151089 44355887.036415875 29723.016348625435 
5230.39830975263 5660017.506365195 6866.714878576225 
7441.751558784295 439218.91199608037 128.7678554328405 
5227.007961809411 67859659.8192981 41757.0144686766 
5226.983094237097 83543052.40187868 53455.100430333296 
7326.668066032889 506025.6431797297 151.58597926400407 
5227.005639242008 51956835.5334666 46572.180600142405 
5226.981748077721 101873994.98514275 53988.07465890092 
5855.428647153527 1116319.997475086 476.76633567271875 
5227.126521137216 27766318.81629207 26900.525080900727 
5226.9882869778485 85648867.76521485 51668.327201422486 
5227.009675189795 60143362.30778949 38484.1143586957 
5227.020418372152 56570161.75099005 36497.19457181691 
5226.99093858239 89812247.49639453 47876.763126979364 
5230.677333078881 5037181.271427764 5987.183216668251 
5227.003616359195 89443524.60899295 43094.04162498699 
5231.033633186767 4324696.307140835 5326.665106459838 
