5226.936391221 203526020.72204828 151868.7162919889 
15674.988030324115 222154.13638830103 17.55010353418791 
15519.163456096214 230934.50336097842 10.507853518401598 
5226.94044517252 455443600.7532968 88447.48296560856 
5226.936690417402 228169717.77921805 149855.4856867415 
5226.937484318258 187565819.9074837 134851.27921139926 
12187.430576408125 243617.51293465393 13.6892251574394 
13793.190841838612 237119.92997640182 38.48841071585296 
5226.938391406673 104656061.7411349 112762.17838050076 
15292.856900012266 226977.24158028074 15.26578196132777 
7975.146589605377 785180.8348243831 78.45175014575311 
5226.93767793809 114311815.25988132 116304.45194483359 
10482.661529890707 269981.5981050475 17.730458588782867 
5226.939581573266 106172533.34661822 98264.17783172496 
5226.937361333666 137530699.40130454 119427.76626324494 
5226.977098522566 28384854.999485463 47083.85196909316 
5226.9559347372515 52593360.615811996 54851.36457937327 
7319.3202944264385 571159.5307865815 138.07352123292287 
10808.93951570887 263269.12623609795 25.254216409876122 
6906.363071990435 408825.0044784268 138.04469486938822 
5226.953235242114 57754360.25475476 69451.83325320666 
5226.951562992297 93832012.66838965 74857.81660273118 
5226.954728626092 50262077.034683585 59900.189809118034 
10283.752079369937 265851.45681239123 28.90597888709978 
10020.493265007586 278435.2175485358 26.996166334461776 
5227.167940063615 52625900.713959925 26454.79973231151 
6350.227133068403 581556.0139447851 242.738743343526 
5752.558298324512 1071686.9592258595 571.8328492958107 
5226.950228775766 89534851.09550704 77061.9191635825 
6236.965108922695 578270.0021394527 287.05165613533734 
5227.201992666514 62107926.23160893 21378.758710333645 
9613.039379391827 286518.8859143788 34.552614931111435 
5226.943018237518 94769907.88622703 81815.9843813604 
14253.186456816395 235321.4232195832 12.330156382985908 
5226.9467601533825 80543884.69403207 77169.79248793454 
6663.885614183504 441581.62533746415 182.7804402195813 
5227.023888826707 29345919.124118514 31077.305313727313 
8985.595024665025 310069.7233201413 62.500811158692386 
5226.9944636261225 191487070.78803295 43884.65922479256 
6862.463385173547 412916.1085316235 133.42170880935612 
5227.042674699456 28008663.67115107 33664.55243845958 
5242.569044411583 7120668.468765574 6968.814110637214 
6531.8064874045085 556685.4537056051 194.41110378715155 
5241.2070680537245 9692726.875496082 9303.116530255451 
5226.952173961893 50834246.32904392 70306.2573013426 
10915.324208793229 261593.30992084602 22.569502431378925 
9329.450596007367 290949.744129362 37.923966079106265 
5227.328721414434 25664389.101152655 16954.71398304442 
5227.020579935197 80751054.83775139 35797.80890527724 
10183.882626642582 278476.08939574315 22.238595339922895 
9701.773535090713 289861.05090515414 42.93959742300208 
5335.705792601679 2639073.646454774 2429.4818947207564 
8799.718080861976 308295.8106690397 72.5118007984682 
5262.440794373408 6508879.260371929 3296.473155110862 
5226.98700118857 37945386.5960171 45825.367549197064 
5253.356729553824 6903835.19730433 5016.907724493451 
5978.956067824115 964091.2412704872 505.68562057153986 
5227.085673793617 60989560.29973537 28599.591570991026 
5401.267310215684 3839052.4587503267 1351.687022253143 
11912.379989808438 246112.85192071024 22.896728978166188 
12322.586648901215 241119.8332336721 19.41074530455088 
9132.326623264187 308212.19791051955 50.765070793143906 
9981.369502013711 274609.6457483666 37.56299006228147 
5229.968335892183 13762831.401606672 15051.68138333427 
5227.0006058165345 58388823.39785483 39134.73823625148 
5229.919260745105 16992801.420920853 18908.503402187944 
5227.005823927316 50460763.3800168 42347.83205788221 
5230.699431156579 10401623.147349644 10895.182176382898 
10114.768642145355 274799.0876892808 26.12989256125707 
5227.017519630606 23492654.12814998 40446.01140072862 
5633.786588899684 1837683.1958702595 616.1657843855003 
6005.161396150063 753381.5522986491 353.0546663215515 
5226.965563919156 39229189.816935174 55526.746888272224 
5227.217505895591 21700483.54369641 23693.743718822105 
5226.960399049964 48560004.48093635 58781.33841074394 
9228.825421991722 306154.64542256633 73.20187002594427 
5227.202096682533 25314974.98133699 24621.340762462518 
5226.945663980024 112469679.0724092 83343.80666814989 
5481.122965456397 3053556.0416520797 1017.6683321352627 
5226.9628663258845 40375160.357318625 57796.57558486124 
11103.686416191353 255778.45210818088 25.44157486005468 
5562.012705796385 1504228.4225910872 987.7091255687977 
5230.079891777333 14149878.307796681 12421.571531565492 
5227.168733261176 22051837.609687753 29562.24163559101 
5227.310816478797 22718760.546905678 19759.38035751033 
11244.863714168976 252164.75442426244 20.342562977047574 
5227.007722274479 41287269.824200876 37707.61323807866 
5227.0296013825655 28966105.7254334 37433.73252881747 
11063.14463420995 262446.5686776174 18.94631573145479 
15469.476427990317 226626.62537894875 32.83809876528923 
7383.875077995043 394185.2682939891 100.21805599612514 
9716.104908290177 285507.8563392727 38.595775195164 
5226.949924187269 109691629.78174438 72539.76960391726 
10928.52370012055 264645.4975548893 21.947612038025664 
9480.696054076989 284832.1711830393 36.04541419809617 
9699.813131400908 286440.20401878026 33.459738254935736 
10369.199325570862 278588.87955037114 21.800806303426892 
7964.626058628358 382918.35434002755 90.88493417532221 
5226.96728047053 36509087.27619337 51958.28944082681 
5226.936681848027 684292740.1201537 282419.23770923715 
