10570.580020200263 316337.308221397 38.610293500639514 
5226.940115759661 283408014.43627894 135165.20552810762 
5226.942325494196 166635650.07511786 101782.3676019249 
11180.666590286777 299475.1201534659 53.34764080437307 
5226.940374576996 253616194.18611985 129221.0407395259 
5226.94676854674 80713494.52963422 82859.18258804736 
5226.942708753342 84720485.88452677 94443.5176365756 
5226.948196252403 62141876.46971041 72769.62184731386 
5226.9554651706985 86251796.8031104 67024.39113551719 
5226.959488610581 99242092.04958965 64106.67340270904 
5226.958839141744 86647003.5468779 68046.52358760468 
10952.01224630244 306842.2651630746 46.873879716387876 
10179.501921379186 318363.67677568056 43.87884664540215 
6797.45782484439 447387.0056645443 155.4037235601336 
9063.16064718818 331580.8128819267 63.00078848933143 
5227.005355060026 64376051.15657797 37868.345418836405 
9977.034920894119 316977.6527878159 52.67822878014625 
5227.007275830972 76841925.55264713 37723.652156831704 
5226.984001353339 49367332.61167077 48895.46665066068 
5226.995912076681 41091874.29795433 44890.294325635514 
10498.312154410627 312053.4179089262 39.93674181949519 
10571.808198878469 306979.8378364052 61.000924988113795 
5226.979686050939 49302613.4876774 49637.292126490414 
5226.968338975448 48510513.424526714 62876.70120063923 
6517.520625206504 457889.425280654 212.94427910439373 
7630.254992987242 403200.15215217485 95.88295495674728 
5227.358621433761 32954665.691556778 16563.920335461728 
5226.981282173599 40129965.9734457 52292.70035737188 
5945.900944064771 626400.325906428 386.4074727402898 
5227.022813887888 57615494.17179136 34855.97391849175 
7418.148764922683 374814.3328514721 108.32883519890792 
5226.975552859439 46717407.37047547 58280.95047652396 
9765.377416941188 312021.6391703841 67.13363699541526 
5227.338424007694 19174019.65941487 24248.302763234788 
6131.9228418633365 1007347.7553728052 325.491309739233 
8251.531608512805 386843.89490349696 59.70504694959369 
9298.128273019442 327507.1892450331 52.65967613155148 
7016.842234288697 794047.267785537 130.61133887977 
5227.738591789067 11579993.802082485 12157.445965232553 
5693.580699259874 1224916.8153710803 645.4008760760204 
5230.483186953776 14396945.779461939 11301.495962419704 
5227.043539022711 54774817.98938763 33390.6183442483 
5226.977849073937 60265036.48219176 54869.89643049173 
5226.960705885443 105184489.04540023 63465.4099201355 
5227.190527465602 25949825.595712043 26546.06330453757 
8583.024905308353 338669.5280302478 70.9344939884446 
5227.040142188576 30332028.29854307 37411.56158734353 
5231.7899994657755 8270707.130836008 9197.094105918355 
5227.322810802059 40369778.109232955 19420.146478013663 
8022.816891759275 386669.53161408537 70.89671554220351 
8813.104801235322 352482.35373723437 64.34483433635137 
9660.940332079717 324579.13817802945 39.79677988050604 
5227.24824185805 28143641.216401037 20015.766894473585 
8840.7595333539 335391.93793151056 54.11603381209298 
5227.5845478232095 15110304.80924062 13591.267699411937 
5227.036281322711 37890903.39360471 39592.47856946953 
5375.702497996966 1796235.0044906256 931.2498908856891 
5227.23781118772 20817475.883859944 20980.791634432262 
5533.915762397868 2059025.839659073 699.8753147736061 
5237.171475668163 6148918.256506651 5463.41988343692 
5296.887509599117 4307352.8671363415 1561.5760740462945 
7732.095973056054 376839.80071519536 94.82569980106598 
5227.229930707818 23862972.91512229 22130.50924257473 
5234.518203859096 9860274.786721094 6961.4434278850395 
5226.973782547206 58324384.39658659 55092.9250063612 
5226.962846010373 56718130.20961186 66826.78083113741 
5227.1904801030605 23053810.031066906 30357.870810082117 
7871.971669757877 387872.394027025 74.78045569655688 
11112.174055656527 303370.47086023306 56.99835734130283 
8331.016521186686 339624.76712283964 71.80672604476771 
5227.466429191898 16686900.104201885 15276.401148256336 
5240.4915610265725 5950464.097419655 4049.85017343743 
7211.136564781351 411567.8688678327 127.71322219940778 
5350.5554468845 3466819.629590656 2169.343415017519 
5227.088688188045 30745918.189308293 26903.532344074007 
7313.109689670363 374280.66915758554 116.72957212715764 
8479.8123632345 338937.3022551794 76.94311092558056 
5236.485565686851 8258018.435154343 7464.060849434055 
7092.742780801107 562099.609191484 138.50102108231195 
5227.0762472644265 35585781.748671025 28758.06134142216 
5226.965606071832 51406467.49857977 58095.681870182256 
9509.687034468192 319256.92533781397 52.351691995867526 
5227.016793534628 36041937.93901126 42142.36785980074 
5226.988453386064 49189265.03074109 42301.097492682646 
5227.075340417035 37139450.453276314 32010.843741102355 
5244.755402239749 4081105.9961524885 2733.8729195757523 
5547.674735172289 1909368.8643424097 668.0474294800122 
9368.124543555205 323683.2099906976 53.76045464759793 
6240.51199257692 928451.328851692 280.7851841948361 
5227.026105994807 47153134.539128385 38353.29204186047 
5226.964067131075 56727739.837865405 57450.049880046776 
6287.946986368461 793459.5165334884 246.4102434713498 
5227.086849718045 35358331.583896704 29721.811228644056 
7991.923642326093 367819.13682283263 71.84145195876937 
5822.46352619057 1384529.1237461867 502.03346053923906 
5821.756764150409 1366403.1331179456 503.593573034936 
9468.174769389072 322681.0110897274 50.096825465903734 
5227.358425855132 18870926.64832948 16328.560192202453 
5226.959421490643 57105985.59853943 65100.76917769711 
5226.995319783745 45088228.774127945 41965.12524495192 
