16376.248377924368 226154.17078381218 17.564584646895536 
5226.940537335429 1637455772.4248624 98217.34599247604 
5226.93616929778 181030485.8177212 136178.9276236095 
5226.937352734661 442925838.6040115 127184.53375841893 
11509.89107758886 251715.750912656 35.77394176909341 
14976.645536175894 274259.52578281803 21.365995169150487 
5226.937275618786 367090726.82826644 132607.42080284018 
5226.938396759288 113273224.2985778 111388.2050077895 
15021.774041839368 271851.1692071269 20.234412351411496 
16098.158570109877 269263.94933745795 27.632001552638243 
5226.939785182054 141290535.72903973 105422.16364122956 
7091.33571681636 438148.6047967355 126.74607210600533 
9597.093934075718 318788.73420847685 35.011232591193234 
5226.940270396057 114367594.83062162 102304.24208952909 
10192.584876613471 284906.73273962433 56.046883228312154 
10529.443411039285 300853.13924246473 27.962789094775104 
5226.953225639632 45258354.40952161 59234.02314149206 
5226.941288990928 63527308.228668064 89914.02717446256 
5226.94249902612 93667225.30956335 85231.772998197 
5226.941802336309 170124687.12200418 86822.28787306667 
5227.006487741004 43500221.17662764 39258.711299188704 
5226.952647894659 41804996.05450357 62318.391901731666 
5226.944034093115 53117497.532524586 79714.18889593746 
6788.263643933672 449763.66990751954 174.9117982866703 
11159.177022572814 301772.3755070496 25.937454824864762 
7553.755700340127 617672.7999703425 97.8474828292413 
6573.279119041351 490982.49097783054 202.24175982272644 
5226.947392792633 65252528.901881374 73805.55230545838 
5226.944567793364 58343510.013056464 76437.39740413961 
8697.044224387479 341285.6819289827 53.28930052124918 
10944.094438748356 258848.41200633283 34.77626248753541 
5747.725373692681 1577273.4393559007 617.7742066332627 
5226.943242869206 115594004.18110736 82070.59186947362 
5227.164901155414 34276704.4676826 31291.936515605372 
5226.937684977277 114764013.73347896 109123.3107208256 
5226.990190468774 35652767.627527945 44923.58368221837 
5227.032634688958 26258280.901929893 35196.100915251685 
5979.500970937827 916867.5572199789 370.62826186859076 
5226.947566300271 60220792.27792942 66912.74474422121 
8099.433584713426 425245.54016808874 91.67685219891598 
5548.8952879461385 1819836.151423653 667.6675907984641 
9381.515527947155 326590.0584379648 43.766136593225696 
5227.230958594935 23806596.948593114 23187.217721413614 
5226.948518821267 50185470.46326555 70639.6449659966 
5226.97851898789 50297123.780836076 46962.21331960583 
5226.985884598321 44961947.04081217 44182.71201562953 
5226.942982077537 61320572.99144513 89856.88939085326 
10286.331340266872 299973.90718045365 39.905136484796174 
5424.052245402004 2052205.9351845065 1066.2660594610966 
8367.501957901404 349276.4129342849 65.27514914913476 
8427.536043778262 353849.76266305445 52.9712868667018 
5226.95285032531 40128885.27377884 60464.15971713423 
5226.97516869022 37437559.58140449 50139.26333120024 
5226.984866629838 34522835.971358076 48347.86105563378 
5317.789724678528 4104091.8435512595 3033.526727376723 
6302.021204318866 589690.8278041992 241.12423502993275 
5226.957947859395 38348387.6790739 55523.959478864155 
5226.947749620469 60071039.82408186 66154.76286442376 
5242.557036885879 7100128.713838867 6613.483732227385 
5227.027062988264 27644217.700622506 36063.40710941374 
5226.972986169907 41153507.29237366 52053.88909298339 
9143.289457736413 347029.0256230928 35.742838034970966 
6150.813659800091 601210.922400148 295.5622666557873 
7838.293590085848 435599.04245421465 83.7351924382607 
5226.939352961145 378950006.5718669 113110.4424050216 
16305.457702193555 229109.17278405954 22.731066371608602 
5333.740218210955 2750654.1735050417 2027.351941459013 
5226.948502891493 51502295.7992575 70782.80032897832 
5227.223249286356 25969881.975393947 28935.608833152735 
5227.28526982832 20144297.58135233 26553.116375889385 
7957.653707894573 476362.8328611189 67.8718081543432 
5227.248655168758 21442087.103590008 25833.879310113847 
7714.038721755975 405225.3206065364 110.87747991084623 
5230.921402960057 12783059.11503747 12295.548908279325 
8901.398169586033 337322.0718874017 52.33325489975261 
9478.95873771044 302372.5459518469 43.74434435104976 
5227.357470083098 17940647.893996976 19713.740617139552 
5277.778478567457 3423904.065457614 4892.952119743543 
5226.942368432815 70738390.94232686 82535.73059341815 
5226.96998610513 50932960.51214044 53633.358535155116 
5231.427073144185 9946681.131877156 9044.76093952324 
10965.627871591594 294883.6662022571 33.21408312704924 
5227.163729988064 72456219.38464208 30011.94546715527 
5227.7525083481505 15396464.647322481 14634.888341818842 
16115.234640680736 268164.7869809472 30.72083362639298 
9087.743407006612 351836.5516087502 41.60915148342218 
5228.025597077492 15280446.784683434 13512.062113020791 
5227.467651857278 23254559.909147006 16026.489468520595 
5253.365989285913 6314202.175507605 4983.163097143085 
8916.161380272004 350134.5641735355 46.99310453947838 
5227.47818164924 15619535.53285938 16971.310220566138 
5230.6488273456025 13572317.768632617 18011.084044420637 
5227.304203563402 19466898.00224553 21560.288336015536 
7590.681159145748 549407.752850524 124.62240947620919 
6264.478345718193 581747.5167556204 272.3274114937255 
5227.7716176236945 19532208.239552617 10677.44833465091 
5229.173658862698 14670807.930770174 8136.967376903915 
5227.354828238121 23839008.67533001 18857.27536836346 
5228.275257297344 16754871.322452428 10760.466055131827 
5227.3425582112895 19080636.832011424 21662.79557101204 
