9350.413616795915 623370.2120306876 264.3401252529952 
8314.866022870607 736308.9074272331 261.3866786208032 
5228.149378692845 29919760.888683014 11449.255846594317 
5228.169363189869 30276484.08646184 10845.74008720004 
5228.221519467614 23523898.685935643 10535.21627470965 
5228.301393413081 18863525.39203436 9451.743621068204 
5228.204637799777 28780262.196455043 11117.05584798561 
8165.643546426931 759813.5114913157 356.0887138978684 
7391.637544155954 673272.5411351679 384.4317148268143 
5229.8795061609 11313139.844295751 7812.18315673482 
5228.348775064385 14889130.208889982 9066.862312189998 
7298.84821768974 793394.9606856165 308.5123641337267 
6810.086497803955 760776.0659090147 355.54184122277553 
8715.077601435789 668611.4271115636 300.8743565937615 
6497.32039717107 1038170.7123193803 514.0958111909264 
5314.480452371305 9288190.745505897 1590.5624522865196 
6285.77476042823 1364684.2475945323 566.6941719472329 
5228.257173749104 14446535.01875577 9566.917965169172 
5231.4255919970155 8297685.399619105 7468.485874450536 
5228.699269634265 12649876.683961144 8228.54126297698 
8876.314726556191 686996.3372860474 279.5638744746719 
5228.336362149077 13907616.16054601 9295.708888689876 
5228.382891726756 14587216.590013972 8925.168349450068 
9060.943030514867 655836.9728478529 294.8519386394023 
5268.188997136671 3074678.539644861 3065.902883931033 
5246.771485138612 4142390.056347532 3697.535312120596 
5228.613143710245 12183876.86601208 8400.748721182938 
5231.44079561986 9685667.134904679 7179.355312789174 
5986.551604075748 2804088.133547619 637.5454472422224 
5234.156607846332 4385940.489993095 4997.3991365355905 
5233.529313131985 4786552.64103196 5538.700798342468 
5281.816098630536 4496896.130949255 2221.7098960723547 
5285.154812881433 3644851.5295444275 1796.2195182162166 
5232.262782478718 6842994.954368561 6238.768861034836 
5231.54406930062 7577815.745856617 6998.242971320755 
6665.36493198806 1198620.510860484 479.8318621018958 
5233.480898760984 5481810.091905202 6022.341573821076 
8348.433569362376 707809.3937207328 369.6470422930455 
5243.653811902816 4476091.918686975 4106.823524061234 
5579.5273393084735 3861791.073235725 854.0016577307152 
5232.977426710501 5555380.743086444 5601.17766659635 
5232.148820654085 7001908.496953801 6724.416003495421 
5840.34493734133 1216405.0600801872 685.804447530794 
5232.225880950281 6868456.557015435 6537.9109756011085 
8172.936192297811 755272.7236314038 354.23938800999707 
6159.665651075909 1687505.935724895 673.3204300371362 
9172.547551390477 647889.2807795594 268.6779761326439 
5228.396249519651 13355006.532116927 9019.984826737342 
5273.518009661913 4965600.475828755 2595.26814958507 
5231.753728540306 12954423.770616442 6974.90317645757 
5242.5824807411955 6932003.64839696 4469.097378934835 
5268.704855816657 2894728.7011229475 2790.99989994691 
5829.424327979385 2022387.1230346072 753.9232627403727 
5367.804608781675 8812177.579090824 1252.8042794387593 
5617.198104001987 3486956.9091662737 970.4432133551834 
5676.6175671732035 2529791.6816025465 937.0426556569719 
9199.61965468884 644154.2557052253 287.11055485038196 
5758.981777651191 2090322.1290458892 1027.0635881267197 
6226.024719686691 1215042.6703958695 619.881485463883 
5237.51517531874 4076485.1292886054 4668.819767275569 
5234.866072562205 5869009.044170255 4892.735388242824 
5311.707891820859 4626603.923200207 1680.4773650389536 
6740.799255473819 943856.9512371469 510.56351601497704 
5274.8891491796585 4564538.255345781 2332.4035510895833 
5451.010748436629 6052357.408604914 1032.793177679689 
5342.716543796403 3167055.808458235 1474.158183801641 
7392.434330105342 672995.7409745709 384.1414646181526 
5274.699309431323 4876812.94883766 2510.6449567925774 
5232.867819587106 5882821.7865025345 6003.063423504181 
5228.409496384561 12100744.482988283 9039.556657746021 
5231.9360732597825 8259410.058076874 6591.702432542332 
5492.016724653877 2531218.790922258 1039.6953887988911 
5322.966391619728 3737347.088951954 1400.4940386563824 
6132.723135949984 2201567.5952024716 577.6985659232247 
5716.2161768208125 2914705.0801317682 832.1423811777555 
5245.229133218965 3696942.265676661 3959.505462667757 
5719.939594770931 2438802.0938528245 750.3136380992341 
6687.355036419622 1019003.2159696826 450.2316166670179 
6062.276049029054 2053598.166103363 618.1435304090755 
5267.870617562825 3192277.8476927807 2993.1998115780225 
5412.1685474049855 3690426.9243135676 1140.0441293501835 
5384.2506653673 4061988.616344002 1212.9198550012454 
6074.514961044957 2743777.0923348083 600.6354166755361 
5232.185231666953 6654948.622926198 6623.5743904968485 
8387.801711426247 669987.2755888543 324.5641450312635 
6104.906641235785 2037780.117477428 650.9402820014838 
5430.670644007088 3618597.7163615073 1164.777495291061 
5486.479035294025 2114118.986072951 1056.1279140895824 
6730.745289891269 1011819.3966158107 583.7264398061262 
5234.978936606411 4743606.187262512 4640.546139187691 
5235.351543453283 4113600.0913749943 4491.822936136752 
5315.979894975751 8269479.188511256 1331.8600755687066 
5228.253827704284 14559254.843603332 9549.350861709849 
5244.718374763244 4740885.25575278 3810.008989623073 
5245.560273478169 3627888.2953270813 3836.481879505778 
5440.765122756749 3437534.094367171 1233.9483801134138 
5467.939722639231 2468037.586358822 1054.1894092051425 
5228.267554601073 14493924.60718068 9539.900774478137 
5250.202308193171 3243780.823259413 2995.5402589976247 
5439.090396721829 2586721.8577180738 1251.3470530710858 
