13164.813742654404 282379.1638900154 24.53760878250027 
16407.41171450005 274558.7749651243 30.683603515184323 
14829.540069875251 271403.16209280276 47.891468113288965 
5226.937202837994 303195090.47542506 127511.59221961959 
5226.938854877022 211551546.0527947 113147.83101302496 
5226.942346278517 127177683.27455695 110547.65837786157 
5226.937202683917 303237644.4697132 127527.43235779181 
5226.937211715136 302763155.7646864 127492.1691577411 
5226.942912443055 90015055.40809977 96311.03206577554 
5226.943503517691 86661270.38831073 87996.80003178134 
5226.943032658752 95167672.0987127 84545.61373756391 
15155.58561205381 276790.54808866844 25.632294792351026 
16326.567596748378 275042.4273857782 31.264035875473823 
12140.32695873468 298978.87417375785 29.30750823902296 
5226.939064748735 121637997.85637629 111213.59553565885 
5226.943735451611 59645448.15173915 74022.52246247878 
5226.979311384905 97052407.23083511 49021.65052403327 
5226.940097337554 101134557.55666319 110606.87992034275 
7945.934115982096 351571.993045645 47.97809472797162 
5226.970764452242 37292561.06023848 52124.52856728516 
8580.943680180844 330714.799347747 51.384574278489744 
5226.959219524188 53916057.23200008 59757.72659115427 
12722.347809017827 282839.7290615892 43.29822443796451 
9417.53262596361 313344.3206716561 50.21760708350331 
11539.487389179769 303840.38180290844 29.81235367229789 
13758.175654011337 281357.61290983023 35.504930524726895 
5226.950811128077 68782960.02945966 68605.2902844043 
5227.152435005818 28506051.67081429 24289.90630198892 
5226.9855204439355 72081056.8609486 43716.25718895071 
5227.022915064177 79771306.2147084 36721.75265088589 
5227.0567171273815 32527039.140576422 34819.63066946757 
5226.951034669491 63849654.41645064 69986.30646602756 
5226.9556019247875 49712244.23577318 62923.70741656261 
5226.962988532251 46465024.885745116 57734.90571407394 
5226.959467812223 60569307.10737531 57685.69013722916 
14268.776259365924 276340.39795545937 38.31425953704801 
5227.037078235651 95083193.29453003 34974.088584821795 
7643.9385149864875 467368.29175677034 90.80207605876426 
5227.013334948344 38462659.48897901 41318.43707790859 
7181.107222960951 398190.66876290325 115.57689347675891 
8948.935882179985 331340.94317660126 48.064526428801535 
5227.264265933198 21825150.883963205 29889.377760690837 
5227.278527870182 20656235.21349862 21714.28707458461 
5227.398283719604 16637569.059977936 18847.664548196382 
5227.463406967029 24370622.868783712 14553.792392118865 
5227.106185895967 35102424.072674505 27111.39941731409 
6572.452901622403 466291.4988644018 206.3596724434931 
5227.941169444953 17608346.441227213 16698.5362237008 
5964.619210592731 797287.6958861321 372.87622387256965 
5284.5651059152315 3321078.283784724 1974.1185716832072 
5240.483335246781 6065555.906615046 4004.864423989372 
14162.250911926054 276641.7100635598 53.041714825312184 
5227.303035804481 26229891.133620035 19739.42541973804 
9681.931171150984 318222.32661688345 36.62024630101399 
5226.999088130235 82577527.56499125 38597.0214796553 
5226.994491010303 74147033.06264125 40466.031572982414 
5230.501338594153 11198119.981527392 12793.85624704161 
5226.950068986005 62288449.10773671 72872.72053490212 
6314.492789386968 970364.3034398814 272.14631776275246 
5367.970871171878 4709157.713131365 1683.0879953305428 
5228.971999615402 18977472.27300393 10260.588694892444 
5230.20575374332 11881233.472453814 13150.697193776543 
5546.996556167737 1878161.190649006 670.0464029741358 
10615.233504976068 305420.6588740208 29.072137786880354 
5229.022413523964 18522839.077360895 9468.31397165118 
5226.953835705902 60478440.12815794 65567.60132930706 
6890.135068321268 417005.25027995754 127.76632207000979 
10858.094989118283 295511.4422436182 46.93335513894455 
15053.251550502493 277561.53707303375 25.103744401740386 
5227.087835999492 33216551.32078975 28648.90064996975 
5468.332358015496 1910599.6048303212 818.0968710499753 
9835.512075010722 316184.59390105907 37.435465010925554 
8747.32847566683 329269.9795684292 53.15083988089511 
13453.47789153149 280175.8258597818 38.961553541465435 
5226.943953668577 59313829.961017035 73360.20720061919 
7695.800799498074 414627.73465782445 69.524225574953 
10515.321847364554 301259.15824819164 48.63310635268553 
7125.596242078553 422205.467434808 121.10013197593278 
5231.312138089112 7572720.6014805585 6937.441925150848 
5226.993131201339 86121665.11550407 39941.09150703163 
13230.395805371514 282307.78522823355 25.594474767855015 
13045.564588669451 284213.4844126362 30.474208425961116 
5232.158187852947 7667390.72305353 6468.391232661492 
5233.656804652995 7085743.612021474 5289.0028864333435 
11305.125926941817 303790.8774263918 30.177731257326798 
12884.267341594741 280564.5380319816 38.24174975864246 
10001.821447097238 304968.51087338134 50.12905652157093 
6174.6111157537725 586254.3669613681 271.8744788203602 
11140.742955767353 299785.42298210005 41.40377486523594 
5227.007670731451 34811608.23666743 43001.93796492739 
5763.666195185928 819374.9537961277 545.9558003201496 
11411.895626781177 288258.77830595983 46.01957050560148 
10312.159185835639 304224.0581284589 35.45113995387684 
5226.955388117572 60560573.63431785 65169.952586631516 
6759.057453745134 450692.6444459047 176.94980712349852 
13448.027130121356 277485.0753088476 42.287041775084816 
5768.063858927549 844964.808802176 509.62272989806985 
5226.995470332358 49798238.37178939 43499.81333602978 
8895.27844023676 338010.701201448 40.18569010998729 
11037.860926713554 293089.5152864813 43.621161003573796 
