16118.430877318253 222978.89172972654 3.495856041714214 
20771.340772442058 203205.4052362806 9.16110179133991 
5226.935082389748 92096641.03432634 95358.96722355968 
5226.938838837554 68638656.42259765 97553.9444142626 
26417.28152687905 204452.48659491073 8.133737898300854 
5226.943741338473 150611634.98718613 72999.91425237866 
5226.969176209579 98781895.23958655 55073.60797680433 
26068.89516975037 207964.7466695179 4.759582052496592 
5226.935913502173 88747878.92303486 91253.0098722235 
5226.943483713008 60710004.73316061 81576.01835112688 
5226.947086795764 40630683.775389984 59697.1685082728 
5226.9378337575445 83699914.18746626 77054.93683505847 
5226.980743619797 72436442.12670924 50112.30859101824 
5226.9868947228415 37665110.43721903 51813.12095256432 
5226.96716187033 51040791.1873504 57598.29347849647 
20376.758528071976 205455.08929907007 8.184193526160186 
5227.048902387018 23637933.474512357 30999.42451940776 
5226.962561467731 59719028.62855813 56162.74231609239 
12507.823369676127 233840.6092594042 20.67572820762697 
5226.937894425741 82295499.1622397 75274.06352607136 
5227.028544869878 46084598.284838416 36830.4099002237 
18964.04042262892 203780.18913036486 11.499164627231401 
11052.30205399553 249911.3222448921 16.978428617327133 
5226.999973918628 24090283.673531514 45032.61260625338 
5227.290152773313 17583346.53079645 17676.679769246297 
5348.170701595154 8093786.721074808 3934.6795138305615 
5226.9839688889715 388762827.325636 57948.19704782531 
5227.140915932522 29108790.778182402 28499.643894745033 
5227.04036607229 44601591.85856373 38373.81337724167 
18460.84443011545 205873.60759695293 10.087174736451711 
5227.219525708859 25575406.187282298 25117.310156045653 
5227.130959334966 50786016.73573568 28191.949812140392 
13768.253236542567 225214.88382642332 9.390568247288474 
5226.987562509983 29065244.70996682 41110.59843500294 
5226.944776530088 78061872.4920142 73218.48260576678 
5226.954825416408 66105871.70076139 56621.75323703861 
5229.5075566761125 15791114.16820831 11965.818023857399 
14662.295459204113 219087.45947800213 15.60508852632514 
5331.02345295166 11224550.203174159 5981.183944694558 
5510.881473042751 3595732.375487221 1273.52656675961 
5247.601235405612 5560817.530677183 6775.886364399961 
5227.450197658176 13350414.338470506 14489.720085055616 
5397.321581246625 2888670.6120830984 2468.94552694122 
5226.971529493496 47648108.5637337 52471.62537787073 
5227.024914944013 77359304.60778554 37578.3381552844 
17509.64781127094 214082.60725844247 4.821502480375362 
5227.030859472077 40331543.45336161 40116.640760499664 
5227.142965220511 28446373.333200462 29158.780426511377 
5227.271631439497 24856359.404239763 21008.935024940693 
5227.395007477073 15700432.68462201 14467.385399341572 
9994.123712428247 288884.7139897508 34.267425681413506 
5227.302898859902 25263850.945824657 16557.055846037023 
8762.73199678119 397266.7415011344 83.1050371902356 
5229.710270995548 11613916.943272086 10445.564443634456 
5243.82897376265 6586699.88911901 8863.393821350412 
17291.272433337916 210166.98999967787 9.180972358367207 
5227.232513665146 22809073.348415174 22458.656005074183 
9470.732047712825 309485.994781421 40.68448651136263 
5700.028045814613 7161156.066503193 1158.3084998613992 
13106.829502111068 230200.07349354902 8.075182602866013 
9273.63693137741 296790.2233607962 47.21498568436206 
5325.39031436327 19488691.137620345 6528.323727821049 
16687.714380873014 210481.326348651 7.563729927604626 
7180.939523848075 520411.9541225587 146.1216621818878 
13623.040787151524 223548.59898655475 12.070887344889863 
7546.270585217451 477043.20069711603 128.4314322184674 
5227.2621207385855 20411640.00348443 28806.62497448836 
5226.977344603648 40313040.98849466 54091.58162614053 
10662.234512827268 252308.92682655272 12.863597109843248 
15446.409868979328 222193.1750668619 5.688733971682486 
7809.673580383082 432397.78108875966 97.37200745756937 
15081.975846498695 217086.12366879388 9.479665118521451 
5970.328362921544 1598528.386374244 540.501097507437 
5873.499608967155 1388719.3466894776 543.9766061266313 
6487.496445378047 520380.6094490874 231.14458440385326 
8500.17543067866 410004.2510991974 75.18877539683677 
18799.258727261302 209711.5748899185 7.8125458563139345 
5227.219871787952 28532918.69862854 23281.593396129323 
6898.376474732004 503967.2116625189 212.6338387244642 
5227.242739221346 23332532.53647196 21569.979761260394 
5231.808417652988 46524041.00359924 9924.655807229963 
8097.0195306672085 400082.1341548694 92.73486396402974 
6716.975531526795 536752.4200135772 216.3311626224798 
16389.733322871485 215446.45075517063 6.157663629549749 
12904.199672504092 236360.0779237096 11.476190404520377 
8263.301848008869 389537.37864887697 95.37966779698074 
12691.288322835628 228620.33381424373 12.420001800329848 
10991.149958841019 250636.97417771557 16.84472787262073 
15661.49812712907 219665.5821991296 8.493604665045474 
10294.648191071992 279001.880665474 29.26106227856216 
6170.467562660363 624813.1319126603 294.46198765891484 
6190.254091525551 622703.9307243995 266.2895770640583 
5227.231663930317 22960455.382694196 24331.45313521347 
10064.137401779853 288096.3358688061 27.895532247689633 
16618.962933033126 211520.75885283074 8.573933420079594 
15835.623084335995 215528.45400160347 6.098492867767266 
14881.627010952305 221225.17522740585 8.319434561250095 
16192.449237356843 210247.34640922712 9.50553973389519 
5227.222662529837 24982784.61425635 24403.52816461352 
17457.527038141645 215493.4462196394 3.7119195313322533 
