11749.169082665423 290835.4331636493 21.403486003668196 
16650.26646708065 267881.17780493695 38.096599453852356 
5226.937138001653 252757327.52446324 132796.9886966154 
16843.378316697792 269564.0772744594 29.584358814382398 
5226.93893852647 151763223.75425383 107342.22402898366 
5226.939545291603 87194355.81090021 98060.58213948735 
5226.942318268051 66737524.38825506 82569.66782114643 
5226.941279396336 94652250.11513272 99942.66663596488 
5226.945204621278 71930124.79271784 75764.95431184275 
5226.945480383977 49629722.13506935 70074.80464662286 
5226.967849291891 77905620.48395336 54938.86150342999 
5226.9469555596315 46224596.28325631 64470.041418607405 
11355.148330024687 290072.38300767896 41.00670997630543 
5367.762151809251 4735531.736699959 1709.462994076331 
5226.958513673928 57399205.33388942 63430.24014751369 
15774.092157130892 271752.99411115143 25.048165680547505 
7924.628459985995 573246.3656041648 64.70578197590778 
5227.0111149356 74747067.79766074 39913.33616302958 
8569.456263094095 409562.31765596155 46.510764598580195 
5226.948918012928 50817817.13501339 62376.94560576298 
5233.649695597103 6941405.553839358 5540.114994072734 
15263.365059162612 274903.6430198877 24.477662496706422 
5227.39449239723 20332418.139864728 19150.613192049677 
5228.038331481404 14992001.354113726 12778.7209262382 
16280.35870839355 272086.1509705857 22.943954015359594 
5226.956737239167 61294332.35068116 61478.184649241 
5227.041167146649 29778530.748086795 34851.32416495878 
5227.287326118286 23292028.20123175 23206.662212689465 
5226.96341175543 38418902.42040422 56395.27687693709 
13304.138801629908 283274.98543132155 27.720509676638756 
5226.990030968945 35880163.8201003 47562.428941277685 
5228.292822641432 13435158.9740872 8876.726043695584 
5227.422720972364 17838568.979194432 17081.46069755203 
14626.386037950597 276974.0606285928 22.928752947978026 
5226.974492157278 31867773.088928714 50044.32717659172 
11985.48947277349 290114.76571537403 21.448137240596605 
5749.987662023977 1142198.4504158963 580.6418386105736 
10212.705919486916 298601.0263822855 49.20840990726967 
5226.989652666974 43632787.577689275 43760.33606171255 
10897.648293198354 295592.740016875 24.050405758898695 
12980.850397996523 276723.60768919304 45.16968527831526 
9623.526855244529 315886.7415536108 41.906747130591555 
14946.985039482508 272807.8910726851 33.98832496597018 
10586.295343143189 297981.24954737467 42.76301484635073 
5227.011437240408 38528043.02907339 40826.812780114014 
5975.004740037651 762473.2566967509 361.6256170539973 
5227.476910807426 18570298.155290097 14707.29855927354 
11725.458145473303 287587.4186458368 25.13945371294948 
5548.88132091829 1819745.2052609886 669.5173003103805 
5227.139281453565 19191219.885706246 30572.76624146904 
12232.831217226627 286012.5431061225 38.63013339581735 
8726.469712193197 397848.6761356565 40.42688704236937 
5227.2525277291015 27622152.520607993 24420.740410450933 
5428.929513726555 2024506.6607952467 1055.1763332133232 
5226.991823338386 41611946.7151759 46090.82831802733 
5227.192650729445 25783812.444063507 28446.470381591113 
9386.282474164536 308704.59107871004 45.79431916858154 
5229.274317087157 10118891.015563078 8746.461312434363 
14142.819229411449 277050.4747159526 30.76057517230691 
6790.003250775102 454360.6077055846 180.54797072179016 
9263.16663031374 306780.6878965016 53.920785424902576 
10108.760172812255 305300.4233432446 46.399966715725725 
7120.204730802028 407845.4806280302 142.56274160525015 
5227.1307148481965 42471732.86675724 32349.392942264712 
6959.538680631706 414327.00404999655 159.15016929829937 
14443.734709237382 283622.0754784415 22.840193067835887 
12829.215260959194 286001.7770817843 24.936650092459654 
8993.205160587122 337508.67504714435 35.111002757778735 
12380.919699244367 280383.4079777574 47.933548651205214 
5227.007140531605 33075756.46663731 44770.478906549644 
15097.834695766243 273354.641216208 29.51058202918401 
5227.222459466051 26766668.309550773 26387.78703309682 
7751.596732456077 724467.2694721083 84.43783422815798 
16056.967314413174 269023.4500233094 30.482094062809075 
5227.045458786419 24222165.856221415 33675.55459256186 
14293.124758649501 273282.2098543253 29.5651200048628 
6617.718955584535 490150.2331065511 200.56331045443966 
7580.546229558688 623881.2453349401 103.20078416339551 
6379.8426854648005 578547.4947472946 251.1337319493956 
13725.751611889322 273341.53081874974 41.214690109349085 
7345.381009829811 414180.66945172526 114.30869520523748 
12550.678271209943 285991.5950072667 40.03418317192918 
15974.739237306363 270078.3372478728 33.78251268297797 
8610.391740558089 366138.1935669886 47.519226535056504 
12656.342500930761 283603.3183450305 30.617741365439983 
13942.912508602354 275333.9540319581 38.01758031453466 
13514.11154614811 275083.296406538 43.14615654716871 
9050.877558978425 323991.7384504368 38.74592919693337 
6211.257363245439 582601.3040605014 320.2610157085235 
10676.346690018727 298063.63065842167 39.66445601305925 
5232.169730339397 8180344.665704028 6728.292167174975 
5226.992553460563 32809755.605008695 49962.70902671945 
5227.211090962786 30769513.664535273 27286.777383836234 
9864.911650205951 311242.53766414715 35.71201882087757 
6134.917498664774 602493.2389827808 297.93296207036286 
9871.643307926572 309123.977451019 42.40974066516546 
6500.072381222145 590845.1488822007 221.81752288472813 
7297.38900096192 610809.4596340553 134.7822375664204 
13577.414296134015 282655.7593386842 33.97171130074708 
13873.383229641082 279048.13156760397 36.175053720215786 
