10602.464113954435 67901.54188382292 0 
5274.608152397743 16421802.148280162 1411.5187069818753 
67816.80712021039 17074.583080994627 78.85680999519896 
436615.2902358249 18883.147203650875 45.853786452394495 
5255.362361182831 6923191.549678776 2828.0058677658285 
5254.7780017433015 7803492.297438715 2826.7066793332283 
349365.22206890606 23174.565666097104 24.87112216934873 
5255.280812013235 9742528.701801322 2722.253507192564 
145226.31705330516 21116.700446907074 30.017278680050296 
398715.7698808162 22047.00215572179 25.074007790916262 
5256.197331813022 8279118.229320666 2630.35290387088 
5258.549025710105 4328172.3128570765 2531.479464553074 
5259.0806814303405 7621733.823377286 2252.772144692208 
6294.279486951556 325517.5626944612 247.64257431417363 
5259.955463543672 5447945.174799637 2129.856031700208 
5259.913067901323 4018253.071222173 2405.396475653177 
6251.435338786906 2739389.3030082923 362.768865175913 
5259.21134196666 4841462.750929694 2277.635675895672 
5256.291070340817 6238627.568916298 2595.0664803794075 
5255.7001901952535 5871393.516903077 2773.459254872813 
5417.132671347813 1004216.7293899935 842.7818187701554 
5259.499513109746 6573792.034625472 2198.954324366517 
5267.088252674434 3057028.1291373507 1903.3980513591748 
121620.79761314906 29696.358072381336 24.18870981617043 
5385.339551889663 1427850.484088312 973.7287865664229 
5260.357503759154 4510276.809134016 2177.145898475253 
44088.1464490047 54166.96179953005 44.180274032866855 
5562.382145775905 672485.2140156359 558.5571697414316 
5512.266907014037 757990.6570991478 635.909090413481 
5313.4476169648815 1517281.1630840942 1228.6585680582339 
5260.235524594789 5115749.666121346 2104.0170475037485 
5302.954445816618 2045292.9579493527 1302.5698224920586 
5259.121901460871 6035673.490809665 2339.0779484899335 
5263.6067585398005 3313105.3985182843 1997.5536084871896 
5701.176580452817 847277.188543115 521.8561179035238 
5255.4869392869705 6159223.571329633 2657.66646709155 
5269.041272112992 3377491.393292617 1685.5108007547462 
56170.127607290895 20590.1166846677 41.94436348686315 
105570.48135655357 23574.140505792217 29.66557201801163 
5744.421652652691 656106.9847860851 477.215747722861 
5271.217438327261 3443495.125564817 1605.3141039371264 
5361.401218069822 1429084.870583775 1044.0885721811053 
5269.076626597144 3124638.3099521855 1738.9363468912386 
5260.041504419301 4143311.083376984 2218.106869845762 
125865.95365104469 33957.24518732511 19.422599391051705 
5264.676887213247 3647449.9579381132 1849.2864053308394 
6147.766988075404 1905521.677432856 403.9155899349765 
5328.410092337036 1558272.211028952 1122.0805434737686 
133824.56999959037 21868.25712324761 36.39470815701966 
5968.421308000428 628171.7923065245 421.4177193432247 
19116.784924481355 26269.66650177227 131.42542580982013 
5307.205241636302 1775913.6292312436 1383.7563770378763 
87445.19605635697 23712.614993565297 39.76783922530298 
94954.59467958237 23283.925948774777 34.06158181209233 
5270.4520008747095 2495566.121389791 1645.5794188522361 
5420.108133647613 1181467.5745246268 788.7632286632063 
5323.312653274792 1654941.9635013542 1081.6888554393402 
5256.365482926642 4454729.491842897 2365.727250077654 
5264.334372291349 3049833.902401767 2042.6431126410719 
5303.952625189093 4008079.884800988 1196.8025725536716 
5510.511460995062 1324436.6296707501 674.5601348285446 
6812.148238625379 203244.41041906038 163.54934205168007 
5468.76715238922 766702.873923003 698.4542446880755 
5346.354539825421 1431128.5354877908 903.7909292272585 
5268.596804618812 2907115.781997353 1835.629962889373 
5318.838921738418 1732904.9031030468 1161.735829675725 
5267.499532117284 3214333.5489810607 1776.6814268597534 
5297.29747896721 2158510.1947769923 1457.1375976559796 
9958.77206011779 499447.85290219495 110.6300551344291 
36413.964943018844 21752.961139473813 44.738538911597445 
5272.9749836929095 2644730.2940158425 1548.800707154766 
5447.572446136089 1127037.1155897358 751.9500723450218 
5285.760948221114 2596008.1493687206 1494.2364706273472 
5262.47729723794 3572024.5529839923 2006.5909891719728 
60900.538193430875 25164.06652267573 36.558249079894395 
12854.630514286342 50342.556952044724 209.50407709028963 
5400.019243479799 1233916.7459715714 924.150868790011 
5283.349349486035 2403213.9564976175 1512.5998164420569 
5289.458751954285 2232024.7598951394 1338.916707879505 
5260.4183714983665 3253601.035448234 2077.230322712188 
24679.49611998262 24171.70304268107 87.83277860892538 
141236.34638054055 22372.476416918886 25.76881001884317 
5286.441233941655 2320032.5353634725 1569.871343469163 
80486.72995935973 24293.72785765816 28.74931931289816 
5266.55845306529 3095833.663522359 1806.5752201818423 
31034.24682387102 19478.66822795407 98.54842629724145 
76909.73056788488 18034.29498813249 54.39929273353809 
101731.32935168935 26339.771053789882 26.4717380588884 
15415.404240251984 29690.12607039386 194.49744795719238 
5259.415882906361 5020920.144262032 2199.5523107275403 
8611.89572837909 116989.96620458041 121.66852408397757 
69212.881689863 18443.82338647008 70.10425173773817 
5314.183972502055 2767735.091194363 1196.12620165185 
5265.102462334769 3117207.959414835 1865.4511944837009 
5255.586153931803 5880990.671501364 2745.78436954628 
5288.094811704502 2481596.894881734 1437.834107643778 
29074.256187957737 22964.512230068118 90.6736252568169 
73878.70756674439 20209.203590353853 44.7607416391331 
5300.86462284345 2337362.8274681647 1332.7465859733795 
14272.97611166197 38005.77708550566 174.6166891169768 
