9401.640304039951 91730.10950737106 2.1518418370108225 
5261.405456078671 8043128.415755683 2903.3552422469243 
5269.3912770634215 8560609.180036169 2092.0906778020567 
16745.747531341694 47621.36664126768 94.32540286625948 
14101.070959426359 50916.33929475358 103.35951461988671 
5263.752590294732 6509919.988074573 2676.1096990125116 
5268.294080699443 6908013.465421314 2352.329635258217 
5279.559345177857 7584478.796200663 1821.0667213450447 
5273.996679599857 4580267.4314322695 1937.6095153170177 
5276.663413589503 4928607.147369673 1856.1970784733658 
5262.406569656292 5548672.575576734 2782.4341293631046 
5267.10293617529 5274277.13658494 2465.1219705073026 
5269.2006128035655 4151304.439676149 2360.140492732407 
12730.565476486678 48552.05599129921 168.63980077650177 
5263.872131565788 6144646.037188222 2607.970794155266 
12069.531715550816 52880.394865885304 131.53677495236158 
5264.638343857959 5458581.4506378835 2817.445213123096 
5279.894885748706 3390025.674651916 2311.2122935969364 
5304.798100213251 2173830.254164709 1423.8753445380012 
5269.597633982263 3851405.4590715384 2115.4024975794596 
5371.899626090096 1808311.4589634135 1118.0568214589534 
5341.145608250581 2381132.931000012 1220.2961858707495 
5277.87504572317 3628647.043726328 2070.9710606586477 
8035.809550835885 131443.73662783913 61.261338606316066 
5264.509834840575 5855373.59349059 2575.2776804047585 
11410.715767335829 66551.04827992622 131.7514063301481 
5540.730948093957 908291.6979372035 678.1107965739501 
11861.993736577617 54081.94385982929 161.077804770004 
5269.281945470559 4811285.954643821 2248.6045247519746 
5296.7483709668395 3048067.0383533416 1488.2910935800385 
5281.619192146598 5801152.88034896 1801.7587686096272 
5993.845045460977 779537.8733899997 428.7425356816795 
5274.530075165198 3536011.1577713666 2187.2276825866866 
5283.531512843915 2589860.4077403652 1682.0878219611152 
10251.632922977553 69052.11390655363 153.4605805709386 
5643.0101478509 674871.9365582921 552.7666740232521 
5359.740598169316 1664443.8657496488 1158.3478467251603 
6433.6098120886545 508745.94943674357 207.26045146854065 
7637.380947166232 150592.2711095004 172.33914952435407 
5847.525315929093 1176429.3406307218 470.43342450748776 
5268.035464712022 4079656.59034238 2415.1448681002466 
9181.28403814964 93735.93722877731 42.12071955720581 
5396.2692731676325 1504442.9765044528 946.6177466829953 
5336.121022751073 2634794.772359363 1273.368835896141 
5267.559156557474 5967080.019960095 2409.721200319215 
5279.9848649927635 3218664.412908548 1829.1604992267585 
5293.684284021321 2874682.1437036307 1516.726692969045 
5399.219898023521 1274654.6182382423 980.8254446001322 
10913.821223551113 58665.2690228557 179.2155516658231 
5311.329929677023 2056953.3532361165 1325.623193456126 
8903.047205781017 85683.03625641283 48.202198670909205 
5605.118870188184 1167777.1503957987 640.294219550647 
5291.2191104384965 2714362.2876112433 1632.1745853102425 
5265.986519281305 4763822.14559159 2475.7140062532235 
5378.149524556957 1641857.670114445 1052.9108529655434 
13818.940616859074 52565.83447251184 103.80646262871586 
5434.880322726934 1357597.0408361277 843.8058349759073 
6578.7339689190385 283969.79237869964 222.58653442554623 
9990.44154475425 76924.17404309192 18.35188971508144 
11212.091892747252 59980.13455163087 176.49608547151104 
5276.596129694731 3669212.246483436 1917.180964885454 
5264.882546826274 4723944.827113446 2615.205584211368 
6146.304133551617 783710.7779575258 397.3413990153055 
5283.353056984481 3516947.881499674 1579.9860144683155 
9587.180269617958 78046.5000962055 24.436486896005476 
10524.673671641262 67247.02361704783 117.44259344262589 
8276.362646719672 120697.6984042701 105.89419161759577 
6244.3114265055865 355407.7873189661 218.01146534134483 
6223.0037394813035 619644.3942645373 335.85964121575785 
6936.971315559138 207065.9440981528 189.19926775023907 
13184.347274972037 56292.819659854984 106.35582716260156 
12915.273244845464 50210.69450477598 114.29651168743318 
5496.623130092576 998536.7540553408 792.1357426919096 
8514.373218283534 118731.23245815409 88.5793731783308 
5316.645796088334 1927431.8657395756 1332.2544609304923 
6503.654098831679 335449.6808797709 293.7114029795492 
6802.350906313906 232148.6531373775 173.4629465190536 
9805.605032288022 85408.25159686487 7.140490497530031 
13569.83262199347 50013.90642027237 131.23692820852764 
8695.133804099725 114827.27978577653 77.12375150635339 
10687.6670218334 63647.50507727761 196.19193910675625 
5305.962639754811 2389267.962014409 1359.1861492426112 
5299.91607361852 2454795.7155377744 1653.5602691298147 
5520.7916542679895 996568.9533787395 751.4953007407341 
5624.470337048006 808691.975433023 601.797301602087 
5361.860340701925 2172037.6708525806 1040.1731343338715 
5743.870260450503 612641.3780615304 488.4712192283006 
6107.407009021199 839350.8782103669 316.11141216817174 
5408.384591144645 1417813.3283834492 907.4271318173603 
5454.354455402119 1048557.6853911645 753.2650420969476 
7160.253610580604 176289.85095309693 75.54351756474303 
7455.5444222899705 165570.1975296071 106.97283334443384 
5296.749379915877 2580787.690507769 1596.5833620999626 
5418.948653172053 1325752.8458369658 887.5038381419696 
13402.279769358673 48423.45041380601 131.71259565593186 
5267.0552150051535 5749119.097745032 2465.5996928915747 
6457.879576520469 336164.88856874086 242.657538482924 
7283.090677120051 175881.74374397064 68.56994050947026 
5709.503062000413 782694.1902350646 512.7113959810886 
5291.577583575794 3775166.4166635033 1498.9777987365794 
