5258.806728581097 9201729.973822981 3174.335306569973 
10702.033698796153 68703.6425142849 0 
17200.01386362844 28348.56425552003 130.77830470288515 
5258.883609204371 7180982.927636188 3238.0299130873727 
5287.687645199172 11159398.67683921 1395.6205941676194 
22246.87599579902 33526.52926326449 53.534116772915525 
5258.998275087677 8074262.493534759 3113.2177328645544 
5259.498997944351 6726832.723495402 2841.0935083382756 
21256.32268108603 31816.358232984676 99.28902030490906 
5259.795195618654 5928145.0048569525 2534.0575469386263 
19778.74036599724 35613.5323726229 41.06362367522604 
5260.935418364708 5571137.290332941 2962.7528783260864 
18116.01687051753 36340.20079156426 57.58781557479277 
5261.780535938677 5001317.96990517 2407.2058059469673 
5524.707319515257 745717.9903440571 609.4913644462382 
5267.848521221406 4714498.142571697 1947.3805165212755 
5262.4394061509465 5422328.628847893 2304.0227774391306 
5427.6405231879535 1044971.2060421372 782.262672544716 
5259.912127161584 5849620.385957788 2909.7013101324337 
19058.56918019839 37594.32215104464 51.59261407829793 
5271.770562753898 6591132.162304301 1816.1831721167011 
9965.359479982317 66989.07610667335 8.791473908755561 
21609.586396061397 31410.806529389476 89.91146848252608 
11573.817551516717 49282.930205321434 126.97731592345905 
9345.723237910644 79523.19580061604 11.021256406796073 
5293.866738010029 6376905.656811381 1325.833463489401 
14187.39662201162 37339.55843250042 82.28177492376122 
13212.958475751228 56353.01923457958 50.65004280388985 
5492.385537409323 831911.7725046508 742.2021128859966 
5366.119154554352 1221265.8197957638 1018.4437754646762 
5753.648567554239 589461.1446316504 463.1919996101492 
16593.99014244046 29261.38617320714 128.50534449268596 
5709.4782328360725 832947.5758756655 538.5191074608198 
6652.849169622553 229655.2653599527 230.06980528170018 
5358.651667507592 2314231.3611849654 1123.7451016901246 
17647.525292114093 30292.841179145515 112.23461493536166 
14767.776595515155 33444.97688143376 160.7516662932965 
11153.585599748312 49857.302778393656 163.26327193487728 
5426.30208040409 2158688.9344432913 869.6492112187741 
5305.39794582874 1849367.106074565 1240.2490884320478 
9000.49615435313 94735.55761819825 113.60799041045686 
5298.382275535091 1929066.6399969594 1191.8808254646035 
7017.955296170567 189006.16819551212 208.9047596189617 
5263.219584746057 4536708.714610944 2464.708588911939 
5280.715841368056 5980816.063678516 1533.429950318369 
7929.382578277163 132917.51475701077 182.19699258733496 
5408.384591144645 1417813.3283834492 907.4271318173603 
12710.766968340462 51399.7579773935 73.07148380312287 
5264.944029303009 3880505.0641184663 2253.2498520521835 
5264.046984551509 5098992.797621749 2174.8490198226373 
5267.565233045175 3765442.210266105 2164.892144616082 
8564.707714834416 117567.5428999685 130.0779937075694 
15490.550149691268 32238.084473295825 104.69816239597216 
5263.970453779253 4212877.225797119 2232.9520265414526 
5282.438927210112 3650718.5605707527 1421.8064078854125 
5384.132214105156 1361387.161098577 953.03939171035 
6160.288326162921 410469.9504194796 355.60155410745637 
5267.849745326098 3453838.474232421 2087.262562196854 
6404.837614242933 321979.5462598032 283.4398611154329 
7587.333160167153 145148.87881254344 221.26609823574373 
5272.086416455368 3381956.787588403 1989.9344672320076 
15050.240798967312 40998.101742965606 54.395533751993845 
5612.85082906495 636613.1330001748 561.4524056453726 
7341.742633052897 172339.19166826672 197.64442867995726 
5271.563585112976 3519125.0200109263 1886.2568308066336 
6139.650115219607 458170.7998010043 383.1457743408254 
5420.337043447519 1700375.1570562646 894.9967703834226 
5284.919044101015 2475925.009350375 1550.1832257253914 
8243.229931678921 121127.27270608605 78.31158726005943 
16233.251418497253 38410.415226742436 66.01597644011122 
12151.646973545827 53626.23716399349 55.86795084631657 
6442.910953111502 276808.87257673615 272.54883587192 
5285.811192272943 2103026.231237429 1516.2951324268583 
5306.370865008654 3038287.828778996 1143.9978689094585 
13703.095891905636 36940.511147030236 191.6540875293485 
5268.207830854778 5299512.964196555 1867.0484714475722 
5269.465923768122 3237420.1376270936 2057.469457281073 
5293.813115042328 2326029.0521047846 1335.7451309554647 
6314.55997207476 407908.4555693061 401.3412409409859 
19539.63317225599 40863.125115746465 47.267284266911915 
5265.180010011154 4117033.241005294 2044.8795092842427 
12432.728394049742 45668.328403573236 151.13910133454317 
5282.1755543466215 2646127.515342365 1473.63405050002 
5261.744197479056 4464447.372174914 2517.35588072315 
5296.528497834321 2895963.100035644 1309.5611408368513 
5953.727666785739 820587.314832413 442.5102166888304 
5274.53610255913 3049825.565790862 1731.2007635936009 
15802.619539340183 31910.231336845558 142.3493259796077 
10399.04882416475 71702.54618997942 3.0534599040247135 
5403.921727646192 1148150.5956174408 994.8039172675265 
5273.365023414404 3088646.2259539757 1849.2275726676178 
13766.012053294495 43343.9818192435 78.49007175151652 
10764.14959078022 60770.10104802331 143.9657772601766 
19257.45495084532 32396.9123935857 67.03977573866243 
5280.42874171007 2665497.8520936533 1619.946203558004 
5280.962217979163 2482054.798444675 1477.7022303522842 
5277.108345072227 4371035.187627549 1630.6849522698208 
5968.421308000428 628171.7923065245 421.4177193432247 
5276.613266261203 2695771.4675576836 1726.141998086399 
10435.756939915398 65853.05210377331 23.887715106711255 
