11867.287412514697 423666.26609831676 55.82269735133626 
11766.56552271228 411164.6972237846 58.65538350972544 
5332.118667961385 4095476.9274158967 1678.5823721215775 
5330.612826228986 3784781.375957547 1691.6526010399452 
12064.85749824598 414262.84985583456 58.30405189976764 
6731.850773606475 538820.5509262084 170.73350555464242 
9174.419314626146 513058.1787226583 119.86553018520803 
5344.5772448952985 3870503.4012642717 1390.093869700784 
5342.980430041489 2952373.3711882294 1460.1507292171173 
5345.868178505936 2488377.861829926 1314.4774945618362 
5334.250585035679 3453380.3704026225 1582.0624334013899 
5555.636392708688 1686357.3658599257 622.4463944500313 
5464.540304955339 2588039.3572109747 790.9853652340856 
5408.87565839479 1460142.9058411703 1073.3184162224816 
5376.6798543057075 2130919.47356454 1261.5348412641595 
5407.26566088357 1488111.0435145423 1033.3046106400593 
5585.2833225744125 1930355.8559815993 590.4641213372003 
5344.10053507229 3084949.6903703595 1414.9009319120437 
5332.205847229862 3662967.605916111 1630.6910035853389 
5374.58601553734 2224827.7904960793 1147.9880762049772 
5369.442479035719 2367566.624747581 1240.2583888479014 
5414.351327118786 1807830.3935753747 945.7886777968002 
5333.735702872331 3369640.569345881 1651.9558127704831 
5379.241936244006 1835400.924822986 1129.8727147433913 
6243.001948122187 556928.4203455885 293.0350752820218 
9553.595889600347 490866.3662945842 92.8904533785338 
9389.551250404204 503934.1872376704 128.1723834544706 
5377.771315554345 2742047.797887899 1146.3498213278635 
5343.589936390703 3572038.410548052 1442.838669387908 
5363.446038838919 2324728.108193876 1306.2983399279283 
5432.966640340739 1619864.70954519 821.240999333494 
5342.047364035949 3305859.3481656117 1482.1929200676532 
5372.7953828006675 2219061.0867983126 1218.1211660353435 
5470.113695244586 1278310.2704726865 745.9190246054985 
5935.652539714248 1267420.6299442968 366.8824707300404 
6162.598137324992 688730.8032348913 253.70182395731436 
5334.5036604845645 2816714.1485290322 1501.4365495388417 
5439.014912201849 1147598.9138635849 853.6511267229771 
5750.724561753336 741640.1706201431 528.3675389829214 
5337.364152097879 2796432.591454416 1509.247775825091 
11311.650943960925 415150.49474701856 67.14549229532165 
5738.178202177123 777672.7182730994 551.6895961470534 
9793.72033312688 459628.5445424251 85.88710716775681 
5431.8655365981 1384953.492704726 890.3657845146845 
6393.033640543241 644714.2459365492 200.39219793477142 
5344.645046229921 3229485.4209359316 1407.052269347783 
5649.613841135139 824954.8614307115 454.07180654921825 
6513.579596799307 592469.0622330921 191.68261792324438 
5415.101405616898 1386697.301798992 936.0287168334334 
6005.147559387569 658544.8147745604 324.43221653901844 
10398.288804176995 434188.8238144584 83.77119622423075 
5410.7525509742445 2147059.716410869 995.812362149359 
5640.288530089642 974974.7148737591 490.178878774489 
10681.590396341555 444749.4479625428 65.26435946967328 
5422.154985064216 1190598.066421829 893.8345776264542 
10973.661733000401 437651.2075112622 62.65102106968999 
9456.303171853824 488501.25625829573 106.66159206256256 
10810.12920509173 435382.4406767203 64.31898216961449 
5332.286469291109 3467537.6981645585 1610.9630223269924 
5344.981529915529 3155099.778693256 1412.5344945615207 
5481.280219360476 1094085.8618863374 702.3376463136037 
11590.745389036038 411815.13344553305 62.23411189616064 
5368.89413136858 2199327.679322254 1270.2482363520433 
5720.672173107243 862560.8816438576 429.59727728885593 
10525.571203660853 435921.18960771273 76.18428069630673 
6345.089327541959 684956.5767917342 220.096417902296 
6085.5771357357335 1113771.9837780267 308.4723742103872 
6307.356836311995 664630.2217080474 239.28144138700355 
11110.952264791824 432874.81589179 68.0259030005434 
5333.700442930217 3606906.042482599 1609.5441800110289 
9242.01138537392 504140.6332994481 117.58687613271692 
9882.936929726915 461920.25722845114 81.75379025498164 
6557.435454541586 590909.975604495 199.97598157210734 
5825.186130467734 793072.7056218676 444.2528052915268 
5497.771059022144 844467.4220766178 674.3494120573027 
5525.000179618769 1058579.6316527384 659.5059020510791 
5971.315367967197 906730.6236216828 401.50127099752166 
5494.007970465958 1000641.9368078815 719.6400458503022 
5587.1668503331075 1888683.1550362369 589.2096254068514 
5620.920251496794 986611.8893741688 507.01874378250125 
5452.350800144233 1227553.8372375395 820.3401338604824 
6704.167598184082 546431.5793259115 194.61907048035482 
5840.912894781612 709629.4747292179 422.52535844487204 
10203.905234849623 442815.359188212 68.31500612855069 
5395.723989780398 1648959.0006585151 996.2772132856086 
5393.044528265125 1646973.6829849472 1046.806654241197 
11244.060939220606 427057.5356852463 60.42950066208962 
5926.762161652324 1029693.8712395326 393.07111684805284 
10190.118225154225 441578.9599953699 74.98875644255574 
5964.680645630077 937144.9049962427 414.59585795166174 
5364.710472349117 2528810.73008901 1268.3181776165075 
5533.165574024683 1105353.583493394 641.5691386945635 
5465.886787288055 997740.0182381058 764.4543625797218 
5920.682764030527 1164627.1731349432 417.6010468468841 
6106.125691324475 1040668.0908660649 319.97976741987037 
11592.262136053989 414552.18752939993 57.17642793399564 
10013.902242465276 443874.53908392094 75.45288678412444 
5459.804570466739 1807877.2573476909 801.2844723225037 
10000.259779974058 457802.5226057113 82.23542556208682 
5347.907542551271 2788994.2689332804 1309.859438051807 
