7691.034984737273 386404.2409508108 119.01499208676634 
5316.668872182403 11734218.99377181 3641.0165313805423 
5315.276266015212 9833270.63283673 4029.4455596643766 
5317.635034325596 10672242.78700816 3412.9829570948336 
7501.00181570022 441260.5579524119 201.70171765372004 
5316.398010524291 9732678.297649482 3847.442632394458 
7116.746499147976 461560.71208341187 128.5638244785797 
5317.7143499131225 8333497.569803945 3134.905767686965 
5319.078144114227 6507670.132302564 3736.0843252401464 
5316.405589695999 7434718.542745622 3771.242173484633 
5316.675523405071 5942351.192899961 3736.8925964720843 
5315.292972391027 10336040.04625437 3823.3805828763543 
5334.386751596119 4770121.5277265 2517.141274319198 
5323.036285540646 7692005.2747224355 3189.2472205063114 
5318.182260727417 7957631.829809344 3060.462452374176 
5331.0693154001565 5386198.80226047 2680.5399568904236 
5491.940743594423 3063780.796171404 1452.6455507269507 
6382.963529866109 595489.2411430207 282.52194215099644 
5336.630782814367 2974892.884375435 2347.2240231925734 
6870.904207655565 458218.82094646164 148.52489305929765 
5528.395750428634 1761390.9300133334 1315.1875084808557 
5329.116146991168 4393831.295250116 2977.8247307931924 
6243.794571434662 719899.7556541685 348.8381282270415 
5330.9218801414145 4113430.9510290953 2800.039685189107 
5531.912974906781 1704159.5834607615 1218.1488121792336 
6168.996525299044 759889.9029306439 451.0106464690022 
7032.838049567914 467389.0728159001 132.7368041445652 
5706.383106182272 1136117.2684030905 752.7331195428272 
6594.711708928972 544621.3241271119 218.96888011412804 
5773.043774829426 2338618.1317546912 693.4824386675716 
5341.958390885385 4287629.631503772 2221.5371640229064 
5446.582570324107 3470861.893177468 1589.5433753266243 
5502.5571504937125 2317904.45679124 1407.3244989819736 
7598.485582453462 398094.4806752069 149.81684030746297 
6054.157994615924 956639.7376680358 484.179581317407 
5840.373364816458 1293137.7573319399 583.2962686570341 
5942.607334459132 1434243.386196286 552.8755984809754 
5555.2125023547605 1830003.4017413054 1160.2159808965166 
5344.2198521856935 3836189.6971235853 2086.04996762517 
5315.976104837143 9864481.360288877 3767.9901569169942 
5331.188699217899 4109694.2857407797 2919.4296281013235 
5363.032337586133 2578037.02105361 1943.456618315642 
5629.347196228369 1890453.6190908705 953.9176298581791 
6292.311869396012 630843.4110990391 306.903105832118 
7571.0649369009625 432373.4447473338 245.82958951830116 
5319.768025089884 5241359.029087306 3276.618074973709 
5336.06970606225 3606747.942189793 2596.438857001871 
6526.59537636976 544938.21487368 324.44841863424784 
5906.0798260613865 1637495.1835625658 576.4873646658044 
5319.432088289242 5349638.648949586 3309.1663084507068 
5992.366831212312 2172168.7369369143 508.0949885278633 
6205.604883685661 912313.3966594243 412.71965667499074 
6107.293222908433 1109414.7875022667 402.0318491737076 
5802.466811915577 1779173.9960585844 657.9692399709713 
5469.3554310217705 2856870.9545971006 1490.7835633798186 
5405.6905827564715 1978534.0925000177 1662.5615543108445 
5369.9308525112865 2546114.012223351 1848.8770119145727 
5343.272887525471 2928221.3335480755 2148.3168797934286 
5876.342918065678 1005340.9098834146 751.7701521199019 
6429.375465191461 604280.4912703726 264.3114579489248 
5648.4729060802 1475166.1443165066 965.6871632695724 
5680.520567437797 1833472.261335728 858.0786585226564 
5956.436939313573 998260.9929174323 616.5839953117588 
5692.79036268926 1558081.7007427316 795.5173003155443 
6460.3976664152015 570981.7347696599 243.97635509786886 
5455.70452176347 2652268.8889524983 1572.1321510067119 
5788.59591224676 2073914.176788136 721.7908171977485 
6946.86254586343 459506.097690081 140.05452569287846 
5382.804853505351 2395282.5218831114 1762.6494347822133 
6635.4049359343135 510523.99424469314 203.9505038007117 
5666.2781094147695 1266743.9893416348 940.0385772347547 
6677.26658394022 521155.49335213867 182.5573917076009 
5385.238330116841 2260961.375858672 1825.6217416353318 
5419.128196075696 2226953.273352159 1633.5439663789807 
6964.456970921944 459253.02781893546 140.00639321329294 
6794.186293558807 470711.073240308 162.41849964123483 
7099.0939874693 461797.4358641709 128.61110533648767 
5339.006862495906 2810869.9229355636 2297.766590074776 
5328.989532471413 4617029.751425711 3069.5543859679983 
5355.948622636572 2688066.8780216877 1989.0316506611434 
6509.025039620305 565511.1130501855 301.8148362384844 
5640.134177430821 1500887.31690265 904.5004275979946 
6182.666484810853 1561922.516835228 388.7217116388075 
5435.371007662168 4039949.6996063944 1592.6147904657485 
6011.215306200964 1000505.5421144405 438.7207031070056 
5330.956179373423 5153702.425303627 2683.001040897541 
5331.082753919358 4680197.645193652 2734.37678946515 
5327.018506558386 3967004.3756476925 3141.6283656784767 
5331.331924517755 3740366.863991964 2547.3486836782004 
6099.866399053454 960738.2962207485 418.57339075341815 
5356.392448267526 2673242.3067597304 2032.8010963628985 
5353.015908651877 2862903.603363618 2270.2443265450975 
6709.909671938545 467401.79181198176 193.2784654443042 
5565.059055269877 1820804.3059177664 1064.170872344578 
6791.96236607807 473084.63094285375 173.78595789199525 
5404.756060562105 2149132.3513298556 1726.1988432924684 
5565.3511958498375 1819885.575374466 1063.6856385478914 
5565.3511958498375 1819885.575374466 1063.6856385478914 
5402.58172092273 2476349.1543168747 1736.2083508710682 
6742.4197716820345 512733.04564129014 155.45407193057338 
