16194.20201436359 485580.9051550495 40.693472889129744 
8113.000333167166 36130469.23833134 1586.4820533965872 
13182.753694495004 342012.22276270506 63.02809266282207 
8170.0890979875485 55951118.867176756 824.701902095172 
8127.536270003488 17498018.374311905 1362.7387655575321 
14789.752715494942 799120.1586145153 54.35565550726629 
8169.467879527176 29056422.70196117 910.4413470708289 
8118.82732985158 18551387.54000353 1057.0733078102317 
8171.549130125681 24636586.57593692 848.9102195148996 
13719.474706798665 403511.2191268026 62.48460424137172 
15946.61007747406 727449.0412719855 49.11704290758254 
8130.251856114108 14824758.852323446 1195.9052259474415 
8139.34287255858 10161581.586056734 1194.1076869758565 
8173.499432434358 12374502.765218336 872.1227272305871 
9618.765209942863 2555170.8981934115 516.8002164527927 
9165.554539933717 2946923.4031441 315.82811379474833 
8151.190476992967 9764796.100607628 1010.4334016593903 
11459.811687178513 734871.7930091785 144.4291219078222 
11168.11473293095 572374.1784712814 171.01709615825078 
9100.090735613721 7871365.114905744 362.90800556296057 
10860.05423120976 883858.1228313798 164.27911088012638 
8205.876042361651 16453159.138275128 723.4893182089594 
8755.537462019842 5224949.181289951 543.21659644428 
12767.384123379896 381649.9736652301 65.87748504530138 
8152.930565738298 7857735.809305188 944.7898750374554 
13129.134494285894 551725.3145282547 59.67293017682278 
8550.3259135792 10391071.104364295 595.9444646748714 
8149.103753208049 13874676.00899401 1018.2363298554112 
11068.004915837719 794764.4476279938 262.8217893489286 
8463.383225571506 3469030.78834836 775.0016718239672 
10363.463871093454 1218768.4925862846 306.5848018942352 
10151.095037069408 1288123.13604856 320.8153220272388 
12149.155329249073 485845.22639476316 135.97986785901765 
11774.513225674551 695455.258708112 119.8843005994103 
10464.040635325957 1001303.4287897643 269.4137965450162 
11099.458332869897 721878.2714479588 195.63376601701287 
8606.109282225136 8487974.055821791 626.2260699464841 
9843.965734998854 2711259.7241305863 214.31085241148844 
9748.944710395914 3286885.062339463 238.75727524366727 
8682.563650383556 8241555.08530523 576.9914914205091 
10649.308486064416 1043980.3957747787 225.2373765006655 
8295.955262452759 5692933.06147249 712.193896629125 
12542.362854600598 465086.2459243553 98.75024274329118 
8445.491018206987 4418825.069978889 774.6822831252346 
12637.357180898394 1167516.33240207 79.18014264412626 
8194.17848178812 8796972.804554187 863.1419541461015 
11920.597576188327 545528.5870611857 152.2362440756834 
12013.552921795545 494376.65259295993 146.73025415987985 
9031.637260485744 5198845.080971258 381.7716104369924 
12478.794537009675 407442.7718677821 117.36236680223976 
12334.180790017552 416149.0523061433 106.95807182818739 
16032.883685577477 673458.722974055 57.2527781337275 
10196.723684324706 1095274.1002582721 399.37276832594637 
8618.484314866788 6760253.379740251 580.0032190713225 
10101.609065007407 1319515.4862306744 299.32703645646745 
8676.500283464515 6148559.200644452 663.8917091609101 
8222.651433210196 5013701.637118511 1021.904566941145 
9815.58532335126 3202339.337556161 281.4368102933021 
10570.514776426815 851057.4841772574 234.91784223827875 
8157.934573017629 8762068.497547634 943.6604282172099 
8830.784561133998 4002179.848787807 528.7029722571242 
12236.216789789858 803011.9923013693 103.766785439032 
11620.392068369205 433724.95735353965 165.6779637910015 
8873.921810429809 4904852.230112748 501.918856748249 
8248.919870932532 7261417.286962073 643.2352487427183 
8176.614054745945 9788460.519951705 828.1870266790008 
9660.136584705726 2383902.8799142614 484.235912961321 
8513.886671124066 4500641.216670833 732.4065997133368 
8631.7562577474 5849523.271819999 677.371063262483 
10033.15422145225 1450396.415002841 404.4438211307994 
11693.867849913824 873691.9442836072 107.85437580542076 
16176.151839846736 641247.5704349392 59.31554154388509 
8226.393427348978 7263775.492367742 680.9824648900365 
10017.273972648498 2185679.9053102545 454.948219123776 
8657.531285086141 6268140.253908475 647.0746681869518 
9977.006462691086 1786689.0278158644 481.76661363731125 
8197.286812912169 6342421.805687653 750.3656435748456 
8448.02668964249 4312631.816452337 750.6833133434075 
8553.707265432153 8776529.124855444 604.9240901411606 
9002.668013262655 3002878.031557417 391.55603130942177 
8914.263208564287 4967809.965722662 439.2085038133982 
8904.156849326015 3121873.5149606015 492.9397252646545 
8221.718921449214 8776111.834112214 690.7307020228961 
10629.693158242737 2385213.4535937994 224.80420104649693 
9929.341604515621 2032925.3216989986 527.1683730192696 
10001.130765508191 2267029.9081615116 420.059325015529 
9783.945247085168 2292650.8165667937 424.0031485259732 
12660.864719112042 381897.98187621194 69.91661016444016 
8691.475982027987 3846411.1431655562 596.2082401193111 
8971.74153066502 3943459.84037085 475.93763436687163 
8525.207278094054 4414517.888814971 708.2028782192745 
9922.744966485045 2075355.8577186875 465.0114535455727 
8950.1657314332 4570562.640757511 479.8614882622319 
11641.506290867532 472508.58151633816 153.2232394777998 
12722.44489283314 359207.3962832096 103.84676808165624 
8568.155017756848 10174689.827066455 434.2677707412469 
10054.056671609836 1449593.7020983764 398.89476480484404 
8256.249177129606 4858745.165273989 728.4256054520802 
8569.356207965568 3685041.1320245974 727.2673463700952 
8611.048099723948 4187906.1801557983 712.2660819207838 
