16520.16962995688 140413.1965669631 19.564529295358 
8059.52029532159 11080841.425963484 1013.3236073979625 
16512.487424346342 159495.71128131438 0 
8070.024053576031 7665564.745322418 1077.1567751292014 
8066.081808465404 8311355.941614327 906.8555763341838 
8063.168021809253 10486861.335795093 1024.946088002812 
8072.624568777981 5605038.091556472 819.0370128572717 
8079.404742638184 6777181.9555993555 740.0604931061391 
15708.255907444205 154507.1280532778 8.203032411026195 
14849.987891447041 164419.3718049661 6.919557853682379 
8090.197297241441 6062505.357123717 678.055409079994 
8083.19720783438 4909159.796857782 731.4856923355183 
8136.935197510788 2428067.152396779 609.8556332751857 
8082.6137890024875 4110496.95613149 758.161265377745 
8095.7094003327375 3793172.912739074 674.6770877637387 
9101.971540654045 1922646.9038678347 244.38478381310475 
9209.839762810338 1609006.6066516296 358.3928326803948 
8186.641012656963 3075479.3461550856 513.3176464161602 
8532.820537028456 4078557.5823403536 423.4636872801081 
8104.4093845668585 2652760.6531207273 581.1384409321788 
8407.310737053785 2098928.29800056 536.3193955419271 
8184.35657926423 3559745.5812189337 519.5864943413492 
8081.132876161068 5894052.780188752 718.1417079731785 
9342.340507619536 1049013.2237982256 463.43364967120834 
9629.915893349325 459242.4198801096 212.89355187141265 
8085.805901980406 3807499.9240906807 704.3343405860799 
8648.562137309375 1830075.067578543 396.1320551235059 
9324.651127623622 1289707.451860299 402.26855576943456 
8575.022528980322 1787753.872700758 490.6377646011119 
10888.4142557512 348313.1462908285 75.3908119614575 
8132.5655568850125 3282150.3016313952 542.7518617477828 
8858.31835795362 4319077.579894502 298.5356276039074 
9090.91865146614 1730064.4046123764 321.4599455065518 
9189.096095056442 1479517.5803301195 410.11819113126325 
8374.34262871514 2259282.909443534 546.1589171796713 
12755.65653030896 207793.39119474287 41.30267932670355 
9783.308466298553 815522.6593721476 185.32268841232644 
8083.909797598204 4436337.643879522 746.6891536129215 
15999.779743671379 161868.50086210377 3.0651032932021467 
8091.937946734626 4716058.383698256 517.6793287826569 
11010.787787021794 263713.7240773657 90.33002132321337 
10665.301744906445 272933.30177511694 83.67253070872738 
9707.217146966266 421123.15152394585 194.0745677098278 
12563.890984477563 216886.08137640025 52.16654726752161 
9962.990046794366 417347.0610244198 179.3329646630794 
13381.426332902905 235468.50700511946 14.314431710548247 
8886.227504089318 2271591.3413408357 296.25524148735 
9432.073289374472 616334.1620173759 279.2165137043327 
12408.14705768789 230615.16161895494 39.305368899477756 
12961.992280568054 207308.7789508876 36.63110264161856 
10310.056811695658 326701.95145106927 127.68691511191139 
9276.671504327935 1536240.8411248303 339.1076325982844 
8609.676517386191 1608419.1477287156 437.79791797086557 
10114.516506572198 360185.46059466666 158.10145684671727 
14686.406172831506 166525.1625779016 9.47475971260444 
9605.74466837538 574825.578449677 267.931931279034 
8100.9170304149475 3089671.6259619957 570.7489925663547 
10502.967931034495 294625.80340561364 104.76539493355848 
8776.94655606694 2448685.3318968373 314.08523991663594 
16349.5766978 163117.36875755043 0 
9349.503469229718 958859.0263743277 295.5561827516265 
11203.073967429882 337701.2189020752 70.01983463256619 
13519.84695837587 224644.45541102262 17.245295054780442 
13146.400370536947 193809.64765585825 18.862157076176075 
11579.831496361934 222467.25433231515 57.700414647950424 
8376.100672134276 2549399.19277396 505.0308219587852 
9352.40037071349 671854.6032334197 327.2233707404506 
14113.914471757162 173325.28408116108 7.046063677764149 
8113.852717789045 2573004.3017458078 559.600860338172 
8715.740810541158 1867329.4855026603 333.8392095845566 
11986.589685687879 264330.39875415503 37.580782445719045 
10599.299888874739 285208.551129554 95.31247338077853 
12170.38128668522 269428.5429612861 30.820864050044804 
13950.583773673945 194702.2289898974 11.7738330613772 
12218.5403898852 234889.898136072 30.398021248691848 
11769.766332069239 237128.74787579064 47.84418772488689 
8596.838022380813 1524671.4425514152 454.841352884347 
10200.601630618095 598522.2778325801 139.97878960352003 
11241.720386143374 280059.1282982981 65.09467515018345 
10214.32259960972 398825.7810095385 147.4706956395081 
10033.991365809341 367429.9701858037 157.33004912723638 
11679.373331616831 242096.91718759737 45.319452665350326 
14513.998202366789 162225.95752928217 12.22832755785564 
8090.621342202276 4098260.6037378185 597.1617801966003 
9855.097308591157 391313.0112412239 183.60222001215635 
11426.479471907498 256872.3744297687 53.1475235703197 
11391.072614997916 273833.4544752982 60.311111122954685 
10410.515896366232 340729.4528548078 120.63148714889324 
14232.015858277779 172326.92906934614 9.908186271779243 
9427.333521612507 648286.7269192126 308.63724778768915 
13735.593680173135 185520.11463792252 25.69480312930743 
13667.558870935427 190844.1899405377 15.824809976831832 
14337.306957997034 168798.1346724216 14.812180924318685 
13087.369174579639 265737.19327810116 25.362595503272495 
13857.791718159753 206690.87656515514 3.0534691431563328 
11900.631072834474 332933.89328887116 36.639498090967265 
10481.760437648622 332627.1601276842 119.20821371404534 
9625.86143179163 602787.2999457343 261.5242439304276 
16196.14838357679 159618.70178760838 2.1023906599026265 
16147.827911177137 164343.73441636367 1.0540414384239463 
