8094.592901150018 10439074.251174318 1191.0631330285003 
8094.875159905843 11603857.831149707 1065.1186691272828 
14424.487331751676 293370.0720141923 26.86351467956688 
14367.32655647754 231121.23450698482 33.00176021170497 
8108.801908000281 9505717.613124046 1079.7535802115624 
8103.592288655667 9846009.347513732 924.6892871284015 
8156.528231793628 7688924.819562748 587.8988171545165 
9101.971540654045 1922646.9038678347 244.38478381310475 
13746.563820510495 252519.33694603454 39.855133556541816 
9748.944710395914 3286885.062339463 238.75727524366727 
8725.340211024295 2381132.9146669884 472.13656380688917 
8294.16577120713 6397648.098834893 634.6434061147171 
9072.208753239687 2141906.0460003586 357.0909693494504 
8342.853305517398 7244430.26082666 609.7101164244443 
8111.919934517993 7248647.143218759 882.1493100286916 
10060.72816685822 1157239.917317498 257.5580367797833 
8778.994223486001 2072083.6021284447 419.93102374160185 
12948.01644202845 327545.1495388055 41.70241942646132 
8365.467617347564 5592724.501869836 694.964129040028 
9761.30538840108 1351516.551692451 230.97377267323463 
8412.29486045294 4421392.553375465 785.2242334867841 
8226.393427348978 7263775.492367742 680.9824648900365 
8900.34644217362 2500241.9113148646 409.5362309094278 
9090.91865146614 1730064.4046123764 321.4599455065518 
12205.472923629735 285280.9078523179 83.8425831113807 
9843.965734998854 2711259.7241305863 214.31085241148844 
8515.373785841908 5133863.509451431 547.1268537350566 
8891.87052752168 3733161.3540545073 388.2584053388399 
13275.310816283667 268302.08806037623 46.25289244023561 
10152.037520915539 1092855.8481682013 277.1204096175836 
9898.438936472121 657012.8915110155 280.53075111453745 
8117.116790228769 4634181.41884249 754.0279519276223 
8666.461471468348 2991107.769727723 509.9471765068572 
8642.457911217287 4187500.534629896 495.3513178451026 
8425.272366169018 3469460.701953425 820.1649867088611 
8803.085649595456 4955804.435126117 410.9932535925461 
10479.261195062087 573051.8543450695 328.1560211698958 
8398.907365805355 5769760.399704314 648.6602419906925 
11947.163370089136 292038.05600805226 75.1888981502491 
8899.030244552949 2792666.4894515006 371.38111716975465 
8333.66713570334 6110679.075238599 707.7213622145536 
13544.482753334793 293384.44891505234 29.93022041684631 
8434.291005186684 3917264.655714931 819.1043667832264 
11496.199525681892 424837.5882081309 159.0135767302145 
10264.178624071994 863091.9254982196 248.45106959513095 
12680.648868817045 261513.16374296483 51.798782108521024 
8248.529692790931 7561615.49759649 598.4294521569751 
10376.081812448108 605861.4440002604 163.0494789917962 
11262.414631617723 437800.79141301767 192.86787884645435 
8533.697496806686 3367405.7133580064 731.4921879873357 
8197.286812912169 6342421.805687653 750.3656435748456 
8440.044707777855 3952279.968576026 757.3359225060601 
13150.980034712753 294707.9813101337 34.04991923115918 
8579.319301378779 3170568.749942895 553.117027390251 
8383.884880788279 5849710.257342713 627.7735896975609 
11334.508317944317 397754.8074047731 166.7733123781885 
10984.06315463866 414862.87497454643 197.73127548013042 
10216.831580825692 937938.974841333 239.69399088164624 
8445.90485204665 3568263.7682331777 774.9824492831709 
8489.99385919972 3056041.7029132023 741.6189100812496 
8596.185269136671 3223474.31829473 530.4246336445508 
10547.137186406919 574675.6800396901 308.53575633173466 
8499.99592396041 5008876.064914513 576.9133044231687 
11901.276185810437 379463.93301045353 104.55904839182033 
11579.908404427284 404486.4147856772 143.48530415513764 
12406.9062945422 265377.2759611512 57.10556519618163 
11675.572484516739 401029.8023211378 146.43849116020664 
13561.462381911251 265339.3591490385 32.96346609757258 
8419.489405377373 6014726.476925148 589.2526293036332 
11136.212313703343 486577.7217769467 138.20299248516991 
10713.931700451936 465918.7453714492 240.6738796734876 
11765.621651754696 311303.4291893375 114.56713423925747 
10575.726492952746 555899.7723392678 299.9290353666209 
8641.887115307924 3325591.205772971 522.9343052718963 
8432.480209112882 4217308.772203639 600.4922036330445 
12334.454787746812 327545.24439100735 71.48799903432632 
10584.538774945273 468697.2959120105 173.74203598035268 
8156.843475695169 7622300.305384462 616.4859357553069 
10830.701830266102 541276.9049818267 129.60058348335565 
11121.585728206228 530162.3935722681 125.61295683260298 
11041.174901678414 530319.5596889022 136.13391549363496 
10910.747025966852 565194.3263172656 127.90397332762082 
11304.274359348143 436620.08761971083 175.7147953479061 
12534.298195034322 268573.02096309967 51.80305610665159 
12671.929525898842 299398.7966736174 44.09659483026479 
8450.6950337557 3497865.7359845666 714.8786758312644 
8295.955262452759 5692933.06147249 712.193896629125 
8411.946637821946 7582646.257496825 568.3614593362255 
10764.09354819214 781313.1830943509 151.70173354296787 
11942.589617986228 316367.4692836383 85.65940083563648 
12517.998887439151 345628.5491173599 55.51845410913835 
8891.819187057106 2391370.269409472 410.8112832021376 
12377.877858307034 335286.07458859344 70.8499661844752 
10756.053390008248 444889.1168794364 223.68064079659243 
10773.59638690101 703948.224971162 145.76477125153212 
8469.76275922463 6366252.6657478055 542.3136182294861 
11808.974874517877 355716.6681109454 113.58018656338723 
11860.236947713613 341138.13798196125 108.2475019172766 
13183.402511893202 280650.2371593249 33.254922855757115 
8463.383225571506 3469030.78834836 775.0016718239672 
