43496.19532947312 2075934.9945961619 96.07021627091434 
29102.015075329964 1685121.6816105805 101.3886134774263 
25189.31102760722 1166655.5270523736 107.87813592489202 
8574.440370890388 13682377.917301912 1165.0576287084643 
12824.020672282917 2156185.0231910404 215.16840492807358 
11559.068436471302 1775821.2521605887 356.42207413220854 
13255.719173170884 990708.2507741683 238.59624414145733 
8665.561064732206 8854981.13425989 1054.3727417500652 
8881.916760361657 6216715.284871002 892.6107744464286 
15771.952000451955 1257142.922482649 152.3638442341566 
10513.480133734192 4699934.335682352 369.08823677139804 
10702.624958823479 2255184.434711425 608.5495332051571 
9184.976961178469 3590043.44094654 739.4174003994747 
16322.297545200794 1191866.332578077 148.15918047772968 
12751.691397572913 1135392.5136955804 281.2290038574895 
11322.088615072498 2202793.071625489 300.67057105936556 
16547.0581494856 1057815.695249598 142.55334925864736 
9611.450292214653 2986652.3164323824 608.6336685346606 
8499.791867052543 21287586.49934882 1038.2911133606315 
14322.78537618106 1046400.6100674415 159.1879479552797 
9104.403295584454 5357251.28845976 702.5568632019217 
9675.975519197145 2598373.2399241026 577.9114556147874 
28075.710081513644 1528286.87723429 105.92850352255674 
11232.471141746548 1709262.9612362152 399.9216639663812 
9830.582481429494 3756175.3225247725 431.24459351372104 
9527.93533162784 3422134.51901956 500.3888492715445 
8577.217583091106 20538147.462632116 820.7596318979628 
9586.067604784692 4268880.641217549 455.7225873048358 
8574.088208865824 17683062.07087978 854.7973543779256 
8458.549949796976 13690305.957654348 1384.1467413240637 
10709.447284652242 2002400.7687139395 638.1763892850549 
9387.382640853246 6848220.402223168 600.1448909479757 
9217.762490606467 6171756.439144764 632.8548703859633 
8585.755872958829 15695078.740173263 926.7134221476806 
11734.042379822135 1601307.5410670182 349.2548748649838 
9032.742160820646 4944923.90047313 728.6753862477509 
8878.475462143722 6878596.300397196 913.8717506501222 
12442.85506666316 2234390.747933615 230.07798580779806 
9400.75096961358 4108846.3413179885 694.1884628235719 
13761.21580693487 924233.9937703505 208.82026149529108 
8465.609248263938 21296674.255339175 1052.0182314581361 
9424.810748192005 6421364.196333125 620.2276158784281 
9454.10226991139 3457703.1366245328 602.1360566305934 
8594.171428309357 10248999.17915049 1107.5366644422022 
9041.927631915774 7828128.150552855 633.4053396368615 
10901.106118654727 2026347.885640046 356.4873613298587 
13641.961811534029 1566667.8618759303 233.12492017987364 
8413.807779589224 26080394.55519633 1343.501724208051 
9987.958625625466 3613068.72956355 425.5177640780749 
8677.516598986876 18403264.17797323 719.3267269927983 
8561.684663109478 16723054.991672754 881.4633729627695 
8570.927521303885 14798722.440142306 1117.4591455923273 
8410.345235123306 14643319.793463828 1471.7125181280637 
8595.614819604143 14079255.450807674 1084.148393997515 
10759.734258645403 1748594.9554096484 369.8847658609462 
9056.242376720867 6293750.864030344 701.704264905723 
8629.967982504962 8889048.275041828 1146.1215326361912 
8755.194480925831 9944704.426127175 788.8569234610021 
8943.539446785519 6042575.085040917 864.9445515932858 
9424.810709059788 4616624.728201092 676.5986976531701 
8355.394603368723 28000355.220780686 1879.138549750387 
8608.410812368418 11678285.073026035 1038.5306653761838 
11783.19817249757 1273179.6154121282 250.89788493361556 
8522.019895927637 14067295.657241369 1293.0030319294592 
12920.39231704888 1169707.1505779615 251.3332102609093 
8417.329178332147 34724834.61957457 1170.6262052380766 
10572.007695917064 2633930.4295611167 421.2800542606139 
8752.891894500774 9554081.40191274 820.9025653675841 
8789.066435085935 7564319.337855404 842.2221971306672 
8464.973372539442 12066254.075538956 1316.5892717193567 
9326.808470457887 4441958.319272732 708.5094315254601 
9193.833933543756 9884617.820678342 575.7549142872388 
9456.113793082468 3664114.363185754 542.3874830565431 
8807.943443491717 8270601.125156647 627.7156510065008 
8433.9287291996 21764580.332558554 1250.8556166024214 
8761.251984121365 9024946.527006548 704.8443032193135 
8581.910031085506 16607451.502497282 893.1095194401048 
10254.059515312005 4306954.892872164 408.8830766557609 
8674.153946413706 10844068.570280254 850.0205603490758 
8415.926548407973 18647096.1692529 1290.71662010403 
8639.170508091353 13518257.335951883 947.039092261666 
8744.240503665413 11246726.617557444 750.724679683158 
8722.569265119342 14073502.716719845 760.9262346710302 
8447.55529694162 28444983.732959844 1138.339541237832 
8624.102998862245 14650574.858798448 995.8131087209474 
9090.676882066247 5434559.484416458 685.1232782933484 
9026.503183219225 5776292.595882735 738.3186068235282 
8404.36742387816 15062133.945666634 1499.759432183931 
8648.396164750533 11417767.985381806 829.4147873499239 
8684.880015642035 11781734.840510797 793.8244688691916 
8672.493338735458 7496872.830123909 859.802612601695 
8470.0378089805 16547060.930901246 1131.450709986636 
8690.20124035652 10559515.204828475 846.8202152674637 
26221.116611727914 1918711.511526706 108.36029625609771 
13754.854215501073 1128877.611351596 250.36240419218626 
8367.159207518322 42417668.54342146 2140.8384205182565 
8407.975497280513 231716678.33862853 1615.0247896502397 
8455.208641036053 85850318.37060902 1272.0249086975614 
16156.310107117559 1191183.0395976235 161.5513936431998 
21915.10709001495 1825610.845549132 153.04476268147272 
