6009.132736269099 1800842.112482609 411.9485998185709 
5229.3310361178965 24856273.691616796 7083.007440561115 
5460.733712625658 2721673.2847783444 750.8542258509889 
5988.792587392152 1366492.365461892 426.3863598786323 
6014.208048946722 1776965.7950631888 408.7414583812617 
8626.525173623553 526933.7739772113 206.18388123455765 
5276.115649284705 2753485.7085815542 1416.6430589995782 
6161.878651950402 1210565.995397804 398.05524538040436 
5618.306566304956 3440334.733730098 735.6597319577264 
5504.0372814424545 2137058.41179072 736.047332329188 
5254.36863974618 5465860.251120875 2076.1833652014016 
20010.48398979823 370660.1962345886 42.55086229769629 
15901.724210548351 296387.5418721074 108.28455409251477 
12798.689381431048 395700.3727855554 100.4291513445795 
19971.55551644361 372488.54431512 42.64396575950206 
5295.712472767933 3440673.74068262 1037.5674215964739 
10166.41185402867 547454.3101288413 115.05461557646913 
5235.176434660546 9400693.743245896 4428.572051808965 
5230.238337087568 24518535.41210541 6509.290845046364 
7649.651621758504 627668.797461502 155.92228805908795 
5325.898966568023 2839030.947049628 1087.0896933445383 
21348.986105343756 289650.2057845599 97.70517656286577 
6195.636630064258 978817.2715403439 382.31063003218827 
5243.72294029888 7324787.944682669 3061.002755988963 
18111.409964530758 316650.6593449395 59.64590642604436 
5228.197000811274 18527538.57574231 10880.300498933284 
5892.820773910489 1370010.0068821544 739.1218512796148 
15879.775385890869 388131.4246288531 71.84204945012982 
5228.881347819198 37472445.88213835 8874.830308341665 
11691.808561200967 474891.7843476357 99.77565521520881 
9365.761559869494 449986.4063844229 180.32603759474893 
5279.898717278757 6597401.575979583 1355.648755055168 
5227.482034138897 105753290.97660811 34904.218892161625 
5227.993331072921 23560018.586155236 13493.18334216457 
5228.310351401974 40464610.91173306 14047.261986115856 
5240.548799066009 7766051.87348762 2861.841896779564 
5229.307984874419 20753765.05377881 7712.547653991071 
5235.906849243747 4656448.873656772 3319.108623250835 
5235.685982045171 14184970.500553293 4163.120250101259 
5238.678727755151 5692928.940273754 3206.483742846412 
5227.618420577244 103409019.39443319 32748.540629552448 
21349.02963155195 264368.6302495704 42.388440631812166 
18958.53188662113 289488.51988730347 42.68619345983168 
17691.711397563275 365388.1723487193 62.10727755177663 
7020.722429727221 1369172.8458995705 358.89071757721086 
11368.75420105685 450654.5504281717 106.41202240645704 
5261.716504802391 4746634.938088871 2881.4752363334214 
5249.634162314768 4345475.932316972 2950.6328676757007 
5227.659366235505 54866463.32601437 21365.20798774358 
5230.864010363177 6380430.997177269 6182.894141968374 
17063.618522187866 328600.5724921505 53.88472363101408 
5228.000104079741 17880041.987954564 12097.162037089498 
5227.935582009019 18460367.505794812 13533.654658294978 
5386.717288340631 1981546.414131937 783.7909639054647 
5228.576270165534 17627327.46459253 10588.084141797715 
5229.924075675201 9921667.087208362 7968.518962727894 
5231.905884436515 8360541.872657072 4578.587935539916 
19574.82270199799 324435.45373638766 54.0612888275059 
5233.776508879131 11829602.36302305 3755.7594340112346 
5297.185254054279 2808317.3725178624 1334.783551123694 
5232.006397701243 17398072.025140073 9374.437633457175 
5231.272498051362 7849530.431516032 5515.777083734086 
5267.084396275877 2604843.386829768 1699.7636523360216 
5273.586553027194 4693211.848528234 1619.4623231463504 
5227.856914974034 27011828.259290107 14409.883789064199 
5227.634798876656 107703352.58776464 28934.77387867809 
8006.352610963639 587694.3956445721 256.706029391957 
9612.651949255625 534513.5718708576 130.53644784279214 
13459.979728625094 428876.35352788167 83.63948408943263 
5227.689560590289 29440881.80937922 16490.48025389267 
5229.407031828488 29725561.5049231 10386.067128136554 
36794.36815524921 552072.7826573318 40.18158161535102 
5228.115894485259 20140291.618438814 12039.33755181448 
14384.404368496464 346538.8334736048 73.71922961785532 
5227.737441655003 23765823.558797613 15450.590361561995 
21357.610997201195 272068.0256196367 43.61180214345429 
22193.359575652586 265440.8372086987 54.23819114791837 
5227.73111278204 48915022.95643624 19837.741567526195 
5227.667472926305 116262946.30351579 30194.696531345748 
29446.8042568938 260002.16053864485 48.3505828685155 
5227.688811593924 101742340.4126102 30769.066945673203 
21438.63769311128 333100.4267773798 44.19337969675157 
5227.718410524071 106706027.1494956 24257.271603644647 
16296.574896322534 2068892.114882787 2630.738133967926 
5230.07410795691 82171807.47506809 7460.96307513226 
11351.473080943022 2440458.5932068317 193.6377756345678 
29008.91437966703 271063.914214509 95.07804595876641 
5231.86681961757 59014117.420501076 5596.587719881694 
26160.050037011326 268201.20149892155 46.85192100793036 
19225.94614482017 408924.37887705996 89.21401712353521 
5296.569843730106 50810689.26826446 3393.9552031342437 
5227.833393755793 39817507.19723876 22405.220770078507 
5227.723041649233 89925762.3261285 21821.48825548601 
5229.188694006911 38117187.18515709 12726.494689682051 
5227.72373629038 89393387.79776059 21831.141277550756 
5604.142375823795 4916697.918931379 863.3132507889038 
5227.817544481282 27338492.78143461 15769.26598166096 
9642.714283938169 4874126.922029474 433.0714748437637 
5228.191054483696 22256295.472946677 13512.808894665275 
8804.082912006432 2384020.2593031526 788.9094869744715 
