6159.289523671666 994591.4718449254 407.07614151706457 
5231.125845959246 8413498.759062227 4394.646509520675 
5298.312717619782 2081409.216584938 1228.286636514361 
5312.223835964149 3314138.1592538496 1114.492201743924 
5451.143906091147 1599579.9731817208 901.6355481433892 
5237.715443077724 5561369.5366351 3329.4805899224298 
5232.056572083071 6682675.312972092 4760.662811205599 
5251.901873373291 5342587.731494338 2103.3839176689007 
8920.285807928063 453385.90985207696 209.62880870232792 
8720.268309536255 1032726.845254523 149.78396638850543 
5227.480289227657 54348760.99927983 25449.258191029476 
6024.9986456064125 1162856.440031301 510.98282975998876 
6416.374294049409 779517.2394242838 400.03093192862235 
5257.7133058052605 5144668.055855487 1900.1918869543588 
5243.671691254921 4095453.102579952 2903.954978918721 
39754.27300844349 348708.0675155956 62.132820610218296 
5229.445790333595 7794258.626195572 7072.992318118055 
13006.804188405242 306560.09872280003 56.20011200304406 
5265.610746696144 6310861.544457734 1804.751184466682 
5250.86208783458 17147508.904762343 3088.4369360895034 
39840.79010896036 312993.8755158827 40.23276585723926 
5232.393134752374 7605406.123303125 4724.277770892412 
13326.59997092138 301744.60109490325 53.13864825183083 
5229.433503849323 11435679.434932444 7086.350032954116 
5229.213702178176 11485593.691589897 8850.799472021072 
5251.97157236805 6881564.29947306 2541.574258358666 
5284.397608956909 3421811.183129144 1345.6828229454957 
6207.163346667986 896203.4229728292 431.5384947904356 
5227.931842043702 23384071.698772836 12517.842090686703 
11118.462460787836 379484.0521182381 80.2581328527322 
5422.86149680626 1398309.0287857482 924.3431908981065 
12374.029106893055 301893.474232049 59.41135838761747 
5953.717214898643 1497378.6471242597 530.611528128418 
7579.83111994359 584077.7520705734 356.2833974129507 
5305.611779207803 2164130.708761505 1197.656026245651 
5229.049709112122 17746515.236435663 9064.98060816844 
12315.678640925744 937010.0001509972 145.504486488918 
5261.8232478856435 4040541.2129668263 1866.3243885557886 
5235.876716650631 4980691.680203359 3099.0030806666095 
5703.623012593575 2339841.3830923974 831.8061072236394 
13400.219673434469 277411.3670808025 48.12158708789708 
5269.3250256883575 5036095.279580881 1849.8862695795403 
5227.35203782873 69069950096.3334 909990.4942732909 
10438.275263576714 364129.34271365637 110.79307177733685 
5394.727708591131 2528980.9868633775 877.8530053613466 
10869.341707309357 407224.64468945947 88.06102320601049 
36928.4440560306 299560.99371425796 87.92795808743963 
26903.524686061806 495310.2714121647 45.70116062694475 
5668.329406748297 3133299.466899275 707.6135480094347 
8088.215362380433 681877.4989095329 270.5654824819717 
6613.155720350265 1455126.399623254 291.6174722660059 
5293.603732598459 2818383.4807389346 1244.5239516826111 
10551.67030389325 982207.4709555669 163.4694760255542 
5488.150907652817 1573918.759432651 853.0523188223839 
5227.957464175175 14223265.997108888 9808.783717853908 
7592.488873761369 1611312.5099354426 277.02510505381844 
5954.097723164848 1457953.5926173127 506.9597494018791 
5953.942718672104 1521836.29267229 506.9031262761696 
8823.451883131413 853476.0869736141 308.70614981381345 
11535.298714950566 334307.99326167826 101.25191599493311 
5227.458463379797 81918565.74857163 29172.50791713049 
24531.784767802852 326451.4612770812 82.08772331303275 
25196.663487076 251334.99987196128 47.7206959816128 
20769.68745956251 244564.63058483755 58.222926436188764 
20520.757931220036 224777.86173386307 77.51236667596031 
6025.7608214476895 1032825.2232450824 496.9877658550141 
11955.53091036759 333561.24021851044 77.6639773746007 
38090.54874086105 5119075.650074517 93.5995932913321 
5704.375625517695 1082423.6752234679 636.3930214842272 
11391.015340309565 355612.9777129833 175.18813716458794 
24234.420605459316 237567.92831808326 53.618814471397435 
8756.321903181235 490708.53795867553 165.09923771243552 
47700.50152243616 199668.5053531783 59.57484502877741 
38799.13596984825 219877.86372903935 46.56793647935758 
10414.884990834073 676087.4407668253 134.77282706375647 
9576.801346598339 816858.1425981004 126.17346829135471 
8014.068443779047 975559.1887458074 282.62286785910385 
8692.7842698352 1769136.8625526158 172.95885519601322 
6936.1465069677715 1373869.4946555407 323.9352419941958 
12357.116455922684 325588.57955805893 95.88497476106204 
6197.448644613614 921433.089112967 476.53008639445017 
5240.705930872491 68411286.60414702 3626.0437190684283 
5227.990982866882 28381568.5077309 13582.763446339392 
51845.02874098537 260128.13214359526 39.77668536740529 
44513.65666711907 234637.78128923 60.54864768199145 
5228.641005525431 26392825.199598514 10321.805868220583 
32202.054055616667 244721.76163681483 64.58880333338087 
18095.58006153215 291766.03404531046 58.062780519930705 
5229.454099947612 16573728.781703059 7761.71796021923 
5235.021699492891 11739985.397239774 5530.634179274854 
5238.799943248576 6127959.960982801 4846.582478104031 
5229.544691602898 22473237.703803588 7479.532448177753 
39802.972468291344 343378.6823485527 48.69483275968956 
37856.12694764667 962566.4954240872 85.12349151728421 
5228.975768659615 20823621.57347423 10944.334514554273 
5245.636052696736 8688036.170079926 2991.1181773384283 
5228.897191290739 26257330.41976677 11620.06629298777 
5228.1329537764705 23944522.308586605 11457.141036239114 
41316.18171745956 292649.2400781303 49.40853900777335 
11995.124990947828 1032289.0168824508 140.96597419047364 
