5927.149590970705 1345157.7759813266 379.6083323420134 
5500.630774144249 1225984.7028716663 572.7431300923339 
5300.5129045625235 9556425.423954003 1331.5544273492706 
5955.862274730186 1762694.9155124088 355.63894942592754 
7464.006957278645 475386.5450060861 197.53157738018876 
5434.694747740644 2279096.54352388 879.6450606447962 
19865.46285764948 192087.0010505067 24.196741194798022 
5252.247898653432 4521950.880418144 2989.838657635408 
5417.317213960445 2741727.897853456 1025.9938157772474 
5626.160645280175 3130353.4814053336 489.84939695813733 
19210.778402476437 195056.52475754498 18.935193952152318 
5229.37498217044 11585163.964164494 7499.463974768193 
8010.749870638223 547727.9390382979 168.61959629478866 
5276.887286867906 5461297.84002424 1520.6467807827103 
5229.178568408093 15977559.834549258 8085.965501782228 
5236.089737188999 8310132.587731832 3138.826032158228 
5228.852765191856 14180945.808175212 8210.420791416363 
5286.120460099946 6722813.427273754 1477.879803104589 
7295.1115256722405 1674293.1521017998 343.16160268304884 
5249.3683410154 3727917.0603059107 2661.5093762327474 
5238.610532548847 4549301.251115381 3565.030020311139 
5227.494146821948 22152795.64013929 17924.81163917449 
5228.320383491138 20993124.570833784 9243.472120309294 
5227.834819230505 14978324.906929266 12329.867202787664 
30554.272308781834 192176.13401619083 30.21935526369059 
5252.527853519283 2760530.070962604 2124.9051172140807 
5234.045276346804 5190467.580893164 3506.1761740228903 
5231.480952739593 15693541.066719495 4784.895031170236 
7663.186307429315 646427.8951924463 194.32910356952738 
5257.565891783294 5529039.508953551 1986.644669291658 
5229.651260136486 12023713.444392677 6892.036405323359 
13125.778085940134 312286.9888908087 78.92836588102962 
5232.7044701689365 6976216.04883422 3682.817688994066 
5231.483479651392 31495092.177738197 6225.595932725449 
5250.856070373784 8525674.433002986 2528.415113088995 
18466.393456800015 198351.07057448127 17.41475384012215 
5269.133400211701 7324403.365654992 1593.0006266618498 
5227.460729404474 43469549.8166381 21367.12206255771 
5230.810388246944 12260646.31411418 6080.577086893997 
5229.883401907714 23100771.97215631 6112.913428763837 
5235.508841996269 19128233.165175285 3103.477790367871 
5229.869232442834 11884115.802510053 7119.521189728361 
5231.523307036619 6744101.23701072 6446.253342709863 
5228.077643082381 14867643.0788765 11201.811595122424 
5257.495481541604 4815538.143446771 2067.288638682454 
5232.11789237079 7536311.757935468 4299.11040126016 
5234.401017741533 7931901.513184197 3284.8606221061887 
5236.797982531932 8951185.789377026 3341.9571929038257 
5228.286199887556 14040924.108650137 9599.528930733217 
5227.387311393642 37526771.94836085 21643.121048722423 
5227.348814822695 586839471.6794535 26311.932894814912 
5341.595802896758 2710353.6218935126 1109.0631077388543 
17370.215834250634 201149.8921290366 31.256491834552104 
15132.4035926532 223183.12935022134 23.96458309353285 
17431.81139550195 206112.76177138492 22.578390152936297 
5229.068638349381 13408122.02303161 8508.549145789282 
12956.522382490173 318837.9921627643 105.58289319508971 
5232.659304227194 7210410.104533069 3673.1687536345235 
5229.509151257874 21652512.395248327 7257.392572989224 
5227.29773940523 48367440.81153264 28190.425166717323 
5230.74543412282 8150536.26840512 5206.385301510793 
5233.695060851672 6915530.819332481 3360.418139938993 
5227.575905727136 20653795.89524453 16800.640177886988 
5247.463678987408 6128881.163622794 3036.5998683472785 
15976.462619768714 224044.1772095164 40.398090653096745 
5236.335086881925 7680386.176034495 2927.2366419460564 
5231.987547678788 8890916.101906108 5118.637580623298 
5229.02165331815 19585218.48176303 8165.016245931052 
11974.210729993518 482554.24672237877 160.70156656199555 
5228.556185979926 15044858.107045373 9292.905666564928 
5230.3367279202985 10582663.869512862 6674.385946641546 
5230.049433044452 19085157.096872106 6410.271180784576 
5231.248856704643 10739553.7647349 5701.063952266035 
5227.488734807279 22832376.932797942 18629.647734782753 
5228.4125574557065 11753057.320721086 9564.71597063716 
5227.40153586479 32322592.506815597 22350.200997712713 
12556.162372634655 384513.8256042125 72.17930961454735 
5227.608624226094 13760853.684296547 12407.601714560617 
5228.304115712271 22510516.598139137 9325.581828657145 
5251.0495256728855 6411758.844480133 2428.982275794893 
5228.140802011565 14284700.402912289 10862.31660196806 
16816.484707023374 222123.7443289432 32.48102197916688 
42848.94257510462 199098.2118369833 33.304885966952725 
2084735.7796392012 440534.2901073077 18.191297667094343 
5227.325555681673 1518367004.900049 58782.716968761044 
5227.3543983227155 388761246.4018016 58715.132894657676 
5227.433835610614 120713269.04098754 31098.519585137532 
5227.622200778959 29137756.365462765 17229.600016486882 
5227.437639301409 43398371.3004511 22297.190421066858 
5227.376723994055 39520984.09298617 22818.71238261026 
5227.677729609658 29041575.06809243 16609.101296316 
5230.468824550653 21142830.539396897 6784.00191047366 
5231.301464524928 31199819.022725224 5510.349916063287 
5227.695660299237 41866624.053782195 13202.578748046257 
5349.26263076847 74563602.4667654 1874.0755864805155 
5228.354826976146 18707508.27953625 10602.461325002048 
5228.3007003312105 26893392.86360889 11794.217846023812 
5230.702649469785 12066993.269491456 8285.245137010352 
5249.97340562753 4419737.687715872 3158.491162507083 
5232.65617811818 8305640.68217162 4421.999526186588 
