5613.02743954996 7640307.219512711 1668.8863322249458 
5549.022553018741 11618235.31568807 1949.9161318201318 
5230.552625875136 25915607.87382485 9279.357647507919 
5395.59773750823 8091986.524455564 3653.494329537676 
5306.451702676047 18068933.298390124 5327.681714786717 
10451.521558685934 4986375.299834274 297.761770276619 
6431.485137807177 1516504.1863867284 645.2656976949097 
5229.515503984158 28600140.32127886 12526.298213421873 
7306.210680163342 1916280.3004126716 382.70736275254393 
5232.61273630338 31503038.502104558 9369.734749261612 
5711.899855522497 5472639.064857693 1224.0033522384563 
5254.195366458007 19993492.265042517 7470.049794771173 
5228.224618614109 103127771.43078275 29493.20929803675 
5233.895746217692 26748638.48694553 7946.092310270111 
5227.893123902095 275525043.37081724 49882.85518899783 
5257.449656263038 19103931.840987124 7247.0615196322005 
6014.540082731575 4847477.496568747 1074.3650515872564 
5247.2763943322525 25361505.883568365 8841.374209840118 
5228.299931978506 88054686.43998381 23897.685742525813 
5464.977406038129 9511009.149081 3019.286954070927 
5405.413264537462 16198297.483290102 2918.235134059269 
9063.642224913849 1404060.9700822327 411.2424124003327 
5229.499098771205 46084022.714068525 15880.582082417277 
5248.025988768403 19534083.918396253 8644.776329327216 
5238.2755623272815 20182952.409973036 9245.524721638685 
5581.299169346562 7575684.607146197 1848.7318770686975 
8308.537069559094 1327244.16748456 496.59129330486763 
5462.593564735471 13766435.589094894 3633.4372653822816 
5415.971310242956 16635180.631552778 3359.943490566212 
16058.58809506059 1229757.372906221 167.12525232805723 
5230.982900590132 23840121.006204497 12995.635773489801 
5228.637430771281 88702325.1304281 20571.415964440253 
7857.358470003008 1721391.5414345157 439.0884537819778 
5231.392977841263 21789233.514471635 12119.174327010305 
5228.825962559495 45053013.47465639 14001.607209318256 
11089.715030204577 752196.1159088487 218.32866170612047 
10280.979964606686 1274969.359961918 368.32555794617576 
5457.638483160558 11610078.575085856 2719.2885240378073 
5869.994608042137 4545975.4170498215 1550.0642450504115 
5228.444410068136 29919504.93009375 19552.12187434313 
5231.62904461962 19012537.17746075 9710.051022578766 
6153.868741452822 5502250.976809389 1072.6796083397408 
5472.391158277061 4932905.923292418 2028.0829681672508 
5983.349099981218 3152509.143372188 1704.1529277782759 
5228.326768040421 114104116.24716562 23333.314554835917 
5358.586406945582 12339912.892937938 3777.881280272764 
5228.085879288428 90873029.04917099 26643.40351316487 
6650.30214573559 1325205.9018846948 559.8777496731781 
6168.779881814072 1808339.3261276374 818.5263035590342 
5233.084261464672 40741879.412735544 8810.77681553886 
5228.033691372864 629710458.7761742 65813.10647871663 
17901.112476891125 1329805.7767232608 172.9295600561159 
12399.83848888351 1158974.3260484785 265.5599499339014 
5228.13598149106 813464588.7563941 46547.807634299636 
5228.109798582141 137156420.3733927 31925.895132266745 
5228.679073668385 501261169.71870106 18562.957449677593 
12408.418642635992 1349350.8043660242 245.70228238984757 
8680.327999576048 1403842.2541431673 503.0205040921741 
11124.860222868378 1261623.8706566792 384.06338193766607 
7175.187653856778 1695238.646414645 595.1315798069809 
10641.298680531714 1909650.5725344233 473.16320853553736 
9340.629146893467 2149149.637615037 417.6299911224187 
5228.360146549201 124515676.76697242 27326.62114705201 
5228.431647101917 83023600.93801841 22577.895789330207 
5228.591421816178 92039121.98396786 22087.975668428575 
5228.125831664298 123751307.1699751 29340.469239649854 
5229.873795534041 57961131.343055785 15615.927827049867 
5230.33596741665 30437388.034441918 13864.603089740129 
7046.331538806795 2947372.4126990647 692.1958751223101 
5228.226437308603 98784128.70995119 27641.132340674307 
5229.910354557015 39366819.980890825 12522.928302037399 
5228.718888694796 56748238.911933884 19391.890146070356 
9217.880568937344 1839954.4619327122 490.2384832239095 
5257.7223052518675 73260211.3073809 7641.691801188412 
8784.277869364581 2205747.8465726473 400.8397873263938 
7140.508987428969 2019817.3526819595 420.9926585530831 
10791.519190616527 1690313.1812883262 502.25606443505654 
5274.373497313779 18982371.29964139 10513.127426270557 
5376.52200944148 91317542.74692047 3931.3868552080753 
5246.685913530776 23630496.264417272 10100.89014915991 
5238.072203299308 27754904.93631491 11147.227517924333 
5769.683950565466 7325107.8873291295 2119.8595411437063 
5228.183825435882 125715446.24546674 28725.868475952084 
5254.029998019263 33746886.55505328 8480.183976457474 
6338.155454192994 1980036.4902923335 1066.9062912016018 
6599.701189104838 3159438.745824425 906.4254929256717 
5229.765433997062 41550989.02488213 18478.957679220774 
5430.023962361325 10958599.079233907 7043.688997225805 
5436.865385582525 37198024.138928816 3192.0174333483014 
5366.794660022942 13259421.729655568 4395.345785569505 
6002.625965315622 13022183.64592011 1752.4115629133373 
5228.955390949177 49294530.033262774 17301.343275292595 
5340.476971848933 34711062.414903 5429.335968698446 
5228.1390380228895 119943411.2592796 28734.98270325898 
5494.279841563399 14892952.558874682 3623.74529919628 
5639.1418671400115 7346238.189110269 2250.075845632538 
5317.387527033392 21531155.81296671 8161.655318116587 
5317.518777246178 25482626.655622408 6540.204486484812 
5228.935150467612 53159715.341143996 16093.986572582704 
5228.874710953549 109500613.02919714 18715.636120684194 
