5277.05359258352 15611963.015488382 2267.463373481883 
5470.598147681348 9456618.545798527 1009.9621968765936 
5228.886103162243 28137306.383101832 14844.581185890136 
5406.086529049936 4326740.602579311 1226.6920819301185 
7237.282762832445 1028326.152173281 318.08225631413166 
5319.172849102464 7454073.159247281 1628.4769325067334 
8419.607359096513 683293.4586441389 362.8256257105795 
5450.746414646792 4406702.46184824 1217.9351611766267 
5238.69971793775 22201636.71345988 5090.126091270817 
5283.881573846453 6852407.829264017 1864.9424834600266 
6661.90974662113 781344.6325006469 432.7540704104616 
15516.160050526787 1140146.2691073872 154.40098523898945 
5266.278876280854 9202496.208806297 3075.5507960017303 
5271.143684981189 4877250.407503152 2527.0000398426314 
5267.314469664823 6722579.136287613 3392.6792548794247 
5861.854795831767 1796463.2934372723 1095.0071584612485 
7077.48588495646 1309185.355738214 463.2664492218837 
5343.104028607217 3246021.450193098 1352.2584917369913 
5687.280819455307 5225717.44455917 1015.5096306994856 
5245.623791670865 10770530.285818052 6763.80348794862 
15899.320443344608 527101.058760988 114.15545692621001 
5299.217829362174 4284238.658040448 1783.1906473911554 
5256.391694618292 6228670.145451178 4661.759100315813 
5227.865939505552 35577930.65437722 21068.326591785146 
5229.803408449424 13658152.914808603 10829.077362323156 
5227.615388185736 45439802.88382078 23439.03632384342 
5308.072057382121 5270755.557340653 1674.8939179358692 
5263.772335214195 11070987.101417689 2788.603257384555 
5254.42159230148 15444618.543713706 4496.143785299 
7128.7238804206845 1633435.8154141726 400.0761415513628 
8267.58854541765 976958.3858142991 275.238576759701 
6009.502283881858 1332515.7288992025 651.5204382418932 
29447.763594792767 312535.9242451033 26.980455386034897 
5232.296488026827 25305655.5989562 7462.567429513813 
5231.3489819584365 49476777.039197885 8120.698108614361 
16277.361204263014 902888.0992707789 127.15216860771719 
5227.456239306221 42082886.99915366 32707.741802823388 
164385.94778154066 284316.95470491506 26.321009706919625 
50034.829821113126 289518.7640427151 18.827188141880406 
46444.035072488645 335466.74957335886 25.907158820290228 
5228.039873563412 50299372.273245536 17865.972105639208 
12493.513133205975 908810.1763838568 158.39354058474828 
5845.809563705554 2557969.192518984 719.2890135886914 
6613.108444476063 1573800.3157987422 428.5335780382694 
9556.405410320478 1062101.4525714025 229.23997093728696 
5229.1598538685075 22813469.79186104 13408.549602639121 
13097.762169722671 493193.5398402192 115.4631679018466 
5279.477689635904 3936238.464180822 2169.0949251762977 
5240.813512525827 11993722.348183762 5619.919379081911 
5232.220395027451 43958780.96588692 9008.721018939723 
5235.138517271029 24568826.457813352 6035.96311263757 
5263.376012502206 14113639.79192361 2907.243885394503 
5230.386583637963 15845327.067644242 8929.454524971976 
5247.236971183678 6166856.16695357 4989.94507982325 
12601.728544017144 676163.3938938009 122.57103799348234 
5233.740076939854 20492123.663830996 7124.074454080781 
5232.433930537256 10709964.536429074 7644.561741206502 
5227.427572372692 81890928.24715695 42626.853526413885 
5794.607407757054 1550657.386826872 680.2852086244318 
5261.2730878849125 5494618.018913041 4663.127907070597 
7025.3370022535 1191765.2415253038 421.10443035603015 
5227.443008714175 113043838187.24542 1442625.4966197067 
5235.450012025709 8953535.73298824 6824.034393338902 
5227.820814897937 41265132.366791785 24462.800447831967 
5230.977325326877 8956334.553245652 10617.950368953463 
5229.416562825936 41591039.404128715 12623.989891649004 
5229.022477822975 15125843.731545525 13517.739799459987 
5257.849622956814 7088049.124540306 3790.468215457831 
6148.607616917481 1737309.3761366638 415.43370849607805 
6931.5222614067 1070732.4974400406 412.5997237339861 
6325.61060837564 1209423.185546842 614.9034440992557 
8104.85629784228 859967.2251828457 284.22152175950947 
7722.210251368976 790872.3730911592 283.2809533086009 
5227.612307469172 55994521.87623044 27642.652560645576 
5227.417936850602 126720822.19045058 38906.82304326634 
5229.985549218185 21333201.105685264 10735.828325841905 
5227.817723366184 37172684.39282357 20423.623133746714 
5227.720513450446 44303405.147315815 25600.77024229079 
10275.725810311662 666541.7226577288 168.61156542085973 
8996.288053234493 650499.5385917377 234.13113734986592 
7032.032478026985 1096031.268177953 351.17157808093475 
5233.429373924038 17519947.14278383 7451.030795960674 
197743.2493043459 315523.685939571 19.76726535963024 
5227.413661848662 206570181.1062934 70475.52060468803 
5227.44115385619 92964121.01745728 46172.72430401959 
47635.32408632961 329821.67327426345 38.46449977649225 
5228.27680574317 170822350.63620338 21672.179021340176 
5229.90963487666 63047964.423564434 13449.971926101402 
5229.150991872303 49136161.82906948 31093.992705852805 
5227.787933915308 56458194.622140706 24623.16934316093 
5227.488544050969 86558713.30791162 45092.476579045004 
37658.54337775236 408132.2402008445 81.90943651680776 
5227.584111627099 79063498.49623474 35162.55307208512 
14704.781939832084 589802.3745420276 196.7694112919715 
5227.549109725969 62738070.958554685 38791.27291852405 
5232.953875449159 57685988.82475224 9011.192138033244 
5229.970520770482 35530432.01849425 12269.248900016351 
5227.577025070374 49692930.22244631 37022.19860287097 
5232.552755130836 18988111.855238907 9440.032887709298 
5296.9605054053645 29995655.69741915 2317.0765673333285 
