5701.789939153172 1363312.332668014 499.46868339525486 
5719.068279783893 1342437.2872150694 607.6488317914125 
5937.1592703072365 1496338.7096823237 374.0663390784477 
5283.898184257224 4698737.437332174 1438.4550069885372 
5500.917411599623 1817540.7599903794 1194.0159467729559 
5335.8566702319395 2034561.1326918164 1079.3640817180428 
5515.434864615674 1864498.0044630945 769.7457795291471 
5310.448385444559 4065616.4662511223 1069.0603606801758 
9864.260278919266 319013.30898966524 74.38814142736604 
9678.249897138541 327995.25508689485 93.64470552941152 
5788.203914562213 1316698.2703878519 495.9388706795984 
5262.065661953759 2165556.6067264667 1586.0273673546983 
10223.52147968696 348603.1596181675 63.8264834100931 
56372.45686707759 194462.35438127653 20.638440754778923 
5253.087382247217 3811401.7030219305 1841.0252973597092 
7632.257760875522 560506.4756107819 196.85831135395767 
5632.194747647898 1631086.1706661936 670.1352837275098 
9048.840944912801 393308.35550502775 98.64461712445754 
5502.190188775014 1648593.169325159 1028.1876899557942 
27008.024944431687 202556.481131586 32.63910099898409 
5250.856658200802 7298360.032848017 2184.335837410361 
5268.0073546612075 3031220.3590208683 1547.2809609222563 
5227.355144683196 48868041.30244738 36186.42642078055 
35121.08388368085 198482.75710125914 29.066718178731254 
5238.777409691749 10760825.871045483 3021.253329089789 
5229.648378394674 29967319.67623721 6877.372782391382 
18207.265985515813 229456.64847020578 30.16014398085332 
10933.508732834296 274121.7073021786 50.450044307877576 
5233.457748775144 5041062.074152659 3516.1394964201727 
5553.338728285148 1634246.9152445337 735.8605770216678 
43360.902096616424 188645.20348526514 22.84895980316396 
5228.48405751474 21854050.378194924 10661.379803545251 
5227.460449598559 155785407.1348145 39953.00399075363 
9861.996110184073 321622.43821200315 75.2966680357696 
5227.938485192277 41203360.152904004 15665.946080873446 
19269.58267937295 230077.313814008 56.366580227428514 
5258.072010525595 4040100.548007643 1655.4620559368777 
5269.900255796487 3768085.9271293576 1505.4317601034143 
24702.643036529807 208909.07863671688 21.996119860763137 
5231.505366361465 4467939.58300204 4215.160504882918 
5241.4971799527575 6138853.828272895 3371.1411601807713 
5227.938914153072 77917646.37261076 18303.717584390284 
13945.690786687932 265426.3893766714 40.21477401725734 
5228.794325536908 12938530.263775423 8773.070475904295 
44585.344581158526 198631.33136172788 21.4791974024781 
5227.88435381568 28478254.16376711 12851.963093194961 
5326.020043307239 5080883.27504297 1067.6057298134426 
5249.35106469857 6113176.733241129 2976.4433486503726 
5229.876316141561 10509159.767114082 6729.509132856983 
25256.0949746895 248855.87836992324 14.491058984772781 
8789.26359909138 611146.3084873657 116.54792930433273 
5227.446329703373 37942107.79906379 19636.87143006228 
5227.693535321833 32625136.2161168 14267.011783034071 
127232.41979487652 231875.48003312649 16.643271118115067 
5228.331024886022 19457208.21384886 10985.033729986908 
30324.389041954662 209017.19270288965 26.394001885900447 
39562.11182386594 214032.04891424562 21.300832550222143 
31525.730020810384 219441.86761881883 21.105251028789265 
5230.064351042012 26771616.53859557 5987.00498606505 
36333.253483558714 204886.9800738842 27.59472534974638 
103100.57683937156 249734.0975650333 20.12003618977591 
5228.263535587366 16706273.990161102 11517.890239199573 
5525.548245232916 1750511.0434654707 674.6995586111647 
15224.122224129327 266533.5268073057 43.47391309358344 
5243.918793030587 4885365.457542642 3408.057678069748 
5237.040036965805 10727252.386017986 3494.7449166080705 
5227.871519550816 31964537.4029737 13844.64589103263 
5227.861328846286 25591229.670567766 16713.67701204091 
5227.619139598001 25686461.808623448 17479.040530676255 
5229.796438554085 14653704.51080669 8360.30386059744 
5230.75281266401 6913722.3401196515 5664.414392295368 
5227.61799511872 28488058.97972492 15540.60972642998 
5229.8607067594285 14033240.298759442 8062.783522666173 
89793.8949005315 237030.74477480617 20.14000047808843 
5228.307166232749 18177931.369899996 9590.516052223022 
5287.8322192507385 2687800.569412606 1160.8352973671722 
46437.77445217245 220420.83179485262 21.00144628735283 
30362.71021895597 202706.84463123736 30.00333758003797 
84816.37487516023 196044.8672147057 21.42080619236586 
5227.397243497104 268804949.1955441 43163.645379093 
244617.9878290288 404854.77738861134 14.939861466830257 
5250.324746736619 574644623.0158443 3710.0352867220527 
200754.78257845843 386608.7808708375 17.59770032264394 
5227.539322871774 113965904.32889824 30726.848099210845 
5227.623279662608 249049737.95799136 16131.462946604779 
5252.251043087989 78771138.18288021 3836.555027977466 
5227.577102609249 106824438.57240298 23719.06837345905 
46429.618986361995 199061.51635216663 21.675963141954412 
5227.664466604171 35502183.36130923 17775.30783069527 
5228.100736031977 59192354.12672162 13767.11391000889 
5231.524739240757 13379168.272995837 7579.273741383653 
5229.066198880896 14492593.016112342 10918.758846269151 
5228.899019859555 16458258.331098983 11488.273900115764 
5228.644342039707 31977318.195304245 15548.616552814672 
5245.337801379962 12735891.454817526 5870.918682675987 
5253.63669881336 26250370.21046709 3342.3318150672158 
36617.02537620722 212770.44767927268 25.780615930207897 
5230.770371568396 32436322.434936516 5990.743274273323 
25574.18962515423 220728.8598926918 61.98607996181831 
5255.056071083564 4494733.921678247 2076.195901728634 
