6479.223620324784 1366616.7408315712 548.4589750921198 
5798.860476865226 4663079.292585845 1145.0827883174288 
6035.836477923242 4636222.713744106 1296.8740684469947 
7363.704570229982 1042342.8751365299 401.60825662220407 
5475.078646232194 4429577.441645853 2064.060781190916 
5973.211777700931 2835332.345766957 1808.9041406296915 
5358.755656689735 12145790.83947695 3638.4106474132686 
6169.153770651878 1925482.741193565 860.1136294277699 
5574.655015759578 12218285.51367723 1979.7581008830973 
5441.623603462684 11940723.911963252 2703.3127547363847 
5229.1411911822615 32537963.842942778 13127.262429003367 
5230.205403149084 17449925.726816174 11866.267308306735 
10420.41689067662 890482.3113136205 287.6718484144205 
5402.611082885683 15377816.216244645 2699.5053570494383 
5227.797938244046 52733023.91970542 29593.054235898457 
9663.214046219582 1115908.2210091886 354.54917630153744 
6327.210412210721 1786556.252071106 990.8441167470556 
5228.010826564159 46634085.2845691 19343.81979509581 
5227.928510207218 100740554.60193554 23310.213777966685 
5357.281069302742 10486480.395746944 4462.40410425514 
5228.582430564974 25348237.546412837 14448.777194842203 
5230.228386534716 34900306.37955124 11268.117148668043 
5229.899917396407 23502554.808346298 14652.030341927235 
5367.86789942446 24720260.464162577 4447.982564136694 
5404.6923470537895 13077568.32677043 3214.5795064029307 
14723.654025949278 606788.6653825339 123.91966220429956 
5240.306607061224 16706359.424854418 8746.005391667535 
5230.017950674222 23972938.53649016 14098.334106817681 
5230.583301008059 30282814.681335274 9675.07307002931 
5232.3780445216435 20513499.994424775 9633.13613435646 
5256.053956424438 8749212.046902347 4469.777241155959 
6040.483256652484 3418276.796345906 1600.7269225082102 
5228.213499979543 60278290.33561739 18499.723989954262 
5234.337962832746 19974231.529360082 6805.409461246025 
5681.04794245292 10695820.520815585 1856.1218310171826 
5236.309487933129 14941324.85599058 12631.777092540426 
5260.211992097912 10780196.32611178 5809.418006232767 
5227.986156573817 72672277.55257235 21684.678723446617 
5228.181902973223 41674014.733710326 20681.59592226067 
5249.132264446691 7890968.518422775 5815.855599960464 
5243.529946721355 13388328.852509806 5892.012406280244 
5230.4152571739305 25577221.373285886 10482.749910483813 
5775.51497616208 6450548.04223042 1263.681934184367 
12163.508412357942 18717548.393882453 388.04696956054454 
5754.87995391439 8562770.665125467 1677.4641162167804 
5228.449026578646 28238606.572225537 16772.52010380989 
5228.549107256585 29455656.57674677 14900.510714296797 
5232.558651687798 17100269.116304 7823.263337108021 
5228.376516553556 39309175.99643044 20878.222608087635 
5227.9229164887065 77819803.38321744 29167.972021373127 
5229.048984695034 38396948.618645445 14449.78989334184 
5234.055315981311 19463241.67388242 6847.286238859528 
5229.979894294413 21669027.38643212 14676.546243314382 
5235.32543420414 14281652.33828625 13178.77656646926 
5885.574559572081 3003791.7686053477 2167.253796267231 
5834.721886593053 3456620.597720429 1688.742118190192 
5228.364778811883 51752138.565810494 17229.805067114907 
5227.844502646635 155170627.6608944 37483.776259027174 
17121.745587264377 1436039.7662458783 210.91922878101875 
29680.581603184037 845953.2626524648 243.1225250423109 
5601.849289830599 119074307.17902778 2213.1811781739334 
5228.364425338184 94557137.1832161 20551.054507086723 
5228.083073334769 57175394.04332808 20822.80168471545 
5228.545073232563 60781466.25782562 17462.65176576951 
15876.81160233415 2563928.7400522325 225.6777221684485 
13274.053052858042 1675674.1072060065 364.1983843565391 
5246.408278148485 45916757.18268919 6330.135744864909 
5228.992173583345 27171228.822175495 17708.05232315676 
5231.534380116182 52286305.78276728 12332.823251643596 
5230.444487584302 54355979.04052953 13021.548422981255 
12146.17955462988 1693869.717255082 388.1567199208421 
9846.084181206657 1365457.177125511 406.3728554020141 
5229.148045699587 29296308.17023117 15464.778862365494 
5347.459296491112 11393523.822348854 5308.468164470591 
5405.2923930233665 24577461.487372365 3103.5135783307246 
5234.965793900971 35151898.367889486 7171.546078991394 
5231.657690471117 27664680.22538461 11134.77157305367 
8742.37175699145 1607525.7713999727 532.4316389139676 
5229.523513956045 27474825.04515069 13752.578870687079 
5237.418558358652 17618611.013927296 12041.456174444556 
5366.803042208432 13323166.18158793 4392.005045208762 
5234.672514030833 43191199.497631 8235.127441566867 
5228.628912206673 35960958.147493385 17334.336788724224 
6199.03880639259 4213739.485465908 1445.2355824338033 
5233.832172271524 31184911.78637883 8326.890984077401 
11065.515368188473 1846912.606686932 398.5047354605063 
5241.911796979427 39905537.1974982 6737.567606523541 
7531.914416866821 3090970.9201617646 574.9448325253372 
5233.304220508152 24056203.825430624 9069.311432107866 
5233.243952042285 19974197.865622766 10015.259513827164 
8282.282223579736 1076222.693676551 405.8723705994014 
5907.504846859694 6877980.145634662 1744.6048951530702 
5694.7355776089 9681972.21946961 2722.2782402473413 
5332.89790019422 27011265.04479084 4536.23134524029 
10696.01712725917 1969642.0854819452 390.7871481844601 
13061.677417555322 1895952.9207312735 332.32555309700814 
5234.526405373741 22011250.136423454 9793.397919339159 
5557.5411399076 14150979.227530144 2496.8368842656155 
5228.7200390296775 53421336.12014147 16442.137141304775 
5228.94930473904 41937006.856901035 16510.38497038836 
