5971.102489270246 1682353.562118454 413.94039701932394 
5729.076229021058 1631545.885849243 676.9364188170248 
5313.6196077341565 1456181.467842611 1702.3820644966659 
5274.2171517899515 3206324.230871306 1390.8050294911955 
5337.176825943913 3032842.2292628535 1044.0737644204587 
5259.572084677653 9334776.858508047 2145.9770192186847 
7389.513614290576 1011855.5156514776 240.2453329972003 
5266.151352979633 7354822.947758855 2220.640786821377 
7930.607595699053 763301.2961566478 296.3520982955615 
5265.260031914981 4812448.6452171765 2787.401959481984 
5858.031352986951 8583077.589362303 636.7397439654169 
5990.078727004507 1681541.2371343237 398.6363782466614 
5230.6939450475365 8768458.720377356 5829.32348582298 
5255.9339335640925 3795406.980220333 3344.46219890994 
5267.542161753993 4502181.301656348 1636.9321391676945 
8807.994240548327 644297.3641231538 232.08795309598926 
5344.267733746203 5428321.673428299 1007.6939036971777 
11228.532286207466 423186.89009965945 109.63284419832027 
5960.522001224219 955892.8551553274 580.3006066434737 
5227.755064347256 97107450.19811086 25526.278314784504 
10340.534590731473 650281.9199257806 182.1861503649092 
9950.967146379502 6273698.2055499945 243.20753210056623 
5227.846106384038 25329345.69414355 15984.185975911914 
5229.100871759241 14156553.583347231 14128.162371331699 
5228.3432865699815 22693675.80986769 14265.947990576879 
5227.342574830189 98036463.38374776 31762.086703584573 
24429.141249465894 538745.8844553123 50.61426700012719 
5227.236859655167 177334870.37796497 62540.21955540883 
5231.533845302227 14158210.663548203 5394.620510798509 
5249.5978892772855 7140896.530142285 5274.514233339123 
5230.257621010132 12860208.686094249 6673.659871089913 
41758.49063878602 531526.0542141476 39.9880957337275 
21701.01021830858 557891.1530463698 46.104489362408636 
5229.494620702322 101591367.52577268 10106.223114896937 
5227.710354922814 30280580.71024843 24373.021945050426 
5227.257235188825 103587961.89991029 42690.255159756096 
5232.9517228945415 8277794.937414112 5104.230017590563 
5572.175032455879 1177473.2954677334 721.0427834264035 
39168.66345018766 283736.49953616585 61.29938260141707 
5403.96454724026 2904921.1077378853 856.0581666932856 
5227.380716215598 70079027.86392023 32236.984968509383 
5228.900321316073 19031308.160982873 12205.066073776872 
5227.392005122085 54089331.89151104 30523.141514700248 
5230.490366458229 8729058.85511034 6567.583267694246 
5303.424714905806 2570267.5956022567 1360.3935213707562 
5229.0819263397725 1185328713.4804108 11552.69195644723 
5227.51171184347 31211829.420945052 24829.07893085573 
5227.465502719069 54333125.641528 30641.365604912513 
5227.203779674344 316192692.37018025 77279.82987243637 
5227.306818909692 69986732.73103519 37026.73684623813 
5248.423742789577 7491245.264003035 3301.2274332418483 
5227.4742528141405 99328783.39205055 29195.313049695396 
5229.188197407631 15622024.782296646 10566.513164470034 
5227.726916805119 41644118.99395577 23017.65378778724 
13780.024676750254 324191.48432935093 58.09460166932915 
5272.654487756541 2504205.0346963587 1417.5386698652342 
5246.783975242622 9504270.02349855 3708.0987404237612 
5335.900905563001 3903665.519968387 1112.1942200092062 
5273.325870201395 3749709.0894882954 1278.8835262141681 
5230.25019408766 12017299.797853278 7019.820605890735 
5227.24490331225 121052808.5967849 50084.15045475873 
5228.506007831527 56887903.95734326 13006.873943688212 
5228.445123039548 17322830.662560783 17321.04403135732 
5328.900363607585 1511341.3540029451 1647.5179168516283 
5304.600972240162 1738142.816209241 1696.9953567071982 
5229.530944672128 7477544.258342311 7587.487654679016 
5230.573039804025 12034941.731975744 5975.052673134456 
5230.328139510068 12199925.140631942 6904.134465915145 
13587.296871923152 288112.9465140299 62.620117777838786 
27232.7199309273 314968.1086914419 52.9998571948348 
28662.850662795387 323281.7658459972 49.704406982604446 
5268.139089422841 3668190.857608144 1456.218141782507 
5227.2766186507015 81354447.93882123 41415.36559681692 
5259.258047505162 8434264.326457042 3236.8689223003876 
5268.102353899172 2878323.054774252 1946.9448876573663 
24492.91265419684 606167.5616503973 48.64992516669262 
5227.393681907853 102580632.65594544 34729.65695561976 
5227.2988798630595 72118500.1582252 35855.53274878886 
30370.95285744608 295013.1259901287 63.451336437860434 
32907.44995660588 338700.159156212 55.6929450108539 
5227.401876805518 76329264.72050907 32365.54390403405 
5227.858861904286 27454223.516991533 15627.208114391538 
5229.533401871143 49424403.5543389 9631.434080666171 
13865.064707762525 355767.99009466404 72.23142932008662 
20180.57079555811 555674.3069732073 65.23231597927986 
5227.964649975154 64052219.76326941 15030.164255068421 
5260.133782189765 26873101.764695525 4567.123161559347 
38852.9935974623 380293.0459345211 67.51412885074079 
24560.32447513583 549171.1786409183 51.918405861035936 
9812.712168821809 791432.731616415 226.82543034729662 
5273.626657183291 5281498.720441802 2153.938885838439 
5230.176258876883 14283051.867651109 8414.41818794375 
12337.143111990737 603673.8309539533 193.09334711204568 
21743.98903609428 561985.6390304522 60.352433332012644 
5229.322151272583 26915072.428676054 10648.580234186524 
5229.631805336069 56012765.39807456 8725.926574724886 
5227.573853249929 268674210.98997605 44958.509007144174 
24129.633284348653 541140.3038903465 58.92346481608927 
5230.370692269143 9932545.95633747 10437.232928518444 
5230.396418256031 14161670.638098491 6774.165985241331 
