5947.968306660667 2311295.155163536 627.6647923077583 
8712.721236517933 745869.2411375709 378.20714468261747 
5411.973877540941 2449410.7056808462 1126.6913935640716 
5259.68406217387 4900800.155089886 3142.239012097875 
5754.646465181124 32001978.37486004 1415.7312546606238 
8227.681196379534 1445512.275764287 309.1708367310489 
5974.256064852529 2391084.7399131167 936.1202304453891 
5254.100136323825 13375086.059588179 4812.861603520433 
5234.6335297978785 53807371.4912117 10828.326760052607 
67171.99378699217 242699.10865310216 69.43142496530733 
62006.904683191286 262035.00292892513 48.87603297527232 
10447.088446752048 930025.7071636133 225.21441212529163 
12262.696954597559 491080.12081352866 95.23253219934547 
7349.417098935337 1696148.1229458475 551.3966780299847 
5347.917993225044 2344264.344453981 1328.3560696493396 
5442.039894081513 2948063.2815150414 1063.801727005517 
5283.009639168559 4892897.0376900155 2909.810346164726 
5234.5297368076635 20561033.587112606 7451.792012297233 
5303.5503217598025 3838531.4573524017 2855.338161948192 
5307.358566749946 17219125.83052726 2265.3911798495337 
5344.305407325607 3256386.548719795 1705.96366881584 
8602.963825535633 935711.1928659196 565.5432605376748 
5241.374422254824 17859108.06933521 6738.689795363647 
5321.979254831383 3521852.1669663275 2158.6178796146646 
7212.895098718889 1815832.3244940788 607.5238263934523 
5233.155320428743 48914729.89742191 11925.466889887346 
10698.780676245464 595593.4730681124 138.85313375029983 
13029.182433112024 448637.4878170778 153.27092247734 
5600.3924698647115 12258041.30147166 1484.291022273623 
49767.97477392458 325582.46397372143 84.404101231914 
5325.215057599255 2572320.8633302855 1770.0816735338879 
9013.7237019292 614371.9037097183 259.5488436908848 
5294.048601377464 6445371.97552944 2005.8568993806189 
5256.07867831982 11959311.964519799 4511.874952206858 
7426.441517680008 1506481.1228340743 679.0401924919225 
5231.432204423428 50369477.55521557 17512.715752466647 
7706.642353329728 1279881.0193460782 582.5449268682933 
5300.558266387183 4968646.013287315 2349.99873026426 
7095.353389594011 1752358.7261293936 691.5421846369168 
5400.913590453747 11872643.80852437 1201.963082831437 
10961.474249292442 459758.87175651063 138.61561579492462 
6311.691044241538 2190367.8608087837 852.2026107971664 
51638.758374816054 247097.36599591596 47.19064738534995 
5254.973819184238 6749540.189003352 5387.886564520976 
7681.630329559186 1871692.007397541 600.6937960360971 
8532.789690210155 1042995.1347499344 499.1985949339769 
8848.553702187497 954589.7616400484 355.9569018263465 
8190.843337908848 1691490.2491161341 474.973855396287 
5250.719678511384 13690658.838659056 6313.65323761503 
5229.748620794547 152471104.9499954 30651.150601993504 
14403.10867128964 456385.82350858225 108.75213298225096 
5245.902735575445 13041939.119388653 6557.838539282651 
5610.709637741455 3836056.530882338 994.804179856834 
10357.20272156039 602001.8934078388 287.38645410583086 
5322.359439030496 3527322.553589498 1397.1740192752777 
5232.331488763301 455301078.7356453 30475.23679679898 
49871.16792872008 1165953.0308925356 71.1145238359168 
51676.09429315585 446902.45876506984 110.23572009564805 
5229.643738657706 236885234.45677954 40935.78023577565 
48843.01264101491 627907.1681972769 167.70196294203396 
5233.121839092599 76937471.6276347 24505.683404144445 
19868.09208166377 617202.8598672743 109.85083082147067 
5234.214844239165 32259049.747352812 14931.599070380917 
5233.809959338754 70328707.14456081 20858.323020203745 
5235.796207530457 25228895.30548649 8724.045180736031 
13851.023710066944 470286.1914040249 145.7305392794737 
5245.468250595337 14546501.162704606 6847.013204439757 
5262.394866522991 34754004.322818324 4983.534644253179 
5290.848389843104 46081319.973335326 3172.325396923325 
5254.64546435235 12920379.986112092 5931.215370020077 
5262.93857664707 8909763.772004336 6172.054008247166 
9145.639820463763 669333.7937070635 279.77632163526715 
5264.928049069323 6349763.440350776 3774.133110414811 
10551.575849921139 1101767.0145919556 278.75226515322714 
8493.795781739324 2245982.4560354166 575.6965107508828 
5426.532744353187 6147850.333193153 1710.5756177253656 
6947.939647030167 1885142.7590977382 910.0481510727795 
12154.832145616156 526145.4688639034 156.249673853072 
7185.077356657541 1876905.7854884793 716.1953251350491 
13223.099244743738 553290.3340128545 154.13326081445007 
5315.781828732348 5922399.819997376 2549.4938821079386 
6208.469697128949 2573114.303401958 1031.0677141116505 
7751.729976717936 4655460.249474522 617.6720029496253 
11274.95233074624 514112.6514340709 215.3545145531664 
5271.480376699969 5344684.211834238 3262.883860888337 
7974.38468704974 2196736.8181485543 576.4371392005754 
5321.527988990445 4035420.255788549 3065.9576798513026 
5412.394792758284 2476010.7917828597 1134.2328652703343 
11648.403968310164 517899.43673196924 165.61633758210917 
5336.22027792277 3978513.906722618 2182.1562917885867 
13299.823418891569 521373.4512483056 160.35290471584995 
10783.638324626714 712399.7724676327 215.01553820637514 
5847.198023201813 3001567.3340297956 993.6402834057072 
5473.011082887927 2364598.0522555914 1096.9512919472572 
12028.678984178112 485893.74943370355 163.50042449202644 
6042.635051770967 2482141.7006066786 635.3915099837245 
5332.006634222365 3740491.376656926 2383.238421018255 
5870.650333473519 2818403.9870643327 959.9389094806617 
5389.745922984885 3179416.583656018 2315.386556382252 
10755.76818572451 678263.6215732906 140.27822148741313 
