5265.090812730626 1987334.3075636926 1538.8938784054524 
12645.941755044056 422124.230247201 93.26062476330699 
10478.041802328833 1755058.017175336 300.22816790305444 
5816.4792464276925 1333270.351142127 440.8323722327231 
11665.414566984195 843742.714606575 130.50281979637356 
5378.481973020601 1786742.620632579 806.0497276371487 
5239.239567326613 2621149.357434427 2425.7319101841354 
5233.690097223709 5103627.948643208 3244.311167206718 
5239.548660575205 2676120.903791804 2096.985024843443 
5357.113550758032 2269134.8339188616 1272.5202972265972 
5255.307052157535 2481381.617564791 1375.260642633984 
5234.435433821891 4471755.243786588 2955.1673122671273 
36415.54495726264 420789.65924523125 38.51013769621107 
118332.54259618896 140685.50899047498 13.049183608524615 
5232.1432567609845 7080173.020673143 3437.277435359027 
5229.759185580509 8761157.813983237 5830.4800140042225 
63059.60190008533 286564.2991325061 42.656289949722705 
5234.456307559338 3418377.2284023063 3096.1748678374406 
5228.298031829387 17171796.592469413 12412.724195064386 
198041.6437572541 174525.54466071306 3.4792656243575224 
5227.99645475208 131802794.41180412 14562.533275143722 
5229.009877009295 33008641.506079216 8302.985723107964 
5232.466136632536 5406884.961965797 3689.3866652353486 
5236.188969458391 3886586.023440744 2774.0735101784585 
32222.829526869726 234205.4891512092 78.20338361659442 
5229.661162789138 9866839.971679803 5581.193997627435 
5231.959449083812 6001146.406007487 3792.7655510642912 
5228.166071785563 28749032.60297847 12192.30243922195 
5228.801545369441 26696585.21804737 11036.292589708315 
5242.460839853833 2172759.5849644896 1849.8090044231208 
5233.176581793217 5728135.126423205 3422.372409174643 
5227.8770461429085 426022758.0342196 19819.745538457206 
5231.278484958271 6812998.738709111 4017.2994632875107 
5842.290415991404 1128065.2644721773 600.2759685757053 
32163.65238890603 637044.227154409 59.12456464137958 
5334.3293247716765 2054786.3864433677 1434.5422468321851 
5229.790745507143 6948290.467630665 6822.125723852276 
5623.152967100644 1969129.272390237 545.9152790983971 
122671.36627016781 207765.21235976598 1.5647310143651492 
5229.996581975004 14688026.290691508 5506.788097640311 
5228.038237845992 32514000.40208878 11413.123500484675 
5232.217383909162 5998077.718983367 5343.380237232017 
5229.536020059261 8280838.421974149 6004.177693497066 
5247.138519763759 1923207.6450885488 1741.1742719051658 
5229.935775597742 27622843.671356432 6456.1830339565995 
5234.086688732281 5478262.274949592 3321.6388836982787 
42194.01283106878 229308.80115276147 25.871673133527807 
5698.922166814668 1666099.9964683529 519.2785367439867 
5229.250862402597 12290141.512118705 7327.495958562179 
5228.378106521619 128957280.0416368 11277.161932638144 
5228.459733578369 21307319.38546318 11975.833529218531 
5231.211506184351 9125197.117765289 5836.206052129921 
5236.5190984913515 3476011.4831526894 2515.8360958816716 
5228.805751117204 10819252.198388286 8894.454094416535 
5228.0153370983735 108012988.98459198 31947.690791006302 
5232.521641738882 4342434.0780876605 3536.9648291118174 
5376.186288650025 1798668.8294432475 889.5976537310491 
5228.691718225925 27243283.13440866 9519.588731161988 
5364.323235970519 1887285.3012648912 1230.9503004127566 
247781.3668651153 147966.3810846358 31.68646148736469 
207628.57281574133 205497.00603283782 2.179679289420376 
5228.186244661716 691078379.4210624 14319.409045728447 
5228.199669591783 62964582.35521594 17988.904947058796 
5228.353721342688 201504693.69315037 17376.06728791516 
189948.0109423268 410798.5564849256 5.12036198153873 
78253.78031063096 193133.9547810417 17.426069094082028 
5228.641817140675 23272002.49625666 11573.30420098785 
5228.410418760011 62301175.195612274 17133.76992970669 
5229.662105907232 10845693.419238294 6211.205396016002 
5229.58148913125 13549906.282866582 7802.534655655619 
5229.098972754283 37267810.77785035 8362.986367330564 
5228.748085143512 51099676.14708196 10768.186975119408 
5231.528070188604 8207169.270163067 4986.046841851916 
5823.461024198124 1377182.8632549164 481.8839090031675 
5228.848918155021 30612042.736783817 9224.637114103736 
22770.615507900773 673053.6091340011 178.48684829200934 
58235.267478300426 258135.32866425026 12.532970735719356 
75115.06030984323 270228.1808213822 7.323788368289675 
5232.678132767992 8100578.426027483 4386.693696351928 
5228.8793144161245 21507779.397251602 10286.826877941008 
43094.21814999849 357463.25708889536 41.819508289312 
5250.737762959866 4593580.611117388 2437.7423051908117 
5250.749385156594 2683368.735306744 1774.1236404776614 
5229.5681379503085 12391296.837364899 9846.353146174662 
53038.562682002186 349726.73849609954 59.50437810565113 
47198.15285997591 664871.5731507376 41.962591923117216 
5341.787648001868 2250244.101683437 1471.8280782444274 
5232.856416583032 7835132.019111076 3770.0724992586424 
31546.396950124537 1106771.2309495406 93.35223215633302 
5243.507877760755 3448583.5211827653 2814.1078234915426 
29727.383314783707 589444.5002484117 127.47353700760125 
5576.382437949225 2009397.5515115447 1003.8960484373573 
5233.9211389250695 11459920.09694237 3513.183441404029 
23880.882743414943 1006829.4563670702 172.4777364958268 
5234.829388332089 4013999.7546241647 3108.441517545284 
5797.332400263013 1776472.9399040753 761.3398392999511 
54535.92249243945 2053906.737067736 34.85700078561286 
5565.842514106296 4992970.610754881 883.5611883742702 
5234.610099672277 4347949.080188811 3049.1895973421233 
5233.6158709512865 11482757.177604487 3681.6577275921877 
