11857.120551016324 951622.3378371071 310.5497701938266 
9872.971650659785 963157.3407402512 219.28865108892185 
20273.355378382923 338458.5314807368 101.70762369860275 
24966.13906028129 309696.56962335855 67.05181861304153 
15629.784875673304 476523.81807913515 86.09325262409507 
39209.34511475141 278597.5849016532 50.03512456490084 
5822.475956146237 1945444.6126022576 828.0575930196482 
9054.29796199422 1279499.4324577365 419.9530622728091 
103466.0084452207 759797.9738527157 19.556777674564888 
5259.307740864203 3914850.197303232 2023.7250294044873 
5236.207867515741 3949132.151832946 3293.612129219351 
9632.12877060992 834840.7494007084 306.69632996864704 
22804.15819411811 331605.2158675989 42.75340230649915 
18646.817713517616 457363.0171937147 61.88519345590655 
9601.934958280068 796282.6552965442 246.12316576080875 
39487.187690207356 255824.75546556478 34.693437133419785 
16856.0209100436 407520.6175145096 121.3711677312013 
5230.486735967852 8271831.450849377 5614.711777251165 
5251.078186259667 3615912.7284663757 2117.100795775282 
5234.612026783937 6825593.161803625 3498.0642617402445 
5240.021881272587 4524659.4411644135 2883.2773906970524 
5233.8587825645545 6899162.347206237 4029.440507746191 
5231.935374191687 6582472.544492699 4710.71104708287 
5234.374101681802 5552323.723744303 3833.4233357594244 
13195.308520190178 1033602.5748529625 190.44090663832498 
5246.666194270856 3727010.0408701724 2223.1933474187535 
5375.859209587787 1729531.2072066232 1328.4262084845943 
71760.65451777569 215478.5928302214 22.55937740352472 
5237.3813565095725 5243099.386675139 3013.691690985176 
5303.264897104049 1625176.2344708382 1389.9467550171562 
5229.555502733507 15110425.89454061 8921.767869364223 
5256.569003854205 3511047.601968042 2091.6324521365423 
5232.5757553023395 6599964.151452733 4273.511813919301 
45312.53913365993 255278.79642428682 19.27234801575193 
5229.661849483446 15713830.688281778 7771.04749380943 
18017.034477566332 590359.3649571197 72.49379082617637 
5231.164189933754 14016708.065523716 5061.216247015163 
5527.324115906977 2489110.58228488 1113.7662833925551 
1003964.1593014132 153969.77874413857 8.93882433618127 
167304.0770766099 198955.09141817415 3.3724607519394327 
128737.89553115117 271779.9248991594 8.172484336734271 
148695.60309635135 300253.33276885195 11.954896345274701 
5242.461608548216 3671515.5067364634 2813.232175983181 
5230.339120202759 8834367.537548043 6653.0745406849965 
5238.127832336102 5085062.5934695825 3043.430384348867 
5233.5591181778545 5518193.119899214 4093.3161473993277 
5230.455887377544 20592877.873555653 7094.806494490683 
5231.256485888733 9445003.630319394 5432.348147319129 
5231.465339120497 10889082.340165846 5315.026423010376 
5249.806876972567 3678237.4677488906 2396.291806047104 
5230.451008894529 12388394.645698272 6353.299732264413 
5282.347528625019 58402347.543585196 2678.983640848288 
140797.21830494664 245689.91850731077 7.176645795958418 
7476.431468984225 2483896.496198878 771.133720052934 
10377.569004230614 1075356.149518067 185.64173137600568 
5231.821588872256 6009942.024948052 4840.670147231192 
5247.735951553309 3032574.008478903 2486.460277359937 
5235.252684067268 4822859.135905154 3546.033233960799 
64689.42733487129 262314.24564644333 30.487876983489222 
5230.296207447478 54648202.67037878 7456.481994311652 
5231.016744585654 5993530.373386326 5727.638398195997 
128523.41034568632 283661.4093171603 21.274156688982476 
5234.23522830792 6770755.907574638 3902.009030896674 
953002.3942380458 166413.25092660246 21.87297589414965 
5231.414779093064 7028663.012384854 4883.538091666849 
5244.220469767178 3680586.1662384295 2383.455197007487 
5232.3804229542 6345541.364108971 4347.167595392509 
5232.539331393553 6825758.522706903 4240.519501380443 
58895.0776094261 253433.56354287875 33.64846192095097 
5229.588913894236 51029320.22821734 17781.553163287488 
146250.51682947495 356687.95593227394 13.931933906254157 
5265.879418209706 36929150.832721375 2106.4519521520306 
95810.97266005816 355645.30044549785 33.47391582101074 
5229.948576788175 17088027.898015514 8839.287816902288 
5230.490848786116 22383427.11134281 6598.160138881192 
133935.30722767033 1090534.677455636 32.45799788384302 
5230.475949503487 16031138.331042048 8130.2110148097045 
41399.732108132586 389841.7398754473 65.18875606435545 
5231.836435783734 13321725.836478649 5300.951721945838 
28976.41020173542 374368.201408072 80.69523451955772 
5231.054517224254 9913056.74841335 5575.2402023098775 
38776.7613108512 417778.79072303674 55.113451716851245 
7116.3665575588075 2372469.5398399527 1365.026087929275 
8027.87287555176 19202274.446017087 780.9140014780796 
5229.7332742427025 21366587.554677866 8418.381018153746 
5315.8235164449125 13804770.083333982 2005.9943601706423 
9538.629923742 12546620.447303187 960.5005405040258 
9720.114861049893 805746.4196434906 341.579089425214 
5229.6688809389425 17320433.10622943 8699.932221500461 
5235.391900277509 5609091.492330328 3867.1127188773016 
5229.808965200615 19437220.934321795 8378.29430876989 
5536.426201905948 3471976.9856826905 1174.6717413694485 
5230.902353649241 9018204.937115498 5749.222570454973 
5230.639204936411 9712518.141662909 6058.627343529863 
24523.91827263569 633776.8249430347 61.85427792849511 
5336.295171150174 10529691.05110571 1850.9619223489776 
5232.286963489755 16634706.958770644 4973.822957870898 
21714.827687090823 828822.8509464214 94.72585793065188 
19248.621262043293 643432.21086081 171.00771846426494 
5232.562484299643 7020756.785914598 4451.7186983443435 
