8932.35697231195 889382.015607101 422.29979925305133 
5278.303316238924 8734752.11628867 2467.5200407703237 
11609.377299438294 503629.46573145146 125.2601740098459 
5271.277723391455 7653204.324352362 2478.169354133579 
5638.980392725097 1825323.1291008696 914.0031636926676 
9362.169960777233 607883.999700654 246.35014705080943 
7436.2186442447355 1155019.8001256064 602.5467077818494 
5273.978664420489 5459705.397025421 3068.578786965641 
8277.282857500599 934513.7237883492 377.2972578011167 
5230.158189606471 72900522.24294376 15011.072268022734 
11431.483871137276 511607.8502140069 118.8507469861739 
9241.553170106301 737350.3519893489 255.9799146103462 
5270.177904172102 6835253.694508292 3117.614137611089 
7303.84165078303 1447934.6740372176 470.8842086178314 
7512.841126369176 1404938.1441286742 533.2997376053371 
5357.565039319695 2244612.305265469 1074.9336574493686 
6105.548382779697 2226835.159801641 640.1042891082864 
6184.320661144788 3877930.838210772 622.9274566243341 
9142.4307430849 1049092.681458007 335.7855909597397 
6109.679944570558 1315401.584183216 834.1482873687933 
25653.84233221432 326953.98580034915 102.17533606436736 
5237.770028764396 6467431.729930534 4076.6832573163497 
131518.46526172056 208768.42903021144 37.672505425975025 
7666.782681157355 1129962.0122005302 550.1783155596378 
8941.499629291737 1302453.2206032237 339.4102736657721 
25259.69708665605 386568.4561319371 77.99258808356174 
5301.062112764119 4346478.8578578 1728.8007259091764 
5918.351873873401 1661702.9668121077 706.2528324777621 
10080.783673834916 531433.491602733 161.2408886699235 
20130.967989725214 825903.3177421702 82.6866299140536 
23295.916514837892 434148.16526238696 154.37374756118936 
21304.81753228174 472965.2897334517 98.36347651151111 
8223.484999154698 3581342.089134587 513.3434899266125 
32674.686575806634 793176.343073888 74.27924431765808 
5232.458294065021 28127285.377908852 10994.009251316744 
32461.552619444556 297292.3855750827 62.780676315195365 
11348.848396101559 837192.9461095772 115.25274228064029 
5231.734723742232 51666823.99949551 15359.628783389815 
5292.798986518948 5902250.941009062 2377.77727686613 
5283.709772867116 4943186.704511039 2629.1140659906887 
14024.596356404138 449804.3578927882 107.26078495804933 
5260.498939468507 19107192.54993204 3232.6736476817346 
23288.489440704332 435355.53338680323 155.3124236123902 
5235.604260432188 12779330.964949485 8632.626329940264 
5880.004980397519 1859678.0381968282 681.043766411689 
5255.656409547864 7154621.857682919 3947.945287793176 
13395.523502706856 534524.2480044016 109.88973096960846 
42364.704782601955 230360.693313331 40.99272502208385 
12917.234947752435 477643.1050702658 126.7877539437613 
47355.85593380861 897714.9757808812 27.448202422973964 
13551.298381558354 510996.27005273 96.26484651656543 
5231.902600042988 20954366.964727156 11860.442476742348 
5242.560620796472 380649924.9610506 35560.680360526254 
48842.84318228059 1120075.1114636306 25.9267940768861 
17896.36611244595 462827.74563034374 106.7037946562427 
5272.921583444162 6998124.050066203 3236.0865817120484 
5250.126113598755 6678367.873922156 3555.5098706366607 
5305.862113241014 3086394.0229969937 1670.4593663331766 
5243.089806491143 14845806.779533392 6930.95343000923 
5265.466329489941 9336084.500002498 3089.0329069551995 
94646.25668097952 880757.8060062982 122.79695266367177 
5234.883580880651 16057469.053427493 8551.750054860548 
8477.825162061254 4278215.7094935775 384.0666902409338 
9107.633939418049 936495.3865998408 386.5696850327297 
60216.36265646333 209782.9579937737 19.540689709907138 
5230.6480702475 42919517.29093043 14697.051623932573 
5232.804128801318 14647172.136293208 9109.991176780002 
33670.9796839575 443017.60041464586 58.522573415488296 
108819.15734793727 878746.9421150446 115.07696873110646 
132461.38532945942 264836.7659752451 23.80903080429244 
5230.890105110616 83566046.28315602 13090.576391533647 
5233.0305920023575 46071060.914321 11428.672519639571 
5232.125744476507 24473453.821381982 12958.827896429786 
5237.102469417674 34534364.25882112 8877.733403608867 
5238.3491576210145 15532899.33528705 5352.368315162891 
102449.35967807284 1026390.9253743619 108.57583884644124 
41962.73731853289 279762.6652778745 33.209751720860986 
5233.083110014037 26090196.30756923 11792.380078362557 
5318.114719732704 7256947.662832726 3803.8307646782723 
5233.5486995499505 22741767.06339458 10257.69395894166 
5239.41665079415 10487319.836367898 4796.523564005163 
5233.545214042544 37500692.779461354 10691.825086039751 
5289.685618806099 8914103.429442478 2674.5854978482885 
19002.16177065339 456777.76031391585 108.5004721949125 
5904.7200048730465 16369814.42359689 942.3136471444265 
5233.354545930033 19486018.77239217 11022.177265650836 
37847.980712025164 535624.5437151872 75.29328068567023 
22448.79041225794 480745.8669402635 100.08971401656726 
33964.54959567505 951646.1460598516 70.63665382415998 
27055.4754682544 383634.6469309445 138.13408623228625 
5334.357925131101 5978517.732977852 1984.528165102419 
12664.498646059948 545254.0596417433 168.8134646881049 
8224.160618465421 3738950.766656002 584.7967358776347 
5234.956607271343 19450817.34506008 10710.892125435428 
5239.567597538686 9059157.439714702 5213.322260488586 
7339.5627345726225 3396406.9897424537 1092.5589179679935 
5365.0713590962605 5190381.062723484 1894.0731289229186 
5450.488060772033 2346879.457337308 1355.4761829056276 
30942.19723333413 431422.9531784664 79.02803010128002 
5386.431353719885 5706953.359940709 1581.8070414989988 
