9211.641303546905 882314.5174223849 280.6751624398976 
10347.49010639308 685350.333597251 194.03251698995567 
10227.94644324862 713455.5260665924 246.3024006521026 
15857.616902738348 531786.6916689768 105.40358188272543 
49328.0610700301 212636.38462421135 10.401630695644913 
5245.5247024439905 2442107.9670080994 1730.6784039192949 
6892.274717019179 1328484.060382918 431.20960001619255 
5518.646524085758 1182173.6714926038 677.2287339141526 
10471.73991127536 560333.9973196791 152.4469459031289 
6420.950152603047 2049209.2831875759 527.5693142765427 
5234.869813894588 9058991.419182928 2858.711456334788 
5241.8483385329455 2107578.7973324745 1761.3999752929826 
5252.949285486834 3356442.0456669037 1392.2802721516462 
5230.370310201994 13074460.025617627 4975.139519924643 
5272.994703115826 3709312.89549549 1177.1242365118896 
5229.558877580463 18697878.300446376 7722.436805731548 
5491.338393716977 1553955.5701252944 1198.0126497781607 
115148.59402025897 169150.35724545206 1.3427862253381173 
5239.842670329992 2002944.6486206786 2116.9487110493747 
27751.966222252566 355251.45004544564 72.29707294724136 
10451.370970546612 1069008.373435859 196.7546725975624 
5231.306829217576 4758864.192392286 3953.0998512329807 
5386.627656066103 1832199.6961569916 1112.866063905966 
5230.377512363086 5493420.109342867 5518.089384268776 
5232.633878335656 5156908.19988702 2947.673181152591 
18952.27908377175 474044.24322062655 82.26386344481433 
5228.981279456701 10188849.805288881 8547.068953129718 
5229.53650451226 6416611.970219978 5334.006303025659 
5231.2846020853285 8592945.286936684 5218.062161866831 
5380.04941941753 1971759.4157039388 1191.4073227198537 
5232.784569445063 4451496.361551702 3335.924944051201 
5364.901214152038 1779179.8579880763 1266.6079854522193 
5232.464555048229 4225647.914462027 3893.5486221492943 
5228.3246375867975 22412309.762439918 13390.779590411521 
5228.68424203785 13030822.229665266 11116.330754211795 
24518.057945637367 388159.9805453639 73.09612998346165 
5237.773337714196 3673493.4220465985 2322.9241457641842 
5364.274794931605 3726295.1721749934 1125.3558456257265 
5232.30995065549 6021024.749890215 3884.1638525053904 
5228.116155877686 59473811.9601088 15549.157787569056 
5230.318232412514 6499206.812112734 5005.961282509931 
5228.557634411769 14131235.070941783 10682.74063407966 
26475.464555865667 403641.0758977869 46.67579123621953 
5229.227824125881 9855713.721582277 8138.879542862757 
5229.062813724032 19827734.54381316 8191.861957509108 
5294.993261657194 2002522.4174044575 1243.2314443489527 
5234.530867686448 4063541.9264569287 2780.332148771609 
5404.031028246556 1687632.856700059 696.3547545017118 
5234.08684594576 5064283.39251042 2830.4543233079826 
110604.32226649279 122664.98671540499 3.0975353861234547 
96900.61679770137 146050.02158736312 4.650089298950115 
5230.347330166384 10670978.304006316 8738.59609650156 
7661.3372229890865 955080.5118059112 594.6169144474915 
5234.396328362872 5275188.849946406 3033.8118531479554 
5232.385564977353 4575865.7476455355 3895.428584398752 
5228.723744894111 10327701.132653272 8374.257649861996 
5228.70827630516 12918528.347239643 9701.906666671066 
5235.496494464023 2924444.0295477263 2654.5946055941417 
5269.215303559575 1442615.3793875528 1382.6448271663628 
5248.167512532482 1663063.8392769743 1552.574635543719 
49225.0774215196 211495.38358944855 14.904495488163356 
84181.31358918926 382226.8328834886 12.324394114118132 
5231.240197026312 6428009.918529317 4787.876107791341 
5238.02291469631 5306724.697276939 2225.3330268315394 
5228.353938069788 201384699.0783794 27516.05711873061 
5228.19261684404 186909149.26052716 28291.111245706445 
181241.64236641215 174788.48202562355 3.559904578443084 
147093.05829592704 124650.22685926511 18.747902215623732 
5228.648132788232 61454767.46125964 20946.25117744615 
5228.6932961728535 25046741.760093037 13157.446610330804 
5229.871655832348 62912288.80923546 9805.128089847558 
91960.6177683181 315120.0364409586 18.92996565891474 
131453.76932937664 184742.38631072393 15.038208371472086 
171868.7726984306 187239.24384507543 9.296615392552113 
67258.4758655536 710706.7846473654 78.17065106095163 
63603.28196692368 333081.55409395177 34.91813397696436 
110619.11186854944 189870.76114936217 18.59559167851683 
5229.0052035590525 14663771.144822953 9555.321443558885 
5228.763706149344 23515029.553575788 12745.20972299816 
61554.67571832608 487862.8870540244 51.91423378705201 
5229.571322957521 13271578.40547044 5915.955423097564 
102840.25505703152 199094.39285390568 20.52152968896714 
5229.362664483831 14517648.680631131 8225.756099516579 
28252.610067137466 372028.1633289781 67.19640330566932 
5229.700696104788 8857555.746774565 5377.526549634396 
20655.12658877197 490884.5221204783 103.88524808586563 
13779.599550090228 1047367.7024083806 219.84626006148065 
5231.588178283928 8629573.956304373 4424.194141549316 
5237.882009815739 20128089.79570604 2428.0041294892862 
25261.673368649088 481751.20495875634 99.16325577092822 
5233.7354738555605 6495040.409251713 3396.937011610821 
5234.639343216587 4444442.212928445 2968.5325429935824 
7650.911267996115 2600178.251318307 1002.5398216122093 
5351.340047788998 17158029.949469134 1635.4336156890954 
7713.134986270131 1604988.8423829284 635.8787985403834 
5242.2596527357955 2128134.8198684645 1839.7708110832614 
9223.692421346452 964864.4622253205 290.23973994262917 
10524.473543218492 795435.0569756944 251.08147090770325 
5232.969831503727 5403839.441413869 3766.1167971470963 
5448.352257156493 4856529.797729667 1187.3163138373582 
