8818.646618923607 609615.2630615197 226.91899500466374 
8254.485965524942 2283917.2981867306 460.49165211205997 
15327.422519230426 318166.92449907854 88.86084677364173 
14429.061177535556 382334.5078575396 135.15136803060327 
7623.822510654062 2386150.326706325 413.06888757763704 
5323.097948703837 1718251.8425349353 1083.8283016836033 
5398.21708999728 4623442.379414958 976.9516116296643 
72580.32956982781 214209.69201361443 48.43634706626741 
5259.732452443186 4250109.587513742 2170.9241519549914 
92016.913011194 221295.10394187906 21.986980976402275 
15281.695028365639 474475.8547876456 77.10626978181526 
7473.0791904269345 1092587.4085236248 554.3853175890174 
133306.90228820092 233849.29182640708 11.938697037492911 
5402.356869271857 2253141.3336089635 986.7804944378656 
5456.939807883294 1826191.8984628231 878.4281028824305 
46704.10675243334 361999.67724423687 62.60980637348894 
5258.141405568914 2398517.30542589 1653.2671284845635 
5241.756533591872 3542204.650065241 2237.4478778684343 
5239.198860270149 5445601.242838775 3140.578919754132 
5248.50009201762 3940641.039026941 2173.9908888090363 
5314.801507941629 2224553.0427592206 1424.204632420051 
5232.217740302635 4546633.918512046 4626.571145891467 
5234.185784951648 4099233.880256667 4092.7427549283175 
5232.7673557839225 7401392.138241554 4043.635634694969 
5447.951543854901 2456377.1222627666 966.1465659405957 
5606.026568164977 1390377.7478869045 595.3254619737686 
133155.73368311796 540199.5707891763 3.3305827615094383 
10857.451966633758 381540.11150427896 155.90640688207583 
5234.989663467446 3947420.9266247256 3311.476724777958 
5234.106177450282 4609321.009550629 4043.6839199514634 
5237.740629863801 8496755.510843096 3431.4688077190685 
5234.329317692272 3776456.7567872917 3764.368154464868 
5434.394318211002 4076378.366335526 819.2458107330708 
5239.560050728289 5197357.596173571 2662.006776689038 
131580.5240155428 304253.9517383204 16.19671261963798 
5249.959887739182 4791228.411098645 2045.9848680977595 
41270.563133821415 627412.022065966 35.22059427576336 
10488.437090670117 1057916.876136226 292.228138447514 
5272.9655961605695 4359543.175258718 1499.2513622023348 
5234.595330010626 5824129.799519079 4745.025277575736 
5234.430863140274 4367432.215893293 3631.4565279040758 
5507.681069449889 1816181.186628766 678.015975207768 
94154.86920085049 349342.1639424106 16.74653600385708 
46391.17585515486 706374.5073139715 47.88996384260017 
32793.7450895939 593143.2202080758 93.85082212340232 
5230.53733212288 56869572.59663239 7111.678698621647 
5230.9215967578475 15351033.062413132 5050.596731064042 
10453.889906889115 1543774.5872457668 244.61232895353774 
5230.712227148741 49643649.47444887 7253.754269633917 
5231.501171906432 14281806.2245706 7037.175960129318 
5308.060578878665 6679390.863777395 1420.7378572183745 
5299.700640477351 4510221.855467256 1457.2740256671145 
5235.258269377202 5755587.91479291 3363.763283186082 
10132.84576127118 1024074.5132671627 298.2634642265708 
23371.113777945866 296968.4690881518 49.9332591679794 
5555.691100260367 1715164.1291785724 870.3211085188111 
5287.727441982973 2752744.032062378 1570.4170232809415 
5237.82454461482 3767503.585508531 3049.799075898372 
5232.246464693293 5785241.400773901 4459.176021109472 
5230.089346418395 36421865.42797855 7269.855350669484 
5237.109580836175 7361735.66723338 2930.453038637114 
84377.53611005147 267352.13576706254 61.21235327471153 
411719.85840813763 1133089.3428296444 59.168317077551606 
5231.429604430226 241040869.8418969 5815.332119987781 
5231.082665339569 35210689.941084705 21257.678993990758 
5232.445103195505 27526841.637310985 10287.87218057813 
5231.9839276215835 63270882.51953551 5136.9442927079535 
342577.8453895085 1206804.1205522849 21.13985942006316 
130953.81999581544 272945.74117879506 39.613795321438545 
5232.428760771619 55133787.276005894 5184.524559804158 
5293.096186052686 18140112.29436853 1820.5025811535097 
105860.00577618954 310376.7562751981 24.343325281871515 
56403.41048131104 338845.5399582989 26.13359365582083 
5239.148512419888 9552585.189369705 3442.5932691790713 
95798.07028871166 317531.9833621706 20.674556873523123 
5234.796727910015 5673619.322619794 4245.151895496127 
5234.478241527838 3975674.5770035563 3660.022395525595 
5308.776292171025 3436453.9195987387 1588.4610443493088 
5232.505745775081 8358688.756110684 4573.062928862489 
46124.345696656805 361153.0132971671 75.6217878705737 
32861.791491601696 440272.0402881127 79.47009826800911 
5370.001561499374 3013394.801931428 1063.9234467075933 
40838.78763909931 360511.9682056395 84.25489699060869 
7675.265364797111 1271514.5782666039 583.5507838740872 
5240.9606980782255 5227438.795733523 2896.3688485264406 
11078.338962456935 408344.5308608146 175.54523267768732 
26938.667948362065 667020.255292788 52.79250080314618 
5232.445588245382 5434975.213123351 4856.896847143703 
20722.660189356477 477448.51202824526 140.99763800599968 
11786.769700936657 552112.0237022206 188.9551750103432 
54942.52996087626 605681.5600556269 27.485745010622693 
5255.401674662283 8511850.172396086 2192.6232857525783 
5246.585771443158 6246470.42500844 2333.0190772452115 
5263.812017728525 6349935.680943131 2011.3119108920976 
21594.163479014835 330920.278712202 88.48563021946762 
5578.959000198443 3077928.643596634 766.1866948758756 
5489.101218671647 5094159.040281046 900.8122052525068 
5242.703879773053 4907079.572689604 2906.3566427544397 
7609.420056969169 1720964.4051782012 668.4427700883853 
7323.462426775617 1526556.6472686399 696.958224040292 
