6215.819364709361 2094898.57759715 727.1781280328112 
11910.15432691735 560593.2008894851 162.59650751172063 
5301.794516899237 33741937.73467193 1523.4596005515646 
9872.554341116573 721190.6022244027 189.54074433174281 
20273.355378382923 338458.5314807368 101.70762369860275 
24843.146143903752 290675.61619678227 63.75774585279544 
14066.661998387015 498636.891944136 95.06027601409856 
39136.63986246028 284873.1815811649 52.27771321550019 
5570.212432216268 1788593.3565486893 960.843096512991 
9050.312985623776 1329886.96577497 397.07342497193343 
98199.06126065468 148666.0859152255 6.502709725947813 
5259.02266103216 3668183.792916394 2017.8325274313572 
5229.617404938038 14543567.036683341 8116.41106812238 
5233.118032235478 10114371.416329589 5982.003680575431 
5235.552908898328 3617501.1287556128 3327.4043006076513 
59020.2413936089 220869.61390542265 31.972757421759265 
5307.615102754862 2966034.4006435615 1897.4227787150915 
9571.664136942174 907038.6022605359 265.64867425279596 
21035.365557749188 326725.9614642116 43.75335016913964 
107808.55004082083 184941.06557906617 4.210228878040561 
18654.238524854398 460339.8767856794 63.85982759221084 
9626.346720816862 779568.968078347 243.27069235755008 
5231.242350996342 7630546.973579551 5369.140352726979 
39471.052267025225 255799.61733197037 34.693437133419785 
16880.643054906177 406560.90319489606 122.52178743397837 
5230.1666289752875 13691820.815110037 8094.228728693277 
5250.4564676705395 2644149.38481789 2380.8482527676906 
5238.547812858596 4750636.070309373 2890.865086797909 
5234.27596014791 7281470.788083405 3787.901405681586 
5230.616169011559 9844699.891085934 6088.208118350946 
5232.428423055742 6981579.761622091 4727.538780262194 
5230.783008607484 8661593.424071841 5476.82942850561 
5533.3223348916845 5850979.680471087 1181.8605037256245 
5326.796420512507 2132751.8691116725 1403.733134582082 
5251.078186259667 3615912.7284663757 2117.100795775282 
5319.382697892525 12031230.205360962 1741.6740446375286 
5245.790670697173 7718206.617977621 2623.7084094114707 
5234.460981407109 7073544.218806687 3523.3310415138967 
5239.946068877561 4363075.267804782 2799.9711109564673 
5231.555806692396 12332260.16875292 5134.4155146359935 
5233.98909262622 6177527.119360214 3991.9808010764755 
5231.98537157974 12043014.586159622 4842.667781600307 
5234.374101681802 5552323.723744303 3833.4233357594244 
5274.413533009545 3205722.554413424 2259.0426081407463 
5229.322853741358 95598235.76768348 20325.202890554046 
5261.533708974382 4369224.908239551 2445.3378199136937 
5233.015428209603 11506121.847987305 6363.464212520886 
13209.141775156038 533984.5045402556 151.2550863975749 
5240.138469311184 7403485.653642766 3795.691407949552 
5246.888655816363 3724744.1806680947 2202.086535702837 
1003936.9263157859 157465.1764738094 16.933289852494273 
5375.859209587787 1729531.2072066232 1328.4262084845943 
5232.351448322342 7027859.547225544 4342.650335501773 
5229.2570760641065 192523509.64323252 30904.696877175367 
71693.67660617662 217354.0472997936 31.978015514577486 
887165.8175860465 195447.74219273846 20.477607611598835 
776427.3988124703 341066.00325627543 13.142320426550164 
165705.96219501906 210753.97173236002 3.141516790158791 
5229.856631567295 13726891.064891636 8035.654347853018 
5249.286758991456 3637913.8203703975 2326.068034687142 
5262.220893454923 2955846.584934807 2369.9347578184147 
5230.2095267410305 12834789.50207682 7960.923771031334 
58871.06826934332 254614.48939591824 40.042906974183715 
5237.3813565095725 5243099.386675139 3013.691690985176 
5236.3176374210725 8283956.384588215 3149.629331002994 
5232.192682937801 10522718.951329973 5175.77563045444 
5240.536676577159 3928565.018321933 2748.0471534386807 
5231.8158922968905 9537585.059146374 5364.223918955657 
5235.318379627446 5461745.237858845 3919.1423635193137 
5233.237610623679 5656741.324950201 4144.9637774633065 
110155.30526803562 178484.72806335962 9.489615805297692 
154339.90516251262 226503.97064940224 8.725961250718854 
5229.203696240239 339560440.50551325 43833.2232350835 
5229.348081136708 111768756.60547523 22924.39015617956 
5229.270918401479 97789603.21636194 20773.947132513727 
67047.82100732159 250723.79564928182 50.38296376709839 
5229.665286903966 18480087.49063869 8312.566419160232 
135334.65406884803 207822.1993576327 8.768590963741609 
5380.410350510761 52226454.456220664 1850.451439213277 
31908.71550543364 566531.1279284947 49.27682317820133 
43034.16129704114 275337.7521112625 46.57965242037368 
51324.594993011786 269515.24018389266 42.38148414588229 
60038.215460872365 501588.41999474424 40.92891341150882 
5235.517129194226 35380391.80535355 3970.0867461572207 
21937.15105673806 356245.35847780627 76.94570197213896 
5230.490848786116 22383427.11134281 6598.160138881192 
18702.090999069573 506971.1381994712 102.6789935198197 
12957.444938545475 15034595.370227013 525.4553244807219 
14586.443490116568 2305703.0198781556 893.4176868636993 
7776.8120545228785 17905425.49488656 947.0108437656958 
10641.958228528614 5310753.941913492 1149.8757306312436 
5230.902353649241 9018204.937115498 5749.222570454973 
5385.812812941756 1720327.101942113 1382.7417367164446 
5231.38440579179 12449141.66119485 5385.479827137273 
5230.538397447487 10971797.397976369 7630.055356125125 
5232.441059914006 7924473.576411105 4594.973395950541 
5238.877186788583 18766396.121532414 3921.1500293605623 
5230.358085110736 13146943.628755018 6805.3148281358135 
5230.66880873669 11723584.104815584 7339.446368519064 
5299.622454518064 4897791.347364579 2192.7696740387983 
