8508.351953394644 19018.00195729851 3.2774279868777247 
8009.97606036496 129654850.85897002 52635.75302636406 
8009.976410351699 772102160.9757218 51235.00760370487 
8009.977698467031 15580118.711047204 56580.291116131615 
8009.976431234989 653700433.9797053 49370.865361430915 
8009.986907684717 276822465.48279816 27643.707047708052 
8369.371339184992 668139.0357222189 19.630507892256297 
8114.546961997018 40325.47565296921 41.86103784656169 
8009.97733636516 38336974.97312141 38508.33991047059 
8015.771132082482 2157445.055676096 12345.362267195462 
8440.177815126424 122952.47513775698 7.40553320888432 
8010.054761261064 5635610.977921305 4700.4547823482435 
8373.921783617052 191554.61160404433 11.07305054367702 
8460.262183070796 39344.441786587704 4.6861403640126 
8507.01524166424 47756.69603340123 4.3611838537594645 
8009.983397466761 78650502.01063442 29716.446837013427 
8009.976664401748 63261408.361456834 48072.73145130459 
8088.27997989772 38405.57705829146 48.76003887804274 
8009.976921297557 28702222.312565535 45558.31971478561 
8010.026069597208 10241970.629858846 13243.661178205524 
8009.978216806088 42953278.80620256 44359.654271118816 
8071.990744021892 98269.37830786673 153.16403579539073 
8009.9934983530675 28173475.964469973 20036.470040582375 
8009.988632357075 35653759.14998406 26010.36900458363 
8009.99776760597 20054551.957094744 21264.54542537371 
8009.9926751211915 11641900.502121221 32669.127424215378 
8010.002874612163 16386817.441644825 23940.001130652072 
8009.978063898257 56200842.80395024 39990.41233927857 
8010.466610552582 77990565.40640655 4027.2863205424637 
8009.976869709317 25048628.998811357 45071.53053135043 
8009.987354791223 72474347.20803654 25307.919923779857 
8009.990575994332 13542973.734346127 37189.19038987666 
8445.590966571608 52521.62541400645 4.505520096717929 
8010.035920173239 6995895.014994629 14865.666970908394 
8110.329622130279 48718.54123407218 45.887628929965075 
8456.62557972457 22360.484986372387 13.675293656412558 
8009.99491324016 22684544.392581932 19058.90575084293 
8009.983063355228 29371527.28483511 33610.9262947173 
8009.9886400033565 39527568.00817557 22694.06696062416 
8009.97799824584 17876155.6963333 50352.83279336474 
8009.978498130788 48561930.210339785 39855.73855204225 
8009.978562473507 54081497.2659986 38296.963013380926 
8009.989188435606 38694398.66200872 22320.76784155687 
8009.979317088435 38396886.884249315 40733.952626503225 
8009.979614336156 36774821.69726202 38736.67397237097 
8040.61389772648 12654903.017665239 426.5033419384232 
8009.976853936694 22275551.262899052 43935.20333517303 
8009.980139450477 37454805.74607287 31501.95745800826 
8009.979624243676 47141551.24089226 34815.48863495916 
8009.979153520882 75773342.77627857 36165.11623031191 
8021.536242315826 34799800.43772445 1391.0872904019022 
8098.924844662707 43162.248754127366 47.9202280023517 
8048.668620473772 13971555.764408248 344.5980573191332 
8031.40013568633 550501948.5772582 1126.0385972971305 
8018.448085510889 19456062.123198915 1752.187472249581 
8009.988048388022 40278531.77718312 24828.89376876908 
8009.980337051644 71709857.82190011 34319.78766247378 
8009.987699925852 22268026.735247154 28293.308751485572 
8010.7044047233 9213975.964138528 3386.106279768328 
8057.390882073138 1072796.0715392353 171.46971694172862 
8098.346876638439 61755.716934309836 46.73841257216271 
8010.802297359085 223748367.71251792 3066.937490451085 
8010.007225957603 13955918.725558855 15571.512732741368 
8009.985302017504 21891596.51144683 35356.99958865327 
8009.985302979872 26177308.95428304 30565.280238743504 
8009.9765899010845 325125898.5141593 50623.03131484926 
8009.985282825667 82119328.69074568 27868.626060977887 
8010.002193835487 19627889.10479846 18497.36953632399 
8026.289118948809 6259150.986832483 1296.9141457538567 
8064.795101299575 1220536.1047646042 114.74403041824026 
8010.008484616694 13531220.446871309 16483.474223194975 
8009.979773641894 43480839.96488225 35885.25921932711 
8010.002515316301 23282225.765721317 18926.32834558422 
8009.984606361149 52217593.73522785 29386.706410707906 
8010.006186085924 34531396.320115186 16988.560396193916 
8065.746826635114 263371.0401541047 82.95088180409213 
8011.040276515376 2362193.0900481623 2161.8983706774543 
8050.757865191839 1245811.9494016736 238.93980661012094 
8009.982478214374 64010256.759777226 30969.920102336946 
8010.357734052344 3749298.4973783353 4336.173790201423 
8054.546331329189 680525.7959580094 172.39328664021195 
8028.504505736085 9292358.178697499 1153.8173869280972 
8011.005916809772 3651535.009173046 2332.2204709276134 
8036.59176518359 5137499.774770585 544.4754037715093 
8009.986940149591 21257035.204036366 35995.38851795413 
8030.847380180201 15339087.413366467 1031.7031101656642 
8010.007870412808 17967053.56824006 15386.274863078692 
8010.014035718012 24143766.926352177 14937.41190569295 
8010.0236755953265 9997956.213422246 17972.297802887453 
8010.000828531368 16796340.1893328 25039.375352498402 
8009.995801545787 18433828.94967995 28781.34564004151 
8009.999738664192 24063181.882523604 17910.20242596538 
8038.0551141494825 9574895.080776535 444.1535688949765 
8033.580833873009 3205475.011853212 1971.3595531172332 
8009.980511152876 39884365.54953325 31364.82747195267 
8033.34238659939 3557269.975304538 650.6070478646726 
8010.040778969485 6875511.341970729 16602.744190014302 
8009.982705885186 33731293.77905032 38521.10667877998 
8009.986792953325 47756316.09380415 29054.193852276163 
8034.544195049923 385352.7091189625 581.7841878001834 
