8357.28026522144 11776.253798385893 0 
8009.9809197382165 36836333.15333221 30331.02527186991 
8235.605561375338 19489.051625112854 1.3993728196464454 
8176.726068450793 44868.26515011036 18.387133939425382 
8126.363608947517 34091.1167627363 28.769524904377587 
8009.978160768464 45296142.48665328 33723.992293514406 
8010.897216159552 2525969.405743338 2054.1038497763057 
8009.9974864425185 20632798.402795497 17130.191597630725 
8009.991007175165 29570428.9375325 20368.00368240437 
8010.002428391204 17375822.56473387 16595.313675907317 
8027.854113398655 497684.83534473734 666.9434163372101 
8033.7069946863285 5608217.914964417 576.880673095161 
8010.013316121373 13684663.841295619 13991.278095520189 
8009.990894741657 33102700.328625415 20837.70253253523 
8054.45881699799 299641.25425835204 204.5794481996863 
8117.123774626607 31019.952584532693 33.70623118253821 
8071.299052189801 53979.6526853376 123.05598028088082 
8081.472188013396 46059.275408439804 49.06419862302139 
8058.1651264267075 1557682.4213499457 128.49344942039264 
8077.14655719586 67038.85847018557 54.30911368596914 
8085.403218161427 38184.19725091837 42.87110362640666 
8092.731664708805 33431.790833014566 56.514206617200315 
8009.997562120529 22641978.61043144 17734.960570175095 
8074.775554777391 44265.54351337899 111.02955962769107 
8113.332424606897 37588.00617444769 35.751441342932644 
8045.58237240816 254536.50240899215 213.0589924933903 
8096.3650371718795 32750.554751841817 41.07817556115378 
8066.635362491676 62453.32656996153 80.2919037278352 
8027.6388198351615 499462.64964189887 785.8724389271251 
8009.9764701366985 54698168.06555012 37869.659436367554 
8009.979739751833 30458630.052426018 34941.53434351011 
8009.981456131382 44752416.86543984 30720.136901284262 
8010.004284951097 30498424.82319106 17619.39014013537 
8034.644173992179 10132467.095364373 462.0033892907155 
8009.989418826046 28114997.236640748 22147.540200219697 
8064.5322621728465 74810.01568337002 124.79803420811132 
8251.649426764574 18235.37700144217 0 
8010.0394293197105 9644331.030061748 13122.18448665364 
8041.273881063258 1292413.4689279553 347.46020276644566 
8009.985030924132 28863959.063225213 22763.726634228547 
8174.4095272191125 41362.08815177204 21.04042325914214 
8009.990610094705 60698395.64287187 23679.67432532611 
8089.245362234431 33834.56568285807 40.745872883922466 
8010.751052613081 6258265.359392486 5154.5471899188515 
8065.4369681339385 2467477.2205437515 103.87319128991942 
8102.360262345923 51854.931153016514 28.087344940836623 
8229.64907244333 21336.474916436768 1.4094410956648202 
8039.142234659686 2786999.941578452 301.9075665204797 
8009.983723549424 29259994.863794334 22776.902553752978 
8010.079180495557 7940620.778464823 11561.2647324692 
8010.01225464488 69793585.92586541 13864.731870195836 
8209.749170631718 18407.196357534813 3.193318960543603 
8010.013916828406 11185166.908957403 14328.791274951045 
8010.0147377177755 55468118.826953664 10516.666423949031 
8209.883345475566 18410.828372835465 3.1932701477067535 
8010.098924682861 7660705.013782985 11219.161190549732 
8096.79414211679 32186.245237726904 37.803004812844996 
8009.9949895746795 13051070.982373245 17977.81827691305 
8010.720465353475 6634033.172461858 6283.927294047386 
8009.976884447646 67331220.28266615 36475.02287931608 
8010.001580124603 9448431.343794245 16638.80744091403 
8256.94721411339 18049.905700211522 1.160369363395418 
8010.102391765031 2737324200.9440136 10289.478883339492 
8009.994579920038 15591078.399608385 38402.520450042626 
8026.022732143473 117779305.46480304 1171.836615764218 
8010.009548357866 23174650.43320219 15624.855755762628 
8036.693580084091 3587464.5594731383 521.7441540156892 
8275.905898789184 12680.89473589462 0 
8075.70128707692 57610.46703889661 58.73104065652573 
8010.022056329909 9683179.672036199 13167.68776083519 
8009.980532902466 2104033376.8211021 37877.29411857039 
8020.106214062289 7248655.385988734 1633.968674090193 
8010.082573814941 10710956.90997546 11378.535999088177 
8009.987569417047 21575286.92373323 24820.627944296197 
8026.431009583179 2138789.494533566 717.1339170101342 
8015.67342374339 48356953.68113068 1475.6067424174757 
8222.674700832338 35124.00198554947 2.3450417956613414 
8009.976009365555 24110738.73219747 41069.84887180137 
8009.9758901989135 19019380.358158268 42319.458354698836 
8009.975878752931 19629272.451037593 46400.001068168145 
8010.020653489025 16950246.425388627 13371.911465837384 
8198.396252283375 24658.8964315257 2.4188693303238478 
8010.024755211098 39312264.7956113 10934.915777314907 
8009.975835114497 19920241.541717887 60318.69762907702 
8009.975786514828 113624180.16835508 47546.633798468116 
8009.98287691449 29754474.74714633 30946.402885420997 
8057.2822555754665 658185.55409432 193.36799070508815 
8350.893877711242 16421.72281864203 0 
8009.975797267314 118471355807.65 176655.93493311174 
8010.087932853141 833159236.9054292 16838.57902484753 
8012.217585665564 22498903.773462594 48400.3304483547 
8278.285370402504 18953.204561772014 2.271289375500479 
8145.762947603933 97161.77491757559 34.97080124075217 
8224.801925052056 25044.738182857094 2.3979680042385123 
8183.823660558423 196819.24720850584 23.75192289222352 
8104.012665605556 44701.13370441286 45.913176311740095 
8043.274033599175 1688459.270298539 730.315418604542 
8078.2832168615905 1546313.4489532737 212.34354238426377 
8040.34561891069 5978432.257880193 3089.618856948351 
8015.940273373427 16682149.006096784 5070.017254735856 
