11274.84739002514 289857.8998337984 45.9093885305543 
8052.541000794343 2969572.408664277 694.6006671991016 
11288.211283133902 331806.8214942113 40.421184086313836 
8748.081880793265 709199.1548730114 58.38480322435907 
10406.156110094238 539551.8363417123 96.73436982519935 
10721.629177103037 522993.5354510808 64.0340052063758 
8032.589354181777 1723816.433108634 1560.6242282849917 
11291.95862366641 283788.554647198 45.73132725753206 
11737.532505425268 280091.24353114294 94.68222420637612 
8010.747819630309 43129215.37350524 2986.3561731077575 
11749.77897515292 268034.0702777166 29.10029285855079 
10412.033170737188 373490.42319930467 64.53389511126053 
11746.053275733568 268946.8632440638 30.725418782405693 
8098.779184828691 3143703.5562258083 138.9844648643216 
8010.73405772151 275424347.8804345 3164.1169337366946 
8032.544300075893 1419535.2694554368 1601.6128369615064 
8043.032177092693 941863.2369471398 726.6113030635656 
10322.423276611504 531089.0779208618 99.06531798991303 
11037.172136847204 992637.9878019973 53.895920060735364 
8010.529577849915 4871459.095624043 3440.0825984208054 
11204.83073346317 305838.0723959475 50.431828635684326 
11632.593137162983 312407.9797356193 29.20854331663431 
8036.972932248671 1223427.3231024405 1454.925090839279 
8035.596959501862 1144827.8845802103 1524.5356241953536 
8029.035698259236 1683880.1366597058 1642.3176427553813 
8010.317984740256 11524325.224477956 5179.888221663586 
8083.319280741052 243086.88420738548 216.88906202768518 
8019.1439210408025 3960280.428209805 2030.60588524777 
8010.878440509947 11746763.89704725 2529.1976418214626 
8010.400542101301 10301175.737373808 4456.437446293272 
8019.045205439581 39307597.65077906 1930.4797354209816 
8032.856931722637 4247927.928387064 1354.7630337176665 
8010.633669163039 17196559.11686179 3193.456620856982 
8052.545564387346 466677.68009943306 631.0849902841002 
8035.470443297026 7159670.053034614 1178.0997292252491 
8037.790659577255 4954412.540790529 923.0953500846658 
8084.855079242198 220494.6454098384 185.59222528201005 
11592.35144952077 295194.1836341841 36.327533533358796 
8018.963782354854 7213644.879631389 1741.0699952163818 
8010.4674756268905 20135160.037827708 4231.760529174975 
8019.1623449684985 7861729.224445031 1710.2712966623574 
8010.771267208591 3744444.1719987616 2774.1019754463014 
8010.637959754896 4590697.421750971 3216.6478523359783 
8010.480740349115 8948195.40281574 3846.4358243017127 
8010.509754378056 25005890.602891747 3705.8349619881446 
8010.497243287571 6261678.040568301 3781.963308908488 
8073.33314035269 323845.4911506925 223.73039014619246 
8066.835991761026 956452.7784246432 438.08603666758796 
8010.479373575744 12847612.976743275 3964.463870001539 
8010.493002306306 6671268.293846133 3853.471090094904 
8010.378620421733 10989603.034940945 4725.164876327186 
8035.267095714323 1727638.3852512059 1527.3433581110326 
8011.02511911287 2837913.8314071754 2213.1579630782044 
8010.519921899011 28166717.485108126 3773.856658310522 
8040.088935444583 482188.9086619421 778.1467767978075 
8017.109047149981 5302286.201791039 2155.6428165246953 
8010.84633666103 3793490.5385085065 2603.184942454275 
8030.938467626918 1953323.9184384518 1514.2330457707333 
8010.888973093202 3264236.289039794 2474.3854212553806 
8010.745549228773 55565872.4876718 3064.5599129756465 
8037.751058374193 1512913.1518561654 920.347207954404 
8067.849299563823 998960.4822226313 343.10827957031717 
8029.108433190654 1636165.490466071 1680.8121137325725 
8010.398419538744 8481628.408706952 4473.539362892124 
8039.25714107684 799350.474115905 1055.0502374838718 
8010.409989207055 8698871.728696143 4227.797915950373 
8010.302602134587 18171353.05431672 5514.471138751616 
8010.440903277893 7944114.937315476 4264.1541821993005 
8072.614353999777 929490.7996660904 290.90740002424263 
8010.314447350776 47184908.18003034 5478.521750079267 
8010.761114421385 4166882.949219116 2824.0070207324998 
11036.148366452015 402518.5845226494 55.93562849018698 
8011.036371320685 2466837.964247024 2180.8659368469994 
8011.026672695283 2371407.693920428 2213.6317911109004 
8010.560985665463 9335063.295408443 3365.141334182222 
8010.581733697401 4853377.562214103 3243.7979448787037 
11368.401327132178 291865.8771233476 125.66574786944261 
11781.679056725949 297197.06976618915 37.5824089196205 
8010.3796167542405 217614114.7161177 5427.362968763154 
8010.303733447587 80051555.41552982 6526.474766320949 
8038.223845475353 145666994.30486822 983.7413663083295 
10214.541340077783 601407.1558324996 157.7792311460358 
8866.841614251098 1484631.333055803 121.74774941390285 
8010.334323375934 11610115.63053494 5321.022206202592 
10477.463102454634 569256.7621683164 88.27253332282801 
8037.779506325562 61493271.569113106 1098.0284923574018 
10865.343492470425 1014080.961653388 82.93218172674923 
8010.931126617593 49308655.7916951 2639.5559116768864 
8010.463746764586 19456233.35051264 4411.163546850931 
8010.405564882078 12567902.142056309 4910.438718819542 
8553.121800276347 9665025.378631786 109.97130697802896 
8192.132768010548 745675.0690077475 128.91016702550127 
8010.434084623834 23083211.484648153 4705.338095411694 
8010.748079212116 9463187.46235389 2993.956723345083 
8010.590759312466 19186737.460512925 3420.5333424156984 
11099.690797103034 364830.72161471256 107.99652042914612 
8698.734168735526 438046.6829208686 197.01990444847831 
11542.040709670482 312764.64883858187 94.07171851915555 
8010.4662295573835 10662488.481736034 4237.085751720185 
8010.52323821638 17872658.253255714 3850.3363795985006 
