8308.596589976449 12041.80288296788 0 
8010.073552201635 5101106.721962625 10225.253681886943 
8250.038786454626 14736.724769850338 0 
8210.471326397848 15229.317192424338 0 
8266.664364568436 13039.53381048557 0 
8305.586579058949 12616.447231488772 0 
8009.992333327924 19108103.072314583 17890.508261909134 
8009.976222748901 116704632.33078705 41512.83861166222 
8199.711657189291 15347.610064409748 0 
8009.981690003569 48367831.94764079 28156.78641842604 
8009.982463068443 246582345.04334697 24449.497780547143 
8185.026217346163 15563.734726192986 0 
8168.939054607914 17064.921645211667 0 
8010.034499184291 16148021.672237482 11761.23205818806 
8009.986472368655 22990762.415133923 19062.578926597595 
8009.982592181885 7108374811.977191 28169.64183934927 
8010.027869244005 51571072.70520384 13991.020694976138 
8157.828700621514 18499.289583195314 0 
8009.997107394298 17072767.159253214 16175.67169524785 
8009.9782840451435 17216170.06072227 42738.829125853066 
8263.154760849791 13483.731190591985 0 
8178.576229056126 15801.02938951406 0 
8009.97609673764 35388936.781605124 41451.25081406598 
8011.006040425636 21699079.775766265 8118.422234372289 
8009.994634774488 27371222.61498962 16706.394703921167 
8077.170592032904 40692.86222331016 39.67619932816202 
8083.563542069272 37120.25127148653 33.97898345265676 
8150.862377037214 2229364.938700422 24.409390713994835 
8031.867760773689 158060.45116437203 214.28238371904146 
8022.968217112447 432189.6656285942 419.8504831129562 
8009.977373702155 67679143.81606634 35251.33153099899 
8009.978156634919 516984317.9499882 33235.56200075828 
8009.978794425359 686752671.7154747 31665.238265763146 
8010.025339707145 9791653.496535148 31938.872388249747 
8096.211461980809 53163.983683677674 23.29909649829257 
8136.646637046706 20163.283836179497 4.434655261549281 
8009.983148769478 34855932.19248732 24171.585122439617 
8142.314102255987 22253.154092207034 4.074014096082288 
8011.130728909028 8032546.333995044 3513.480741916172 
8009.97583960667 24666016.96377526 59240.493306866 
8145.526718232128 22072.172768828823 0 
8064.448261231279 88922.95930993435 59.94916539713438 
8009.977345288344 41164530.60398325 35482.24041332187 
8117.688625164969 26369.099070116525 9.9502541667752 
8015.8341210362105 13586915.468472673 1154.0087935262306 
8045.408045781508 116044.33245610977 141.5655076566264 
8113.2916168600095 23543.56430586366 11.69590565598468 
8132.95254666217 20902.72936620072 4.4287065415562035 
8010.224538599106 3862557.3503074436 9111.056451374234 
8009.979240057459 33828599.39282682 31983.187932332676 
8051.772939176897 565294.4493176662 112.71733470212023 
8059.975024133296 53514.946198812424 71.69515154306315 
8040.147273881024 126868.74760201016 158.6959877669695 
8089.943174491444 31146.563032015532 29.827941908657067 
8009.978615498439 33577218.85525911 36141.30329850873 
8013.770382024721 1673444.4044443727 1571.683561287623 
8009.979051255263 58235707.84765279 30200.317218006934 
8129.533959507022 20823.721304756764 10.157881748785663 
8089.634847687348 49600.79022045053 31.176290470053818 
8036.146387989795 194574.7887197329 210.85943435912108 
8120.779698668106 24258.913950092414 9.944985667921548 
8009.984958856395 127877226.32216386 22563.105775470678 
8010.268655769911 3032112.2632281315 8964.888599929489 
8012.655233509628 5072672.685977578 2166.9678824635794 
8123.986413618666 22522.23407357539 10.164164133522139 
8068.263921426835 75338.35212413585 52.98904378354651 
8126.552395366044 23605.620396538434 7.4682015551822545 
8009.977839892514 37920731.1864421 33352.40257955586 
8104.207969534892 26670.138364211078 17.916410518148787 
8009.979029196238 60310452.94858327 29942.467169939722 
8018.158550720924 702837.5174205772 857.7911943364822 
8100.974496104636 28854.37566438507 17.944806341581586 
8057.9317833412315 3073326.2925932216 127.46440971591645 
8099.291115913422 37059.2387429819 18.710126375728233 
8019.798133340901 2340983.07125015 642.0590733712038 
8017.307663971363 4311461.532001436 1445.561157394604 
8047.855433081107 78460.46073790225 114.75976416700163 
8012.189368371838 4801957.096018174 2536.6157970866157 
8012.924726984915 3075903.420639289 2897.5819051070944 
8032.82139925115 179665.77204220096 211.3415960353262 
8039.086716113659 157375.01463342903 202.76465083382436 
8020.485810789325 387266.6330463658 474.296578581557 
8106.160930790968 24458.755735007908 19.734495831979416 
8108.0840584665475 33532.65533809967 16.53537637457735 
8055.155537262036 79300.40185062225 109.06442657527762 
8054.42340418727 126477.8295036059 86.86862028836033 
8110.58897711176 24975.661002997396 15.242551441991278 
8055.337158153352 85736.3882758988 102.4160023398727 
8009.976943452148 39523094.04726881 35493.53858745613 
8031.743915385841 337474.6272888173 219.7525796531254 
8013.49087690193 4244335.08069417 2718.154586899165 
8124.359350194492 26660.13940323078 8.858128097751932 
8010.937177002674 43514249.647830546 4436.0079154510895 
8010.996447434385 36362667.116930395 7479.482721100835 
8010.004906052314 16343976.513050038 14681.024961646635 
8009.981930821322 5108875659.345184 27620.285456668087 
8307.741933516527 18530.970666171674 1.2679728231293348 
8009.9758525212565 1904226508.2035117 60584.78442450563 
8010.004934420016 440688652.7049685 15000.924794212955 
8009.991544547302 895506628.3685306 20089.568859693063 
