8286.936694330445 12996.118904584695 0 
8009.9761491392655 221400205.1003472 498144.2200809267 
8009.976205311693 43014771.1930979 38975.3150850176 
8014.643820598196 3552927.0524433735 1901.2725229538835 
8234.749364650494 14620.315151822495 0 
8270.614146091266 14437.905882606818 0 
8189.188911400517 15518.98795395267 0 
8021.692421352167 29253924.310511574 911.8836718058544 
8009.977870291972 65101783.09899703 33307.929313136374 
8009.980542799373 75385131.62424955 25780.55633750298 
8182.665369380453 16829.067885239107 1.0025173044665234 
8128.086199942129 22042.59885928276 7.447648947204459 
8013.920590289003 4462583.478834236 3453.3209034364772 
8169.150325294226 17052.784747496196 0 
8115.6348430524995 24937.297109822834 9.970100940072177 
8009.977883418864 71229223.38202798 33246.407103007245 
8135.0840120492085 23467.450183272387 5.772504510929771 
8020.167896014755 35626316.05914189 1085.6919827083807 
8009.9836998814335 31314998.27828182 21587.103077569453 
8043.401181715246 127552.50392733735 162.54742764683363 
8037.260063490946 175955.11373807437 183.90142464818635 
8009.977107636672 24935160.1930633 38081.093332855184 
8059.087617648988 112977.26771249865 87.72749152924605 
8071.200341742524 41221.63934471686 51.12902769809685 
8156.04706911286 18837.513183847044 0 
8022.765645447823 285238613.6701128 1142.80535290088 
8015.321895360861 3804614.312200561 1473.5816602527361 
8010.7054610457835 16502261.667570468 8813.459105763719 
8102.2192309734955 32953.6122190674 18.001425287632994 
8009.982467939174 45700460.63479594 27206.159558597832 
8010.013157353486 11468718.556917751 29005.40625720201 
8010.024788240774 8197377.692271321 12899.108019677557 
8009.988191829329 19836253.27587051 17666.905395528975 
8096.339006716773 29408.242428335157 22.82139144755444 
8076.366083917469 41603.153430985796 47.863969852646065 
8063.342458412359 56785.03308194297 65.26181523132483 
8161.282212591159 18103.900273666914 3.0960931555137856 
8010.041807577131 11230208.423568008 11661.70946903767 
8011.3380265593405 4532315.508777093 9330.898806563479 
8087.068925309037 34931.79438828987 28.486741652293126 
8112.030460058599 25461.84077321329 12.35771640314949 
8099.534623776767 26863.23590416607 21.238036410075715 
8009.9828353913745 38488837.58599834 22695.611461810742 
8083.390139189769 38294.28158127772 34.4582796790917 
8152.055245393331 18544.100833923174 2.051195084432205 
8081.200800682638 36313.774244332344 39.87127748314449 
8033.982630965513 183856.2213491015 217.05893095033633 
8089.396835679005 30244.746819669854 28.511274791125842 
8009.980812140284 66365557.664751045 25282.171648123014 
8009.985104434831 51170491.680344544 20977.4955442674 
8010.024117007325 34234915.564457335 12430.392288053547 
8050.309015369909 79533.43761543292 117.4799637334183 
8009.996351350816 20998284.804233953 16811.81510832753 
8106.090309803323 31395.9040225224 20.528206744598833 
8027.169745223593 464581.94376913947 356.3200222113696 
8010.0099116760375 18675292.650356926 15387.41524834761 
8147.921691325939 19345.662654620814 1.0076528980822939 
8029.47722714648 184671.47007047382 250.21897091370292 
8166.374738613541 17985.243518632647 0 
8077.582336659108 39390.05741604673 50.03460817751548 
8009.987157413023 26954646.378053498 20569.104156644782 
8013.8509661905355 5449142.26069304 3839.855779962921 
8035.150975973138 1653968.9358668828 204.0563500313655 
8055.56226685023 71107.54672750676 94.43790952064978 
8065.412973230803 49927.34348518283 61.709653058340606 
8009.9952495385405 19671010.797297273 31166.962100199107 
8109.730624256337 39404.418640794844 17.36877844247204 
8142.840622323683 23109.77420809761 3.1013790092606195 
8052.70668815689 271797.09379201423 104.96771931946779 
8009.981158186771 37830941.70255217 32943.52289101615 
8137.93800654849 33647.204342745936 3.630816734111013 
8047.439580748955 108153.72594142989 138.81469143236524 
8144.975492657051 19151.516081160444 4.12071296682968 
8009.979170122185 52319588.709956884 30712.52467815485 
8045.993569712356 117059.26417228694 145.47071829248858 
8164.289613635468 17989.581783214562 1.106085146006874 
8153.764461944874 21462.882585151478 0 
8013.799093319198 5929784.667500714 3612.79014123286 
8025.405472377099 8794219.914618468 495.2347542171321 
8009.984529450761 73635992.17695415 21295.36926439771 
8009.981227655387 46741417.32740987 24066.64065645205 
8014.644561248841 2363734.427500628 1876.5923294034048 
8024.513702512351 13343018.328110455 626.7808246306896 
8010.004566299664 15010530.796230283 15958.360458107629 
8093.111652924212 28652.207925934792 25.17499696778531 
8092.60874060244 29578.56501718102 26.48958810617789 
8107.41632906712 26048.49937120949 21.335269383176485 
8010.002199760911 14257551.163747951 27661.27496055195 
8140.373264462013 19746.210523571128 4.4326120323231955 
8068.631718728608 45368.70417735198 58.460109659251486 
8067.976239512205 77167.49868294172 60.43820726008273 
8022.553836691086 511353844.3265447 1747.875863072899 
8023.873031415102 1115078.170909961 1162.8327817379454 
8162.331593394247 17387.888434861878 2.0692555284697516 
8147.108522910879 24028.362869098946 1.6795702885051509 
8024.455070029137 6522060.107353785 617.3846456673111 
8054.467044124892 74781.97030773268 107.55457642803117 
8010.034557538391 10497869.6004282 11909.59237511328 
8010.066649086301 14493780.750086293 10776.928970400859 
8139.477762388626 22206.63488048553 4.171505405914525 
