8429.604174961385 12000.316113115761 0 
8009.975698715089 293327314.77733254 48816.239430918584 
8010.054139760792 283037661.261709 5636.1197443318915 
8009.977222878155 47106919.45186082 37315.55060902455 
8275.654045919531 12799.700491384536 0 
8009.99405946369 69205647.53583843 18972.103096078165 
8009.984236002769 32660698.68693845 21177.302718884777 
8230.972079326233 14003.752711757177 0 
8009.976982250282 204176724.933955 40372.97843015585 
8161.645833996016 47331.41310978578 6.826649190810823 
8009.9759869371 43435127.69318724 44940.88442545012 
8125.82017879347 28239.38762278084 30.398664739149943 
8010.47028281279 11609091.289805166 7679.154522457375 
8010.002504575212 14535935.05329942 23546.226201450787 
8221.953187475086 14587.359612282362 0 
8187.056660006769 17809.699014112895 2.0273617667686765 
8171.686224825773 20090.563529830793 0 
8009.981386277073 53827273.64148391 28498.973428291712 
8198.053468744656 16473.165597973777 0 
8010.010430018756 11754314.344101612 13728.168207786443 
8009.979145733443 73555368.20569876 30691.402397875143 
8009.997635971784 61525054.510868266 17952.677777097775 
8010.000129593291 16735132.696354821 15772.573706953834 
8009.97618802028 18830507.846590884 41639.51416522043 
8009.993326365939 32339965.593757898 19603.15689902781 
8017.674960978592 4510062.486005838 1939.9427259070985 
8010.171005561521 64948706.76671095 4455.588287625199 
8013.499647055866 4166363.851751327 2173.221075003639 
8009.986230898072 21837088.441272657 27358.612744683338 
8010.293519563087 5625983.515109298 3769.170393281467 
8010.678356844754 10554870.952353004 2696.9723185544744 
8009.989754044423 23299215.161757044 20634.05019525109 
8050.197962994092 120073.42406293203 189.36490076077888 
8009.996893093564 21958443.773801405 18112.75638039054 
8009.981097441714 49335790.19619171 29750.88221858414 
8099.755057062796 42667.06957379293 26.293816654819487 
8009.982590010701 26909732.72792893 33797.84536429185 
8110.394984263591 36222.15994895305 29.00819392696483 
8009.985020365243 31275865.930872846 27301.192126379512 
8010.079109581657 7798810.601568715 11226.347622219033 
8020.612218176245 4378281.004176179 1259.889707429234 
8009.983429130403 40516018.99988544 24419.163233681917 
8197.893982925292 19110.6046620298 0 
8009.984961966168 29389175.712189734 32599.30780185336 
8010.215122823142 5982780.043725022 10112.54682139902 
8009.977936558722 30697465.185820296 33758.09978079867 
8010.018009918772 11500437.507756433 13221.540257478106 
8009.979980238531 53405737.17451819 31793.04543983999 
8009.979331972603 59209506.72111314 30290.82464412483 
8010.342488640995 7235560.419069003 9339.008005997235 
8088.370080676068 32481.944581580457 38.044261460396854 
8022.4416982912235 4383229.202444416 855.564870127308 
8010.27302765255 6996882.202883952 4336.13274281424 
8009.99538208918 14270288.850110054 26353.96546130394 
8042.856211302351 454947.2917759997 219.27198299500805 
8061.537742690874 83865.57108704685 92.55216141947533 
8224.6564817076 14054.701228830452 0 
8009.982474894043 79848409.27309069 31615.291106890887 
8120.6151849007165 30301.61315650591 21.641900611935487 
8034.569616474199 2792445.202859158 623.2671875376526 
8025.916210480013 792477.5342924484 629.7426854945388 
8039.1521077153375 9772530.842463624 321.48948521633986 
8010.028432199075 14840307.725068135 12653.153213379046 
8095.075498868268 44135.70938680049 35.23538843386401 
8085.413231490247 39205.15483557554 43.8945215718406 
8113.478915760768 34272.507143635616 31.57211280275805 
8009.992528438662 15146058.766992928 32970.026782682085 
8036.5787159122965 4466904.969157154 418.2762889350654 
8009.984054412557 20263829.48505111 33390.94127808416 
8009.981795945457 30119537.173296213 33298.93269072369 
8066.3829599963665 66097.47706390904 76.92170891105776 
8010.595462195891 4636334.430161571 4091.368477788882 
8009.982384451914 48319510.359809965 24612.65591989543 
8042.507199429427 446271.5848850139 476.5254574278664 
8039.716833460575 1011987.2031356178 412.35864380242737 
8081.415513611559 47316.867943098 50.05474317332952 
8065.868934689376 69602.90383337183 81.21233959969831 
8096.053153593988 30979.158781375274 32.89701614886148 
8009.982175036165 39270923.78526929 31562.13452495954 
8009.990599102943 18996349.929777067 25726.356563943016 
8069.108594973688 53376.99278268048 66.56991294010629 
8010.224184394383 4588151.064646974 9575.165066990096 
8010.008563914416 141261029.91943526 14519.765052313836 
8009.9964149759135 22106652.76250262 18291.470294339684 
8009.9791602397345 55183668.69383072 32628.937896572093 
8009.995935722824 20615105.654909164 18599.09541022968 
8056.155909438492 113336.55816938306 107.88690149473176 
8009.97788130048 31618104.077777646 34974.837188901976 
8037.955535823291 693277.3044531922 469.45695187761265 
8009.976436595479 27935333.593270637 40773.66117987114 
8010.034329859529 35855846.5191222 10070.02979058021 
8010.171356348939 8373199.967584939 5154.534227684622 
8211.989275015983 16854.745513145503 1.1086375167417517 
8009.976187652275 21489985.31769281 42742.288482101634 
8009.989923063719 493756929.0538342 22289.181861348523 
8337.239290072761 15245.034670332978 2.4146471872064814 
8009.979348870317 173401315.5354607 31102.443152285654 
8009.977248786337 476606091.2763007 41389.21857697244 
8010.330971279983 29555469.68538426 10998.687260044344 
8183.998061033522 27296.06693798336 5.47381012917411 
