8438.741604574632 10928.569585774274 0 
8009.976092881772 1081669580.8967693 60374.99120351478 
8010.011053131448 259192589.49372905 14286.330886630161 
8275.845954107666 12752.484523153276 0 
8009.9770468241995 21856910.688415352 52128.82268821914 
8009.976238999843 24773058.919889923 43186.85387601573 
8009.998690924559 131424810.17563055 16102.847663038548 
8224.601402140554 14039.666218856335 0 
8009.976720682282 1276307424.4128501 49150.294831924344 
8210.464947953817 15156.579690299142 0 
8009.983085278433 212441036.04366568 24767.45904133967 
8165.262579171506 17122.34811189936 0 
8009.978746590512 31054468.610307004 34616.60692460656 
8009.979283514826 76435763.85188158 34266.49158651582 
8009.983489596758 27937871.09089931 29566.331787779647 
8009.982249019244 80572492.34895541 26713.74902042078 
8011.494915962541 12437365.533291671 5515.227733145414 
8011.374650020594 58935365.57732534 3124.7982361158643 
8009.98183594895 224896322.61786017 24836.215256190168 
8011.223186619655 16730449.564524954 6987.792602971291 
8010.339243496108 2352563.97155486 9497.509668521669 
8009.989540430926 23031259.535288487 18510.071165333702 
8010.311929788889 41903577.647113234 8761.503236134666 
8009.982715984559 37806011.10881996 25788.754365033798 
8009.9941235968345 19107334.937069997 22824.371521127483 
8009.992554706035 21383106.683160886 28533.366927272345 
8140.721484922057 35574.34691162421 6.285179037825216 
8010.1130560193715 65265291.16716513 12569.325605884904 
8010.3143305138 2202396.3613751074 11186.590157006052 
8109.16027690948 27341.460926972253 23.47204110146778 
8009.982263707868 34292700.28378221 27038.48443770329 
8010.010020648968 12567917.572107244 14897.885282554971 
8012.132013710204 1995638.9649735512 2096.0255046118828 
8018.782730994042 19553177.51697616 1549.8417036318865 
8130.966977046874 26015.75861647448 7.5306602918887995 
8010.009125184172 12185503.544758618 19822.25994696696 
8114.442983702933 28346.134328240027 20.643705513621715 
8009.9831093697485 37543905.06718894 22463.440299966533 
8010.016841988048 10125906.630792772 13304.979449375467 
8099.794621738723 33037.44259559869 30.57810688046918 
8073.866467905369 60451.68692983857 64.57549981666963 
8010.19578421296 9652359.061905 11620.766156074998 
8009.985163357776 37570309.56116667 21250.398462908535 
8012.040321293955 7874998.573778129 2452.615458912188 
8092.60976059852 29729.71178736803 32.24766470800964 
8009.9802853546 50714726.79441154 29393.24975946857 
8009.97990379162 85329477.93128844 29238.46836489263 
8009.988782015191 34533646.09969707 18657.22910082108 
8156.629359965558 33949.27828709426 2.926995726880615 
8025.923704869398 1092581.6689755975 1153.979521704622 
8028.523799436256 4618352.119373659 731.0176770718942 
8010.004339044921 12563663.55633045 19618.57198029717 
8009.984016572891 31460404.83610635 21301.114133544943 
8119.868304474621 31100.776552402156 20.088232198685834 
8146.150234401312 47687.35917970738 4.170300941487638 
8150.938453579786 19843.09543223448 7.650804585979201 
8022.719967433339 1423031.008602572 882.6206475593714 
8045.86160251772 284067.73548411333 209.51254821807595 
8079.489945987986 63592.546272851134 52.2995170740318 
8097.750641723715 32694.179895985144 31.87330587438693 
8050.868965536445 84927.9374701234 116.4633974023908 
8033.120032120658 1996540.507536602 442.66706955658026 
8065.933679675361 66298.3989159479 79.96682543306927 
8055.868212641325 72806.64189807134 100.82969282251203 
8019.995429338716 11638796.392429726 1531.7469581990501 
8122.777551644375 27892.643539908207 16.379987941411013 
8088.341170369191 33454.52143681714 38.04069269246385 
8010.115820514589 13331296.703395199 12854.410557059013 
8063.024549486854 67049.40059398912 82.2700863793298 
8148.783990356711 27846.139756111144 3.0466406008051417 
8069.441833582825 100990.71233441093 67.51019586702826 
8164.4658852883695 18535.224456579235 2.0747046357427266 
8160.778518040902 19053.13816159367 0 
8044.394610022013 259591.8183159824 399.93573604273706 
8023.97650057367 1284212.597164368 832.1941675688599 
8041.250730622949 1470528.6784369005 324.7129093950007 
8160.077121586219 36305.75689903221 1.9164065037483966 
8128.337488333929 23688.68114160981 10.582985975296769 
8034.295722727264 748892.843742819 848.5647528449322 
8059.200509302818 86298.3837219376 100.02063145161628 
8069.316416528122 102222.95713935517 77.56112419435522 
8009.979003310659 31526792.179245844 34587.24319822608 
8061.122934965985 62137.571746242735 94.39317391636276 
8020.745607305405 9223835.287962385 907.3238024142287 
8125.330192579615 52941.76954642447 15.239063849880024 
8037.100281325419 502729.49890907994 627.1179340390161 
8085.720183728807 34958.14199618992 40.945660396517354 
8084.003551683975 33839.66131084692 43.33653654537886 
8036.2046971004365 1657342.7317311247 664.248905451542 
8053.410903369018 79365.64175175823 108.04315126154074 
8087.212840132246 34654.60134103654 40.941522040463965 
8082.708792224329 38617.741019998866 44.784964555185674 
8010.2963851227805 3411304.2194364127 12789.823366669738 
8039.81114814449 1221657.13186835 425.2507629528897 
8038.862621397215 363259.79740155436 478.8602478307266 
8051.598780234815 99195.01893166479 114.52857461732826 
8044.900040399155 344771.3607935579 275.8242252088306 
8127.0249659999035 44816.10689886998 13.993018544422856 
8080.756189871296 40770.789868610285 60.13479781564256 
8038.523208698109 489472.24204687914 472.3854793272294 
