8112.037821743344 51677.89083928545 45.468040529074614 
11973.807624500307 425728.95425280917 7.052801923987958 
8009.983613654324 2972879225929.2876 201760.70229052403 
8009.9903420830215 49422723.29010078 32476.339720148244 
8010.138423358089 57715194.97970258 8785.490218092607 
8009.993088622487 49772410.52140638 33432.82811731587 
8010.046434835174 6725691.538159867 22234.97510838479 
8010.004934423316 17657234.15404122 20207.766978721364 
8010.281107165384 987809972.4392661 12674.99987994219 
8010.008343405036 15177116.137753911 25559.94608617456 
8010.119739316173 20598401.78430202 9726.07667645785 
8010.160130730828 41580652.90371516 10338.636797419449 
8009.99776002659 30254759.981891632 23965.63373624049 
8010.074651396313 5705755.664136795 14491.678886892914 
8010.043689827638 8736988.472073626 16033.0984795408 
8010.227218280898 18301829.93493658 6824.194739241792 
8010.001880099936 43574620.301064484 27836.634274212 
8010.250501924938 13269240.785103466 6071.960588225966 
8009.99335945042 106361067.35083963 29036.91813046178 
8010.11660023622 4435163.592623867 13830.727565064793 
8010.003021154633 17508442.532984532 26649.41516820321 
8009.99354196758 31642804.62917015 27330.323452436023 
8010.131016847329 16814386.607891597 9027.950113389725 
8010.248854380828 28921783.803157978 5051.054028207144 
8010.00471652628 15558886.078048192 26089.419296313794 
8010.60425923593 14712039.59886656 3141.974665725522 
8010.150394895144 20564721.120927252 8621.976138923354 
8059.641593104416 279895.3033831129 260.6611969085941 
8017.88755946593 3075902.1270898464 1969.180979010233 
8010.236313059422 13113051.144276973 6634.463263303601 
8047.157564356856 361913.5506206676 562.334256086636 
8033.846594892038 795635.1758215191 823.0122247611648 
8010.375820179181 546164408.8392762 4998.939976709917 
8010.153837352401 18031107.194664985 8186.557843526181 
8028.416031983792 973843.3940852897 1317.917059946149 
8010.110440899221 20578224.00876351 11042.861215283445 
8009.996668207746 30703491.067038707 26462.210411841286 
8010.258398407959 15784173.827256124 4729.18896719897 
8010.973784223848 3987033.015213274 2320.4040317652343 
8078.763937737276 2292391.312681235 201.14044303446474 
11661.612286779125 312942.6512823872 11.931928158485762 
8022.102547562479 11047011.56072077 1490.4679755253437 
8010.05913285125 7818920.993313544 15618.44951149347 
8018.541298321728 2001812.817271616 1705.9073933018017 
8010.831627724181 3667706.9288775446 2598.0203121313243 
8010.41664659416 7880927.103742959 4080.131444903697 
8010.1737111878765 18129385.657591134 7968.736640319779 
8010.480975152963 5457573.9551179735 3617.9398591146705 
8100.860830438956 93950.73501776336 68.44981096012116 
8010.008662534901 14637243.180096388 18987.816598899637 
8010.9478075329225 7177979.025881712 2426.7786459884865 
8010.309213866012 10071929.90116144 5058.378622479104 
8010.824847402475 23020929.190095186 2802.8309844881364 
8021.711121053324 4735732.117747234 1651.8599808225613 
8089.323505370539 6590485.002957103 120.37333333873698 
8010.588894951179 26926288.43934171 3313.0518299427595 
8010.662123713994 27302892.867487993 3055.0920547969613 
8010.191121140255 17397057.240140535 7732.188245862133 
8031.704916901431 704564.3911107733 857.7698522981993 
8010.052375943998 54871859.454115026 15281.818814723425 
8010.05675905675 37264124.162365176 10702.176199281661 
8053.6679246164485 293102.6205797845 323.7642043298255 
10088.681464893305 162519.18961428103 14.556402548305075 
8009.983758703327 45447838.78672056 37739.23851650491 
8010.012860430214 11725768.184338247 23415.737641618307 
8010.168821455954 9536663.200811956 13784.415675052627 
8010.209005557603 16032185.574727971 8063.095764726414 
8010.0515141744345 5910021.490931685 16888.574622223845 
8039.008430003738 5273511.160888346 671.5326117046723 
8010.044231271542 65067013.605623804 15498.340289418316 
8010.022047345232 11284488.584656823 21320.436938355382 
8010.156168229239 17951716.721013542 8400.717883791893 
8009.991525154166 47909394.536081076 35450.6858063324 
8010.004649202256 18216041.53234251 18782.44816260032 
8010.257211208175 12975738.832438791 5882.911663976436 
8010.109098117135 21929976.27926358 10224.133156090711 
8009.992669470895 45212403.64380494 34956.458490189296 
8009.980780389913 65195946.67599802 54215.56114754269 
8010.127859867759 23836607.98283876 9391.895695753863 
8010.001973871222 20293226.39677105 21885.021307463903 
8010.182011320732 14007330.005531553 8124.7609760666255 
8010.004431439337 16653851.226342924 25405.99025730328 
8010.0491775880755 7826802.531681956 15835.201503573808 
8010.027460448068 9135428.896292062 16443.77406994 
8009.983812774997 1227427119.5349977 45001.257176700106 
8010.717722636517 233444762.62544098 3745.398883874436 
11698.924921253223 261904.9941466628 27.512792634966537 
11533.659359518024 368109.7518441186 16.6262237836726 
8009.983816855331 49616842.368755996 47131.15204465726 
8010.001658037758 209426155.0516185 24947.088983697875 
10365.988997161567 29155765.63001251 360.5212660881904 
8235.853778639288 1292998.3513738497 373.69248237936716 
8010.104652093272 81191031.24478309 11106.328722508486 
11127.688936389066 440197.71744666423 32.26465737269709 
8009.994390191083 170810047870.15405 108641.85565722476 
10689.906055712556 477044.1749860792 34.08552862312523 
8009.984331559089 72714611.18059815 40655.798695643905 
8009.9937276711635 60956866.21616657 31520.917292120863 
8010.032095409511 14150873.767533649 20604.167569444093 
8009.996566491432 32835380.100075886 27715.37483488252 
