8286.807100819799 13256.598250538304 0 
8009.975904467859 2877695129302914.5 4829854814.753595 
8010.044362622077 169619065.13912195 49319.68829969911 
8009.978749654319 37566900.9757634 81939.89438297562 
8268.677743768783 15238.88217264463 0 
8189.205625553131 15476.329504093697 0 
8156.079172775464 18920.5111021204 0 
8147.842603312629 19611.738038454383 1.007350523430721 
8179.16563697982 16962.1239744761 0 
8166.41552190702 18202.26027238593 0 
8169.157459536948 17061.149517297865 0 
8128.234132058051 22944.904016252374 7.449825145903471 
8117.647488886851 24835.457441150837 9.960924214325493 
8105.076775888031 25732.05679090067 19.1569450289376 
8098.5123916463135 26924.392515597563 17.856638482390643 
8142.361873190347 19749.260116869656 0 
8182.741753053047 16791.96622723094 1.0005562785298714 
8186.74466207914 16272.035542434001 0 
8075.384175453334 38382.42683638689 46.89472566395695 
8115.67085061871 23440.827298829976 9.98474494307655 
8083.451204870734 34874.21207077145 36.35430411219879 
8052.782080200081 59701.14168649292 100.61633321886065 
8078.07248856992 37850.38404873473 47.85280607517015 
8033.099332932074 244608.97092261433 228.56456635318125 
8096.332886441266 30235.206968521798 22.823693270728427 
8067.551547441732 49779.194617982976 61.04975483259892 
8072.070883788703 41689.78880020081 50.54310240754923 
8130.293961059782 31701.802980297358 7.120494765730672 
8043.966686156223 108429.16457782056 142.3532042954061 
8029.169810044276 1532394.0670664737 276.4703490392438 
8088.488842942601 34979.44489170976 32.42500865294943 
8025.94273780231 347243.1962580405 282.28680521650404 
8094.170994504326 29139.59695972503 26.046702413416554 
8112.676742246087 24398.911872091354 18.249970708472908 
8046.772288605427 178694.4372540439 138.56120120363792 
8063.405838753947 61055.765239608605 70.87700146055549 
8133.663463586254 21660.161763409917 10.228616112629798 
8080.90819100974 36669.50061506773 38.600842716172416 
8108.250329094797 29557.415508233003 15.687462912978301 
8030.589297407503 221635.23760080617 262.8842861599261 
8021.119069501259 9311514.49133556 897.6563784982659 
8136.182648375883 22238.36252270833 4.240035732268593 
8139.60476681056 27249.592582126574 1.006169996650186 
8092.651490755119 29443.432131666927 26.492957052936227 
8059.38829766536 63270.44739014469 80.81729807397893 
8091.04183527313 70538.53018461318 28.38118356517898 
8069.745569554958 76158.37257919305 59.21586583003377 
8055.5706096994545 71838.25236347511 94.38587132680219 
8136.927453721728 21831.202107393612 4.384897521003501 
8014.184688136589 36974350.118576415 2096.733503935192 
8085.70019381186 30685.81839402414 32.972098146098546 
8079.926484593027 85119.28433223188 43.56895331218379 
8057.139715097007 80314.96927611895 84.34213909884731 
8139.111837704353 20030.941923737293 4.457369429083155 
8041.637231121578 155245.727376358 154.21103922650113 
8061.548937755433 137472.63921429604 69.93050835286121 
8023.558860275732 503549.2143682022 748.9602405437365 
8019.322158744668 1601062.6457368643 989.4057586686881 
8110.253090173725 58142.10923662545 15.471062812529823 
8038.213673178436 352283.08353534853 191.05357040989458 
8022.663593955607 12554462.715664808 521.4720772739317 
8065.4305423019805 50827.09595124264 61.20091059965783 
8016.047183130258 11395691.550442448 1691.0368165444422 
8035.009138234416 187085.8909754909 225.0963746043649 
8037.05129089334 120300.80025468608 203.40920371864837 
8085.652944963449 35257.68841864343 32.67488316433566 
8132.074245144091 29371.364671477397 6.676083103987988 
8050.75283085441 92698.63819678877 110.99484223303588 
8039.996801422622 104724.93289193342 157.5309263874178 
8017.266626031846 2625394.9374900353 1347.294766175273 
8011.096912599944 5573276.153311249 9744.653551049489 
8048.749656224438 95264.63888477025 135.62227525746215 
8018.619814774881 1495994.5174575925 1275.228725662455 
8065.144189121609 66341.92167757085 63.72381457129724 
8050.898253390173 88898.31717206996 98.61457621591869 
8012.396964675655 9676498.34159748 6618.559824721632 
8108.601167952776 25565.385264203163 20.28391878452937 
8047.560544778169 108925.91709171626 124.94134332212575 
8025.210820734021 5640587.455823603 383.47499851731664 
8013.129711944041 4417144.8357198015 2805.972866223752 
8039.503073380166 326423.3824446981 175.97396616819944 
8035.901703071449 154690.147880401 195.83895864677788 
8089.661701123817 30533.91622737975 29.031950228682113 
8071.237457685083 43673.91135549571 52.664180977262774 
8070.536749986523 3920181.786311351 89.37737227542829 
8056.6205205990855 73518.08836108248 88.90746834072559 
8029.72430336317 303710.0351956574 257.62634210843953 
8060.786651845521 54982.17822133552 72.44213819333034 
8060.147168881863 72237.59883066965 79.38748457961687 
8111.091373034254 35052.94388792331 11.39658649694823 
8042.9707835284125 144408.76276525512 146.91116909304853 
8042.620251023394 209725.36003115226 151.7914732041825 
8016.5166750951375 3369278.0932555036 1488.0519121897553 
8048.676816271882 128189.43495785107 119.35576290724975 
8089.420099227534 33511.270055234214 30.939280984519257 
8132.614067543213 23109.387899274 4.363747600501573 
8055.7262047920485 62057.896020179556 97.74833136201232 
8010.311360048333 12740210.168538578 7715.558388124258 
8112.067776648557 25451.151220126736 12.358201935788793 
8111.632943847116 25501.762032688443 14.639506327853582 
