8009.975768580868 35730962.75351891 57879.60663625557 
8009.977984620236 83544472.67918567 94147.94027774598 
8317.164484868514 11978.689219887377 0 
8009.977047519905 3781772192.1007648 39288.80929248462 
8009.984991791143 86199209.41063988 22319.883929489508 
8010.938986229274 816692871.4422693 8186.2196287149245 
8010.028620077854 175825462.7205935 14336.034508645462 
8009.976458217179 35196093.040275574 42151.891382527356 
8227.186245329833 14288.058343455023 0 
8305.545842615538 12612.459501702015 0 
8266.638649981962 13054.972080893633 0 
8263.133071790802 13481.75257279004 0 
8210.475966779579 15207.910165547486 0 
8199.718082623403 15276.938520204692 0 
8009.981995986541 51133536.564505115 25899.32831837133 
8009.976477827246 122997610908.14108 78011.12068181422 
8009.97718313316 37856695.36777977 35241.21142810583 
8185.082203975817 15543.489532958498 0 
8168.9852322159895 17064.785354415806 0 
8157.821215828095 18527.36375314078 0 
8010.028899605641 359151485.97653574 14493.658571288006 
8009.978239848275 61910816.641050905 31944.202747819985 
8178.587723579739 15814.55772305964 0 
8009.986590674464 27961086.357210677 20942.562587609576 
8009.977861762822 130632692.17572692 36928.49242520241 
8010.034788103618 92201869.4893206 11805.79671939394 
8083.561676713867 35137.464364274994 33.97193281495274 
8150.323769683089 19133.31175176213 0 
8011.02137727389 60480675.61606069 7304.69417120808 
8308.518603529723 12042.83931175464 0 
8009.97954159803 56532180.86520605 30647.791515490997 
8009.983516436179 37078460.49918867 28929.0720695577 
8009.981968778084 55148512.38792262 23018.788661168186 
8060.044023964025 54019.88944306104 71.66349870849747 
8009.992071040193 108356384.07347466 18112.315424778244 
8068.269251527652 71272.75372644303 52.78865395912954 
8009.986695198262 46346429.80265044 20881.686338998577 
8009.989659883175 31539006.95234066 18274.03587383968 
8136.640886348667 20164.539311742832 4.43563240564801 
8047.848116439622 78228.81462208483 114.80267797674827 
8010.033971765601 12172251.494352154 16754.551004713496 
8010.034000449723 13398404.703276956 12524.266592699298 
8076.987728640834 50348.139769848036 49.76815937430962 
8142.29010667737 21785.992482895173 4.0739658043132 
8025.510595528253 399933.00357561454 433.32948679035485 
8010.067693942726 7399744.315524976 15702.29234420342 
8031.729204468679 307502.58249937545 220.23400254541863 
8009.99484246555 1453842915.269248 18743.53951188672 
8009.979008111243 58024371.55860237 30076.5314248655 
8010.072979911435 4962156.859907248 10243.491749828758 
8145.580048747245 21988.02902394349 0 
8009.981547015236 49899491.46374888 29229.99936012542 
8042.716829230933 697597.9026638637 152.79833578107718 
8089.634847687348 49600.79022045053 31.176290470053818 
8053.735772874727 85188.67472947472 89.6743728689075 
8039.088442535755 143260.7133045461 202.21021593333973 
8032.807975931891 471008.12773177674 217.17432845257235 
8117.688154541659 25057.874035956153 9.946906611871096 
8010.268655769911 3032112.2632281315 8964.888599929489 
8064.448436106623 203100.67469566257 62.9734207238285 
8113.294132908905 23386.749072562852 11.706943396425432 
8132.925548938763 20886.166158879674 4.428174388215713 
8009.996722180223 15193178.502831401 19740.861417632528 
8009.996252294057 16846948.77502058 16971.481473930748 
8015.836181549836 2286574.129348758 1113.1787761960536 
8077.183749803275 41429.441228024814 39.71841036787594 
8010.00731860401 27849175.716947734 14507.457066132669 
8009.980323856655 52878413.4874196 29110.443513209982 
8129.51012427979 20832.769165962636 10.150547710967727 
8120.730602851574 23667.356155094698 9.936709612832997 
8010.995884408674 36368063.87415436 7500.067530811226 
8009.978577757461 37205885.694523774 32864.46716115437 
8013.503153275638 84914190.0068139 1772.9483389676764 
8110.560362620394 24928.751367787445 15.235946348494627 
8096.230247099835 39603.06979633481 22.344805938260187 
8018.158919527468 753888.1379836303 859.5224920181562 
8104.195750937639 26755.549516531573 17.90894339156723 
8126.544413946451 23663.9596319342 7.468478641842385 
8010.223141217345 7425723.769614289 9325.527630626419 
8011.8143051558045 41121014.004171826 3083.378361960145 
8011.1096875687335 6033021.385639895 3771.266511230806 
8100.99592238916 28916.346805130455 17.951737351113756 
8011.120452501287 6507883.199574834 3528.0708094123734 
8094.119059075882 28912.83028066167 26.68015947133337 
8051.765116294071 101444.58177877327 102.39134530559775 
8099.302484883612 49783.8701616003 19.866780574900382 
8019.798133340901 2340983.07125015 642.0590733712038 
8091.3997771504655 29818.0375227809 33.69845448514761 
8009.978637555598 36394434.64271491 34234.31529698691 
8108.077854251771 33534.637753022005 16.53537637457735 
8017.307663971363 4311461.532001436 1445.561157394604 
8022.979002165563 93907867.6303504 585.8063069634035 
8020.495597782985 411421.7847449859 475.8969389319273 
8106.156737815582 24450.76409589378 19.733353580312112 
8040.147273881024 126868.74760201016 158.6959877669695 
8067.092203995955 49216.76733702403 62.723837527677084 
8012.715143623214 13638702.7398523 1930.0255248086319 
8123.986413618666 22522.23407357539 10.164164133522139 
8264.156155616414 13384.861000219928 0 
8012.188179577693 4751536.017701147 2548.6764898707006 
