8371.188701233403 23280.05187959596 1.9861542388999789 
8009.97595165701 31065461.7571264 44839.82272110599 
8009.976721723832 70852202.78550585 37648.45231206694 
8275.803323087195 12611.086547506595 0 
8357.033744897648 12292.773945840725 0 
8224.975016724919 14128.73868047756 0 
8011.789097493095 22740423.61563614 12008.665738629861 
8126.385043608043 32409.034728765175 27.680224838249853 
8173.77735775542 51248.25561216696 22.465857306757975 
8009.975752727778 291086792.3243591 55919.698879435266 
8009.976269566864 22544556.43423661 40356.19493062065 
8198.669361873932 16154.374029693816 0 
8009.975894874346 19981306.9051337 48420.53811473182 
8010.800860022445 13589203.181388952 2321.397869802885 
8009.981310769042 39504481.261680506 42932.54905710929 
8009.979919918502 52636533.87804396 30607.161558480988 
8009.98585274722 29184387.377154693 22839.61258086049 
8010.257395870336 11550712.459397634 7612.944537837384 
8009.995314838727 24635458.904633954 19560.355122241737 
8009.9785022415035 44796774.87312462 33434.02665708675 
8009.981107549927 30745597.528171834 29003.929176053236 
8176.747632389711 34620.95213407763 17.606559076956106 
8190.736927516575 32886.30704731538 4.0672212974975155 
8009.986062097422 25678464.21921963 24353.65756385358 
8010.001504707728 17631185.22576277 16238.959536225197 
8357.287848955484 11766.566199779092 0 
8010.283944257141 7318780.8486288665 6093.3835534063055 
8009.983569649495 45857430.680773534 24855.18164175756 
8010.077857026371 11594206.886430819 11651.42702110697 
8053.504665852428 201734.0485684477 176.4791327940102 
8015.894038488531 10019124.028435882 2036.279563909875 
8020.394367735688 1299613.0221246863 16874.280371347028 
8121.482813369088 33970.319635551445 27.858226960852356 
8058.155675007163 1405396.3924939008 134.90706916201458 
8117.149337005875 31034.3530721299 33.723187541232 
8010.098642207109 8179298.884567201 11262.845071695816 
8081.4653810199425 46338.58397008015 49.053812621539 
8046.671190844934 247883.10242113902 160.06179540869195 
8019.811499618416 2315622.8236379987 1714.8737048846651 
8192.23357609734 22148.996820002056 0 
8085.437851188065 37027.203128476685 42.87237216508963 
8027.638514540584 569604.4146801288 793.6879230367842 
8010.310990301622 15917395.438456587 5445.794994655174 
8039.149617955544 9082220.396668404 328.6709169304562 
8010.01348764506 11383783.282663297 13935.798240771348 
8066.626331082562 62947.43869125136 80.29300132896502 
8077.155659579798 64753.007876803444 54.1819659851229 
8020.84130000507 44891136.84813566 1255.1071359307844 
8100.871650757497 31499.660572410645 39.26641023290948 
8035.410777604101 730183.6910785947 573.5700839144063 
8071.285819008002 54024.504111566115 124.05735667547295 
8044.6624277882975 16965240.742003366 297.32224747001874 
8009.980910137412 27739106.01557677 29529.07689238897 
8062.329674237719 99245.35287418118 142.7312684395663 
8096.770828065217 32085.732490756236 37.80458703440439 
8020.054093264674 13363435.130474485 1617.47803695425 
8033.708304990725 4417446.23839254 569.6003636813914 
8009.98865367883 18938363.759727564 29284.56712009637 
8010.011274246963 13098517.854064249 14296.593705999927 
8010.002289840964 17447791.54861674 16631.05576426684 
8072.088420833511 76308.58357768058 73.25290843170141 
8026.431073575541 2138617.4703506236 716.7071681835512 
8064.51642032327 76799.55272049565 124.77497371335444 
8174.390816744166 45642.165549124424 21.49772057457178 
8023.917714913447 2584449.180670265 1076.6663619188112 
8074.413750573176 148466.36342316962 63.58284634288098 
8075.704431256469 62025.32125166868 59.22852610611151 
8062.539333258057 403172.8334679005 128.39965790748528 
8034.906040919124 3201436.190930439 380.913236249767 
8045.583830834042 242272.81646103837 212.82520885144982 
8034.351270774302 10763933.222164243 450.78238251558327 
8010.083328698152 9299370.637517123 11427.606509642566 
8009.975771670723 23346689.047147423 57230.69466183912 
8041.789957273034 16674514.85494154 312.32968683942136 
8088.383220368014 32390.870090557088 38.04235284095258 
8009.975993406777 71000710.34331152 45424.411513096304 
8023.166753618712 3147148.5407226547 946.7890679086449 
8010.423432833861 93762408.14800662 8114.877558030773 
8023.468117551163 4351735.974889562 874.8688830241218 
8010.008996304713 15268088.098447878 32544.711576952708 
8010.702317084993 3218929.1370452275 2327.55146873194 
8009.97610392541 23663170.033790965 42735.13874865604 
8040.673295328814 1061354.5623622243 508.96423341437526 
8010.352438322319 4732332.701765355 9888.592763191173 
8120.797032410053 32126.268116914052 33.63218203164377 
8099.7280977472765 52585.344676231034 28.15878120683141 
8010.395564555822 105872077.05272967 18056.84144426168 
8041.402475844263 400060.76842797064 480.6587024341686 
8043.919909945741 47842352.90725837 290.62343384298595 
8009.9839499233485 33269416.5483281 21166.676021768588 
8034.3762138534175 4198665.468349249 664.2006978779352 
8009.983056542596 51348465.33003777 26096.997078237677 
8010.001014343209 17964284.15793214 17389.454456132004 
8009.983813892969 45562871.843347706 24678.137794582814 
8010.355652982767 5677157.736054484 4201.141561579798 
8009.980525860266 57133702.85802546 32839.64626434395 
8084.787723402615 39084.88664411697 77.62538646090901 
8009.981994618974 24826155.032643262 28553.659186102952 
8010.49871884944 5072669.035300952 4179.869236349589 
8284.42841999705 15118.89298619732 0 
