8273.157796316233 12965.360695481604 0 
8009.9759225476855 42108692.68759213 57779.96342113676 
8009.977160397966 39094140.390937604 56041.91220929383 
8009.9784260192555 67345965.84397672 35846.012084863265 
8009.9833952516055 115244017.45448403 24057.11735432268 
8010.104682571655 6239098.297126193 40447.31579294823 
8009.9985297677 16293755.49185963 57756.02444340054 
8210.611153895812 15229.159373238268 0 
8259.276954334204 14827.830172638665 3.1318226613188545 
8189.41666485014 15464.242251813803 0 
8009.977441256374 43968296.551353715 36815.40329020863 
8011.341910158305 12784387.203583142 6738.390770726154 
8010.053244340308 7565928.0158103565 11884.902400142206 
8009.986318726507 34291725.62799235 21482.195026984315 
8009.99848070314 17517512.63626823 14046.632973550806 
8009.97951704546 61577107.09906532 32289.80357431642 
8169.118301331384 17066.345801547723 0 
8009.978229965286 90889588.58286186 34957.86630187977 
8161.864066498769 17687.56285477789 0 
8011.376769782727 10809100.654642113 5221.3211680279255 
8009.988014876139 56683419.48527833 19349.526922049783 
8010.132568906487 29529299.622125097 9150.925043868823 
8012.836104401278 159294712.4198469 3037.7826191608024 
8009.9896009869735 23970712.9682287 18276.145673270188 
8009.9939417716205 1316556122.1514826 17679.364221723554 
8009.984761305104 36115890.589268886 23170.559781853543 
8009.993700805584 23250253.74721615 28729.88264272391 
8009.983096252734 35703657.64213528 26710.04072773474 
8010.013920584089 11171731.89734746 15397.323334526915 
8070.145449763591 44938.73257084871 48.645298790460465 
8154.561437938979 18702.46499268585 0 
8185.109240166935 15533.88534766436 0 
8139.169839425045 19969.968889263608 4.456150965930346 
8064.461401241469 46828.15227164344 56.65696636099441 
8009.979494386844 39081687.16621243 33939.44160481203 
8009.980276714583 53477747.55269711 31026.94304342816 
8010.114399381531 55063776.28029145 10296.432244076908 
8266.712227817994 12984.248091211704 0 
8177.576399751339 16404.446969427692 0 
8075.392887214285 41158.85368892698 48.79272388025045 
8011.548959880553 5582947.610774741 3725.639513062475 
8100.947334728509 28767.260734164513 17.933283028038637 
8086.259897972939 38978.931417361746 35.281212091102056 
8009.980025703205 33711255.060148664 32963.64430813621 
8089.781863692093 33196.569325519355 32.18197823197718 
8060.018073470175 54389.343285012896 71.67491832582839 
8178.692872154468 15828.335400780275 0 
8016.6220618599955 1042241.0607149606 984.3509872324839 
8263.104119385902 13434.493911217864 0 
8009.980425796291 57087569.79296188 28921.469558951107 
8009.985667570731 36554438.01375326 26202.73461810125 
8131.97778052936 23055.90723738545 2.0958221747838817 
8009.983183016116 39950761.184707955 25015.709338623823 
8114.622259443483 36370.117972978966 13.456238647329371 
8095.328665582301 28166.71284712276 25.562734575119677 
8013.158913746776 2975451.180966009 2139.1067341994467 
8081.049332783134 74204.55976209209 41.086805330033286 
8020.102290572228 726325.483819991 761.5924732734487 
8047.146330206771 108051.77238420253 118.96646397891685 
8142.32989456464 21539.324747731036 4.07493554076674 
8012.772899428175 18368074.565905098 3575.24050538823 
8110.535687283824 25537.590458948627 14.261682778542976 
8010.164069382088 4105061.295047027 9639.265852086804 
8117.7198575874245 23947.079087765378 9.950544213550879 
8014.446253444927 1223563.1520846826 1155.2137718349866 
8013.8220169487695 1894208.1709378334 1689.0163940605926 
8041.982227331573 169026.76203165163 159.6246754628553 
8027.44296417116 403860.533060116 338.02272998831694 
8079.427398368431 93813.66075403325 45.00632120115662 
8009.980621293729 56649556.19147876 30265.517129224463 
8037.063988357993 205429.60822390686 273.65205865328403 
8044.856922252417 91845.57035309309 128.54232604158915 
8128.554774856545 22755.574933804986 3.274963286116046 
8104.143032079763 27214.89155685417 17.90017102707714 
8039.409948857761 263396.3377658614 218.23109157230869 
8023.041399448122 3622324.201997328 519.2914378874912 
8030.674243772533 300021.52493688354 377.89985043818 
8025.549063735056 1256575.7813573382 436.50078768867945 
8034.313734486939 495349.36996456725 225.74760193568562 
8009.979858366325 55226128.80957067 30345.26197216171 
8145.585453290298 21005.795090758606 0 
8124.55305167319 22219.643306449692 8.608066665549382 
8150.961648112818 18774.94529431254 0 
8053.459603924667 66067.63484654769 99.06306507757064 
8051.288112054177 90231.93953339859 111.89967170759284 
8108.397083487454 26938.486828677887 19.248655686361914 
8009.981588401253 46003102.381393805 24556.286609741946 
8106.156833034073 24423.03284219495 19.736049442192275 
8056.925375445122 145348.65465195564 83.73580706634573 
8093.905968650435 46556.42432112253 31.528356368764488 
8021.291350459722 1615465.573565614 574.9623170623254 
8120.647169875403 23433.87097821473 9.940484552386291 
8126.561630716844 24039.685423620234 7.467951049740622 
8032.101755841824 1782094.5243578162 238.0336470828155 
8121.782696405129 22706.17283787031 9.983483685020142 
8055.885212801306 759857.6303245238 93.70169429447814 
8131.821597040431 21869.307669411464 10.933994359370804 
8009.982813551793 40046693.23466616 24657.760319224337 
8009.982952770535 28614821.0259343 32709.28867615378 
8009.978079518825 43067342.510692805 36795.0134506653 
