11948.374533564485 400565.26239235676 17.098411552577126 
11964.381558791862 261058.3760513631 28.940490657937673 
8112.058233731763 48455.7560688673 45.31241804347503 
8010.089487835564 10654561.196700994 20288.072549918452 
8010.085881488261 15167139.804646378 14428.735445154318 
8010.179045859623 89439679.33238475 8254.577790978668 
10908.291686811473 429218.8038347047 36.998182529887735 
8010.105108936865 35412643.63863858 14267.022141597585 
8010.2231283728615 11408073.316903831 12985.688223022338 
8010.107085963572 5885766.454945757 18412.90872864966 
8010.1635427778165 24259879.55158112 8436.382978121714 
8010.107066871462 7172443.404622737 15419.201951001689 
11642.76253371481 402120.303871494 25.057155599006574 
8010.194066685179 33120397.138410058 5831.001533976922 
8010.373193618547 25483222.75235207 4445.347745828486 
8010.182051687851 23103015.8274193 7702.829049877225 
11302.785608416045 276125.0159708544 30.16205402448015 
11127.836911089531 419787.3668501134 30.390689697925353 
11749.891632677416 268634.805782786 29.095513384463317 
8010.1462005751155 4367215.074009677 13477.75179237037 
8010.115300068861 4212872.960975636 13863.9873858191 
8010.724278686693 19165623.35338031 2820.9191509036154 
8010.815093589248 34171229.54528801 2700.8410179683206 
8010.229687321976 23497233.204900894 5202.8039679218155 
11182.392759717079 319006.6456798568 33.67758682580866 
8010.208005986291 14658047.74223679 6803.743904483648 
11274.975119414956 281181.0697016511 44.23167921738347 
8010.179062237091 31301454.169654496 7407.27707449436 
8010.183688095768 14644207.753111051 7232.553211522663 
8010.236280912995 17595519.101483796 6046.883423500545 
11745.959521823328 269733.506346761 30.810201526793655 
8017.745007674057 3361146.1516985693 1873.2125516265571 
8010.170466260262 17944458.446675554 8331.464854581558 
8036.988475232096 13164508.9293105 1003.1109419634878 
8010.220886660176 24401380.27747024 6468.386070786726 
8010.324594004045 7800863.295603489 4829.446829036524 
8030.1373622235815 970065.6525738548 1299.6378276169517 
8057.865213304276 228699.74858335347 258.1126316823087 
8010.20376469459 1137070518.3022568 8292.333507335436 
8010.886788872489 6637107.605716625 2510.6908387873386 
8054.92004054849 7205513.061399092 625.6009151938172 
8010.240072911658 12874835.3360043 6214.938337334042 
8010.272757505483 9069158.276047977 5455.87689906448 
8010.453537403208 9122153.603919867 3880.021562053035 
8042.300466352751 3991962.3333605505 855.0111374204022 
8097.385796440667 105193.73799560285 107.69180278043402 
8010.31433440455 9002504.595334886 5020.638987442277 
8010.261780861674 12563568.889633168 5777.837811173016 
8011.123097698489 3313001.5880188495 2189.7187823835548 
8011.159231797801 3699079.872735118 1998.8069404930202 
8043.030696404018 929258.553572019 728.5223065610492 
8011.019681624639 2880355.6246645674 2220.6941732001046 
8019.8054589566345 1842670.9265807988 1614.0181338415082 
8010.381957352325 9688685.149922337 4283.830291540004 
8010.248340121029 12352256.596230503 5836.897549406455 
8018.544348037769 18061969.161291324 1760.4574353262078 
8010.4634985483835 5360517.129758473 3696.191496264424 
8011.013561191105 4553543.535473502 2412.830831436604 
8010.344300192106 8895441.054475393 4594.065221635577 
8010.425414965776 7114799.781818593 4071.752335980824 
8071.379005317878 316992.932613488 228.5493022621686 
8010.213153799548 14108757.952038513 6622.280254829562 
8010.26378740512 45794150.59236257 6837.472990084869 
8053.752504213425 469725.21745868755 631.8194284569856 
8034.61806889559 24259645.22717368 980.9390449970426 
8010.694234473295 6951632.249656561 2962.5792736449835 
8010.245594555179 12098799.735106722 5946.149231131343 
8010.2403660772625 13416602.647340272 6272.614892677719 
8010.499340222783 18400490.9270196 3623.9098754711576 
8010.449427780089 11008544.399643509 4068.385324142604 
8010.230813884604 13985376.237747252 6341.456210524721 
8010.4836205543725 9384592.081746507 3656.0098968843686 
8027.497482452942 1333997.1210680488 1459.0409064010796 
8010.659122729026 4070609.0945588476 3165.8776169885123 
8010.280427753045 8683335.983808696 5349.1677972131 
8010.605943679774 5152222.015818528 3066.031631739116 
8010.310998943387 9874235.633069018 5204.453706829574 
8025.409564231151 4661384.677748704 1426.328923865373 
8010.524458923842 256731979.5651173 3860.7571667069187 
8010.301884115243 10101774.899021473 5268.6122596600335 
8022.09152473636 6083939.913308593 1476.7669085522523 
8010.548155095594 4443254.948912148 3344.7946739161125 
8010.505019686548 5642594.690097849 3620.4993151529006 
8010.34836401189 7524291.52258395 4580.058115967836 
8070.483024274528 848931.1452411244 240.2354881930769 
8010.256857233203 11065485.803591598 6003.277912700462 
8010.394370156049 6184184.433404647 4410.278138525994 
8010.225924612193 12409872.4390666 6369.078827793018 
8010.373683652093 7019963.4200638 4392.685660468508 
8010.215291260856 12546417.666158013 6602.4084658813445 
8010.291423957897 8240242.734055243 5299.744465154608 
8019.697124650661 4351045.702536714 1667.4565161343983 
8010.707761072221 4788351.806103595 2882.072598536841 
8010.74166269773 4016037.055604866 2802.0132437617044 
8010.700872085075 4734685.843498715 2864.5471992278035 
8010.423339880261 5905002.705503717 4494.247452994956 
8010.355321439554 8533296.767806169 4534.284700635252 
8010.524884224375 4676994.112544753 3369.1367993602134 
8010.631208250974 4193525.912440656 3129.0404870850566 
8011.060745303409 2970755.200115584 2167.515978474465 
