8357.222717499591 11603.414856584845 0 
8009.975814837521 76126181.36621383 52752.32092571886 
8009.978090381487 47483200.53956415 34034.91632960117 
8009.978143184798 12963894023.167149 76678.73486309042 
8009.978951019698 136499253.25249088 32759.884735110983 
8350.807892028362 17003.660186370093 1.0033534668614859 
8235.55951894346 19294.043149517765 1.3212568293399714 
8176.670002770435 36740.13911467489 17.8813735534183 
8126.380842813771 30848.641092105012 26.628528382276667 
8211.159386249914 39675.9807810239 7.347134277458486 
8009.975872504999 25604800.979434475 47505.12666181432 
8009.981943211053 26952269.26150785 29599.631411949053 
8010.107059776848 5955812.592515078 4771.561956454762 
8009.977936894083 93712644.27827783 35957.97314941851 
8009.9767703704 23577533.452466577 44195.000715164635 
8010.04366371101 41837357.578025386 6562.639620261533 
8011.287042243867 2923995.7920952444 2069.4532605417585 
8010.0056335942345 43428239.8154052 15649.863544850903 
8010.061959757608 32883255.69406141 8820.544701798137 
8009.97628216325 27564448.46057822 41857.371023516775 
8009.9765758282565 22441823.020022687 45918.1912700855 
8009.978262594725 71807899.19886877 34855.672871843286 
8009.976806129261 44812120.54486193 38455.38852170884 
8009.976792510724 42536565.914417416 37508.95784126895 
8009.976738331137 48751870.06499094 39831.500838562926 
8225.603606772656 53032.09035241859 6.360667670361526 
8015.8190998361615 1385620.702531226 15523.776196685465 
8009.980632932308 62708525.89988661 33558.564837938364 
8009.989292146391 33057276.057742186 21748.78549087067 
8009.97711802289 36007736.26657795 40806.988200615386 
8009.9886190735515 36090293.8143549 22519.786392095775 
8117.030665164588 31217.555544369523 33.68670501724151 
8009.992724432397 25590470.75970485 18804.141004287158 
8009.991100786403 28994933.475953538 20087.67574715956 
8009.982153654333 88853270.08956704 28676.941339702415 
8020.64956404794 2170660.625682823 1156.1300838462903 
8027.601087110626 2196796.5113989688 764.6036694982728 
8010.106140445264 7251787.326539588 11735.931016937822 
8034.591726077458 1047428.0861875125 445.40012688200653 
8009.997658139685 58593656.91721855 17193.81563014443 
8009.9882341135135 42717848.38741771 23847.659496141034 
8010.063498643964 8645612.121627428 12625.678610340623 
8048.639301576001 1035595.6806718599 201.98619945624296 
8009.985565816157 42879046.529478125 25782.719629247054 
8229.544248545883 25677.038045310637 2.7297218869072766 
8010.212609111703 4477886.036413433 10953.434684607244 
8009.990920614019 36078200.00557778 20664.142793110736 
8103.082666443631 38074.288925779525 36.83954135594228 
8009.986094115836 46967925.61713184 24839.71467518543 
8016.430028344195 2564777.4638445457 1882.4950312090734 
8009.987563269658 54024434.892226785 24000.908372053542 
8061.217881933622 133082.3274417481 120.65788041570357 
8081.507557419929 46446.250634657896 49.08937423800334 
8010.008347928082 14100597.897734888 14447.033667519645 
8009.9861477308195 43866028.91316312 25099.907513836442 
8010.045260642542 22866479.323245134 9692.293635089023 
8106.45699147121 49430.51325310846 31.79266596011703 
8010.202951710013 7956724.140699644 10486.271051788866 
8010.07731450113 7334967.103961299 18148.737296141822 
8010.004761465202 43769578.65803723 16399.99007556789 
8054.427566541924 267125.9267437605 203.18841856207763 
8071.299420177658 52836.087356819335 123.0368651398761 
8038.2546685846355 536058.3244557919 477.2148835322971 
8018.189253629642 5393776.308997977 893.2018506291223 
8077.1267525094745 69933.16794496769 54.46399702650811 
8085.372025586327 38451.36597480399 42.86643065735123 
8097.711226057916 33838.13275484409 37.88200099918665 
8110.800061592217 32504.058134846073 40.022227825542835 
8009.983953034647 27118262.09232542 27325.53828134878 
8092.73455441188 33208.94965557733 56.49454319406713 
8023.653619636869 1601165.933492837 707.0845607144043 
8009.994993804551 3013600796.289506 34556.9870949606 
8010.016349917245 40694213.365485065 13028.770273946553 
8009.997406764494 22510909.89676969 17729.861643606946 
8113.190702082907 37366.223873720104 35.704138716971144 
8045.579634062958 256590.6489070357 214.67145629395 
8009.985807782459 22506933.76720152 26824.66648878435 
8010.243794267213 4223566.831242637 9921.795376686814 
8009.978585653937 42474602.95356836 34704.31739375126 
8066.621456287627 69236.74115107584 81.75593994473414 
8023.159450329841 10123425.098068384 809.9880543116001 
8058.169945698262 664378.664945222 119.65146671907587 
8010.0021940838315 17523878.262987774 16713.82983813756 
8010.122678686818 6631148.11825872 14053.238383282809 
8010.014124465542 13455894.297598245 13624.093645336608 
8009.983631119162 21046396.987987027 27747.453597935524 
8009.990835544426 38258467.126148574 20449.201686451233 
8096.348571170934 31725.857544953094 41.07398826376995 
8066.633245521488 67947.53927290662 81.63462975328581 
8043.016264413813 522617.03990050044 337.7664599401836 
8055.856568181944 127317.7741679526 194.4062785425631 
8010.003648507376 17469441.265294515 16821.039646048124 
8010.0388477893775 13784873.337923944 13339.105347523524 
8010.008813764629 12496123.763756165 14360.946332493926 
8226.61630498887 49654.40691227036 4.906234500858859 
8074.773333860941 46222.0477009228 112.68801312282065 
8088.248080608986 37936.47561855749 48.744145582582426 
8073.489952094478 140567.90031178735 62.453390580816716 
8089.864711167899 46924.03034245281 37.69818009525069 
8042.180468401995 6832986.884922042 238.08255657222983 
