10925.45622907021 237077.6527782527 10.911016626395366 
5261.287491399007 28215910.49417629 5019.773369056042 
9977.33921218272 198230.2339625417 36.8162284524362 
11401.81007518621 208178.9822017249 26.06192433909706 
5261.492606266373 11549614.0545457 4006.8008803144025 
5281.844604826566 17944989.241962552 1906.0748193610727 
5263.402656566885 6376468.639179074 3228.3953693552435 
5261.573703810324 8984218.067934088 3041.532667461455 
6887.0455388448345 358801.0523199546 153.89209524832683 
8624.705086036709 235512.55493430115 54.34875524215358 
7230.497393751072 334787.67766358756 177.41700166271036 
10240.960506004045 230882.78917899096 19.803047645247837 
11356.50111619676 200210.72558087148 34.97580071738704 
6636.040073659605 571418.8027857882 248.8931696834719 
10638.699985462923 233416.82565099327 10.953432320810393 
8915.97483567111 288382.80719762173 43.92874728795251 
5269.798416862291 5822597.6355821155 2339.7591765280326 
5267.698728387318 8161700.354800885 2535.0667818196707 
5282.300816063934 4025380.2663858114 2060.3497401311724 
9218.841580012184 222527.58156107386 54.44694484036767 
5266.437896738804 6617018.579647224 2664.1207167708967 
8995.592321885655 259816.77084437822 41.63781721885451 
9838.715736864444 246022.15172433067 30.200962834488564 
8385.803880113277 251129.8676595496 56.79857112753365 
6428.134596504898 625698.2573857518 283.48822915170024 
10674.233240433285 215895.99259975308 15.875006360901722 
5264.8965161179385 8597659.127786532 2816.1492171422824 
6287.7285358132085 1072319.4529931352 328.82807181420515 
5266.6105488308 7134607.581810851 2547.4563828562086 
5368.111219390306 2469291.260910664 1177.1271176934895 
5951.610759593787 766045.2098083007 529.4472376923245 
5266.150790362372 7024416.609436502 2728.3845565142606 
6584.553762046167 531643.0260229139 344.9299446588468 
9676.168234626173 249848.7867777104 33.8501204861126 
5267.090039878377 5415489.803239992 3125.162708427575 
5271.713715345755 4888663.230148281 2332.0760431912413 
6194.9768817672075 670683.6842962604 370.1147913472442 
5278.254769994143 4276923.551624732 1962.2470294500718 
5268.614597782234 5209812.46499528 3194.4553146306557 
5274.1688854993545 5516450.332283328 2177.74800533094 
8022.206671772978 346087.0473699452 64.41344343443222 
9399.837350986583 299013.40907618444 38.03419950796084 
5286.193786591887 4310543.40540158 1729.6011402780532 
5273.8599712696 3488431.093793648 2224.8965810436457 
5842.095558756031 932327.8253257344 515.2319989096734 
7455.157833782345 453470.22212076496 126.79684819804723 
7601.308307067659 650369.0856218176 101.65493674338961 
5630.827028856974 1694633.0871874648 780.3965508500637 
7896.55015172999 325162.9850871201 80.03059758493237 
5265.668105969584 7517219.045754221 2850.8998683058862 
10126.917854042422 244714.89111310669 21.030972569494335 
5263.098883292785 7989537.781576173 2910.5885375618477 
6113.584484469596 1284956.092017724 388.98158612890245 
7307.131240008391 586672.455711332 140.5090298070382 
5455.1217909215675 2895167.6209967653 1045.3435360714363 
5658.979280181291 906358.9445173293 634.7424745708851 
5288.447173002147 3247830.7419667756 1681.8104427552266 
5263.047807451115 8369735.837241698 2987.5882880302424 
8123.609919554902 275209.5196141475 67.68763427770388 
5455.512592918378 2382879.6920210635 991.9317057995963 
5467.7181959247555 1373699.0699696308 1102.9580812655915 
5275.4047137174 4707570.351356221 1915.342576891205 
5324.311798576603 2269502.6519285003 1488.6699591163847 
7759.852345206965 1398513.302094736 91.65651152413405 
9530.944355366782 297654.187409669 26.77973806936715 
5516.558404915537 1146257.4859127793 868.5718913077552 
9306.754860026544 217963.8738052397 45.54650444435373 
5423.532225047211 1736658.7567077286 1323.1428030177092 
5586.262149958599 1759707.145067005 723.5608761509386 
5295.949313447591 3980514.31194388 1612.5366969613208 
6393.30802964196 468190.9466562561 350.2798458996474 
5284.9099847136295 3552409.7738501783 1792.7291638006616 
5263.6369097568895 6796157.627771335 2954.2321992400953 
5792.329857672409 1064119.5696311167 578.8182989766258 
5356.835505929164 2815935.604431848 1255.6440071704005 
5302.048358399244 2716515.8436684897 1833.4165252408145 
5283.188472427348 6018016.192927267 1828.8306578629276 
5356.423536095312 2000842.7389139496 1402.2052098026866 
7836.171236211204 373236.422382957 110.19762041600669 
5610.745315607779 1088806.1966953212 823.7039519419454 
5308.5149930442185 2472892.6352495095 1524.909051358796 
7408.258622116819 365108.80887980794 138.8367690814804 
5717.360071393275 998224.9521736323 600.6343516875359 
5527.5169566629975 1004574.6172379213 924.9302029079513 
5296.72825583194 3317588.485020864 1446.5783492981038 
10033.606522998016 283491.5780528369 21.0154493219767 
5273.572915544206 3770869.538856004 2184.063047921577 
9588.96677085272 251973.2403567728 24.917913633515976 
5488.821314878832 1371603.8296986688 925.9540202752324 
5413.810799018764 1835273.2805347862 1283.5180088748848 
8203.58816398919 251488.2593921763 133.9691003654079 
5310.6186772910305 2997907.5580264786 1410.913963484567 
5265.664721638664 7772439.678235252 2847.828989575267 
5305.774929962468 2481388.738836329 1626.8978739251752 
8257.246431753554 268255.7405781058 90.95682416170689 
5634.8779970680935 1750920.141434039 707.7731158876245 
6003.111309607283 1131769.401225434 472.2973200237595 
7647.206821602042 379408.3639958793 93.8621462081731 
5759.161369820407 876266.7261943911 610.2768801250834 
8328.149422092993 331147.5337154742 63.8507697787551 
