9368.313205394985 430979.86117653374 112.34956793156108 
5304.317097226911 13672428.279553136 3489.903245909547 
9055.521417767488 608689.2696435014 95.12840430830767 
5308.040909406225 16569533.393602505 3085.702200532339 
5319.299861263863 9111436.607262636 2803.677372599487 
5312.971456932294 8868468.87628452 2823.2602321892355 
5322.703568624755 6909203.916832687 2235.4323197354865 
6740.6228148083 709557.2888976969 390.2921009289845 
7363.9159223860715 1257785.1870607978 329.44973650443353 
8161.2719415377305 571609.3609869839 287.4419775906854 
7725.264777438037 585120.2552138803 333.8027778597325 
5348.932337908871 5534503.997408427 1784.3827560501634 
5336.969223201021 4388468.255828705 2132.55432794287 
5348.37413012256 4643479.560196048 1954.6278197083252 
5331.696369095589 6771431.736325036 2565.978511612305 
5333.113214215019 6497452.436704779 2556.67657283267 
5339.329650908235 5042389.783461085 1809.9094636490697 
8943.338140365275 508544.18534063944 122.45354062123806 
5371.841101410255 6164141.822835805 1650.8121336149322 
5326.898158153351 6868956.445559536 2386.1453584884316 
5466.234078705099 3107691.9730412555 1156.9696739045228 
5336.871394440424 6308643.207073605 2352.0854595049414 
8515.542889194776 575052.7582826735 151.94597480365857 
8657.571615072977 500213.67451108445 174.72333010938135 
5370.3448774379995 3355840.3784140972 1720.0882975578513 
8324.742915492667 532961.813378892 189.83906915079265 
8766.976012754223 525396.8025032947 115.07388209036687 
6593.295996687968 1017049.1909083573 399.65847606689726 
6433.743408816785 814587.9354248368 410.11686432388404 
5419.94631796865 2799454.6146038612 1375.700808071503 
8421.419264763736 621100.1509422531 123.21090786882485 
5450.654322168776 2667770.451247953 1299.7613710846372 
5536.03899429197 4228241.504614187 991.5282347147604 
8232.604797019025 756840.1935080098 155.96872494423005 
5349.803188479758 3897108.2501172656 1919.1955943516675 
6019.585878750133 1539531.5263974394 605.6159609076906 
9215.272384009424 457232.0344392628 140.67557987305238 
5362.3890077026845 3559368.326989658 1655.4229026507567 
5472.058244517263 1979680.6399579938 1121.6218592617843 
9354.904016228847 500413.6534151917 134.3214066675285 
5448.37378330212 2020689.022517956 1451.4653001370866 
6222.87294100164 984062.9189894295 528.9138735385926 
5904.339656022398 1108419.3910562908 734.3826060828584 
5415.804820150757 2824578.93687098 1492.3926219518503 
5403.58517049814 4016351.6650326424 1568.8104583420686 
6125.7970926041135 985660.1552041483 532.821000630672 
5350.578471095359 4395396.584510367 1882.350494242371 
5398.497540885678 2589961.645847232 1679.6062951993579 
7555.207838906337 1714063.925688341 243.6650836541767 
5868.179407465856 2237254.42632882 673.3864848332433 
7596.604944197972 1151419.2911001 290.73342129310754 
9142.51300292887 485114.1562145821 143.98334250219992 
5392.873186615424 3991378.068019184 1578.680215511009 
5449.218422278467 4824837.161395071 1300.2527151502045 
6662.568443938117 794091.9012524614 460.09743088955054 
8729.852395827287 696790.6669712663 115.95248529903955 
5404.230447374696 2948388.9861147157 1330.3133501682264 
7477.405220875286 616869.3439965824 421.558105693316 
5602.934016591932 2130803.4397955164 957.5264987175576 
6324.820513670428 6715216.279325787 504.427583356218 
5584.457790999439 1607810.8931882393 1078.1016489977962 
7674.994851588637 884451.8180978517 295.61636620515367 
5544.683426161714 1861202.5930765963 1003.6569346430218 
6376.659375279089 2864294.9361347295 434.58265360663546 
9184.892105875293 477062.96491662145 196.10475209187706 
5721.301806883663 1316589.8722958737 827.1468375034358 
5381.529842557073 4477764.120083605 1328.8658491811102 
5621.238194189487 1783060.6922096494 878.5220841159659 
5755.842815583183 2366731.674273714 693.7317347650284 
6083.747032390559 1243578.4083378997 575.390704361466 
6676.378577472921 804539.4804491006 365.64105351100955 
5834.642212106429 1189423.2994809619 683.1027166762799 
7702.228266187336 600772.7020856439 227.0970973785146 
5574.385149876851 1721240.559033589 1064.748130333622 
6275.677750862362 2015694.6971639574 517.5521457638977 
5677.0576273027345 1771652.8258049588 912.5517905517636 
6410.87916447666 850651.6566472405 483.9064459718674 
5609.707724273418 2297119.7919335915 919.5517832465343 
6600.505229262342 1013107.4671537614 348.53259872431505 
5576.577863221537 3136453.109681357 840.2229575666684 
6048.567697608313 1245878.3177886184 645.131397305164 
7423.004757396126 645679.4408591668 348.38185746692 
7382.965997848245 933219.3776317727 297.29033570109954 
6101.499375226948 1701013.1301108676 561.0878124081675 
5650.746752457573 2812799.8307247167 859.8545564623071 
5802.86639839754 2343627.9155116826 706.8655783661872 
6308.45258108578 2049077.7186051873 516.4198797478265 
7519.83773312017 700353.8508544806 332.7351502202694 
5898.235506538211 1573920.4660841806 612.302155209491 
5667.864788364948 2672282.2558895173 847.6228418399198 
6100.374249286274 1106646.1660629953 629.5407159770356 
5731.955941168893 1472537.3778021499 811.5651670619435 
6042.755503938796 1407051.4247196587 565.0011639545137 
6327.510922721535 956009.7270680747 438.01274980060913 
5756.272637984463 1832122.3653965662 757.918328118705 
7380.008065827182 1517128.8506647623 328.89946883494576 
6401.389231470548 901938.517055649 442.8669766326342 
5771.939787865616 1268409.9418270597 724.6549569879633 
5676.5931288280735 1953541.5476312703 766.6955115180662 
5794.575042183656 1433089.9620182829 720.0018701412669 
