5984.1415150750445 1265336.0279750242 980.771537750383 
5729.486480340829 2072801.0150636493 726.0489400367637 
5833.5603757988 1269361.8519850455 711.6363741204984 
5562.812002903293 3979516.459226303 1045.8371451567937 
5756.272637984463 1832122.3653965662 757.918328118705 
5432.673123705846 6070937.202501811 1478.633288311057 
5658.283020392665 2113465.483105722 880.6395122841304 
5880.511870595324 1538701.892607622 702.1905645892937 
6308.45258108578 2049077.7186051873 516.4198797478265 
9354.904016228847 500413.6534151917 134.3214066675285 
5584.457790999439 1607810.8931882393 1078.1016489977962 
5571.640619927607 2422034.527175718 1113.904303094115 
5443.562838568712 2960104.963494554 2005.2324290084266 
7495.978506558739 1511339.6967655497 312.85013265796744 
5506.045774168977 2558039.764045104 1384.7964423812812 
8305.96068042468 747415.8818426485 247.89278995118894 
5577.38085938078 5401417.855968771 973.0768033941382 
5609.707724273418 2297119.7919335915 919.5517832465343 
5335.100664971993 8996608.080792982 2286.257151832009 
6053.203495681055 1426952.0783844613 702.4769388810762 
5388.553473126772 4360978.97752933 1755.049719521413 
5510.096997750623 2515287.624355753 1135.4530494636117 
5367.832283374247 4261142.6946318615 1763.4616427229626 
5406.0510881279015 6459625.09421203 1414.1339317356276 
8227.718035210166 608306.9156856729 283.1357560803998 
7555.207838906337 1714063.925688341 243.6650836541767 
8117.329312728092 801147.462070476 239.9053395094852 
5392.873186615424 3991378.068019184 1578.680215511009 
5483.489517173508 2609670.524038105 1205.479190252068 
6084.5370819550435 1354837.2354354206 611.2520435746887 
5602.934016591932 2130803.4397955164 957.5264987175576 
7477.405220875286 616869.3439965824 421.558105693316 
9217.076180920503 483932.2749572667 160.37899654496127 
7990.3725671462935 1118960.1509751836 273.6518070933759 
5731.955941168893 1472537.3778021499 811.5651670619435 
5340.9218368582215 7440932.233729713 2496.565357076918 
5526.211328086225 1980467.4815789477 1169.9069111995514 
5675.381752185807 1950298.138437354 809.0015190382792 
6740.6228148083 709557.2888976969 390.2921009289845 
8163.968260126877 925444.571833408 218.23846246042967 
5403.58517049814 4016351.6650326424 1568.8104583420686 
6124.102085759635 1118244.3382012385 522.8842760933022 
6100.374249286274 1106646.1660629953 629.5407159770356 
5435.365835344542 4732405.834855083 1509.5221709716616 
5672.520166499415 1490539.299857199 821.3198196698042 
8403.244743545365 594058.5500365735 279.9747900635028 
5578.548786202514 2385880.3118494027 1139.6252772625228 
8766.976012754223 525396.8025032947 115.07388209036687 
5399.123424067033 7327388.619533874 1372.4512120364122 
5496.141343432655 2678060.011398248 1180.6713826135174 
7363.9159223860715 1257785.1870607978 329.44973650443353 
7847.015116845061 1128505.8612798725 279.0207220106815 
6346.221735552435 1040973.8607712088 470.6289228221896 
8718.080463916656 625901.8195278493 191.72748235967453 
6600.505229262342 1013107.4671537614 348.53259872431505 
5666.299375974157 4351571.918969749 873.3994553414509 
5582.520822704949 2195454.532736752 990.4361249222528 
5437.441806759049 3464445.4247963866 1513.3874540243582 
8072.284978218099 1138737.246225325 272.22013091531284 
7501.196358685812 1425444.001065854 290.046825381096 
5515.4703782356055 2473503.815620258 1165.2368655574462 
8077.589652940205 5983105.080967199 222.7897652664556 
6016.236210116229 1586415.9059193619 647.1583333620653 
7519.83773312017 700353.8508544806 332.7351502202694 
7767.665861509837 732388.138426159 300.5442733717889 
5350.578471095359 4395396.584510367 1882.350494242371 
7736.775521744919 1183723.0562214388 266.15549278531233 
5536.03899429197 4228241.504614187 991.5282347147604 
5627.170847813889 1802326.0470042464 902.1596536173381 
6075.308605159033 1221445.463205703 689.1836231695972 
5449.218422278467 4824837.161395071 1300.2527151502045 
6019.585878750133 1539531.5263974394 605.6159609076906 
5482.708703319352 2656368.624372259 1502.377950751733 
5572.720045634896 3241609.9678340945 1039.103880283514 
5802.86639839754 2343627.9155116826 706.8655783661872 
5466.234078705099 3107691.9730412555 1156.9696739045228 
5342.938235207739 5822766.156065761 1968.0292259724374 
6275.677750862362 2015694.6971639574 517.5521457638977 
5721.301806883663 1316589.8722958737 827.1468375034358 
5414.315013400363 3537706.356319008 1565.3371413913471 
7674.994851588637 884451.8180978517 295.61636620515367 
5450.654322168776 2667770.451247953 1299.7613710846372 
8161.2719415377305 571609.3609869839 287.4419775906854 
5495.184505401073 2418938.7320692483 1551.7230437353041 
6468.756822851215 1082443.257953153 433.0058037917659 
5335.453440305845 9735263.9343537 2595.2724897752987 
9380.00324947438 509804.07807754545 179.7610306758096 
9298.152584791993 563044.6215326652 159.42692136521921 
5386.712498470942 25921697.96577025 1892.8559380211661 
5354.390507089944 8813094.077547919 2523.632000385647 
8879.508483261143 667394.8079825193 223.8272821655169 
5354.386738863565 9687456.663758967 2036.8842439723585 
8126.8709464288295 1306269.5147482927 265.6705827373349 
6476.787368332928 1637775.609945938 1086.6681164240931 
5354.582009039775 5663071.0294192955 1991.418698142816 
6179.319082550375 2269726.802860446 719.6996507356646 
5473.4962166165 2911255.978067595 1356.6152910143821 
6940.299794989978 1224880.7316227246 769.2666053834814 
7031.862097539533 1029205.9665486114 561.5555471831808 
7819.719247811796 1665747.1424654813 373.73924015822445 
