10789.98635259725 3781077.688018746 574.4693433041598 
10542.840031953072 6359890.152465485 545.2052301960364 
9757.322201994904 6156747.862752584 1030.387373532873 
10897.21562381752 4476847.8872521175 472.80981469977144 
9858.790511696909 4215235.993620029 850.3553924430859 
13558.434534492988 2449834.9051253647 333.75540702345234 
10571.427925648522 5766541.83250295 612.4437185133447 
10984.965673445127 2504814.7238405985 434.3545016776807 
11280.846785231059 3469665.514794567 418.6682305397651 
41786.13375062098 1151524.541638576 180.90400351854498 
8893.384294536292 11871481.21234808 1020.8516878240932 
9140.097754624489 9583196.083268305 834.991412219615 
10954.684858531142 14335626.706299603 413.63367014747314 
38561.20648892838 1305894.5773399542 147.88884275869142 
16732.140767208475 1721851.489159261 181.35066507482907 
9016.94024668914 9825572.648028191 933.3052271241124 
9804.84966386022 5346746.781183514 862.049127757143 
14469.88782318009 1280131.7224213458 221.07949224255265 
18471.241406319903 1614421.4743824932 138.19504308203022 
8663.81331872767 20138071.449459784 3258.2499904723513 
8881.595373330369 13380326.26225525 1096.344862308435 
10768.621266716738 4749839.478503017 663.2432501874451 
23080.296888495574 1506373.1246815831 99.70455096593523 
10028.767401316476 6542021.844202578 631.9122720718354 
9598.819737918186 6908450.976741966 698.4824033608793 
8982.30238956707 16706188.407548377 948.1531813016867 
9074.277389150306 8729075.697525483 1144.4032175010113 
8985.702529201715 11270979.601600243 1030.3937604305017 
12383.87941396105 2778879.898242781 350.2739011658573 
12555.878066826386 2224943.99792758 449.6194308305288 
10795.135167644403 5558920.976908393 462.26988789525194 
10798.115423979354 5332712.634656334 544.9993150513473 
8428.429375903354 68065139.86501025 2895.756603856222 
8923.103190078851 7886419.3947016485 1148.8544654424388 
8989.36016621839 10019129.821585262 1081.933062514974 
8734.210206312891 23564926.06299919 1003.9939107582101 
10356.766374078974 4903998.477943043 637.1830478282104 
13740.983577981 2057668.937036624 310.7000141455279 
13455.484188337898 2164935.8329277304 350.34051245451695 
9120.29811122107 12621930.090997308 823.8306438473927 
9441.395152049725 6298062.153453038 904.5041960207026 
10541.250627702622 7077012.739422228 573.812412284383 
12935.784375642434 1862090.2357299756 397.98917024025485 
10540.476937629885 13999430.89513259 560.7411304010727 
12846.578082764272 2855183.8195031863 348.1185217025427 
11679.004194134304 2914549.7502039755 433.6307442721193 
9610.431937362697 6706440.625350513 621.2064987563587 
11174.414920900806 3382067.9331758283 420.9965740398302 
8572.822933727799 24328631.523719627 1412.8742074710267 
8834.189527585651 14512776.823322253 1281.7387676320468 
12258.50026822736 3166798.721023238 292.0666305561225 
8904.620823195217 11170368.42120425 1156.818504361682 
8478.672264302311 41165607.825816244 2553.376971173573 
9244.861656414752 6682331.34061694 836.4921184781334 
8644.02110700824 20052405.19949977 3443.27567584631 
20021.540069083814 1360102.9541411633 123.83474607862924 
10973.118116718295 3029706.1201166753 550.8565927281701 
10928.338607760401 3267963.4902097173 664.2147068847354 
10316.924975000387 6093209.295936627 619.0454066112019 
10250.465540501951 5554410.685303151 635.6694383016985 
17538.183301371402 1625094.5023805276 186.8095889420555 
18619.525170878896 1445640.2994919606 185.82733062964593 
9093.457953702924 12628679.271377712 867.8550459934852 
8756.865916345962 14591013.656006742 1001.608721759859 
10965.76326990182 4090370.4666884886 560.6429140921643 
13820.532310396737 2203990.8274910836 302.3397339304916 
40617.94191708738 1357932.4118606828 162.88356137712793 
50543.12706549008 2297358.9283620957 106.28246807844702 
8456.592992721246 213701036.12068856 5535.8333617810495 
8479.557286209527 116902409.57322617 5459.113251047118 
8515.877674201616 65998810.35723696 4242.162392453169 
8488.057440391573 74753818.54665244 2958.478072482554 
38140.532232213794 1407199.5076553475 194.18417848538814 
26234.85516589591 1696016.8109371478 123.84283753914411 
48616.406718974096 2581832.2966184607 122.27667310561688 
8759.923737921363 101915938.306204 1486.9162314975576 
8587.997460972816 29918235.11640516 2115.5932187150806 
8738.541895590168 31534032.408482794 1546.4923604131166 
8864.6975490776 15495156.038428444 1678.7150870166745 
8785.22177579425 19810060.99415398 1971.148593900175 
21430.53053067755 1618690.7642006467 176.73375467288764 
16563.81021188091 5061732.566213232 267.77459037886473 
19177.75981402428 1855330.3097282983 147.75349169388906 
8865.026258591615 22842615.545758605 1403.7130526471774 
23860.18779567206 1603417.0639427484 166.56593564313684 
8732.778066598788 72302274.58296569 2098.3899650402063 
9842.764209655437 7267337.17793588 1097.6100512893543 
14915.689846226962 1471178.60909758 289.00013555445753 
8867.481561428214 17497166.288639024 1296.5648724286523 
8987.913676270638 12513112.606307358 1351.0189029601834 
14238.193537778183 3023489.7015651236 328.18175622482096 
9291.940356938185 7586340.886031862 1047.4505515051267 
17414.577315562772 2274308.552639344 225.93454064508606 
10209.57536578394 10604489.452764219 640.6500789479416 
22502.443437335693 2783779.34179383 127.79110746166029 
9466.027789675945 8567136.693021677 912.4120379533913 
11459.384493208192 3493711.308233234 579.1991810048987 
10220.146697758271 6595157.09403252 726.6245913698757 
17929.996550076645 2335828.0065222452 217.78109043647964 
10678.883003956746 5921779.644834686 763.3744694096079 
