10542.840031953072 6359890.152465485 545.2052301960364 
10897.21562381752 4476847.8872521175 472.80981469977144 
9858.790511696909 4215235.993620029 850.3553924430859 
10984.965673445127 2504814.7238405985 434.3545016776807 
9140.097754624489 9583196.083268305 834.991412219615 
10954.684858531142 14335626.706299603 413.63367014747314 
9804.84966386022 5346746.781183514 862.049127757143 
18471.241406319903 1614421.4743824932 138.19504308203022 
10795.135167644403 5558920.976908393 462.26988789525194 
8923.103190078851 7886419.3947016485 1148.8544654424388 
8989.36016621839 10019129.821585262 1081.933062514974 
10356.766374078974 4903998.477943043 637.1830478282104 
9120.29811122107 12621930.090997308 823.8306438473927 
10541.250627702622 7077012.739422228 573.812412284383 
10540.476937629885 13999430.89513259 560.7411304010727 
9610.431937362697 6706440.625350513 621.2064987563587 
12258.50026822736 3166798.721023238 292.0666305561225 
9244.861656414752 6682331.34061694 836.4921184781334 
10928.338607760401 3267963.4902097173 664.2147068847354 
10250.465540501951 5554410.685303151 635.6694383016985 
9093.457953702924 12628679.271377712 867.8550459934852 
9497.976865851242 7420124.480565742 815.9252063107494 
20520.484337128946 1006025.1267014116 103.9961360295248 
10667.804681969701 4619982.923887588 535.3215014147115 
8739.415187835975 16162618.802023476 932.2589989534106 
11389.15834247095 2435189.319835524 420.41226947273867 
8958.691805459086 9664324.375419386 1130.7562620989138 
11732.941020505179 1700157.7808415266 318.1323580548986 
9293.512875332406 12163604.324547395 795.4676480153995 
9001.767782216746 8896890.336367212 1063.694959925262 
8452.074799844466 16471987.51898377 1297.2039995872078 
13149.166180768007 1769468.2283631829 232.66280257182987 
9910.008136778437 5639108.406703087 615.9982852511256 
10770.586365980576 3739607.329237111 517.4473594467577 
8658.751752615368 12603783.133435259 1002.422632689794 
8686.895651305005 10463213.082904508 933.2719009197344 
9861.07661962395 4909831.89700048 687.5714805865907 
9508.22028066111 6775139.642657255 663.3235864291642 
20532.883227175196 1538737.67421395 84.66194602050194 
11564.095393260275 1731705.2667879725 293.5031130466305 
8377.929836862118 20688364.39564295 2727.372556217495 
9123.110613252124 9157563.504579125 858.705033937088 
9176.99095212781 6698404.538889524 901.8532443826225 
20784.098409968843 705930.4878087495 93.76888792101192 
9483.151350769394 6374656.242194862 888.875889934081 
8806.715519206877 14159752.660137326 911.0638100431192 
9433.379173586896 6262517.680703601 900.5988614647692 
12359.87882330482 2988680.7872440154 291.08969657365 
8941.73130202547 15010152.760729274 872.3422458213704 
10518.216793612783 3553427.628937284 846.8188925307292 
10507.435292578259 4504974.238467142 598.4619583160305 
17589.423153436775 1498170.8017024875 152.71946177390043 
9017.934516117499 8415538.550249897 922.7119367736815 
10972.316053782848 2905338.646686176 410.85970977939166 
8840.154912346583 10655288.212948035 908.6345023744593 
9636.146494416018 5735180.385609196 735.1670576207196 
13509.471430344523 1475514.4707355236 232.46256567052797 
8468.921816255508 13942215.089822996 1080.1148700213841 
17093.323724437996 2430334.957062272 115.48481516744728 
10430.602059143896 9604219.83936156 593.8325898374791 
9061.647980522304 13704550.028899057 856.8059144188551 
18962.266074893443 1040234.2980727747 108.01839442325198 
8882.409670606414 17653309.289027207 775.9418438196822 
10164.991168722077 4588713.7549191415 675.0728584832473 
8429.119663987578 17809493.513644222 1202.2304331076534 
8351.909262315896 146295255.7799027 2985.6571570057245 
8989.578703264177 9118066.616755892 919.1454289118492 
18537.374576982256 1942566.2876441088 116.82652826331889 
10219.382248406197 11785395.309632532 575.3134422365811 
8608.00271858421 12701124.63636418 1792.2579621604714 
10019.170726482249 4652239.639090153 845.9990200515658 
9435.021207057503 7926912.909830868 678.0368561703381 
11316.685927843828 3130485.7648570156 399.4355696575842 
11244.218723944701 2829289.750275687 431.97112271411373 
9779.202033753627 10937624.852374386 593.912592697004 
9656.3965893759 6619022.198892092 660.5030547714123 
10477.777691197734 9520518.238040712 570.3354896589487 
9172.882705534315 8568053.011913594 862.7870021124658 
10304.786210198796 9791512.549052563 569.2373128055144 
8578.213571736602 13776342.172547434 1661.1203502346818 
13893.697682698288 842792.7678079238 161.41481167200183 
10725.377148986054 4285239.43991946 577.3004772215866 
8370.907613747217 38060651.54233652 2488.1663734851863 
9156.72924928736 10186633.72653987 796.7551534050036 
12636.436149868758 1555590.6083727526 377.9863525031691 
23080.296888495574 1506373.1246815831 99.70455096593523 
32430.190453575386 1146334.4240228033 144.88207329333113 
20090.664716785854 932566.0188899756 180.3613714260385 
8376.67141520996 42970908.17048778 2522.3159976458746 
8437.946462972663 26864391.958165295 1975.9965917077266 
8440.347826104326 23654696.652733643 2150.6931813180718 
8496.7587980532 33592562.69485641 1513.52881100264 
8531.44767977702 20112035.20021923 2500.521903678396 
9439.291555163185 8803216.715129288 1061.2876857570623 
8831.038404579063 42248759.31844651 1451.1964599432233 
8804.043666920674 14911669.842476608 1528.5698718860149 
9076.354427055085 39766664.591801025 981.9346244517567 
10904.944817460118 6060409.90593066 554.7207797384408 
10358.838853173438 16842596.639339585 699.4472066439633 
9371.428872651126 11237703.827143032 818.5231769440702 
