15396.189319057423 162416.23718293675 31.600540141021263 
8094.762210339068 50094971.211947866 1919.341891970434 
17349.71181329557 233864.2480622643 0 
8170.238713285098 92421084.59893315 1021.0039766788441 
8145.014501050335 20094757.229621924 1088.4979919270372 
8097.146198095674 14545882.735673334 1640.77881954225 
8131.180704141323 16380944.951210704 1092.6813372514355 
8132.844935671614 9118572.381268714 1373.357040347834 
8336.503445535738 6256999.853160374 782.1526820834895 
8132.127124811766 8263626.332933886 1504.6264652444463 
16198.017199736762 269171.12009718793 2.1009829728781204 
8214.233964491495 9197593.437038304 904.7643269541866 
8097.942488754005 11711524.217723085 1439.0186548520326 
9284.471594972347 11343860.428988809 421.3209192301466 
8174.558663620192 11535033.974482736 879.5157288737787 
8215.240709012905 7356433.266625585 687.237387306941 
8758.436895110977 3988443.2377499724 511.48246085831977 
9017.143209210531 4211231.395845985 466.71413731394296 
10007.027079639542 818163.5050604751 356.44754987582047 
8531.136450136079 5718500.982919017 449.74786620966665 
9739.83070037218 1286874.3490782487 382.4556826389719 
16971.338269397005 188758.03474932077 3.4318553636993885 
8163.182153814789 19071840.41617665 1061.180405808262 
9202.583540034513 2750735.665049946 433.48372736507815 
8146.095010019528 18294733.78529015 1067.528119409003 
8437.59582983282 8273296.295006861 597.8485385605524 
9630.24437020456 1624741.6866621962 268.7052804894508 
11585.335826036351 271112.7901242424 109.33139573797371 
8877.295722574925 3630023.1466337116 473.37328179308787 
8847.889880567727 3479231.6669682744 516.6332523442424 
8131.561025049597 8772885.023327934 1381.4120553687794 
13998.329530750108 222218.53790521808 15.732371837044836 
9841.753327951177 1196878.7877536304 237.0820251591386 
8522.72902589656 6957282.522908463 552.0523759421243 
12874.649666815252 247691.2931836738 19.808279327373615 
14969.487447778756 235087.3092094098 6.415294194607094 
12561.631784818075 245091.06516815518 35.10075769496889 
8376.864465524344 5078854.8924781475 659.1166067651011 
8444.140207394965 3732218.9016922973 558.3577318611856 
14208.90642426327 214754.462711535 21.503322196558802 
11750.330702636295 255209.6449867874 65.82688604425519 
12702.107296958151 223479.68327342084 32.46321339958738 
14853.568891828127 197993.17667148463 12.561190951379274 
8255.81041907869 7937542.355146734 644.4100989909551 
14680.319869350595 230983.2252908706 14.002171356492145 
16373.968709113356 244594.45620204177 2.1740772415182943 
16736.912685346528 231888.05873190679 1.006071570091447 
9454.657982339035 2667081.6593405744 433.2946259132324 
10590.205625595634 605094.4173016641 197.9842768106153 
13043.127947869536 225003.5788349818 31.452652961633927 
12374.323764061526 231202.49114398565 39.726349684919484 
10195.019984969464 1053662.773006721 279.7598763196855 
8413.2572511956 6497303.930639254 627.3531876790281 
11303.419418303585 317577.3465258498 89.70964934589908 
9522.279886137365 2185966.6043852814 315.8363724103411 
13271.74800030614 215534.35265503154 25.368130160871686 
11112.822749576393 337220.89306264964 121.26246286109316 
12212.036534633553 251313.65470378764 57.14905659954206 
15167.60255509957 192377.97068598593 14.050015281787463 
10109.342636506253 838791.4425119642 334.8275475236144 
10468.75349829903 449144.156766257 213.35458302036787 
16505.24099122589 333189.05064118747 0 
11395.560528308164 290527.147364259 77.39977202609451 
11244.530446866222 375757.06129371724 119.62397720505984 
14545.084059220277 258100.4554744868 14.28202014759946 
13138.683243194642 222677.1697792058 37.48560362648464 
11480.491510060243 280433.41403203097 82.070362064364 
13817.35974566336 222588.0529396514 16.768412883627384 
15231.05998483766 181767.37258476473 4.30747170668285 
16925.43582914264 205519.93834872963 1.0308643368431998 
11026.88258696198 320429.58187426085 130.33354945174128 
10353.303962471851 512313.8430777986 223.1115876257812 
10738.30131794799 437081.5819335779 170.8066700702724 
14430.93648353651 202386.51211661505 16.699918447490354 
16624.179427185798 243830.14771876115 0 
10679.918538191536 505439.456850747 154.28274429299617 
10630.548971899656 531836.2406760571 186.80025246912865 
8348.595148808872 5827958.161264636 683.7317535379304 
13383.975043479648 222987.25696939862 24.624666203458805 
14313.224316881468 209542.29059280353 15.281289752371364 
11933.452903067442 246101.0213176591 61.54286910310991 
10824.206560777842 392366.59003567393 169.28747395253126 
12294.943917084185 291905.60824374016 42.98036217121077 
10951.1120508173 504767.6169756878 136.54388197221581 
10263.871135529778 671681.6125364595 255.9112857413147 
10881.66073858554 388847.46251755423 143.99870140574978 
10098.925272209472 1131609.42295405 293.83728751692274 
13496.45666067958 219540.11392730227 24.325182157401734 
13754.785760876015 255763.80090417212 14.437196709791156 
8402.972847954292 4651997.751510512 635.8243028977214 
10076.411583151279 1159453.8853819484 315.09088491134327 
11854.724562905005 254265.92650062434 64.58917130984632 
9744.110940727987 966369.7467841468 324.9639094543153 
12073.991426428087 261698.75042997763 52.140861174184494 
10288.696005189302 605607.0295419337 248.13048455994138 
12047.539360994193 273001.33478079824 51.74171642389442 
13610.325606746002 226275.5927773239 16.607028413158805 
10417.889168131263 460681.75013817655 215.4304581420157 
9469.060375322606 1368032.7731698675 318.56736355357623 
13581.259310466488 249779.78276892987 17.797841517277497 
