16777.554607739832 248357.904628245 1.0331923245417398 
8099.722946360802 549577446.6877043 5025.363494432708 
17624.74345192994 239124.0537482839 4.472309754911624 
16296.139320762344 195767.26728044104 9.413860129144448 
8099.826215916282 50724210.81609302 2775.4137234217233 
8101.038038321775 31367663.167276092 2424.246911053962 
8122.741903329764 15751052.855734205 2138.632730601613 
8102.00307480679 22828807.554576863 1824.3440580340246 
14796.648977945597 339784.7612849998 16.715773384390594 
16946.49401144391 239667.12958642183 4.274593929099154 
14118.341446463817 215640.76393147046 28.303407555204068 
14368.646885326869 209630.90181177878 22.33556446711763 
17539.67620956807 230592.89476608415 7.808140888698182 
8619.773295067062 6476726.020298425 1123.4709361801426 
8131.561025049597 8772885.023327934 1381.4120553687794 
13621.571900061268 227277.9968960061 17.591202691949963 
8109.932511025144 20596892.54799015 1675.9089040144527 
11882.385908059967 303051.9866261805 60.54461109794721 
16413.684699978774 251929.75479637526 2.052680005701255 
11494.934600861325 291330.8037867554 83.47637985413509 
15157.115964352995 337284.8483848675 14.96536546672413 
15217.184647556242 285010.97255723504 12.005120548096162 
15560.497764026695 317213.36466140597 5.68213474336925 
12841.883148338155 421503.4698479439 35.652430221008146 
11965.773736453306 299171.57524493773 69.91981386015796 
12575.197709567754 262623.90387371223 53.03583395027206 
12215.023124186811 306312.04539734265 53.945149153010966 
9017.143209210531 4211231.395845985 466.71413731394296 
9630.24437020456 1624741.6866621962 268.7052804894508 
10970.636284880486 392509.07723794435 151.92787641327638 
9479.449221803396 2608224.9826621534 545.5288669413836 
15731.64090095354 279829.7306926269 9.748172486828704 
11326.870832079598 391035.46186300844 119.53462082189648 
8847.889880567727 3479231.6669682744 516.6332523442424 
15940.434163813114 267563.3735955643 3.1489848774393687 
9224.92139849787 4793202.072531149 448.17188573417667 
8217.172658369305 10880929.110262074 925.9484029480589 
10200.727587657286 845219.9178082609 313.7837856719042 
11109.340411965652 446399.6717755642 143.6177831534152 
12314.986229689257 289607.5521027956 37.53251927729434 
10098.925272209472 1131609.42295405 293.83728751692274 
10852.10925510326 723462.8936997257 182.5956052640092 
12485.920163964107 245998.92011691214 65.90310961522076 
11208.166606822351 501413.784224387 125.87584103126909 
13102.298752718681 264036.80539497506 32.38773051365528 
10345.079358336145 663676.6544314893 208.5004446424882 
9284.471594972347 11343860.428988809 421.3209192301466 
8110.992719662215 16059693.293273386 1554.9524729263494 
10007.027079639542 818163.5050604751 356.44754987582047 
8716.893870502943 6054979.551594449 588.8832260000993 
8190.266587546714 12211059.333744507 979.1189287053023 
8125.125107855619 8878290.87542049 1602.8076682173396 
9375.452265120444 4231223.098922143 456.9341359112355 
8969.531303503805 4836309.3694382915 446.884247634383 
8758.436895110977 3988443.2377499724 511.48246085831977 
8317.8743707937 18588341.680279467 767.6070388057119 
11450.627670763257 377986.45203963557 92.88855613719045 
9518.021570613326 7470223.271373947 403.77009206724847 
10520.826843806726 648843.8395716653 237.20998002934522 
8690.913141477095 5937960.982318325 879.0250116676029 
8493.120180326452 7667349.826634819 647.3801586850336 
8408.14280621755 8378698.468033725 729.0134586159672 
8349.055497289135 15529635.552788652 797.0420795801214 
9924.21300434993 1112481.0157111047 387.61887555868566 
9739.83070037218 1286874.3490782487 382.4556826389719 
13251.822544904988 258216.85188453575 35.822796852458396 
10288.696005189302 605607.0295419337 248.13048455994138 
8162.048455288059 12077290.325316202 1045.7642724702168 
10737.808957092668 586551.2518669371 204.32081364777972 
8132.127124811766 8263626.332933886 1504.6264652444463 
9841.753327951177 1196878.7877536304 237.0820251591386 
9772.279277430613 1490332.8387108557 344.8756049330826 
8298.318745041863 10003197.841857685 833.403877612166 
8297.402159192454 10425470.837632643 1014.7535032438552 
8626.95418654768 8650125.931422943 636.9050948855191 
8129.117004500424 9714151.069411196 1444.763289941814 
16165.967534127532 266661.083930968 8.190707839226176 
13493.53515678029 248632.70612904715 26.6965969449068 
16027.6214871036 267127.5367389179 3.408801808598745 
10657.575668947453 531160.8609461817 219.2532229452935 
13350.918522951499 227189.9851455911 35.23368265406342 
8367.063220823795 9191498.902199056 677.7380134342133 
12992.967487010828 287017.01920262945 43.12009359655463 
12948.213031282427 287940.126865298 48.76247729646643 
8210.816812957399 11827027.221775778 1082.2743185013824 
8689.305743698456 6291208.739157381 1106.7811977933593 
16116.881924068399 273811.48568586813 2.03579747433936 
10709.807432451165 759327.4367079445 180.3543402513843 
8342.399574950432 8409213.900393229 1471.8681346580088 
15636.746772354 316735.9241312995 6.870888807691157 
8470.731027747019 8231324.865801879 709.8267887583986 
10579.369096147588 544790.4106366978 212.45504052781664 
8328.839660583726 9516883.509950453 998.0547174028177 
13579.658335626675 242694.31537546648 32.470803783190554 
13531.375229944962 306372.4467960207 26.45399721505519 
8488.22223685308 9181657.168809026 705.9998175954576 
15599.303367884184 279110.91236458666 10.71228213792031 
10576.963447874152 597619.7265251777 238.26461000212382 
13303.749594250063 265137.289239962 30.54911563353579 
13322.899502530798 296016.1317948391 27.058666141684242 
