16706.115157937027 31316.314700056413 0 
8191.705441536997 4959550.806211068 454.6676193846932 
8203.024594404947 5013631.210211662 394.72295915847826 
8192.793902318548 4329569.232459067 474.75374384529954 
13724.884407450638 49663.34656227078 0 
11311.652446950604 51539.47340067975 0 
10119.074346013498 79540.2412775798 3.4442049272122577 
8204.90694025189 3469804.1311158855 425.3496718838097 
9337.311492808665 79923.75622447373 0 
8206.562627320256 3091010.75388897 360.00019235974963 
8197.023940759902 3827119.115904147 414.08965202877414 
8755.720173773025 718845.3545465167 99.91611683397088 
8195.999106558509 4758179.144954903 418.22769107862354 
8306.760099867326 1202740.0925991375 233.08097909049093 
16321.14669786326 32155.56142242484 0 
10890.202928987845 56549.742084356236 0 
9305.594709325436 317316.38736837177 13.645872799874953 
8196.004782194861 3663125.906062907 459.91538253544667 
8222.281710613388 2407716.3871954833 379.9149640554582 
8460.014955822782 631728.2948644342 177.04242981225144 
8204.067132876486 4060674.0956034577 391.2928631320345 
8230.18133271909 2143841.3173698476 340.1086594156373 
8223.847606295305 2314804.5008607963 386.77518003460625 
14955.885280602582 40365.21481967968 0 
14252.23685358456 43768.08315286458 0 
10433.766356340657 65462.389641226844 0 
8658.170673647155 481670.91363998386 158.41270392682765 
16100.563695393772 33108.27161927621 0 
15553.130432894493 35092.46120931853 0 
8456.000116810865 841451.465076783 166.1625503863958 
8796.673014928365 291548.190015645 57.96601178473709 
10728.695034077875 62711.34638618634 0 
8540.44487394998 545287.4034900058 144.08754671475904 
8230.36349396443 2078128.979686176 331.226336171909 
8204.202365889736 3585247.13417276 428.49483138000664 
8433.267746480553 1286680.7544450907 188.53552998660294 
8226.319296525286 1913147.301418039 371.06042783374636 
8345.789478328814 978773.0630605321 239.9571539933294 
14600.735747776846 40548.068203498835 0 
8222.141157834625 2584051.288841893 368.28309886637044 
8206.5484450571 2936159.35006201 442.7715977048174 
15336.075369848571 37018.92698492277 0 
9151.761860834906 115419.2071488493 24.066193264204465 
8193.768669037152 4209350.135655814 439.1435436381885 
9126.45924497995 122042.5804702988 38.601093889115496 
8280.65011201323 1706632.1450053426 256.8609452080273 
8198.230342972021 4662035.0914815655 413.64263348476254 
8388.812997934143 1031283.1869419786 191.4580985491641 
8249.46234621989 1455609.5112054746 285.9659407346852 
8199.381069812016 4257333.74328317 402.6996771327869 
8810.35000698548 214997.02813908347 65.53974907501329 
11311.652446950604 51539.47340067975 0 
8192.944124972506 4466027.887602597 432.95003892211275 
8323.550850328504 1078835.7559117912 304.89962034318796 
8289.371284981968 1521741.526719561 255.9199862986522 
8342.316548285555 1100292.6520819196 253.7525175234939 
9008.886911067517 400127.64904834423 45.1536836600748 
8211.466529111345 2842312.053986895 446.79958531645104 
8321.583811121753 1142288.5823623133 324.85249803319584 
8266.488295874977 1990430.9408845166 281.86279963188304 
8199.919600575595 3696363.729090389 433.00596531714547 
8772.315150237224 411844.90210527845 115.4393209461005 
8448.048583849277 933934.2626119892 173.02401683271668 
8375.967824500354 958418.0973391314 202.357419696533 
8509.266348184707 575498.220102409 151.75337216909304 
15104.663766498255 38249.902252240834 0 
8199.396846340316 4098357.025166948 401.08879423525025 
10243.905702649094 75457.18847768463 3.450447132707514 
8501.944771860171 757983.213983508 167.72994977025138 
8275.166260012178 1492440.103063369 270.3200541507832 
8763.206329889557 499804.98720682604 90.38284105073313 
8206.519573351226 3027682.512440814 450.5081783736252 
8235.434813133894 1831739.6876802777 347.7906278377222 
8356.04251782272 1297716.9344208827 221.3088749876808 
8833.057810090088 208041.7546866536 49.97038376708987 
14503.912510302616 42696.94016703232 0 
8367.056720815453 1354777.0981628953 207.93862615549187 
8216.87770072072 2730701.9137331145 394.0825715981136 
8225.279876817513 2470468.573297138 350.7019530844341 
8196.866783185293 4528855.232725251 422.4278770260486 
8224.51991427409 2223097.8033021996 393.29141606307184 
8668.000624817174 436604.7655021654 140.73087155452026 
13845.74310359351 49504.43365795197 9.550902007657767 
14002.781067159225 46184.68664707024 0 
8904.546746526761 148883.91276104088 46.97937374173661 
8709.525897315565 600125.6425131668 134.59440322486262 
9020.319859597988 177835.44119668537 30.536570432480236 
8722.967694523617 401335.59499174455 128.09539228477362 
8771.597913756399 503500.6975265254 81.85928213779079 
8218.113935590904 2554401.948631901 395.0881400209438 
8221.76003283943 2769529.469402105 362.5276190587557 
8197.005567665965 4620573.804521794 420.74337662668125 
8246.36260400168 1713854.1390579287 294.8762361324465 
8234.13682088025 1748184.0812654032 356.0702263754182 
15836.710100951143 33734.26077971738 0 
15815.070731450876 33799.91242878275 0 
8357.654156603527 1351863.5704543432 214.88941735486284 
8779.695517246662 311954.3623879863 72.03245555877538 
13920.827825089451 47239.714604905224 5.851426186067172 
9021.335071298387 165906.75792803222 24.828059369539794 
