9578.103566280806 267861.89487470203 192.19730356103273 
12290.88638524926 138391.1839469966 401.32296149155474 
8066.652066028102 40407391.1507265 5507.319593221015 
16239.07523278543 163896.26868299607 376.93142692872755 
8068.723261201317 13376124.835070942 1709.4601854516568 
8067.128123103948 4542567.201282007 1857.7692724110234 
12460.373752499936 145172.6711284212 390.7299750782922 
8078.1941541661945 10210807.203196775 1314.0012149631002 
8091.613192458796 7370633.3821511995 1156.4326397137377 
8079.118234271621 9526669.871329317 1397.6221932946987 
8067.744742552219 6680754.283774773 1775.1788825596316 
11020.988372768436 155459.77692101191 629.2194595970025 
10797.434429510917 158861.81379373945 543.9480081816954 
11320.357297333318 158654.38707831549 519.3356617652531 
10403.126725849223 161576.88913585455 618.721573671653 
10560.729508951381 184327.62855146197 355.02265843182363 
9746.523149447414 187214.30056677316 462.9251233941952 
12112.184068120412 141862.50906798372 393.62157753619624 
10695.506343789108 155659.62430328978 640.6952629974481 
8093.0212072190725 2127974.55779204 1094.1161955281104 
11500.611346287773 158374.6393357182 432.3643231563244 
10153.945927386221 164924.3624914972 623.2746318614746 
8557.042015017028 5440427.976731922 358.25424086250723 
8143.544094880574 6081824.444212977 875.7100446091395 
8405.390316134795 493011.161880265 954.8687816560115 
9422.409934623038 240175.83890375632 202.9714049518498 
9627.083558800929 178264.0979761184 514.3914877371581 
8994.025300122114 249932.28454081176 531.8096168812168 
9839.24444041366 176309.77880431255 387.0931453765461 
11955.99486275109 155404.5157269611 410.96381410558394 
8672.123102886566 777572.4796533494 322.787690211972 
8115.532918472721 3112514.763216423 1020.1828318249397 
11795.901554238366 151458.3986459456 498.78839293495156 
10035.805799365025 188550.33320960312 298.6832852038225 
11851.798616454662 156226.64812261326 422.9978752177475 
8083.697493025265 3406886.6926915064 1613.4856813943538 
11644.968990789832 153591.25163166705 501.9009479040849 
8509.440916254654 651527.0304641469 696.0565033684204 
11159.922351667537 153796.5189290231 635.5633673861944 
10276.050792172344 164662.5317496036 437.65631438646807 
8090.471003509505 2475567.5626391354 1509.317409965829 
8290.594172503961 2771242.227663194 592.0440677332886 
8082.419985914905 6300916.682759434 1256.8335705207883 
11156.85733073484 146468.37748917166 751.6457297528016 
12017.988014627175 145677.94102196928 397.1999880388019 
9402.358933321608 198297.67052028913 667.378744833788 
9089.733999617067 262172.2017514157 339.0675119575558 
9308.015434587765 214777.5318458345 569.3412503978373 
11692.60729666874 163452.47259420593 418.5269126442286 
8185.941179357817 1659548.8408723602 823.2271454838476 
8081.225076972802 3575955.269667034 1555.85884633344 
8614.881800017381 5533377.969440671 336.2100192783122 
9532.477627018656 206211.87429641807 525.500675414912 
8077.730150583846 4249839.09143947 1422.436662454249 
11538.250017608827 147741.7915446605 638.3560370967253 
9348.257124700016 229033.59420822962 488.2561152897743 
8276.416602760688 956492.6079187909 766.6635807612975 
9912.176199951567 169594.2535486044 732.2479977896244 
8092.471284499174 4919536.890317749 1043.4385750114518 
9249.211299239287 269646.40727065486 279.2038609210083 
8082.520287383467 3882114.3695442174 1475.3934572746198 
8113.6134888741435 1853469.5006752338 1073.6463376866197 
8497.017833747614 483263.46454490133 895.7131038211035 
8074.1464034651735 4442042.249402726 1674.765349250566 
8090.302064298741 4893098.66388859 1188.0099876800332 
8116.047599085719 1587800.9771296782 910.4517917137673 
8360.371314748176 1185036.5012536088 525.1758172022221 
8069.673557629776 3765303.2071908666 1733.8632842082193 
8193.30606909618 2940167.026268203 789.6678751273062 
9959.551523723785 173490.44214640753 364.1697734866075 
8415.432658531325 858481.7665234358 945.3029630344297 
8074.5179815168385 5629223.19336716 1652.790797737869 
8080.670472348678 4286424.7119692145 1351.601515971849 
8092.20842288651 3976767.1061064447 1223.1500146796523 
9131.321757020705 199861.9578227185 715.1367409127621 
8152.464657822462 3654512.3354320843 854.6869869895829 
8578.14412769927 1431760.395648739 414.8084584235904 
8822.676895838064 263774.6694405819 707.02742375608 
8757.247769003734 324555.26855537534 264.0499645186797 
10273.29219628268 169850.10752343817 400.5056193004008 
10070.82654834283 168964.4895343146 419.52176761981485 
8316.777278658481 1057180.2724683841 526.5063266682544 
8237.622687920602 1746946.5027747098 734.9984719494071 
8106.765642832135 5730431.064822928 945.3532531784493 
8081.157355436037 4725455.433652916 1317.3776942521263 
8096.723663376816 2523332.539196523 1053.6329332605324 
8088.530463255011 3278266.873623274 1247.869056514054 
8779.718474254672 358536.9529220854 239.96309131696484 
8927.303736034028 292362.03392794036 399.12835209058375 
8892.459158421381 338268.87923534325 237.59482607634249 
8074.934330597771 3929635.1166134607 1578.4925874129708 
8879.39727031639 243687.46015115033 554.9721290129298 
8079.478447581845 4134791.1962329135 1497.413021832897 
9182.594606046474 236180.77677014543 349.5968654001761 
8167.178515711083 1284271.3777121797 1028.316034838881 
8201.927973997499 1273657.534755053 940.6974676118766 
8082.675823068376 4572822.925250496 1295.4851314743064 
8717.654930078674 313329.1696119415 889.6029399266239 
8220.221518357746 2932306.8470118204 752.1109264934141 
8699.38909624688 393781.99029268866 368.7222869277152 
