25657.482656384404 255323.43985851583 29.526071687786647 
28103.51187246749 220557.51635082503 43.20094290394667 
159052.92148740252 250130.0926361799 34.36045093721546 
5227.29208684026 58243960.151681654 30641.008369623323 
28584.945724518642 233336.49340652104 39.34719604618532 
159048.14425623446 252114.61207266978 33.26749265692189 
5227.455327180252 53166320.35986345 20363.996886552497 
5227.467921261039 55444921.7124119 19945.717931690684 
5227.508780592077 36602473.652692966 19062.06051216342 
5227.69341409711 22965049.99830193 11423.696106075031 
5227.606119984497 30994101.19507507 13404.570680142533 
5227.584612554372 16667584.638973204 14791.809833954945 
5227.629658484613 31266440.6193675 11796.495557716506 
5227.530354475342 29492525.385133337 19020.876466609232 
5227.593763893083 42433007.75957796 17031.93257536051 
5228.267834233966 10994696.01079831 8545.537156076842 
5227.9309941444335 18811873.11852974 9471.120900057722 
5227.776210454176 17192741.011174127 10292.439901138063 
5227.622051483693 30541043.66296362 17564.461998078772 
5228.687870244095 13296320.85048135 7258.691970910819 
5227.701126844782 16371186.122259803 13281.274364440726 
5228.3281815534665 11146019.439201703 7793.905768379071 
5228.753849230514 74919361.61803228 7598.685003507335 
21369.65487406495 242108.2467589127 74.53896437515988 
14195.810442517073 283033.9772108753 40.097765463799725 
5230.361323999572 6161417.430081715 5277.618737326326 
5229.714674868066 18337838.77553407 5358.858104520535 
5229.075755970546 14103853.668554153 6567.6504876287445 
5229.527463724507 5745349.035351805 6201.776487932921 
5228.501354634268 8042906.865168612 8299.337987857316 
5231.663430336845 4038799.1851373306 4580.081662033636 
5229.627238685118 17919198.662473407 5563.799073112323 
5232.716071670218 3084693.6876909225 3297.1686257111373 
5236.907688258549 7337250.847930066 2313.6586451590983 
5233.5420532607695 5407219.018184889 2694.8114388975255 
5230.8792427752305 17980820.515385605 4104.611490112581 
24601.278224771904 241637.59905250155 64.09838718101535 
21871.84229557665 281050.7140027698 41.58949517029711 
5237.693783038605 3242920.893745383 2129.7664109320567 
5229.121852943646 8238300.50648107 6803.8957636910445 
5229.373015362032 8209672.752537979 6643.287697420414 
5231.585220568003 5103991.958895339 4166.209114438309 
5235.138902991439 3594307.6633097767 2490.717443591631 
5259.615566582861 2907754.0913075088 1374.5280119083907 
5231.963400774626 3459194.661773039 3635.7750324284857 
5249.547302138621 2056620.8816102461 1686.7156898959217 
5815.499370551643 2111066.867035107 441.05617651996295 
5229.383131377352 5999516.039352412 6192.400650833166 
5229.822630282021 6859705.861449243 5490.780002730072 
10398.191013380714 299955.4303510982 81.28264285254055 
5262.279565590892 3353142.6942382585 1214.5240322458371 
5230.610170487168 4852950.5165379625 4442.640451701819 
5232.750557909608 4340672.145048399 3506.6963843868994 
8847.405786232895 307415.64469923836 52.73333819496462 
5242.3892497260995 1543352.4591369256 1764.8201271909306 
5518.6858868699765 3609988.32932311 768.585609346392 
5237.07982275633 2684165.8090113276 2633.548211898871 
5230.797450082462 7483120.969357911 4470.694012857487 
13562.178897403859 251055.49655707192 43.94625066115558 
5229.862506461394 6904946.327572182 5413.577925245917 
11120.151977503612 286345.30748095695 40.25687625281617 
5287.01768941209 1592755.2042376539 1022.59419573073 
5232.627804646098 4473741.647913385 3342.530249698251 
5764.97901529864 1329397.3480932906 598.6294092765727 
12382.975452893179 1789158.6174234569 79.53011679720146 
5230.831359484007 5773376.766224307 4246.464435538716 
5842.79714990072 755331.9285193575 593.638608521931 
5296.437353401209 1849536.9435433208 978.8525471442123 
5234.128011372072 3220669.0907773958 2601.094170236454 
5433.513975168368 1815814.2079724728 781.2383245675429 
5231.593015971345 4042145.730602488 3543.3731355935624 
5722.232013802712 912918.6752380629 726.582742667689 
12042.52933020264 244431.98796939678 69.20560379632659 
5348.877638940975 1476396.417577272 892.8092496481211 
5958.474614364715 437832.0627903943 361.07723782493986 
8447.678894213674 313212.8295177092 93.45450455063715 
5651.214808820273 677003.3195144102 742.0050434782086 
6187.20931238569 409563.38634694956 286.26481941369514 
6889.449457517044 612429.8841999614 169.71183743017102 
25069.90317550187 231730.396128513 45.619980096454476 
6064.204144215753 445792.4881077845 340.1276977115617 
7323.254774271041 521168.4435863353 118.80206355257353 
14141.907728900818 284493.1043528747 40.070229199296776 
25258.76948508632 230451.59311052118 67.46091365985941 
8073.347526158687 334827.82230748463 164.60008694480663 
5342.88341149118 1583742.8386789616 894.7602210117069 
5771.650974356318 555832.774790982 629.3420945987983 
5724.681921098154 899188.8617821096 714.5543038318689 
6365.2043980369335 415197.9854944174 247.59475104477735 
21487.885155850094 1707246.482423177 93.03559852179905 
6553.119373505098 408443.0932373298 203.16134250924165 
6829.848642149853 561110.0695860619 174.41144703430408 
28415.458418032355 236540.10863377817 37.483617023149 
5740.174394574317 900413.425666857 686.69628185323 
7708.601503386797 346572.2398003421 115.40025338041295 
6389.632019455569 403135.50357990875 210.83895616845905 
7217.590838894681 400031.42763888004 204.36385499315523 
7560.285164004369 365881.38359954784 149.79926620899704 
8159.149679678925 364943.77151163865 108.52438848720668 
7425.715290699145 384250.7646886925 155.13968219460435 
