5768.670702476321 2964415.6285841875 913.8701156927594 
5784.0545688692555 1912747.7420163646 973.7416076562129 
6313.710195247219 1492557.8677732514 668.9665132291068 
6009.048581278552 4765990.292296248 761.6612385640813 
5427.875847166539 2711296.035694078 1301.6779090389552 
5659.15330694595 4037644.256163108 1324.996876319327 
6144.03305609152 3449742.176813633 717.421009260819 
6036.790643235825 2338748.294302347 846.4018952808594 
5395.196558996479 5927608.490219069 1591.5698513740535 
5501.721159367377 3258726.64871967 1174.6938094665163 
7525.59700940271 1179579.7137983202 475.426724635243 
5612.394556095351 4103694.5875875656 1170.1112944083318 
5257.066656690072 24179737.182954803 10607.479202249004 
9072.401990282697 1934837.5773200733 355.8011656003416 
9417.246764978132 1289047.7271252288 414.7168634166992 
5418.932524736466 4230398.16519769 2150.2565167585153 
6730.530844399241 1457823.5361735926 880.0081216618581 
7688.769056720244 1922160.8124696417 429.26613386783856 
8922.812827528307 1185378.893075488 724.1791224400829 
5322.436087145788 7026958.667005152 3653.2417853325687 
5227.641054001338 98385521.51259859 33047.630698649955 
5253.453703429383 33483181.521254804 7726.623625169899 
11921.709558552431 1116305.5564730011 309.7680193521086 
5230.2243940517565 54087765.921546556 15018.591525360469 
5234.99863697003 33443978.668273747 11319.680852673138 
6312.196682598404 1917053.8961335267 689.0221823387709 
5230.731249345323 45354135.27622836 14703.252760742997 
5227.807819247541 65926521.374340035 30213.934479756204 
5227.848024611762 127695608.92350334 29578.307326386683 
5358.638918214188 11810550.51102913 3086.459327026051 
11498.144543261336 1375015.8200368416 399.23631743552426 
5229.198068673696 63040433.922175266 18967.873466624616 
5256.172016215973 33059897.764820345 8710.687987474796 
5229.673908684799 53892893.95672634 17609.453546389195 
5929.493277624813 3019161.6536627156 856.626271953681 
8523.539294519183 1303756.4428235819 402.8938277186461 
26205.555444725782 2601396.3866581973 231.64104302953925 
5372.883503294634 4353793.805387845 1845.6364235154415 
5235.715189222694 55704808.06226893 10328.868393948364 
5256.643166063084 28011930.54065428 7629.799867812857 
5227.560468252316 157845146.87222794 42228.754185192236 
5268.6013315001 8475074.280511266 3724.7844650094057 
5248.775661249997 30039245.115565546 8908.288025702113 
5230.146656165218 48343454.044177085 15870.735610643056 
5343.394471746279 17645483.378896564 3438.6368032647997 
5227.77829813641 43303802.4832127 19662.9114657534 
5363.292714856173 8715991.11134244 2635.5352369753437 
7322.606865979804 2653123.6865277244 554.1004335888542 
16121.856310948366 1195784.604475887 352.31020914843464 
12179.41891304673 2531869.1724543003 317.6191052610452 
5272.3921039518045 473574381.08542275 5217.547603582929 
5227.79108349659 99741990.64775431 27641.559594665163 
5227.942507343711 78212947.16686505 30379.827982021245 
5228.320132610271 388754391.9590131 27655.476108461156 
13726.4668816025 1760897.0916826245 357.33291886291784 
10565.18081607434 1319565.2418433211 410.2242254484998 
5240.261659235364 45892055.94902053 17006.367139984788 
5229.72853546931 85804314.87935556 21322.23823232146 
5253.020591811171 39300782.99856852 10207.91119311894 
5271.816202402411 64438289.13583319 6507.088650037308 
9403.986436698993 1799142.4931399135 407.8136157766369 
5227.941761776361 114672286.70148873 27731.90354423674 
9887.734183729106 1552352.1437730573 432.0509636136308 
7862.1135828291335 1467345.1313843706 515.0737300583937 
5228.342141620488 71734397.54823793 24536.548435597208 
5270.433066113048 26659588.051385354 8319.381451437575 
5237.894147937437 88094813.69489579 14184.63140758437 
5240.477698922337 41996164.425453395 13348.409030495988 
5228.011352031859 72097923.05432627 26846.97016955864 
8658.7276826625 1331361.4147778663 484.4373560698309 
5241.628154210219 61984281.32250096 12029.584877794452 
5228.446879161007 61644937.871064916 22244.023498445957 
8711.7673545523 1685785.4782311684 460.9529589388327 
5274.345054106112 44623973.32209902 8197.171542631695 
5233.263787621857 56667913.16315092 15368.509936276687 
5409.814756590471 30710884.60842808 3360.4275638944514 
6711.37948740718 1779626.0976745419 971.2832469193929 
5230.981418803329 68510522.79167627 16623.660233878436 
5255.969813104139 32428741.721706275 12065.087323463842 
5228.448043437131 100048980.87106197 23845.551109201675 
6406.504316648939 3244874.955098996 1066.6257116389331 
5251.741508270027 35360729.39144099 15209.628863878945 
5230.295603126936 84949720.9439299 21902.252802138024 
5228.438856100188 99548559.05232887 23908.01886526413 
7112.49115380922 4312101.474672051 687.4377315378774 
5276.697562544484 8774458.617762819 4840.931062258055 
7533.95242256918 2876755.803562937 676.628561643948 
5334.987938650738 9286852.748516072 4209.5179733421555 
5434.433310797678 10267103.076953653 1876.0265740820246 
7035.377966896145 4173742.430389344 786.0900466303891 
7546.333303019928 1635926.7540022687 530.3229369331639 
5398.397164008199 7012739.31416174 3624.6328348260736 
6236.759674076218 5503017.730284131 920.7893980238507 
5418.944000759853 7039742.151759964 1926.0150176869022 
5416.293226346994 9705937.790543018 2816.103672258223 
5628.254842080035 3565798.1745574456 1674.3167097939609 
5990.226453974786 2725252.654744786 1475.7244984066128 
6166.538387690847 2147574.7679419536 1249.405954034125 
5335.525144044902 7078028.019620116 3775.3911686510355 
5361.776866781543 29191480.12920224 3651.849732831209 
