8883.096441278905 299792.4364033714 82.50577509861486 
21148.69260093161 343055.82822774927 39.460872395411 
5228.381697219969 38394530.56051654 7763.5793788405535 
5248.160488042293 2076022.3378940825 1681.1518573544588 
7340.094044183032 402515.73002796667 128.1934696021066 
5270.445256294464 2277915.975285457 1339.390231761166 
5229.848980652299 5468888.179998691 4977.154679018326 
7092.194654727601 390264.760350285 195.2951556598231 
7406.447534227818 369251.93873064924 121.8539782413499 
5887.517906555606 943666.5916569595 463.15808289675886 
5248.816016941074 1927104.4750608283 1834.8624336111877 
6368.468494059464 442330.8568586381 259.42676849156453 
5938.914824612341 493917.53156383126 457.3055300437835 
5859.705202481664 1076512.4175302545 581.4059859139667 
6152.608568639857 426052.9628107915 309.38394262147136 
5230.087841378233 5181469.506705612 4634.678977488955 
5812.673787973973 1878518.192878075 673.864979065706 
5396.553623260127 1445069.3832504614 964.3949742689631 
5230.049780412581 4821631.09917758 4784.05581938648 
5653.039249557677 1782075.3087445302 905.1644409202628 
6038.473496850238 451043.5730033821 343.79485277142544 
5236.193069435152 2441690.9220218915 2565.86122697779 
5281.4786852118 1958761.0598119241 1203.270609134505 
5387.734370588632 1454951.9831507471 1265.7895556203023 
6089.794120293633 531541.5869646712 317.9803819126169 
5242.346743680439 20704536.76138494 2326.599978664761 
5793.4849257171445 819337.018033897 732.121764197496 
8768.561892357318 380067.8395578089 89.8933973105294 
5231.28399014085 3683743.8824458807 3658.64687198798 
5228.316004477361 13926024.125372976 7980.014700925032 
6249.649909967422 427539.40962091053 281.7764803983879 
6427.426826011499 415982.89295976196 218.7939972672707 
5757.884836019837 984633.5046914063 837.8456361771056 
5318.682010969215 1832033.8433806677 1349.194085917091 
5230.560138306246 6202131.687325648 4489.886734345805 
5697.1214258736645 1194996.8653597971 716.8955706837023 
5228.423528241636 9832487.10671299 7822.542814170562 
5244.583976681836 2872519.7298674607 2438.1802715646877 
5232.801485572391 4732603.849009674 3466.219109831229 
5229.039216055825 8210204.782516637 5784.803104179522 
5237.034546874088 2755742.220436483 2454.2866699557458 
5227.701894372693 18197183.910584573 10686.619406718757 
6428.576748021696 420493.51662243425 218.6305484770689 
6580.63269574685 406266.6172820371 226.47867940777053 
5228.093990752692 11304747.929063288 8506.632848286821 
5227.575065970098 15592332.803951005 12881.374627157493 
5293.478338339913 2076102.722922219 1163.3078244719636 
5232.173364238214 3545263.3043646226 3609.1620737415456 
5229.208670666898 11954508.646649748 5636.971569249142 
5231.246707190241 5518787.509303426 3812.2884108020303 
5232.9350411339165 7764396.240240343 3371.179925050071 
5229.218854830349 7109025.133011879 5741.316852946064 
9922.422915166058 300328.26587495796 57.778230035366484 
11132.231693012922 286666.2592903277 43.39783630854446 
5848.881651143901 978839.0388388913 662.6318581668963 
10763.587009256096 336614.3466699905 69.3702223253186 
7034.078634332498 427049.2771177921 217.50635247754778 
6047.9817044332785 432585.04549855 327.7514402645403 
5228.462653749474 12601207.56731312 7192.937911268182 
5228.828234022487 14416191.470046319 6438.004299167434 
9383.868209090213 405153.13574048964 62.257249968928704 
5227.4643360929995 41094473.312166445 23346.473256000194 
5236.04495077754 4175410.336194883 2583.5655798604744 
21801.75424802324 249382.7193516564 34.072537426714334 
5228.0679036143065 10414641.018563934 9130.200065225261 
5837.835071280226 761690.9383143747 801.0008017034872 
5230.031868410186 7190207.226971731 4911.435920214007 
5258.021128482152 2158233.663587005 1440.6953137461514 
5230.772231314934 7220415.178288171 4227.684703380978 
5234.181128187958 3502112.7693741173 3177.8446051800083 
21739.413156430066 251941.22840046318 34.52294232264157 
5230.765531018982 5341076.736805386 4580.66061916817 
5227.516586349666 18560680.153231274 13850.33002515551 
5233.932841568272 4957751.211686651 2873.1236843595393 
5232.587814001826 6875525.024942636 3475.1737776275677 
8567.439950076337 1665344.0921083295 116.85176544582644 
5245.201195083068 4270346.488459349 2208.4069307122177 
5245.610921992329 4179846.867177878 1918.676633057083 
5510.699748907674 1352987.7818245823 986.1830732265123 
5228.513033789522 10294899.891027097 6593.068399486078 
5232.796925386622 4717058.424689628 3462.609966693642 
5232.60165554675 4813491.757051776 3597.969637957046 
5229.792281856654 28148845.07867931 5609.523670160952 
5231.033719376446 6939819.0539432755 4424.9579405601335 
21526.919433033425 307023.07590679463 47.14905403060534 
38875.415461357654 260339.06127320928 59.530006717463664 
5227.529643140385 503949246.4269002 38184.90505590907 
5228.382451247164 98133834.1429053 8069.78410163493 
5227.573421965103 62376828.7314171 20140.627114926352 
5227.585846798752 51818209.4639471 13848.195422365181 
5228.000410396222 19584820.493102364 12326.483968103934 
12094.244836522452 291845.50540007243 54.70363335881266 
8907.303453803534 607059.5038441226 155.1047148565488 
5227.593928415838 70091781.12380776 13343.936421209699 
6762.052182981757 1543651.3754629088 303.3348665932329 
5227.6031966179235 30774768.535550456 14136.047033116309 
11401.951699998757 331459.34401106706 80.97552335043952 
5235.456222228478 4577891.528893702 4523.709808219962 
5228.624067075191 10743848.059293348 6818.356657489819 
6416.649416360107 2145206.1672113817 762.4560152543149 
