304134.0997167539 322477.91266928107 23.869340591535202 
5227.438018221321 22725823.35467428 17095.73851012431 
10314.670462514428 264992.4084246503 47.693063199494304 
5227.640782587034 17145794.307739053 14359.155266333622 
5232.095351699039 3793972.651828524 3165.5623881283464 
5240.015963751313 5024355.587554181 1968.6979544895387 
5228.310647696375 9150082.492179442 7196.6309129571255 
8088.998425035247 554444.6020678193 106.23921092931964 
5236.085822198837 3754646.531934565 2457.080867310692 
5233.211300213211 3495786.7337639323 2857.1519542260908 
5232.019374284776 3716921.472019027 3577.535003209566 
5249.570282205125 2937324.0229075584 1657.6292752921318 
5229.584369141124 8285750.201690242 5633.5997400400565 
5279.911589437561 1865626.1358812829 1266.7847248207613 
9222.179077705166 1879738.976606516 101.16500897115867 
5229.684503540753 7266665.346735952 5312.494149725741 
5235.340136524986 4404607.097964143 2612.885629215346 
5230.404322648057 6038362.005826926 4423.827341359245 
5229.936238717068 7220204.788639931 4861.301720805948 
5230.773379136121 5136405.771270821 4708.191948267292 
5229.621058448245 7185606.720520208 5674.743891930776 
5231.180371895505 3731973.8916734164 4291.902537957041 
5240.132915557242 2400237.0166071537 1688.7267465204154 
5354.207949750109 2217769.6845316626 1028.8878425168066 
5817.062525028356 465124.136840436 427.745558911584 
5228.866312508339 7088681.043157285 6457.445415796236 
5229.104742385736 6794313.313866869 6024.532777694233 
5287.042821301447 1642765.4812783727 1088.6864336573465 
6905.936248775664 553624.9846413478 164.11294948364994 
5609.930829974492 1685678.2279194153 818.3508348798347 
5235.921492320646 3945279.1748420913 2486.3352903031873 
5229.688680860202 5761373.181300387 5130.602768666326 
5228.641513589428 6806147.405767244 6523.9556776809295 
5229.260117512369 7479809.306496026 5679.22248657046 
5754.516405488286 923166.4444567201 748.1394484574402 
7570.896934119921 420646.6971664336 208.2888648369341 
7327.802327317331 521119.75658757886 118.522222653289 
6017.622799414181 475464.4678816043 390.3095210016383 
6393.586806832369 523701.57189245627 218.85959435961325 
6201.9927864421015 408042.92049691395 280.6736185557506 
6063.0727318731 429631.55011189333 323.52360283503253 
5433.57228456844 1813089.2889543937 782.3534092139383 
6366.300050302944 411254.91967119416 251.68819476890272 
5227.342110867888 55047616.20458055 19135.862103535368 
5227.185218121477 51438434.091149405 29833.848143732415 
5227.685450293284 13687043.208538054 11014.256229040122 
5227.276825964866 29501617.10337107 21099.227186976357 
5227.506029685626 29866349.34643246 13177.57457071505 
5231.280553573294 4620776.592148319 3920.351851846555 
5230.979424165818 5149232.293504165 4335.949097686944 
5227.694170046551 10231425.970298113 9501.963605586692 
5231.329192874793 4460267.687487268 3815.8031204021363 
5227.332701713142 38539504.37295912 19828.11370616535 
5227.535122974255 13664733.44637548 15011.171045353694 
5233.653595044035 2827026.3206382906 2738.6891330742224 
8088.343623939445 772807.4058441101 110.99518025303162 
5228.9688870208065 9410746.052185206 6023.373689882991 
5227.126605054766 72727420.68280688 42576.57290063646 
15801.7179796913 249225.89034344835 27.427372833592578 
15706.491287903613 332713.81940327736 34.39691638166898 
5236.147006334953 2850352.480990269 2334.4956047374653 
5227.37200141672 40098242.2817218 18109.000106421157 
9690.921071121913 488012.73331327306 79.5250961380324 
5229.633734787644 7228707.566328354 5798.37085200366 
5228.828279983805 6566485.718683146 7140.222025632208 
5229.606219955742 6526097.2648683 6482.731545342906 
5756.415139121955 820333.7739197395 633.4434123129433 
5227.200723056359 37444279.66116367 23263.848432061 
5227.86933679536 9468754.253789265 8513.78998283324 
5230.80015990508 5605906.735285051 4538.085535073237 
5227.358705446537 65590680.790173054 17745.09293729547 
5228.985107815504 7059931.370230387 6365.106335196892 
5228.103699969459 8884904.50582998 10745.085734383225 
5227.3211490844105 36365166.30416755 19868.364759304437 
5228.613678404872 7426432.957127968 7105.422615031484 
5229.161754649882 17684100.450240914 7802.703427360169 
5227.387920637393 26143803.21218578 17642.92729362455 
5227.566485527278 18795904.350214314 14010.814299303505 
5227.454625865619 32594982.45141899 15615.965700887398 
5227.403780080306 36687133.48254275 16181.45937999684 
5227.384000037749 28679607.980057076 19898.80176367532 
5231.786924961129 4091578.259393659 3515.8499837164286 
5227.158410166147 99974890.14489162 40152.789891661865 
5227.463305704948 34540707.75950353 14838.821684913515 
5227.544819835386 14538598.432603788 15726.981787838224 
5227.63115890223 14720718.120717984 10372.554732716626 
5227.456372223218 19521070.68958999 19622.459452918258 
10355.020205926106 370767.8970440267 65.93183838765405 
5227.220067848908 64308494.662033066 25116.66906490485 
5227.4075934717075 86670718.27865884 18915.764250776218 
7992.651473124627 565662.0694655845 134.03870886017717 
5732.706662997896 2047250.0674597602 852.3120140640943 
5227.32222545038 30029437.62008294 21238.24599978387 
5227.294998253316 61807069.77663943 25223.79071969626 
5227.510722860596 61785654.37659945 15133.669265189119 
5227.437736048585 41072209.2062462 16864.745380030534 
5283.225214584815 2890109.9228881085 1293.696403473059 
5227.396509561863 24683325.400498703 19920.192513201622 
5228.178234397327 44636418.790235594 8629.463451406244 
5227.715010705855 41762376.81138544 12993.431478223702 
