5730.813916640611 4454557.318208871 928.014846652041 
5602.033958650043 1869789.271651403 1140.3691185245962 
5655.104002202366 1995636.966357449 966.8637061429188 
5413.961741705487 2037275.2087589696 1262.4420483931838 
5302.4759657678005 3468207.5806036033 1953.2500324941693 
5830.115788299907 2183593.6756430194 816.9279677561588 
5380.613227391848 2396992.795317749 1329.2180571057015 
5229.830907135993 22916670.173408758 8893.414462620265 
5854.852171615752 2346341.4510894464 746.3456742359542 
5245.460143037503 6269894.504050537 3401.700830018386 
5251.019768425256 4447971.689901357 2220.6209349370147 
5303.733087822132 2610838.4779206 1715.3610839061048 
6261.10016501839 3468255.7059866115 587.619165505097 
5227.538284401355 78432223.77638367 24944.29530778282 
5231.532044688181 8929702.896154119 5486.261451455805 
5308.972737058465 2595308.4439632087 1583.453615534011 
5227.644971293145 36304185.0049014 20256.720887131 
5240.839188576889 5627174.2653786 4680.87224562165 
5227.584195979615 74944389.40406063 24777.078372810778 
5229.583051893933 17574503.625980623 10213.413148228901 
5706.583865934616 1756517.733037949 1046.7038529542751 
5244.3973435385615 21023161.395355918 2995.21234056485 
5237.048504985355 9401958.315481065 3660.016070079363 
5232.530386779194 13118390.335078206 5005.387290321188 
6869.1536259897675 2091805.1339218179 447.5997738524993 
8577.714246719803 922745.8444694881 297.4844768840455 
5230.880602021787 11914752.138389004 5770.783394836716 
5228.445729884069 18279754.82040365 12104.959143955735 
5239.8071303140405 5742379.957469948 4694.372936831068 
5331.309927783702 7121135.876743711 1472.5302430164222 
5234.732774263417 7680053.557764987 3831.6430579827447 
5229.1002625738365 20444294.285583165 11424.36526482115 
5230.747419966962 10843644.889112124 6321.359962272987 
6032.201831767468 1865261.3761317648 951.8731846669875 
6251.333771218113 1738363.753308176 676.5835793344581 
11684.216185100446 515098.1362662836 138.9623352665917 
6361.338474646808 1318774.7551344351 543.1803861893194 
5227.812873300773 26466298.649805766 15623.979990333188 
5230.83146142836 8637775.65807904 6377.001676788302 
5227.559724648739 71287348.71558455 26105.399382942356 
5230.421740186892 11193486.87029796 6583.718843063018 
5230.418562588795 16517538.08269202 8365.98925905802 
5244.332484357848 5108986.739108167 3758.8937052464207 
5336.9237576472015 4765736.580698641 1521.280495239538 
5274.470437943501 4070606.600364233 2535.238275127436 
6048.2208423938355 1843261.1770309852 711.436876306183 
6217.4943267445815 1538900.5136314784 709.0149461491654 
6121.812324105136 1637970.0385051277 766.6628256482508 
5238.485344227147 6013344.039825631 4502.2471822715725 
5231.617829852168 7329542.491752114 5029.593202505904 
5814.908281688474 2343742.4356160476 905.8093096095795 
5237.916706476919 6394403.603039059 3690.6999064149813 
5290.632638087402 4909992.7687951885 1764.0113472419712 
5227.52320549532 69001849.66999134 26922.974528196566 
7025.825741116443 1126047.3887305963 536.3832519041325 
5227.766064551982 41743856.206689104 20150.21479335974 
5297.840807683528 4768835.623548754 1509.2654233551216 
5232.809362628778 9288010.87904395 4606.188660583111 
5786.648215273099 2310369.1429355955 840.4293224465066 
8738.797454239138 932634.4430418622 259.91162571269814 
6294.0655428918235 804681.1657241299 589.3238131936661 
8694.023987594923 716675.3990401283 290.47413375223186 
5810.292362014096 1573336.5250407604 988.2673388431838 
7102.121987069314 602894.0664757467 330.0699455052342 
5227.625603619499 64736559.22094316 20268.676242160975 
5833.861303306243 2156021.500443569 931.0381043625616 
5271.482067283146 4269540.01498137 2024.998125713947 
11652.262055019095 787354.2634297326 204.91159278262273 
5229.6391442693775 22741789.970172487 9281.481249496843 
5873.694021014298 1428914.8337060534 1015.5851201486657 
5227.461478043466 84669389.57340223 28821.913416013063 
5227.42469848961 76366535.86502549 30864.180207302186 
5302.836655581938 4067936.399202172 1790.3152579652115 
5232.266024256353 12431784.057019828 4833.870256194893 
5228.296032833593 20700958.505405486 13899.724625306435 
5227.618674920692 104043077.00265053 23153.123066978915 
12146.31410765203 577145.5057058216 149.1745327099246 
12003.055757768474 562288.8276975929 230.06998051605245 
5227.464091204855 183127013.9334917 46927.179867723644 
5227.580659205336 189380832.9922914 40924.93560563327 
9788.200442562329 968357.0811206228 270.97765033414765 
5227.565935149065 73236329.8309565 26084.066667178882 
8037.664204230705 755368.4131965402 401.8113410570008 
5227.474496538686 110870847.57933685 38647.14701555323 
9209.344299153494 755687.4210816588 354.86035587563094 
5227.530785988149 112555512.31926747 36775.43307421793 
5227.648853720921 100475599.78556111 22171.720192054087 
5228.078774302538 79962651.95547536 15597.77664009203 
5227.861442382827 42494353.208866045 18584.506566186315 
5227.844227240827 67708177.62787482 20550.427240477522 
6478.741832616859 1208061.518441715 698.8472694906314 
5227.66400670403 55628802.148934364 24691.47146675384 
5230.359660432007 28586167.47482388 9453.299380988848 
7243.3744248675775 1001422.4098541475 387.81107969504114 
6816.9731302629525 2703561.011931784 647.721870378819 
5232.660363089357 19625153.9258042 6770.985607452155 
5856.643316407168 5872833.330570107 930.7713021939503 
5230.063287527829 58728744.637007594 10015.158362457087 
5229.598159941346 21151846.113314748 11256.025641692384 
5228.576581342407 74428306.48510034 13880.312799518964 
