10777.026520328665 270735.5492044513 46.84335873714796 
5227.475657244235 35254180.406102754 16384.724755474348 
5227.953420591984 15276405.361068612 9584.543030575725 
8606.238807508824 364180.9787920536 71.48031374869855 
9485.535917553778 478824.911571162 62.61587524919448 
10094.122901454895 283415.8263536842 67.32571649228036 
5227.767793014775 12688471.425764674 11807.516535584135 
5228.157271713113 11376555.94221721 8933.11698722394 
7233.02480340956 809721.3374460983 179.13570416655898 
5228.121158246614 13530546.991636416 10537.925620058415 
5227.987602085588 15150675.955629634 9612.05326837539 
9909.10696646118 330541.76382372435 67.04157141638666 
8136.276059037686 447748.57259401603 169.07792417157856 
5227.891492849817 17018099.0467284 10314.931414615476 
6888.5291577609505 721556.0570291376 182.9733108320761 
5232.317721088621 3646910.6792491903 3629.804857887196 
7170.672570163857 386982.46226132114 193.1591288272128 
5228.371108429523 7888989.672443903 8359.198733261304 
5297.29959276348 1841798.9951395849 987.1200886239691 
8366.311170921512 342754.9770974136 91.02139758889732 
5230.398532593827 8367096.728812411 4528.25378849405 
5240.132144236941 4528287.066316819 2202.3975527018197 
5229.2167381474 10070320.157524738 6310.172652759483 
6584.466373154312 411956.5813146035 232.35521846055133 
5228.513825485865 9534119.243398357 7628.455562651969 
5243.408960954934 2056579.221897794 1730.9657859292147 
5229.684714018924 14735985.023719398 5732.705768296206 
5229.291337324966 7221130.834244263 6618.749836822615 
5231.016575615333 5142477.674814408 4646.5900177270705 
5230.539129836907 4818902.72123667 4989.422777217974 
5231.2675379413595 6735487.90694702 4358.2174946899795 
5968.933890312935 440636.7835316864 370.30804247681874 
5232.36834450066 8939195.758919803 3382.0955505932634 
5235.6492980339135 4311743.804487125 2728.4586350821246 
6706.129768089493 411270.897565738 216.79947422307745 
5614.992830138846 3368392.826552841 846.4060671287654 
6291.629080199064 1555940.399086695 271.87258638466557 
5245.347348043108 2788700.5352907777 1667.6495056304548 
5230.180050628582 5675473.534182785 5396.080055305252 
5232.8808815415 3678797.9408930265 3297.8390254650785 
5228.965787325111 10606526.964042291 5906.765254272024 
6822.208915924535 395361.0823262221 213.05251729804147 
5230.444892749151 5896873.743992096 4433.990744067173 
5230.062324301255 11494545.832091747 5973.201721036465 
5229.518386215006 9425865.468274532 5613.800522157257 
5260.080138959332 1449216.4116675109 1404.4449534610856 
5279.946302806631 2163275.074335508 1232.689566854594 
5228.160068846736 15106858.613915753 9168.863765193653 
6433.101529670741 427862.9988534957 227.8187282057795 
5228.327049279879 10345927.546258772 8541.159057687191 
5258.726219865488 2587036.1040226426 1359.0276329991525 
5653.321553106266 1275123.295509926 917.98536797162 
5229.308272470918 6232428.276601205 6042.077486534303 
5850.756360259319 591644.6679674227 579.4889464734923 
5231.924506541942 5401235.270468207 3492.579748097153 
5697.834126805299 1132279.5619305999 704.7310913143466 
5231.468728583588 6266079.112484577 4219.721253140388 
5229.7185926972525 7287837.55204845 5223.620453112648 
5997.945314168103 458997.2171351986 366.20981514722143 
5239.801133189698 2958494.969049997 2286.307742828972 
5811.711348188229 1819038.289525554 655.0055763282716 
5229.348305817983 6480765.322409384 5969.066822879354 
5721.6162290470675 1117796.0399511294 831.491190193509 
6229.27242652629 430244.624339727 294.8144580295344 
6040.255613233068 455856.36803311843 349.93788944690766 
5230.037642208101 6136133.022927927 5796.590154425008 
5802.573232537968 737266.3893707299 622.3087773795546 
5548.844673911914 1369724.9005406552 952.2178177111009 
6091.244940305193 467928.8498274553 314.98608756871965 
6353.818260631888 546478.8845851832 280.3219417352819 
6140.415116874856 430146.9542074261 313.3279256930263 
6172.772139583148 457714.3588211013 291.01309061178125 
5294.46524432034 2076411.1399081969 1151.7679192432456 
5571.5057052618695 1470079.8643895232 937.7438685970532 
5232.425294939962 4092546.1230092864 3475.4011699701396 
5230.169912712873 8646475.199031672 4944.3793715754255 
6402.729894414837 433614.9288542657 254.39454141145535 
6415.822667954629 403079.1456211896 226.49546335736454 
5794.701332188187 581967.2810070465 655.345829677923 
5274.166904872557 2184875.3230778896 1401.381904972491 
5231.884233287848 7562474.220732426 3869.5079155159065 
5231.005217677592 6073057.05532281 4374.672774172077 
5228.608767003252 8509585.337057237 6389.6287046592015 
8401.461633610266 362000.2236687396 82.0411538660478 
5229.060266670527 9442594.418687612 6371.577971716766 
5227.595378063258 31730615.08057473 14718.544918701193 
7824.396638746138 465011.81127036375 170.6291030372621 
5227.680413427695 18796768.29641828 12026.273809497536 
5240.680340601289 4695515.776714241 2111.1831247033197 
5238.143383245298 34463497.54839974 3311.8989691264596 
10200.231149236117 362746.0044937283 101.76100635783256 
5227.6829064604035 21501971.705499478 16762.64390963145 
5227.801603668019 24209483.27558175 12591.991834825596 
9431.68155840636 446244.3966497251 151.1719275636566 
8224.685845436943 424079.2444577148 297.6151053487871 
7188.984169657325 1084119.3692225006 213.87520045615284 
5917.924293884885 1855897.8572807563 1015.8533271335142 
7889.08590573136 714744.4485303665 179.61899714272093 
5230.059410842252 7591655.915631983 5482.485516281648 
5263.425725292543 4139010.6803832217 2369.2662926288494 
