5227.410382640559 97076391.9002115 22785.578542588697 
5228.813966037339 13709519.579550823 7834.476969964147 
5229.863898495458 16003977.67816801 5811.836412043748 
5240.587670166673 7338239.540933817 2673.651305180784 
5228.562205223976 13788770.55482107 8327.13421168608 
5227.956653939411 15388231.303873748 12074.21279701664 
5231.270724579518 11605687.230603775 4481.117867944087 
5228.174143269521 14080684.585659077 11240.330079277033 
5228.313303613737 15219629.812936528 9243.015107341478 
5227.868030959005 81224029.01294805 13696.775163096328 
5231.72593307386 5356591.024321068 4239.56791952735 
5237.561984595718 4338655.041992841 3357.006073939044 
5247.383589431929 6213378.685890438 2046.6333154516133 
5231.752872006673 5927767.232891387 3926.453891014591 
5230.375181770998 8963207.599028371 5427.806494858763 
5228.653690232321 13127940.54345016 7572.6985926863745 
5238.477019182438 13069727.502816362 3941.7043154946514 
5370.405691165289 1286456.442905114 987.7343253105856 
5233.504184090755 4256394.2212838 3634.6843775226894 
6910.3374331860405 589578.3423405531 340.8995426040477 
5241.077417703127 12816606.72592985 2516.079006794211 
5235.22361770703 7550474.360365171 3085.510952059785 
5268.80922174957 2968323.2776460475 1396.0611249054627 
5927.6808870693185 1955916.4141982745 670.9978350006186 
5609.931037829367 1312529.0092305602 772.9333434180203 
5241.677702377027 6237874.984803349 2339.094753885651 
5257.31223505017 2747246.135850367 1622.0360836415966 
5992.21584614815 1237303.182965695 626.6159867368202 
5251.846108276968 3169487.724904012 1857.0380162144363 
5243.705949638713 6190426.060029451 2169.6304467533764 
5621.41959617718 1291075.7405284918 737.8825983019321 
5296.913660331854 1504481.370838533 1368.2724907932268 
5238.995274390645 4641547.035228414 2782.3898653516476 
6261.373684595283 615547.8310245192 462.55991332425407 
5228.280420513043 12920917.49487587 8907.468840785961 
5232.005266586617 6003733.265291885 3665.102865330644 
5263.543417027819 1981380.0052562815 1475.2443594411711 
5284.046777528175 1758458.8077690825 1312.183739390664 
5282.113085616613 2281945.49592251 1456.4030852919498 
5241.4229051727825 4675353.39570807 2504.4973710473287 
5293.005473957397 1780825.610325238 1277.8086440154098 
5233.418510504255 7978533.179553938 3590.894206876877 
5936.9030417436325 5127015.562113112 513.2464412476746 
5228.808987341486 9543608.092037793 7270.802292914722 
5227.58612885711 26577875.62047945 21849.154655624312 
5232.602616118709 7269633.643648432 3547.1067128994587 
5227.904734646131 53883568.84252577 11419.434434335371 
6960.149181756393 518728.64042231516 324.7737297115857 
6779.993095738059 7033616.187270186 369.4000922751033 
13784.856416616078 400365.6876724479 68.95761146411871 
6187.925950054854 532934.7083618203 467.2970411455971 
5228.994797144715 7756196.946942744 6438.18591362366 
5227.872780750563 17534482.78605698 12142.260814162444 
6196.137261220632 912972.2644417158 465.2496596970554 
5227.568859785412 34800613.59850378 15760.969607025008 
9044.735117517834 590415.7874683477 152.14008219914885 
7025.178443558851 752004.4486303414 307.89603655738404 
7371.511936055697 682740.8043539994 216.09908620299785 
9212.867662378618 1316837.6888704621 200.08962104765016 
5227.494397804848 36989212.703412995 18245.22680512503 
5227.94798983656 16245851.07369166 9440.630583159293 
7473.666121949409 598234.8185379859 235.24983616349974 
5227.358253216589 56595639.954424605 25862.676691023826 
5235.755118844739 4543286.725468986 3096.90092613286 
13132.550383756372 402055.89508815145 128.39489273793487 
5227.593235979324 21901086.10993827 14007.38549526041 
5227.451329297148 44917829.850017175 21346.657859941777 
5237.899837242911 4147474.31964299 3472.0190942663503 
5228.220000796689 12344754.012901235 9594.219893145633 
5227.701105795159 22629264.088361464 13133.796168816152 
13473.69127514544 455317.28266112885 97.68510364735974 
5229.4994010376295 10842683.33671654 6476.3082063299435 
13659.836482467668 435225.4916575714 93.85609467284175 
5227.848158929486 16770792.04840022 12544.099403156162 
5256.194212326689 1917979.7380404393 1715.4568741168296 
5228.399608207723 10313129.229424091 8328.097653939987 
5227.838869141762 19373635.152403343 11820.904995659608 
6302.681941103092 660534.662997236 486.69246771899236 
5227.744361163914 56386779.04575872 12458.36683508124 
5227.749558159446 25180181.08695693 13138.591149003229 
10956.047400276546 897726.4560953048 137.55612388794583 
7866.134940245845 562153.1006619325 270.86014921847374 
12609.90959523959 609209.1931006655 147.47896778691668 
5227.677844717204 27733172.637251403 12875.168317187141 
11153.26412907353 692701.0892881464 136.16639432363786 
5874.935643875519 2526703.899577252 632.1969331375597 
5227.792454424831 18552366.232536018 13447.843134273959 
6930.880684825499 979976.7862619751 319.41493249503145 
5228.598272326117 11027403.950578883 7871.473694129098 
5227.460280474791 88081932.5284521 28359.844604235514 
14982.784365478949 487053.4634409527 101.90923641695416 
13961.374178049777 389630.66964870365 152.62952309061845 
5227.481735977568 79052735.95166484 23615.469504507317 
5227.4751713980495 54877406.7724257 27233.856154884896 
8939.126265148829 1029207.8521820297 284.6806537228951 
5227.494553327684 43161742.99186167 20532.47028969641 
5227.559805455871 46791753.56345975 17636.3465276624 
12541.778464873743 1760302.4652598763 162.4989873958987 
5231.589810265507 36463288.8664824 4628.613173592324 
7109.642657294516 550738.5094960594 289.37915692664586 
