11887.212165686127 311778.39998056844 87.62303841531953 
11672.938561316987 296424.9185256823 145.81800491664504 
5227.164352497137 1296567645.237765 49711.13492490544 
5227.17282831915 97025134.93031451 26362.582036535245 
5227.361113817594 46561314.38545216 27552.54324857056 
9280.753359838754 414566.251368868 98.36436253238426 
8339.026357868384 347209.0877281556 197.60169210541972 
7341.704597248268 1394888.2083734293 518.118042907628 
5227.357701734751 37912100.2960484 17767.358392346003 
5227.217960432086 45636153.43712521 24014.05185604636 
7512.591741860632 366555.34974310274 197.72380743380214 
7033.272929791086 403603.7652910339 188.38524776073788 
7548.928039763745 390788.6402552036 188.96454587302625 
7957.655558637585 461268.52266002574 150.45463200480603 
6972.675660197743 634821.249300612 197.12389703191576 
6331.663732916586 929406.6382367946 294.24176170795374 
8066.221102794131 375189.7638849261 172.40641937023057 
6667.648527970617 435398.58028286387 248.76177160074593 
6589.874525589039 459544.0337892647 361.75778285177984 
5227.274620385832 47320681.531171314 22681.009508541003 
5227.381716788902 35166187.82146745 20084.963605201723 
5229.526683982113 7932461.56045221 5497.61302435092 
5227.191847858395 53746721.68219839 27584.233724379625 
5227.464607955956 29991136.830177896 17325.857589146293 
5227.6560886566795 27101954.434977863 13832.201416480895 
5228.155449466124 55360913.02008132 16829.04351441201 
11735.4420395577 315932.9846648986 93.41655568675549 
5415.919857633176 3356819.926018198 921.4192374900412 
5227.52570510945 35981447.690342024 15932.098359893358 
6062.273268564329 532662.4880870383 401.3169595803659 
5229.217556256834 25152610.43023355 6805.764081003325 
5227.832386099146 21180228.64517659 12622.261514892847 
5227.477272587103 28955274.783962876 17251.920524793793 
5849.151553098775 824696.5640523247 607.0917451477573 
6286.5423520111 1029137.735490732 264.77196624522884 
6111.212283322022 560064.0392211173 362.958749535053 
5779.251041078895 1100279.8462068422 625.3937559577917 
5638.439884471948 1584974.9150801818 819.9651621083684 
5303.132416076893 2369747.8441297486 1282.1064358521471 
5230.517893481143 7023636.029637206 4948.893997145239 
5548.586512026026 1823517.9339529362 1212.8595674013784 
5227.609665682193 18979155.279637802 14450.6048449205 
5944.349319217339 625982.645464204 387.7652609972517 
5227.796439818629 64319887.76844415 21240.82094830386 
5227.95560821769 15878802.305310944 11330.665247012594 
5699.548683630204 1415417.3431047276 1012.1909642511122 
5227.377236455966 35749495.838483565 21494.487005827646 
7978.831317061678 372201.7862389128 120.84102954165994 
5487.882280920175 1629125.1110531888 1247.586556193781 
5228.031126879041 13977416.041326152 10733.53484375223 
5228.097760488626 13564156.91930537 10055.91689743534 
5227.331435462245 41513908.84501122 21541.292181182598 
5228.268809622811 12857245.714537293 10021.329942439768 
5937.301398110832 629495.7285369168 394.1497004958413 
5232.511657649078 5422062.56628608 4029.5139028372373 
5227.380704920991 33918399.72992603 20997.09377295317 
5234.0278224931635 5049931.888313951 3470.776128234648 
5228.319828698837 12302091.652534442 8863.284539007493 
5277.214570642147 1870544.898762193 1370.6568618267293 
5691.467430099975 2858951.807863513 814.2518254400278 
5228.076646285491 14284789.41255219 9820.935523100445 
5238.606905617611 3168568.1227584463 2647.6476440141946 
5255.191560829413 2225012.628363165 1578.2850412144724 
5231.627902567289 7742918.431056268 4428.381235697156 
5228.177781245491 14624633.345785335 9397.593738917774 
5514.706164561736 2284812.734811722 1006.2129819115538 
5229.137518910466 17893962.698268343 12276.726507752632 
5229.1882017454045 8352131.741592089 7776.080685856963 
5227.9421174542 31349759.566717763 15406.056824981977 
5236.409337014211 9161696.273053559 3115.432253766087 
5240.661821259076 4467604.285666243 2235.0642069963405 
7000.661745679948 392430.31994406914 201.8318056123518 
5228.457817995413 15211656.045251988 8290.094617865867 
5228.51522723853 16508613.046773149 8540.562903380827 
5236.873160592957 3227630.658808613 2844.2966662704475 
5227.875790902121 23472420.06470102 12135.919231361393 
5228.071371142956 13802930.033546008 11600.017164909375 
5229.282885602165 9796202.594946224 7469.607798597367 
5251.488850434564 3687106.6280163275 1807.2165860678165 
5229.154630445266 11744506.99128304 7213.4219650225805 
5229.370826037299 10306598.687722426 6874.853469690712 
5227.630286143603 22371568.52954522 14255.81447792221 
5228.088509630541 13377269.234489588 11785.983806910523 
5243.6973788039 2736973.2166467085 1903.6722603963678 
5227.925154625871 14183610.0434716 14108.595519364182 
5228.434103564377 12757606.485128913 8593.347991561957 
6628.560774978885 429568.9846713198 272.18212911968226 
5236.194163710231 5448218.647735853 3291.1633509805515 
5228.882897039917 9991902.740220577 8549.09839632557 
5243.457338732972 2795299.9625192457 2081.90209568134 
5227.828859161545 24671777.78345368 12611.720630558832 
5228.50121909902 10280248.021924142 8103.668457293759 
5228.752249978103 10513433.34488906 7370.484527995493 
5227.3613102796135 33409873.758178756 21692.682332273467 
5228.110004904365 11868736.93951812 12367.151817425589 
5232.211050092461 5334751.880960851 4143.792604721017 
5229.122584916343 23154890.499069937 7251.786691738173 
5227.36166647762 41216209.9216937 21721.871803796013 
5232.144567569833 6640645.492149732 4361.636596919349 
5240.973250580721 4495774.249981214 2178.2806256778035 
