5526.085339609575 1767343.078113108 863.7809755851767 
5921.109849930767 1006238.2808304811 669.5136099827615 
5265.248774070835 3258187.4009642913 1946.5147621887604 
5245.67247901404 4915723.4673426 2443.739536322713 
5534.371863001583 1212442.4704107768 943.373076413117 
5493.044540712703 1667588.444696418 914.9305620229622 
5344.274436453481 1665115.5173217151 1116.2360996316745 
6195.272111568396 811537.6416811872 516.4580643674203 
5234.307714782288 5886631.873117995 3518.8435911987826 
6083.350532525271 1503419.455140275 502.8660799515179 
5229.5219675216285 10098881.892809285 5554.595311577172 
5274.42064193964 2274179.860569386 1625.880831760599 
6314.6273431310365 1474108.4435460854 338.1535048986756 
6489.8018321885575 828830.2529643403 312.1763207850246 
6072.569589462511 970617.0731515179 556.4090362501352 
5231.402478865587 24193113.936591703 5183.089192900904 
5405.178485942617 1692460.425654235 1047.3387931555094 
5258.2978098620515 3074922.764254238 1989.5062809034648 
5282.002734838247 1805738.4245812749 1483.267315403423 
5231.886144810725 5364950.816621164 4353.521862465935 
5973.688079773648 1025905.8876422405 607.1131049046428 
5370.944752387522 2823578.0048412513 952.9079984379914 
6062.6074369207845 1097010.8926290204 571.4975028730008 
5251.63521952546 4310451.633389517 2107.898168099507 
5286.391240525942 1946650.9678947846 1290.2055460849153 
5551.150379186132 1637018.057424894 899.7514833925889 
5629.92759060549 1079471.2533188579 722.757416516383 
6255.909113387533 558145.6069262493 415.5228676912138 
5463.921637135826 1548004.7410096212 1429.8313675853822 
5247.314741045688 4512241.040794401 2302.0443560899585 
6133.42712063628 1247463.6789968833 470.1775863638693 
5235.072445512626 4874148.761608181 3174.757278598049 
5248.0526524911365 5709031.22050521 1878.2568641472049 
5227.770334457003 52529706.026124194 16933.858815816777 
5230.844930806115 6168992.535387939 5588.813712948429 
5345.079109345187 1858661.552440897 1075.5177886979818 
28439.920509402626 263849.0006597782 46.92152679866307 
5239.515051501812 3872726.7612787792 2676.910775931516 
7786.646620039332 412644.01454120997 188.40175942985627 
5229.488318580729 10582207.389578812 6714.454661407533 
5232.6747919940535 6570090.353226424 3877.7693420290866 
5231.59941250136 8220717.039973616 4431.797409553059 
5290.51707514473 2290099.325728838 1216.3002112069544 
5259.244413811287 3351722.944314013 1678.0704450799633 
5228.165223274051 35377779.32945209 10468.286619024275 
5228.103111008764 19331128.02809385 12593.48707717267 
5232.774816613278 5904586.74540112 3790.3720596064627 
5228.606608039914 17335310.59450401 8225.450503240652 
5234.36667325765 10480197.719330579 4076.5025673965074 
5227.960288643417 19013424.64497336 13185.05665637553 
5228.526846542349 25839647.88591527 8905.98889179944 
5227.776538897074 45921567.149848245 18706.520241725757 
5270.053091410639 2626772.5156462197 1608.6836207437875 
5251.3551787723145 6565418.556833815 2274.64502562338 
5761.475899630623 2186232.9226308153 657.4070897234549 
5229.691747665429 9778184.770393956 6723.345836022538 
5232.462952951036 6778737.570516341 4261.084356557015 
5227.711210805174 37682200.624112375 19644.54695628192 
5229.406332666278 659922826.8623685 9063.580495911976 
5227.600250106161 577154292.9282868 52526.62590386081 
5227.9220299334065 47535812.29457774 15124.287675953095 
5228.443597979113 11428320.866471734 9325.472300646064 
6815.750032723662 737603.752954644 410.10387189882675 
8746.196982116382 441772.26832627325 123.65045883127812 
5227.771420682632 32176840.90421164 15570.141611270647 
7081.346027496622 593608.4004243412 322.5689828707925 
5230.426294090793 8826845.408055138 6157.606099234731 
5257.296981152416 3481483.5582211176 1953.167986276476 
9019.26613036044 345433.29172189697 92.87335932583352 
5230.94071754535 7833646.6032376345 5440.767932270102 
5228.977453156265 29899486.049532387 7372.939702505286 
5229.102244466401 11826254.80471168 7185.326179351908 
5239.592423969983 3740911.7760587763 2556.1691820373803 
5228.324804315218 20212031.704862468 10772.298259019102 
5227.814125340046 48899227.648337536 15499.09268416903 
5227.590409018095 89094968.69764659 28071.875933198673 
5485.699716853771 1568788.5912249961 1223.1142002041172 
5285.156415841607 2511793.459932098 1483.107589967846 
20068.660456042533 310721.58626357303 85.56326585658496 
27458.287829304805 434890.40147235396 77.196559164622 
5227.755266780166 161023159.7492317 21749.402000500428 
5227.691399570811 114494974.24288267 44786.917813464635 
5228.413500444571 20743420.11168698 22158.891887512247 
5227.858016551361 35712576.42299321 19028.80494488693 
5232.692867045137 88493586.98955277 4917.980311480081 
5227.8580359442085 58810731.91622981 19278.188027661832 
15500.940975174475 490541.75195298716 103.82462994020683 
5227.824989028134 70019398.03073125 19663.21242059124 
12222.296363426649 348027.75237831124 118.56052833321523 
28581.783441449254 537160.2662693646 78.68629783031184 
5230.693972383224 11621277.062616738 6072.150192519815 
10754.925503207432 2227130.479896498 107.19338854653071 
5227.816197252272 81582853.46413052 22066.949094078773 
5228.152656332494 21782198.011115212 14590.530065367853 
9213.996049780715 360635.0993366639 123.90902121050712 
5228.126344092168 27279910.993661083 14128.696174605955 
5228.63426674824 14866013.517586624 10862.634546698684 
5228.476503448746 17508522.802474704 9402.757326010174 
8250.88541091921 641606.2703457642 226.8965621560149 
11945.798588587371 659007.7931637915 100.15938533462493 
