35071.69143349146 255537.43203882038 82.36188592444358 
5227.165326891352 46658926.02175002 27247.279131400966 
134537.05735637352 279837.624183663 43.527662931906754 
134180.63460338768 263450.07577019674 52.96868439398763 
5227.329993745674 26755073.92524424 17401.401235454094 
13812.971372009875 278729.9072319347 51.20224485397816 
5227.240898685606 29874166.064062517 25013.028311057154 
5227.252231448531 25067085.154685866 18496.211025866876 
5227.409192646514 24560233.956770483 14946.925851501468 
5227.556678521398 16135338.094749995 13273.443488615509 
5228.003979266874 13467173.734406833 10386.436275473654 
5228.098003884099 15130806.284479566 9079.508985243072 
5228.13792787104 13169167.147722479 9440.830212282368 
5227.6013997153295 22687853.32814787 13189.107242348351 
5237.804152023937 3575203.900225279 2279.64131033251 
5228.210985071833 14737205.777159577 9476.065034358631 
5242.101936756749 2641358.540889168 2922.136298658697 
5231.114846819285 4423364.198689382 4103.035360096677 
5232.268880000005 6183974.897608674 3522.140759590893 
5228.932457702625 8047480.2903289795 6377.460844394668 
8119.667381611226 383114.6198264817 125.79475527406991 
5228.722442573744 12378354.564449087 6631.842713666026 
5233.860102708235 7544489.27690595 3400.827877063536 
5255.635599113859 3126212.510804651 1626.008423496384 
5234.047028023325 4158123.675915057 3103.8686335758193 
6119.471612132121 465726.1854338196 325.4710732618147 
5227.88069570738 15232863.114694053 10496.535127538895 
5229.918249397735 5470641.044138215 5656.421487419901 
5229.341783659671 5775650.631914151 6103.853481729958 
12688.598124843702 282860.7972212684 52.638868386383315 
5362.536263187831 1546221.7176786049 1221.6856429001355 
5392.592355886727 1415826.255211303 955.4729717309433 
5317.374049288282 1946774.5799862267 2180.3337685568267 
5246.77720160701 4930214.788169017 1938.345102953352 
5265.288653256849 2853718.5389588266 1435.4407143743244 
6812.561445118892 675702.9671302541 265.21692256097236 
5228.750379284346 8458286.87234033 6490.293298898471 
5943.201721129253 1708224.6760998913 523.7719510559438 
5229.656808450484 8977839.800484214 6547.93212584934 
5230.928654565054 7414115.716495922 4089.2944528857943 
5229.724967871058 7510374.691943229 5292.111351949946 
13075.009374972038 294759.668199071 53.49931473837563 
5228.417853401459 12649407.009128537 8778.045698818147 
13491.399065081096 298969.61283069977 49.7171399920419 
5243.405702297017 3766810.5429779175 1951.076742313553 
5247.703829632206 2388825.0535663026 2067.864634886996 
5824.715068696629 1668771.3051236118 697.1416824515097 
5876.796422802698 656559.6202726073 555.2840281399885 
7336.22729046847 1235303.3256650572 223.79926580765843 
5315.754735158719 3003680.3053173022 1314.6616260048183 
5341.397283126233 1971272.304236961 1358.4644675994416 
11019.017804811292 279609.9917337379 161.65403625783813 
13079.90991701185 278853.0837696859 76.14083262869323 
5232.96383386488 3523395.104170261 3471.795444486863 
5635.164505005746 1527942.3075552653 803.7186646392206 
7607.168419461119 395933.2584581264 143.00251231925122 
5258.191442971961 3002612.736188936 2059.0824382310293 
5738.193598218961 1138331.6659392957 901.9397299672233 
5622.268625074991 5183116.448536058 949.2078442620569 
5794.007926714997 716349.8632294005 722.2656956411373 
5240.181164310759 4227825.601408926 2060.286864971502 
12306.175350452824 284293.4019830702 78.81533642770529 
5229.882204549725 5770672.962436858 5025.180241085181 
7522.213677694145 520783.689054302 203.94689424883512 
5690.566337622216 1335805.162215615 860.0017616815295 
10522.123173190086 340293.6281028409 76.302316919156 
7359.103179095421 439809.2569078098 266.05754771202487 
5229.044874264625 10650138.434196929 5815.393925066056 
12292.332195247292 296243.0355355445 69.1007831832259 
5626.2223803080915 1290206.8125164781 955.7625425330042 
12272.365818335438 300271.53394014115 103.27813216470102 
13619.783102927355 280465.62851351517 50.792423879900284 
5231.534035643128 10216329.490864132 3878.2356522250925 
5228.244254644438 9935956.05486999 8397.69264694487 
5227.808831999487 23941943.780081958 11247.426390923554 
5234.115039298828 4225084.430380098 3071.5091770067597 
5233.909203135458 4156129.816059879 3179.2812201022934 
5228.646094224545 10236353.22761595 7172.55557109652 
11320.939012756951 305856.05016181467 63.75770561246108 
5227.220866677408 58382239.292816125 26651.818828569856 
5228.722507941502 8612094.887305208 8408.909366276062 
35276.87168089311 267920.34355433204 69.12454711141825 
7969.219557022694 443874.0687479013 141.66801997654244 
5230.954802497157 4880048.467419144 4713.412697500981 
7153.181155362307 647298.5243198103 286.58194020999804 
5236.101007344785 8540558.53967699 3052.84375439049 
5230.1296211693325 5284905.163738719 4753.587512697456 
5229.8876302804565 6119241.326943839 5241.550713988337 
45196.92020414998 277050.681864412 50.15041070231618 
5229.681342782309 10932521.174787313 5625.731753150725 
5227.715402781497 15353506.723347275 12159.594080881245 
6095.177007415657 601445.7629281837 416.1886541885962 
11506.415480731404 303758.793258867 85.58299309074354 
12559.364227477623 329228.7418429011 76.71713589278902 
5227.223040955213 11179013668.817577 144353.02252949294 
5227.445429248057 51897212.296210304 19711.869109992265 
5227.423431934454 26235149.396382045 22841.006644409743 
10217.974131567178 510234.45486212336 166.2008738066817 
6724.150995436983 666131.2241316382 644.4668000019175 
12220.497089965382 396774.5562191873 78.03551019868162 
