5236.160898621665 2015804.8477058078 2363.7313711115444 
5279.86612135003 1820114.89093647 1374.6913773323733 
5230.364241810022 7275138.575228948 4593.578805272193 
5240.023860070931 2068563.743838055 1819.0081193018664 
5817.158859127957 459278.9302849971 424.5445412745694 
5287.854357711065 2013522.71001303 1118.7692942567296 
6908.654791448542 556021.1723494055 166.46512017646975 
5608.621183260488 1365400.5318961323 779.9206900170208 
5229.661964260265 5485527.775931235 5208.789462881096 
7569.591465115578 423186.02649856586 209.80216629117155 
6016.297109915651 482404.9608196078 388.0058104386905 
6415.112312753239 514596.6308577377 260.11652788170255 
6169.640811339836 445629.3477667391 340.66701793906384 
6056.220686952659 469382.3758074736 347.75166255846193 
5233.588716328092 4669872.923174109 2826.374068285429 
5236.09836988415 3460481.737762762 2348.876451037339 
9690.097030505976 488217.661043392 79.5160190000752 
5752.798251602651 743866.9331555889 622.2036828184068 
5229.890844431262 5784125.736431276 4862.575316605269 
5235.373512659536 2833850.582347381 3070.4775980358245 
10529.244544970992 316364.38128051895 57.52680916758638 
21623.48941649824 235049.27426197336 24.431257965561773 
5341.000633525423 1938402.5912193467 1056.0746058648801 
5228.952451895411 7004562.494549894 6587.763140596798 
5227.52944084135 15393195.839704994 16378.015042392766 
21249.016876597274 235667.80076595745 25.694461164395506 
11018.915211009875 287820.5800230149 47.069819838985914 
5470.810345913064 1702396.7869924207 852.2851624766668 
5232.804223904577 7504214.107178485 3257.926099595177 
5231.9498573190285 3829183.514038542 3417.6882520277118 
5228.268161296641 11813846.745484006 7988.229959842532 
5227.459048322811 26659899.41347912 15590.546737502293 
5234.965742775193 4183803.6370183756 2501.443731407855 
5355.028488988031 1843110.028109322 1026.7983823410575 
5593.532570159435 1940083.7132060153 606.5743822205293 
5231.470002388471 6020689.8393034125 3806.5114770299633 
5271.082851115462 12906015.13927566 1884.7066360512079 
174373.74246680608 309589.4548451271 19.615805456088097 
5229.488608569012 5486711.353068665 5601.280857812563 
5231.446247267409 4884118.175209193 3852.9106296167924 
5229.180384498911 6375785.824832974 5976.511483354773 
5230.0550315249575 6407833.041374495 4783.939431910741 
5228.08946111116 15169398.303285824 8350.77803402557 
5231.624666315784 4626634.487703065 3758.294444181354 
5233.4453204605725 3483951.396724852 3253.772788922835 
5227.330854338563 27050311.345111787 18895.909618651996 
5230.677062957281 6212102.194308974 3983.678869526706 
5230.26710444162 6177114.500235193 4714.948793516801 
5227.432829282222 25276369.701930385 14018.880030208078 
5227.592837807343 25230458.723157905 12405.154082255409 
5227.997485414282 12604036.239689888 10546.3696305838 
5227.905609030291 17322581.433540437 9599.13007036712 
7421.754646039462 492088.51635827956 227.0798719581325 
5228.522341991816 12188387.58959419 7370.6543679941615 
5230.166737162747 5268807.655607344 5494.458655134584 
5231.623864859648 5011629.6896699695 3744.692055694392 
5227.281669819642 49500120.797575 19756.705248774964 
5228.767098100355 11306401.670165092 7802.50242967996 
5231.367437612125 5372101.275830276 3884.5772345348173 
5232.922078717519 3790680.7141107633 3860.318185781537 
5228.505119784823 8219772.940212183 8416.085879550223 
5228.310915307442 12401582.947894022 7736.42729475285 
5228.640551350104 12168648.390060652 6919.368588475116 
5228.384531210647 10235719.965562513 8884.16331669529 
5489.843913860089 1598545.200821608 1275.0217033099586 
5228.82628585827 10873955.889836622 6500.688433586253 
5227.1939583210715 49101722.26948547 26886.460785419153 
5231.303048940775 11908365.357339175 3840.826939238358 
5228.5664370617 9916249.808220895 7859.701179595761 
5230.451389297923 4917989.889439362 4880.565243354341 
5227.650080821025 71766293.47028647 11930.098817091794 
5227.2273432074935 43187319.47709239 32697.264994936617 
5227.344488189104 23161079.030652978 16376.63577568052 
5228.010529931057 12727519.1182536 10443.985507336949 
5227.316486484691 42305575.643156976 21066.173156444995 
5227.24228828395 46607472.02406388 20763.185696473112 
5228.502881255688 10994637.096294105 8031.172614434774 
5227.330457123055 26150041.299012657 19314.775828792808 
174474.685581663 290610.71769282536 22.99034603744073 
5229.021455265912 10326061.997220831 6363.355216862259 
5228.519268734477 8196002.079578078 8377.042231956122 
5227.174240398258 285855543.1282634 28845.230109310352 
5231.91124660377 16977692.87433964 3661.483825845491 
5231.217665114147 8283781.7469238 3927.1617837263616 
5227.334481978225 33561943.14257681 20955.289366629568 
5236.045188974672 3058639.182600284 2927.4109201675046 
5230.989333224114 4540662.545233135 4055.205331845344 
5227.954208714429 17061465.839653533 9588.742665516022 
5231.8493274386265 4492152.766411321 4222.850324226459 
5228.1646002074 15909808.02740493 9114.027938907566 
5228.419817818583 10046501.192873944 8683.133193760821 
5227.111770692285 45200639.597843215 34184.12615177069 
21260.7552912164 239959.0911847585 27.44429989525202 
377770.53347039083 347943.79217687895 22.853465480244026 
5230.044494998654 222755131.5953778 5319.400856766272 
5227.139402361117 108525479.43211576 55215.24201753416 
5227.180822469239 62696379.37297641 27179.879345725567 
5227.230727295977 171453727.69533834 26477.98069550563 
5227.30054199473 54072659.344856285 20981.935771087647 
5228.592386265014 98969194.6810885 8078.9081670049 
