9294.764988983967 123460.40188783458 37.518374303950054 
12540.397774902342 100675.96469897166 130.51996737548626 
5290.601629749818 83047002.52940279 3031.290093849067 
5291.475798800279 6099380.99647664 2034.4616756673943 
5292.197911200192 3689568.1983305737 1665.7084467971792 
10109.14946111839 119952.57212334636 130.9840632063556 
11913.392519768357 101245.57968478758 132.81988706447342 
10856.152180818908 112066.76874939469 100.43342150606654 
11223.752514632422 111947.26174391415 121.17894873656559 
8205.591016907643 193384.4899279791 76.71438814763633 
10735.691402459146 112340.93092645016 110.0983839832366 
8976.693467127432 154188.49010752307 55.84441162221689 
10453.041735816325 117661.25347371602 110.83983833295378 
8638.089377002554 140060.8585299106 59.218589272455155 
5368.469827571184 1263952.4795986617 1065.7820612486512 
6475.826211511157 413570.882505551 350.2615658062395 
8496.390366769992 175913.48139297136 173.78522117848075 
5773.428480838156 827634.0879792881 490.5061281580276 
5301.1144222428575 3977793.8895502402 1435.5935307263442 
6554.038607107617 491763.86275720585 270.7482477350422 
8429.180156004233 186446.02344411926 168.02989821691355 
8019.941476449912 203203.83005491956 69.90017133359501 
6286.59860898377 387676.25846581283 396.35708993027924 
11536.33579371611 109878.02728395877 134.49398572341124 
5941.798551235291 1075908.7608866023 474.7838921930744 
5353.449250468488 1358366.6438482488 966.3214796248983 
6188.068249689471 507296.80807695456 427.8776436056783 
9173.059022547595 138990.34806492433 156.8578441023854 
5297.824099060328 2746329.775133195 1510.1243110708965 
11666.152471444253 105302.76851941826 122.2662050146263 
5317.298122956681 1935599.5436042047 1295.323334304323 
11776.449338899318 102763.96958144451 146.73275580857128 
11388.991204829086 107766.54832854646 146.84808442672062 
5359.04145609696 1195353.5724262393 1120.382346878273 
10233.024174238524 119782.29811541716 139.67754697738056 
9032.053698415286 156903.56939910946 48.09573923976731 
5484.618402692915 740932.8062396748 738.0255780976927 
10344.132005903637 119657.25785249808 141.92922497769678 
6697.0667317678435 423559.48169509287 326.04124852869273 
5292.339889454571 2016751.8765182802 1613.0224056179118 
7152.42663911997 275053.12645745336 150.27599543720672 
5314.640261989858 2168126.7246742845 1348.829578005432 
6815.3200808641595 389631.9426657651 240.714093416762 
5297.65181872313 1997926.0954881618 1576.2588772029544 
5623.564665272868 583952.419641855 719.534316733965 
5744.166511241507 1641098.9928198806 539.9761034056869 
5302.013623003776 2297897.36221439 1454.1907583251566 
6088.344278437803 749732.8773681576 393.54344655599317 
5476.58133713504 1301446.624275372 799.7135932114758 
5746.494992518981 998387.2950939224 592.8576067799097 
5987.94140977283 778707.0366922725 531.1469055366422 
5310.200657244819 2743233.422612565 1402.9091512374787 
7718.1396647392085 232789.13511025682 91.71157628480464 
5690.060978725878 721583.7709610976 619.4639946391044 
7291.8771011279005 271175.0963752804 171.77650840814238 
11293.798382639518 108520.4674088791 136.47240372783543 
5428.394506892447 2328338.209050521 841.2708225549762 
5335.868483513931 1630311.9674336517 1211.0483228773362 
5301.323819399343 2089935.7374121621 1526.8944601969993 
5669.311887729887 1292859.1199873844 651.2266308840776 
7081.55680487266 308695.862367077 152.37139174221167 
7370.90953095846 240985.4339550108 102.3710129028255 
8619.716130975741 175063.13617361023 159.1973003234989 
7598.168186855453 248334.62073227836 81.51586114483074 
5519.443770694312 879129.1512545263 699.5009664280386 
6842.420999115238 349768.98724315997 254.27646959508644 
6995.757058911424 325439.2230113622 155.9772072518942 
5339.020219388873 1611230.4224722805 1259.6834790852834 
5333.928918814541 1683482.6797839177 1236.6110474703846 
5405.852341446042 1144627.7313543202 884.5381650315156 
7503.340764082397 243727.74931402187 100.39051932985433 
6044.470216638883 553623.0672759602 466.4966187513424 
7657.916521759866 244212.4878394935 82.69984286633489 
6268.737244352863 469755.99727297697 374.3368195577217 
6770.395220707823 462918.848810784 300.12315563421856 
6249.691396661047 459810.9009159303 451.42902342925976 
5558.764487441271 742933.4760747494 664.3002370674427 
6743.067309764494 390594.02064974746 309.9361635624967 
5315.81685297581 1666067.4689238095 1378.9326562205383 
5543.919243064 629674.7664062242 676.6919552753649 
7819.081939456568 225180.6461620446 75.08442534072988 
7464.3743851786 239980.26233187417 121.73997419320548 
5355.68350337759 1229936.9895350724 1167.2088820384033 
5348.899672777992 1322882.1933711618 1160.636462706023 
5463.653869750622 934809.4091620904 807.3056639239511 
7798.243729896233 201165.74210587284 115.94564518806028 
6005.594972994943 1477846.66289321 442.1804553642069 
5454.695872378926 872635.746238796 844.3008497954318 
7924.063396984982 205655.2482649917 70.51765890791089 
6924.897351327225 361803.54099107056 245.36673731767505 
5384.870794786608 971937.1680502474 943.4808989296858 
7918.448493288601 222257.4874511207 100.49000499994169 
6790.398930719305 375349.0110321687 328.12248824753595 
5380.087847187514 1275742.5647955015 918.2535904554375 
5390.3196263301315 1445762.461539528 907.3062980051627 
5686.779835169381 1554584.90986237 604.6440905727134 
6932.914750270435 311581.8720602917 249.05238823710633 
5453.708801082574 1034438.9756365921 889.5286311157831 
7316.544254355974 257717.9188692329 121.40122174299728 
5372.028705631694 1466933.6571267883 958.3051030425618 
