10643.142868120942 58982.25569107393 0 
12916.188405736542 41293.60867357437 22.52688151507928 
5248.744377153438 9260686.163817996 2033.774003345721 
5248.592240276708 5367114.95826467 2063.018521717203 
5250.638421136966 6826080.24921323 1745.6194013263666 
5251.854558466191 6598215.067781248 1815.4809594256974 
5252.168567068781 5521304.242081339 1575.269612416094 
5280.131578890211 5109199.641934783 1128.3603428082863 
10062.60870727665 52681.390867541566 102.40938218483191 
11574.639011281712 49815.61757342178 21.60581954354911 
6503.273568246968 465247.68011452514 222.96806435743468 
11008.941564177298 47250.58670162226 31.1663466816775 
5325.051027492117 927693.3239541005 1032.53327058598 
11782.340174055831 46700.59776387163 16.679017696708605 
12222.671015511813 44966.5812131501 24.561990163596366 
5270.292110602459 4304438.735216335 1305.790732630135 
10618.963889410226 61599.40948559411 7.46416802276031 
6183.559430414013 297264.28088530357 254.75599759440723 
8158.925077798526 71498.3554903901 30.60257333199513 
5334.2021969155785 1376715.7258283137 919.9602935177027 
5304.101556228778 2108198.1388019216 989.0145515293327 
8519.770743330551 70420.89210508956 33.07589156137107 
9811.255451757033 53602.51165018404 17.889204227384557 
5271.9913963486215 2657257.0027172626 1196.5735277282768 
5249.084632178182 4006406.85438112 1982.4391506872644 
9224.886167053697 60134.499840723656 54.65255493769804 
5263.707982428399 3389808.296168742 1513.25860361028 
5255.631784315254 3743206.2570787347 1657.491775989285 
7175.0804353580015 135032.53514975816 129.03267013224564 
5251.865137699179 4791710.43180321 1751.229337167515 
5249.225861540651 5422703.83003417 1890.7868442012987 
5280.534574871607 1691180.2698670994 1347.162358883465 
5262.999532409903 2897874.739944913 1707.9137566456377 
6809.46247701928 209639.10146201355 291.5277608630909 
5382.912619100851 1841034.2174435158 705.284641145355 
5486.385454120242 713876.453610901 542.5945584737508 
5458.730908361884 662327.1280101005 762.5287979092907 
5382.196042746518 3212427.3871164373 814.1803601827096 
5254.55142278139 4706462.808990998 1400.5021007090234 
5286.895162306006 1199722.1979550961 1237.9862534914494 
9532.263411956166 54422.27631970363 29.265286485248456 
5793.544087963366 478898.3605578023 353.33973866921895 
5277.113563716059 1978584.7167353649 1464.4284565644891 
7936.023259135107 99000.04481912861 53.97636102943865 
5268.880478410207 3901586.238394332 1350.2026047565853 
12545.700073056876 46461.06718208348 15.412652813311748 
5265.64134994668 2384536.040316881 1710.8333940466957 
5249.029516277158 5356009.626264609 1995.089487784585 
5249.174737583296 3538913.1698472155 1940.4035086494787 
5411.9512315148995 770070.7895240124 665.7213904985047 
12799.654285548684 44119.76225799929 9.667598486189487 
7420.942018568322 101719.79873622688 111.0533767510019 
8932.783613584877 62478.36241239089 34.406655284216924 
7065.01962096501 160045.25823526873 223.83879617110622 
5252.196733096759 4446508.596999306 1639.2843585941982 
7596.07588635681 84149.87623365183 123.91676650478605 
5270.025226847337 2215628.354331875 1529.9029152043645 
5338.849581571287 998647.847259911 842.1351183859384 
5263.304666750363 2540575.2149290396 1629.1843337159978 
12397.940853592232 50816.68679509564 11.831003389831782 
7740.7828771456925 116642.72129907085 87.30783693513229 
7809.1586509275185 103357.77084527139 71.28234804490866 
5460.2001153596075 446906.6067691853 601.1407761412372 
5293.804156679093 1184197.0264023824 1276.1941069427396 
5252.18310814151 4621866.614435261 1788.5802169934211 
5672.501947298035 585981.6851888129 420.1953781395012 
5255.716015989447 3145655.6624085973 1607.4037787341863 
9384.153007319963 54977.95484377975 29.40154196591979 
5249.429378286159 2988351.796376303 1842.586172515094 
10901.37624706141 54850.685353997134 13.111770927781691 
5923.234974176614 329433.2907007494 377.3486105325424 
5276.2551865701735 1754735.7424903663 1544.5083527351771 
5681.696884946948 420401.8400815376 429.353320821724 
5266.141475768417 3601341.2999333283 1436.4476599956417 
7479.740113969655 98511.76003230861 153.2720782654584 
5855.13681808352 359296.3165053903 375.073835085862 
6979.05740749255 261546.69202560623 157.98601512798024 
5349.270116396311 1124591.60030504 823.9968890867543 
5618.678313821562 515649.2964403783 448.0802441217273 
5291.549188670312 1878007.5571436696 1174.1766324603473 
10714.934433233315 49246.99874193024 34.93818156337919 
8720.303717089717 68118.98041419502 95.81524846860825 
5267.895300109475 2994859.9880215097 1430.9322983442771 
5438.571367303074 812603.8003449093 615.6919213395443 
6967.00563588411 189497.24454591886 196.39367781037322 
6857.157921565198 235869.8411582886 205.5139291510872 
5256.622322672314 3535271.9278692147 1593.05640926653 
5250.209264981648 4607053.047541454 1829.5619859550543 
5501.810441842242 686160.5129846599 506.8899932333807 
6941.233403624679 235265.00016538805 262.8791200949037 
5532.657522318877 628982.1580279939 502.18209628186355 
5388.119090480634 804383.6606087785 632.5267633982563 
5302.507417788135 1347774.2007138925 1154.9132821886187 
6019.125141967061 277510.21387576533 288.6846926893063 
8854.130022177462 66229.36230969151 19.5180984136129 
5961.89625798051 328002.2007059357 317.06752241639396 
5390.959895371415 647017.1085114777 877.6188691037336 
6058.72037573817 283898.9007498297 259.94799258879516 
5304.052072347811 2047001.8549405232 1154.8941192566917 
5614.337096344689 455124.7261425376 470.82283176853787 
