8208.299110388969 713.5415552057763 3.1233255431367715 
8027.275898128043 23948.177840918153 206.64332988417937 
9172.701756285545 189.95072026827444 19.96599532861087 
9067.542325405033 158.68338329351383 64.84016526201773 
8017.620785931087 19458.153027875996 657.6965011081704 
8018.021457608053 16023.51391400412 772.2879383124713 
8018.583490066159 21716.583296401408 540.1767617596847 
8024.868111987165 19511.56904577455 238.74449142858052 
8017.955096686467 21778.859930624352 619.6956108332685 
8502.911265611878 326.32266566102794 6.220827814931241 
8892.446764570877 190.1272373582186 44.11293823212242 
8018.854366737431 16081.08500716921 727.9828596630175 
8019.0844968235615 15143.614556039942 568.1608364127317 
8594.277012309605 293.6619476723325 41.078282341333356 
9008.630440631056 229.40239379959672 11.898500428848799 
8018.601022303221 18059.726452136863 499.1848642516591 
8029.868197591437 6121.363706539724 629.7035161311993 
8023.118957010246 8747.967044984845 584.8439264369327 
8973.044662411317 182.54983221069796 40.62084234083912 
8329.325125848925 405.5905329681924 91.71417856831657 
8643.915673231779 218.34135067435122 34.62664926263482 
8020.770134224237 11861.814788125854 720.0593826088702 
8870.077902991185 188.55327777191442 75.87528036825502 
8019.790436264519 18429.85203675103 430.0519089273488 
8023.476274669873 16908.196590717373 277.9862417231321 
8712.54522053671 212.00514628102104 55.542406865793126 
8017.873770554295 16701.282174805947 696.4384423660409 
8019.243341554275 14426.623524663359 472.35602962012877 
8232.793083777045 496.5650986748028 76.12954018803698 
8035.315747591738 4692.140372275651 248.7943677404608 
8022.936296124218 9901.183451487559 440.8584429785201 
8025.636781062591 8079.799117845059 483.43455453828057 
8277.340174628536 411.739301653644 26.391381544736827 
8825.133575596648 197.80084377738783 25.108773134410114 
8039.541716470401 3500.079811636936 150.76355877725442 
8024.613446010941 9282.898830049791 356.91971041853986 
8113.427823578075 1223.383959180197 158.12872859020743 
8054.935649000592 2557.5342652794384 174.24936307113967 
8157.395914165699 807.1915715176152 131.38121648534906 
8019.140238096109 14316.666610655313 598.8453804388137 
8672.120265776048 242.4601440245379 14.056555853402566 
8804.63112627371 203.9603598624011 58.63752520610749 
8020.030889536613 12874.324724823337 678.5334927215392 
8030.334588987496 5604.114973348487 284.9049280229448 
8023.298168410394 9350.00020572942 386.53170002856774 
8071.502676130283 1744.6895978497005 109.40049988584776 
8021.912118345512 10573.400724475587 521.7655310659949 
8039.064723835929 3752.331599987843 272.42597567691234 
8037.31046118473 4382.04729810833 211.85193272148638 
8021.437365228256 11523.304847532318 421.01659971525385 
9067.45601723276 176.03625798967994 26.45868922973106 
8021.159861184745 12259.466497868963 575.2336345119884 
8049.895723556715 2710.1828415521895 226.88317740078278 
8765.430074887907 208.29329845988482 58.20934872764472 
8019.969217098715 15512.524774504524 370.8489907787625 
8601.101905707152 219.83297665943846 22.215352359907747 
8043.556258365268 3142.424764381858 128.43103626207184 
8067.537615295535 6472.668747879347 115.06748389160812 
8031.487164488195 5228.772770196239 454.54292242175495 
8022.421409029168 11068.855188886306 408.5365399951307 
8083.391470489276 1507.636572615896 61.23455848928709 
8031.62027183405 5078.910646577092 292.7329904718551 
8020.964285357751 12787.848637991196 489.5559981665757 
8097.408323437785 1348.6797451953382 184.4263473291903 
8482.908682622012 348.16275536596305 18.975042043630495 
8266.70925610197 596.3053280515935 24.722170059808228 
8026.0334423087015 7360.650606634175 366.66163178390985 
8696.658165157367 213.6190014330077 47.99916717522201 
8070.153401243627 1933.5292505684324 667.6875119387366 
8133.903862489879 1302.3675519800854 154.2527907100254 
8020.253808762576 16598.338772073363 326.24972724220333 
8023.102046719927 10359.688990544772 397.72516640525566 
8170.534834355081 688.2913318373046 96.65907776357133 
8022.476457946678 13190.663400385261 334.4011343770938 
8057.946890788707 2300.0401189420986 311.51545227670323 
8765.981175448114 212.0434782418151 52.16189102111921 
8020.069524522426 13854.428736595364 460.409986708066 
8024.443104554613 10168.080326291694 341.0248061566715 
8148.941687312488 951.5163656261233 88.34216324135512 
8038.120959812753 3948.213776475629 125.6805832900964 
8060.110703252087 2103.544311671786 221.34717267788636 
8394.601404086648 362.45261424974143 27.171341656890917 
8976.738622996214 171.5058400037687 82.55951750211649 
8449.5210339426 292.89585862810657 65.63199830262612 
8023.600926411258 10877.305392152768 376.63207108803215 
8176.683490965881 1031.9406452311396 35.68806206900676 
8102.423966471318 1174.37687259449 195.2836284840135 
8023.883016277847 7607.404140655524 509.16396294313444 
8357.690705731555 399.1506773539928 82.74702183299759 
8411.992947643723 303.3371516106258 43.11853545384048 
8379.740617971393 356.66636068145266 38.44774335040198 
8432.364964223489 297.91818320921925 40.29368988177754 
8022.754855433546 10186.873415940072 609.8320862434846 
8199.09031574183 593.89227615865 37.49046787962163 
8028.930773315387 7878.464489913305 190.76185676900874 
8034.189713919693 4761.862849048979 202.7501421327231 
8459.646048057077 264.96404857750395 42.18436196412459 
8038.312602095001 3835.6114756729444 303.96153754857704 
8021.358867076694 11286.771852033924 578.0742257795702 
8020.367700714463 13469.988692759134 430.7323652722051 
