8022.395470752949 9898.578090229164 5336.04415760465 
9452.732927635681 120.50701161914125 0 
8010.305040821567 492816.047046314 4157.558463818274 
9975.478975070337 108.67643120194123 31.728296200403065 
8010.3770310740965 407084.5280157116 2759.431119170986 
8031.33387826401 7142.625503334789 4477.344042396698 
8041.89516713727 5444.085155066492 5216.039193740632 
9755.294029161603 109.97578226735601 10.709883513625648 
8010.3736424896 360855.1305564979 3855.803078257647 
8011.093799797628 103116.72152112672 3177.2808308447243 
9047.028381315347 147.63322627280294 60.42287988332028 
8010.958807262356 228902.74962642643 1310.8900223510577 
9520.597097619011 119.58660099275545 20.27909741902419 
8010.382164719803 368858.40855282935 2971.564766664954 
8010.424247440611 322667.24161756795 3681.754150004849 
8010.478178213191 313147.62384692696 2402.8197297729575 
8010.469720225946 295669.74483290274 2448.3739468953154 
9150.963551229575 131.07941653875102 15.152165573808528 
9319.464820835763 122.76336533026847 6.422255179701603 
9628.14699854366 114.71526122528795 28.53231806107748 
8970.265946419224 154.07277861072308 49.18170356426906 
8010.501131395433 278733.6075952143 1830.970889537536 
8010.785438698695 175559.97094021348 1938.3099511431778 
9421.054010886468 122.30127207380227 5.303273949464094 
8010.601500537965 211741.47360022372 1701.3956772615716 
8012.477477405076 48298.98606303188 1116.475118264019 
8011.014525040999 237657.00855337782 1231.401118451289 
8010.443112005901 342111.5322515148 2582.3034344075 
8010.922917690749 142606.4931616568 1430.5816346161403 
8134.085924625737 1065.02868764819 432.5493778091706 
8595.517128801406 201.1722046709711 52.75280337486714 
8543.278791945046 228.99137742972837 31.897985754565678 
8659.705538309088 247.2223466190301 19.47842896093446 
8010.423428636005 330749.3322699152 2963.09774268757 
8010.413751365674 341720.52498859144 3320.851946049915 
8019.906000175257 14235.534850605007 716.7484359751102 
8013.833869841423 35073.35501724038 576.0906597584785 
8017.647355277237 19817.82837190402 334.7534612986575 
8011.91470425629 69074.04257183097 752.466752988669 
8010.620665907954 192988.13379313995 2659.664721147744 
8812.860162206125 171.85549201303243 21.473384554264417 
9202.827847776318 128.88923740396413 0 
8010.420645531847 354951.00266341993 2185.404181644539 
8010.495327710713 243774.14838593645 2138.0566915966474 
8011.174182631097 92412.48216942353 2472.2477001350967 
8010.340244313094 397431.75211950403 3559.8905262037206 
8266.080197828027 631.8912715123962 146.8627241372976 
8010.723825504016 156656.7554117238 3593.7124605454014 
8098.3905714289485 1613.9429242904523 249.54621133999774 
8010.567776979773 267920.9495142394 1564.273878673499 
8706.762840300185 188.56758943057847 46.12158241437822 
8371.24602909777 487.9333577286976 8.235819545553223 
8883.684971338093 170.05125304804804 65.18171485756594 
8010.35938612817 401919.76414117025 3244.763439454156 
8010.411938410676 383744.37914628425 2228.3559847356264 
8010.591554862972 241488.0058611641 3423.9611331398155 
8901.624233021048 154.91090359014098 12.13863225197527 
8024.345104275496 9039.743480428402 2870.8894222753343 
8012.251644660301 60479.21934531981 1032.9369557200396 
8010.863915738529 128540.75950483326 3496.0650384196315 
8010.617103299226 204858.01353032363 1651.9629436583969 
9690.82639351238 116.1002834227741 22.28452596897798 
8011.164612379083 116253.22253533755 1511.5306386828197 
8011.4064315088035 77415.26063090602 985.2620437830312 
8185.691752601352 698.7988321152695 883.3497504288446 
8753.586843571848 221.4075206922696 45.07550230579229 
8012.191077766704 56651.65376338847 1085.2395686498116 
8012.974097462138 38885.774831103176 838.3504538460511 
8010.6816553179215 255718.69706428665 1520.8137455992817 
8010.665161791784 187465.78371712888 2052.3293995305607 
8010.6892123635025 163918.16748585246 1998.025114385928 
8010.63219383198 187986.24042522063 2297.735537350415 
8052.553471118503 3048.5147383568274 204.59304688774205 
8010.86523475439 134236.00861157218 1532.1694259340047 
8303.480491370821 754.6201563374535 70.3766148753189 
8010.384122617324 386326.7149543891 2213.0542220652196 
8010.811047618897 164320.66806726292 1873.9569824649816 
8011.0816081235935 119757.62595527261 1619.301065640683 
8329.210325659758 360.51670842273904 25.394046669334404 
8014.8079992002395 29656.720514588636 1787.7170775765433 
8010.6028312951985 197850.1995328624 1749.4591391648705 
8010.540286740033 260546.66099945045 1733.072916605805 
9253.824410770336 125.78245191736656 23.92661227480965 
9268.16347381741 120.63142303592959 25.156608647809982 
8484.097706431176 252.5185275996081 6.050273708318277 
9670.92804015714 109.51953908920075 29.44175367986744 
8090.12590167621 3063.5110878136716 85.27233324861018 
8016.96509006112 23615.610481345702 521.3989462847259 
8426.226845778028 270.9072027465935 1.0442294097046088 
8781.264706493017 206.75501118917995 20.655587959103144 
8212.900206009603 641.2464488761973 90.34766701571684 
8477.969550379159 256.88045250726077 0 
8010.8538518981495 150019.19328473337 2265.801574147393 
8010.768789119639 150771.59742134073 2065.0688033922843 
8015.354206301676 25809.441282342144 820.4061391511852 
8011.267668939177 86649.14588838448 1595.3914831922543 
8419.714382442446 521.3708983263563 7.469494422322602 
8237.87574170731 857.5875474614053 61.299865455499955 
8148.640619952325 1288.299620179822 191.1242834049351 
8011.26663743592 81084.85255847141 1873.8284431988527 
