8045.4192144663675 16823276.84434674 3467.5183150413236 
8045.424192243891 17645046.880257506 3455.371573272118 
10871.527855952774 131489.8686657733 0 
8045.434943136774 14705603.74919479 3153.290912418582 
8045.6027032196325 13174055.375903508 2511.9357737392984 
8045.461168416274 14142303.710727304 3220.629531796126 
9854.359428405565 147065.70434150836 0 
10119.31136272354 145601.2174110318 0 
10708.012333952745 135301.236779029 0 
10284.982408367443 141621.1258721855 0 
8096.49841039713 1928335.9096633121 919.8461670538532 
8045.475557831214 14082195.90007285 2692.427748715196 
8045.749476006571 10072446.626578806 3008.8600602536408 
9544.875844535116 166503.9965812609 106.88676173820912 
8434.722799661133 1336998.8062461992 133.03682205713838 
8045.565188857795 12248457.4412509 2619.845277058711 
8775.263585477041 348917.67808089906 28.554561816705103 
8046.552430040356 8522585.547296878 1722.462535669464 
8047.511174001239 5531873.402824085 1493.7882252090023 
8905.054161746893 268963.7104377266 256.5467167119501 
8060.889826486925 4491048.382664621 828.1499637191378 
10411.131231183146 138160.15835227838 0 
10584.695293161072 137184.80210591856 17.2456176318409 
9707.418302041053 151304.4684754706 137.64918094761933 
8072.857856516954 3900991.184484529 772.4081931891818 
8047.361591170627 5844963.114860976 1584.8398972993632 
8283.783351029004 2077918.0441025828 288.7709296814756 
9433.549066612715 183371.31580389055 199.45638301630845 
9627.176576286387 168189.5584953145 2.090102664919633 
8597.519720497285 500146.60389294045 57.5723461961489 
8477.505516526477 1024907.7444386875 140.8264389937685 
8345.563942004732 549632.6524894988 422.4427053668309 
9810.175667919002 153132.9111381311 85.7689805953751 
8060.715811257037 3075966.0836249474 959.9081144881213 
8045.900093006467 10338701.273820698 2235.549294180473 
8046.317483446994 7182795.471822314 2091.57245467606 
8248.776212948247 798419.1940160725 336.12476179176224 
8046.749494742166 6464274.856363844 1651.351152586109 
10142.906932535856 145051.59762577497 0 
8045.920046931695 9383042.099587496 2795.1582433243666 
8045.502397772858 11891029.99120746 2922.3729437352645 
8113.221695133861 2128416.95717983 691.0325651278594 
9051.274841937364 236936.02596746356 271.19961625809685 
9168.60184122754 218234.43881719623 25.99831973229567 
8690.583895536252 330491.33597681625 40.50135730407227 
8046.22920795187 11785768.076906985 1969.6474086789756 
8046.127937443889 8179432.431311507 2702.5057414179782 
8131.65588813091 3024566.2923628194 655.2426247799026 
8045.854798125196 11323906.112488862 2312.69669549886 
9087.906390927557 265471.96821483684 74.82616384489751 
8052.606685123949 4672110.503216042 1232.8502987245822 
8046.6101739732685 6805046.865536018 1812.3786154625511 
8053.125722891123 2854657.4766404764 1153.936065428945 
8205.190174097046 2468643.628406401 400.1036409488154 
8183.977365168143 2246057.5111294314 455.7973600602081 
10603.11849865626 136262.3956821621 17.2456176318409 
8069.129269040113 2571637.265703867 857.5931191754628 
8972.569773573876 302705.8347994926 171.32694578256377 
8053.314793773986 3236777.8055459936 1079.768655182239 
8049.007765595066 3683836.6692367634 1430.0201407513712 
8045.627560511044 11415182.06614422 2451.7910189866034 
8048.391215021756 4848819.318065116 1341.148756522062 
8045.882766520317 9356248.372746136 2873.355068490545 
8047.980370651726 5086379.373597065 1338.0820323258536 
8174.7582031220745 1270359.8769179564 604.5473544925113 
8046.881681001908 5903973.751884429 1906.6804732464875 
10387.53566137083 138709.77813753524 0 
8153.068682011811 1152348.6697152685 610.285802770842 
8174.930545454595 720613.0750382266 508.01216472404695 
9289.43583507583 305253.20246763254 22.184295722225837 
8048.20257935822 5280377.168852182 1270.0062033137658 
8381.165907029985 533059.5124206882 167.73789452957368 
8052.988397107036 3506427.639482436 1114.8274504757985 
8047.745520878897 5367073.36975461 1412.54446921701 
8045.8220237160895 9850895.17081882 2542.6911710220998 
8944.073418341946 267913.3025082671 236.83346890107921 
8046.1951351605385 9042537.56604249 2054.402693049675 
9225.511095271298 201399.21742855347 202.1323637464069 
8545.697459190982 425480.1855028376 98.77450717263267 
8046.526618710248 6698940.9884077795 2029.3695274213787 
8045.919850055457 8008097.5620383285 2832.524751369666 
8045.818100704286 10689079.665078063 2385.092006607527 
8074.964052126479 3237809.8408991303 762.1264254043888 
8046.446763147606 7637374.932490697 1768.6636779035423 
8725.369715087198 326165.37740602694 44.110883400040656 
8046.176986246153 7778823.356191589 2577.9954258378625 
8047.1162536960355 6430252.346048437 1842.9927238916919 
8045.528704557117 10767996.734175423 2965.0903813564723 
9354.191920654397 196252.93742916957 117.85750450868355 
8046.017579693578 11087208.86210275 2173.1479549681153 
8220.9858147239 703075.4525731278 485.61578062833587 
8046.464484115208 6298377.627048927 2068.33061823735 
8045.680030158646 11114308.171242692 2348.357493151047 
8046.186588598383 8858099.446136419 2519.1466243748855 
8046.268434644728 7583404.546942232 2216.0827702561755 
9376.183279775169 196146.01526413384 123.35642071601035 
8045.755097173076 10585956.73566865 2986.343515274562 
8045.565188857795 12248457.4412509 2619.845277058711 
8234.19248404225 1289223.9276365917 363.80020842564716 
9246.008294654544 209718.8929791824 192.4340536437236 
