8887.277157998657 19546.327756430874 0 
8010.195251675265 1714249461.5407352 9475.64967761314 
8887.277157998657 19546.327756430874 0 
8010.195251675265 1714249461.5407352 9475.64967761314 
8010.195689311215 241942316.29214343 5071.747857964414 
8010.195577847131 1116974854.0346768 8284.016923452944 
8010.195306719976 1176293716.4445024 8457.654996133379 
8601.687769694094 22172.313607942706 0 
8444.706776045172 23259.071767850914 0 
8877.847052988403 19779.845798599883 0 
8746.82280273772 20469.861757388695 0 
8010.202789661932 34357023.09296946 4538.694367111005 
8703.687164075945 21295.105095632018 0 
8602.881692392839 22079.229558721014 0 
8235.722823649421 32957.34139943717 6.039292903946812 
8264.693889801874 104511.39417196676 1.0803610894883129 
8741.930174102881 20927.661045494726 0 
8708.085699205663 21266.278944361453 0 
8010.195786701968 21981908.73735225 4835.584885321421 
8010.195522761751 1169508674.9031608 8367.659242011223 
8010.195361805356 1123759895.5760183 8374.0126775751 
8010.382610157814 3981612.4815805284 2563.2780908600776 
8010.657612161511 7405281.320736939 1659.0321309063663 
8010.286902318312 16788113.778730586 2860.9924311917825 
8132.414397635246 44197.515776891334 27.603023434824088 
8010.294602013572 14933886.75096554 2665.892073302387 
8024.988943543385 1925457.9932714037 366.53959791764595 
8176.828464487394 36935.80201090742 13.411246616687095 
8214.951222400065 37508.5011966528 3.1458950219413806 
8010.329160823016 8792216.388834205 2316.524747345852 
8083.468870910503 123472.4158312218 64.78145988060913 
8010.236966788519 19281936.07871601 3552.8901310318297 
8010.656661873665 3357724.519938328 1884.4460518357525 
8097.453520950481 75447.95757277234 45.4083817729408 
8010.471355480194 4231308.44501901 2105.626606469972 
8312.921338864478 28544.404487656706 8.484458982623634 
8010.329707288252 7555482.488594711 3431.239020613906 
8017.562860220757 828041.1269308459 448.86241465582145 
8010.207081995398 10266875.567100383 4382.472258119157 
8395.970229524723 24540.862948674294 0 
8014.014828481842 1232842.5525086569 813.8603846854936 
8011.561959630244 6441363.933768389 1102.1260488735818 
8010.260448569642 12135142.05555639 3224.9368060346897 
8010.363989816507 7670436.486865511 3057.597057123124 
8010.24434398214 10334055.550793005 3679.8500508247344 
8160.1735123671115 53171.29617970578 25.93588535051874 
8151.645999075272 57457.39876962662 26.93558412173421 
8010.196004590207 22812093.12318538 4694.798967710878 
8010.8724923755435 6540064.883362488 1465.299093625011 
8010.2105581671185 11083338.912642036 4171.831657581812 
8010.453407933706 10168923.071094682 1916.756076506347 
8011.1575297849995 21261404.48469929 1324.5261485776593 
8324.9475842372 28290.460578376405 8.769882186081707 
8293.456099917712 30580.68374516009 12.010265786488796 
8010.214623217594 12040777.929166691 3968.2211853791846 
8010.206311266128 14703340.357717335 4285.753584211062 
8301.258868039238 29608.68287575488 9.073586100730948 
8413.218902820803 24137.049245076214 0 
8017.120553106002 6310052.786400238 569.8558886598865 
8010.260299892792 10454798.28642035 3298.2813561295106 
8010.209289525186 13288999.974713437 4065.5992405069787 
8010.279290045895 16707942.755477967 2986.1806218959778 
8015.441741426132 1737755.6719355946 717.9739461248748 
8105.552308037777 62290.15093314693 38.88408447833223 
8379.670459658886 25232.997871564647 0 
8011.451744441351 2352977.807205266 1549.883533417383 
8443.066381028948 23529.328355043508 0 
8037.711124681257 221440.1146673401 233.0119804944276 
8063.8782987763225 401634.3398543367 123.6050969254118 
8349.299748166835 26709.23251695274 5.704671022444754 
8048.510585897027 562710.8737107357 154.99784999284583 
8057.767070659304 1191578.2250754493 144.79451937572827 
8115.7430574549035 59215.05382491057 42.29968868879137 
8333.4144379225 27970.74521594893 7.674797982564502 
8363.579696033295 26021.047886363565 1.0039178242938331 
8044.01355101399 913825.2522855969 193.6696507879291 
8123.2898322032315 47128.26815015562 34.20672686999283 
8425.489484608108 24130.475988459657 0 
8405.849540333624 24351.10231935552 0 
8012.889701087155 1857601.0456877416 1220.623628495916 
8186.313931821768 44482.6677088086 7.584221048333141 
8200.632357432707 53674.623426058315 4.509080358395158 
8279.66909553663 31518.675254966845 13.380309677199673 
8037.711124681257 221440.1146673401 233.0119804944276 
8013.891044591342 1325124.38730867 961.2196743762288 
8343.147010139795 27102.367207403924 0 
8072.491794611311 208255.50957166142 104.69295436941998 
8024.814887296443 2945342.05245253 399.9583303815057 
8014.500131814146 1834480.7797260596 636.7350846851522 
8076.949512489741 133027.89829843162 93.01340998429063 
8361.507084382152 26579.900444472776 1.1412806714316954 
8193.742642498777 53958.1471890355 4.509080358395158 
8210.57422133777 33728.80575145519 8.839715692838615 
8010.430645646578 5902453.899777963 2194.77058372487 
8281.59087294763 31081.699024211543 12.973549099210361 
8010.196392338041 14242080.037676949 4662.388095729781 
8010.307738617765 6238775.393623668 3797.2048542963344 
8010.216017594908 12988172.706444953 3850.3560723631235 
8011.693057152494 3878202.8832291346 974.8224078480657 
8382.452961553605 25010.241867524674 0 
