8264.693889801874 104511.39417196676 1.0803610894883129 
8010.230975340935 13909579.391883712 5612.363827478683 
8456.917345500236 25282.992297753917 4.3910427332195106 
8455.827316351899 25011.394007608356 4.409254027885626 
8010.3364593306505 27306850.565304656 2876.8890434107298 
8010.3683681006405 20096906.56967687 2683.773613821906 
8010.397495636123 15214583.255046103 2427.602714638738 
8010.533465325778 22876578.29080447 1873.0905104447065 
8010.25108533525 10032441.720704125 4929.879373169399 
8010.299772464381 25302610.870701298 3392.9307726470292 
8407.128673250823 28628.550035358225 4.565182288168106 
8010.234083317787 11789199.208007507 5542.704811810244 
8362.536833857977 29005.16785234377 7.9417047213924965 
8399.985075178807 35304.384009205554 7.257880228493119 
8010.339516606893 4505121.855341403 3131.353901051496 
8010.304312755101 8572512.417674705 3655.5520793333435 
8010.288397424143 9059925.286761498 3445.8559485352803 
8010.283376455355 7181111.496089056 4631.921742682507 
8304.715769056666 31528.735201833348 13.600173769248462 
8113.654186121765 71386.78460774942 52.954975252345264 
8231.356528403912 35918.331773600265 7.483701763455416 
8190.827668311915 59187.23363141055 10.85643594712294 
8011.752163195616 1333622.3888380565 1511.5651874144803 
8131.661000786269 49105.53726307148 34.570281870988374 
8010.320358523028 6613027.436329841 2912.9008093396274 
8011.21747841022 1918774.6351152658 1305.6531201087578 
8010.302646235381 11066388.27409546 3331.2375424222128 
8010.346060531638 13222494.470920913 2750.5453138241187 
8058.3846552711875 106103.63976411428 129.99904845363034 
8010.264077732693 7935581.766388383 4089.6095818152316 
8032.661871574374 364616.8750328567 295.79254889482127 
8328.168067258932 31038.482342139527 10.435600323797498 
8280.034768343798 32547.735640086015 14.66135131363616 
8010.253031534014 9690794.686648615 4055.783890093947 
8314.23841086765 29504.691848079055 12.299444875536468 
8010.2616108316215 11422688.317713756 3769.52974094492 
8349.809005699808 30815.499341052004 9.733185430314188 
8100.140431258331 119294.09688254946 56.73469794892386 
8012.541728750574 1041237.3141882604 826.6114316066954 
8040.263356570139 205186.3225771004 216.345375316543 
8071.418447020142 424881.09883037256 107.03871939374989 
8010.5493395569465 11943834.831784174 1754.7121218671496 
8339.419418275304 29670.575311755398 10.377528828071677 
8210.393244287223 40321.47013104927 4.590303881449985 
8010.3778657124385 6176962.64361053 2559.551484169715 
8231.356528403912 35918.331773600265 7.483701763455416 
8010.4784271915 4768095.156391374 2074.1002273059444 
8013.989684365721 3380960.55940558 730.879019937106 
8010.288589383367 6867467.890239428 4394.130180136234 
8011.077043139566 5804314.284072458 1207.943666137302 
8010.246751103938 10817569.686243884 4269.132774278409 
8026.878694142977 708341.1920430212 343.16514157565234 
8010.651080571355 3099902.2990701473 1679.4599787460525 
8010.239681171659 12377888.706152849 4474.247233730097 
8083.007148269395 131202.74175671255 64.40853201513026 
8156.726779252454 73728.80559684923 24.801491208018014 
8010.477983568011 5343996.147514617 2029.1263338562312 
8210.393244287223 40321.47013104927 4.590303881449985 
8010.284456792174 7425359.8448415715 3946.257623374987 
8010.281484524137 7783637.096920863 4531.657832731338 
8010.994110230733 5048367.580085337 1589.426877157713 
8014.296250263881 2078839.3974031983 686.2646445775049 
8010.469112318407 3579900.4161700504 2248.272693681703 
8178.701010057885 47093.31745119471 10.954874104424276 
8010.281881239882 14628043.454633113 3736.7787296460933 
8091.216943831841 104352.51155878001 57.86228149798339 
8010.3532860906 4169637.7753382483 2845.5333188669874 
8010.401850753575 3826587.399093127 2330.583687180284 
8019.850145058013 1692027.97788371 401.0131128103061 
8010.460612181223 12491616.056842731 2181.376961247208 
8016.167095480486 505115.1759052485 535.5417299857291 
8014.500131814146 1834480.7797260596 636.7350846851522 
8011.793517354861 2778723.333259039 957.3896517275491 
8010.231137381004 12618755.681182437 5579.846254512701 
8011.15299759311 2560743.177339146 1097.2153959288107 
8011.503455132202 7535185.655437589 1035.1822428299397 
8144.858123187366 75252.25475000092 19.664079841525457 
8010.490952633238 5036652.428360521 1920.6171012696573 
8172.724318437391 253690.17199172947 13.846001654551861 
8048.903216670067 202146.18130614792 158.22575041277003 
8163.913202938641 71907.85874675527 27.585544152554196 
8047.704194399526 1234721.6755032404 204.38030934184673 
8075.36444546199 239155.85711173023 93.87871629608391 
8024.144542980379 609995.3898796138 488.8279070234634 
8140.802807799054 809469.605138593 31.584888162861766 
8280.034768343798 32547.735640086015 14.66135131363616 
8011.333629390654 1643921.2548335972 1108.743004227838 
8012.527557786777 5853351.996380873 919.9501904802902 
8010.367864753672 6372860.156339413 2787.9388547574326 
8017.562860220757 828041.1269308459 448.86241465582145 
8010.573131444637 10360947.92648147 1710.9452641384373 
8010.267813289668 10538441.318109713 3991.431478467932 
8010.387250296031 5505863.897266069 2525.0685440271636 
8010.549003806644 5570583.6443640925 1867.3273672168157 
8010.2448789603695 11783277.787470989 4228.883879479564 
8010.359598674706 11725116.09221726 2707.3355483576097 
8010.281881239882 14628043.454633113 3736.7787296460933 
8010.298119153444 6931003.808263823 3753.5420913581097 
8010.462510429446 5556863.135929514 2321.507149718573 
8010.29783588998 7324110.452959586 3969.6978428900907 
