24164.726354020662 610181.1138019885 36.77105861940336 
8019.014943633081 14443367.061598517 949.9455501632002 
9127.39876336004 286963.07090297836 44.35730949374918 
8019.0841898559 19205826.06413364 836.2810309050083 
23805.321167139715 626675.8310568775 36.77105861940336 
8045.702007305374 8165331.548210654 371.4391076214068 
8019.0841898559 19205826.06413364 836.2810309050083 
8019.876598983532 5743141.4281731155 633.7593330150146 
8019.945590876505 2547636.421394947 753.4483751397067 
8019.8758705671535 4094737.833690688 652.6956775775886 
8022.940680600351 5126577.803756269 568.7295736994485 
8021.439458910084 2786718.6762073645 736.29853702116 
8027.97963836397 1125927.2160357519 702.2475329644192 
8087.161950817327 489965.54696365714 226.82167772867888 
8022.863735457564 5361411.403176122 551.6866938605299 
8025.45013744041 3089935.44360151 511.02038317049164 
8131.916136560377 407758.8400453848 268.6931590057988 
8032.170524539356 937927.2102890313 433.1495029321998 
8021.037541679262 3344271.3070105105 620.2502147431951 
8030.466705748168 2051952.7269144533 476.5987860514942 
8020.989230849323 3412320.2207453893 587.3383848103069 
8019.102248135375 2822408.4690468423 669.9458093292184 
8028.092131476684 1885353.6084606345 535.2978018961885 
8028.375950246983 1227702.3493123197 682.5538881004061 
8019.961016169327 2538869.290120158 745.6348783207236 
8200.04123017392 510455.9546366271 216.61358399142202 
8421.199971387947 725064.9689429288 102.50985595469405 
8025.12033326234 3686064.041455186 543.1960835099161 
8207.996166690498 559416.9006145496 186.34216563019893 
8063.719136351467 1154182.5260832694 307.85056691246433 
8050.8780148100595 1641888.1071007373 332.1418278247917 
8688.960908122934 450559.23810477403 65.90427808465341 
8454.963650409096 515291.784384305 119.02315839218218 
8028.529009916791 1665560.446547343 507.9548135601837 
23805.321167139715 626675.8310568775 36.77105861940336 
8030.77004542088 1093878.6562585735 485.23429020041345 
8021.494682849802 2175979.1124821287 620.4829521329889 
8725.52483030079 325399.57353360264 56.834434916659596 
8279.850796803643 810309.0371106428 168.52205420935306 
8021.617500059023 1466145.9510675266 638.0536768282877 
8060.477320075192 1047197.1472016071 353.76802565721215 
8021.859700606432 1390166.1439468286 657.0906157079567 
8059.345960250766 1962610.4101172034 294.4274143059205 
8403.235989042616 692966.4386583248 132.14305687831202 
8020.043243009463 5175075.842893393 626.4939136255141 
8273.84344655531 861745.4072795038 151.820379549535 
8254.553110965002 1250327.297053369 174.1509174246963 
8711.569621879727 438502.8205399087 79.94155732546461 
8033.250452136468 901640.119297131 418.6105328316102 
8845.650028606953 322469.60467089753 48.216165056829965 
8048.085206138761 3462306.054964049 323.6049921643262 
8118.625325267531 434473.52696287306 385.82641043742126 
8030.986591454424 1727864.9506301796 432.25317255123787 
8026.798837812009 1654093.0789595325 581.7078783541997 
8951.829418834564 293433.79139293317 51.964527907399244 
8061.707294629368 616003.0234613237 390.10914111600476 
8185.7810089635295 2121405.9407909582 217.2804423141721 
8061.2647445166485 2001285.1903953701 284.864869713895 
8637.516178728862 489733.1947041755 83.78694935236453 
8062.03573729474 511437.7922916007 403.71140925999697 
8643.739752216392 410447.4521063792 186.19401604465486 
8450.565708423965 647459.394039652 91.85182832380119 
8406.55364907673 638110.2121349657 124.98756036874883 
8020.389174945718 3593467.707998792 635.5674016144977 
8557.522860678322 550807.3112616962 91.36789035499109 
8046.172655182929 1992429.5899144395 373.92997636644884 
8052.393361112507 1061858.7377115004 355.40711363480295 
8062.711160643276 2012523.9038895145 273.5969120614211 
8030.98569759271 1848325.6677469732 416.37710665914506 
8415.489970541637 608454.02413878 141.10155003047467 
8021.521499300019 1608328.4379683882 631.8971974965463 
8047.570886268025 2068258.9890437122 365.8864660465125 
8338.416993345701 1020551.1652841021 144.20537342475848 
8453.709880474129 1327542.2310413118 89.78127078397121 
8026.101032459199 1700806.4991675438 543.1991036448488 
9075.900977225869 309042.1888760374 43.14287727057146 
8051.451402802477 3435550.1498947092 326.2829912038965 
8066.782004775114 847793.2921646788 289.3878115555911 
8059.026326535172 805894.0798418287 408.94457237593485 
8085.654101644379 3471782.743400279 269.2107285166042 
8346.703645591499 781607.4139291609 148.55105291037364 
8031.592319896432 1812309.2812613489 406.24019351709256 
8429.572330445668 575556.5071460751 147.5879743642556 
8019.945590876505 2547636.421394947 753.4483751397067 
9122.805845531006 291416.8572935206 42.70787089697596 
8275.693500588362 838655.0882976581 173.6171890004664 
8046.228705550324 1094133.8039095025 365.9459417775729 
9107.108775534294 299428.4311755623 51.02358568056922 
8030.723582809835 1160242.4419236276 481.63922150507346 
8311.754816015798 1149532.2006983438 142.08358874889785 
8301.66837876348 1028546.6700894802 149.64749852142415 
8031.0200786454125 1087518.6865364974 481.44974469812695 
8030.444465617287 2085394.9783690693 477.4702823360282 
8082.255350677709 1328849.6418430228 272.7691004560851 
8050.012116720197 1537877.001240675 354.6554378091674 
8210.033799163786 517790.3038848245 186.29540450405787 
8048.479892090889 1536675.1400364114 354.83843898822516 
8084.598770156966 614291.2308593064 272.05733315569097 
8059.9810750288225 847247.7473847652 407.41843826363527 
8061.379758254632 854587.576483128 373.4819070710374 
