25067.696058492184 800166.5347493333 87.54087131968227 
17739.307758923966 1900546.1745341253 93.56073941241321 
14628.546074597361 563766.2581502373 94.4678528284184 
9668.863348086219 1414109.7867227613 312.18275185002335 
8212.3997894999 8021172.035060141 960.9224470851904 
9785.457492884054 1492106.9188686926 289.0730507045088 
8153.738512545953 17333009.401534595 1066.9824425222553 
9576.44417139602 1517258.9929819885 304.96467745695736 
8762.031899289857 1684364.7141156215 359.9578402970199 
8219.422163806343 7277972.211835294 590.6681416000623 
19278.258750076817 2154521.7098100046 85.42901584670824 
8139.825582336831 7042636.506500139 1187.7812191382325 
8450.373110341485 2897960.8675453165 558.344842304006 
8426.13578555981 4433705.617529711 606.7976230163013 
8523.707485569017 1982475.9362296814 593.2044525875332 
8115.526373051909 8655592.638946237 1493.7084638675972 
34579.91788918122 983413.2127558966 74.62083513937992 
8096.143639518806 21200473.170984935 2139.4327872275203 
8625.766723408857 2483193.1949273525 423.51780650418334 
10261.562455298981 1272991.8916577967 272.83167638702304 
12459.28101412064 4253808.903021344 113.73078089944799 
8620.693231278688 3446579.2620427646 450.9614056063161 
10076.444504021365 2390223.9653070136 249.0345594688435 
8982.558138961987 1129377.501997301 313.7792855360986 
8103.646760631264 20013001.722883828 1828.7609366460076 
8389.605752247895 1911370.5261629294 888.064974958296 
8112.482606915108 18605216.90911118 1746.0104144005256 
8296.585699102112 3976288.155670394 639.7883700967536 
8110.815789417959 11824141.033835337 2024.1293099490852 
8398.715722648583 4278066.243073317 635.790742113595 
36740.29053186631 2331074.967366392 48.07512204314507 
8281.256773672932 2997564.9804202802 652.8292525340892 
8172.986100755943 5057839.556039619 1310.3006320551222 
8432.179382013415 4011991.431875347 605.6728599723886 
8879.38553224279 2134891.770479312 326.339004825373 
8542.736534627442 4783227.666528738 503.6178353592209 
8571.191685729478 2540207.032962433 478.32843370591627 
8399.042419921005 6599661.383186966 442.8204410283335 
12621.34699301908 1080832.6140547965 130.39206042877473 
8522.886109757135 3884116.5181827876 558.1707719380685 
8074.488267940893 11873747.453850336 2207.314322183739 
8790.407858242692 2195000.260148254 258.80800599228314 
165902.26289111126 1504925.3252854506 26.181218102909323 
26816.536255567866 990139.7743889978 51.207507138807344 
8106.214760097417 18702475.88558189 2149.252357541984 
10104.467253857116 1591380.3830547915 229.8709244856085 
8169.254682532537 6363181.660399258 1067.0847791296676 
66368.82395605862 832063.601708432 64.24435640224489 
8495.486341628908 1927968.9338163007 630.7394973587432 
48252.02888845706 2617828.403647621 36.92716347740432 
8061.749013294873 528026909.7072951 16094.005146234582 
8070.4993761089045 86160671.13537425 6614.321182984305 
10631.159873899433 813736.4636443375 144.9328965365346 
8068.75458456999 95345666.57079417 5112.668260995589 
8065.266459710111 1049574066.1280546 8504.583746138582 
39162.11983081174 841550.5846392383 49.38042234301331 
10053.624470731631 2065932.3030835101 259.9539982608727 
8073.165720385223 54530032.874378204 4032.520705116308 
8065.855653670819 84067960.163107 8195.58328797778 
8134.364983632488 13270175.41799092 1315.1619760713775 
10198.363640088292 1275627.210405413 274.4217233460642 
8099.65749994937 21421345.60953387 1519.3878917950829 
10346.075011083358 1579348.312173971 238.48066556929908 
14339.294987060191 740048.557928029 121.21841771981872 
8221.573756632086 3753645.9705469776 865.9749459179984 
8504.351931252599 5591186.889938279 528.5363452536899 
159743.86929112248 1786779.1835310687 27.213307440746426 
10292.435187953814 2175557.4318154505 216.22529556169837 
8705.324474466703 1695418.761458465 335.1321799551134 
8215.017386582618 9260953.398592148 908.5351743039727 
10168.298093806392 958060.320686596 298.96237043423963 
13856.235324706222 809821.0885961809 139.91117352384737 
8070.567123568272 47706410.87093802 8426.867341676812 
8064.7092283714555 229517959.0367179 11143.783265742146 
167465.1782981358 1894868.5167222482 10.613533036355326 
2409507.591585316 41322444.620144755 9.680003781872745 
8195.056196805841 10452746.140623918 1065.5952709709238 
50654.50941955627 1259411.220001633 31.219265941971052 
10331.706237450624 1378236.2717765407 241.387881077918 
8067.047141455483 202186140.74614665 5293.094124948395 
8122.849586457213 8537718.37691054 1567.65636919715 
8926.654050632125 1710157.1273645954 292.6300519161692 
8244.66424940565 4740935.683893704 614.5938039543822 
8070.903109954246 84954912.02304694 8002.923997427786 
8073.0609217946785 67985298.1603016 4098.253334504779 
11262.771291335352 3580915.755127962 139.34583196825494 
8308.335655887155 7622370.795551964 550.5591208065258 
8552.166602803802 2485898.209406573 502.5390123982138 
8564.731867942703 5855873.047655345 492.72439091199436 
8224.054015642334 5401896.538924502 654.7958725720235 
8212.973051736546 19591207.01427659 839.2504554732654 
8072.856143995692 85562577.73546985 5686.984160924697 
8223.797729946236 7216189.819656914 733.4746300154031 
8063.880793932444 1812325913.2265592 20152.72170349772 
20758.458774985582 787782.2024313606 165.44513690629086 
457430.1647171272 6809997.630417623 16.361755647250508 
478264.33990126074 2509397.001178072 18.908695980855928 
233113.19228312752 2569564.96099455 23.91376222399513 
8067.194277277614 758606869.3060436 11542.003414279692 
8064.7674979970725 1187629539.4614534 17468.211239742766 
