21756.604277575196 354501.1565845128 3.1902506770524512 
8145.35872469332 10160628.985151239 680.7342564964797 
8128.580485067292 4070948.0745179057 786.311122531839 
20023.872441513104 284517.659311575 8.82883017357567 
8146.77161447095 9134509.74123779 603.2740516600991 
8188.449317193012 5928626.791455239 446.7757473042559 
17243.999467219677 324410.6941850916 4.438762951703611 
8172.820573678136 6532262.569056711 518.4386583258166 
19968.386974498626 320328.00521477236 10.189476220448269 
8483.443463412736 3153250.2674364634 473.4526666304778 
15137.733882035505 320391.46666116524 26.556883955747583 
10022.855872857053 1227690.8582097508 275.96958069547424 
13484.174048147175 339597.3591011896 26.272003634512938 
8135.852323859186 2653478.731420737 704.2746727143174 
8190.376292392622 3917807.3149872613 431.5835825430733 
8179.779078674425 6510902.243788281 529.185058795336 
8595.918968449241 2496975.5224989466 418.22798610933734 
9271.833793189991 2176789.5549391056 422.0141305535867 
8179.784595574394 6503692.557321386 527.2637340934137 
10822.700862988637 515990.42913656577 167.5930629279934 
10438.314756230662 979843.994878859 221.11423610160497 
10461.75731953997 695408.4710249519 237.53295067204658 
10562.78052974879 732710.669799539 237.1001153714996 
9598.093354633163 2004390.8539927546 308.5186173188999 
9431.185358104372 2242444.362336509 376.952429265173 
10554.318901088522 991482.7926689594 201.50829980622717 
9708.792925375372 1629833.8041713554 397.63366155637823 
8552.942237814294 2858192.94366713 403.6355007463981 
9811.129740516377 1389878.6804753419 319.39504597598943 
8146.991083957208 2523560.460643318 692.7039949641783 
12565.765492974211 361717.22316164593 57.90320099450395 
9749.004956276623 1749526.050431313 325.839451073977 
9386.081886843185 2344620.878704538 373.3615835689801 
10161.69046846798 1009954.0731205828 212.60359980765662 
11365.596054343448 464611.7571677929 116.53195351773253 
12767.55436976792 432185.55029801314 47.33073529407223 
16889.86535775692 305180.22209079564 17.600316910760153 
8209.4678399054 3040202.371525241 684.616056931766 
9960.231158510767 1099380.6890203091 308.74993502018094 
8502.691415680029 2685049.7864113916 424.13441965737314 
11556.354568290271 433106.7451155017 126.41948603967066 
8186.3111261380545 4059527.482002877 448.5479147255353 
12829.240871697188 360126.66695613763 42.31921856357797 
13054.4631884302 367501.1655755305 31.392980818541012 
11232.574560527915 394079.9467152076 135.06114610960702 
10940.434829593521 436638.509343653 126.88043958231829 
12031.63123215735 413441.7025208074 87.25330859227465 
11953.938646502631 598539.9303036762 95.26739868205708 
9729.649753884676 1549297.0215711724 342.22287590538133 
9740.216193084121 1459408.438370821 353.4566715518165 
8218.95182494385 3973143.1815318805 400.07719412341044 
9510.638473942661 1839253.294773078 363.8071736131237 
10918.26461180847 650157.5688766962 142.87829944842863 
9843.966343336688 1844793.8397769895 314.0578871892788 
8135.852323859186 2653478.731420737 704.2746727143174 
15772.278682065835 365496.29205243784 16.00660369491872 
9524.505567398965 1783841.8699618957 346.82881511010305 
9476.171066651235 1885642.4921360193 369.2379566886134 
10075.968923904187 1016604.8970763268 209.8561388790866 
9365.072618949154 2675429.909143779 337.5149318779667 
10512.612244583343 1073859.6040025922 204.34101395295852 
15632.952437817628 371542.60803369107 18.63399975898541 
12355.788973913273 468825.75509586046 62.05009902439326 
10841.310292504286 722469.2619359604 158.37065485060126 
10732.70530245041 670584.0678710481 220.57821983071085 
11929.726423670834 394566.19142356655 110.56720290411667 
8493.704943767436 3051093.4863080746 465.8746274825198 
15461.226554141856 354762.4018146317 19.3001246084047 
12294.561965256557 479844.8187300428 69.0774302319869 
12122.45517592072 376944.57896779827 81.4764224928367 
13455.663793391666 296177.535115141 37.53302174364531 
13326.139346402959 364246.7944863103 29.870558620173178 
10847.063398283613 566704.1097145888 150.06690217331138 
11203.09403542302 439166.027806464 126.51981569041205 
9372.414397449298 2051136.0729872207 420.08454488657594 
9372.761535305135 1934539.2442757355 413.18107542862657 
9581.056072375288 1624674.707550935 409.7967748423088 
8493.704943767436 3051093.4863080746 465.8746274825198 
11655.913338716462 437250.35157134105 106.09777509522058 
11802.411260463203 408569.85876383673 101.28721806870212 
13218.09490095471 332115.48648553423 34.81919002325457 
15348.814583064483 367016.1268748625 23.84192116100195 
15278.500212488689 392470.1367321068 25.129167964726072 
10704.48651261378 719488.2030860047 212.19045813243767 
12424.525674914414 452445.7592454955 75.1811248217856 
11671.910138332267 427217.9461643285 115.25356345117109 
11781.58403052103 442118.687948735 99.62280959565521 
12248.0772441808 484129.8573701165 73.34789698965537 
9345.185558162668 1986994.8138804883 421.5248514684239 
10900.989447665395 431309.0365489763 150.69770893192504 
12203.43387929202 481744.43372458196 79.71973618967056 
9576.201012354515 1755559.1205195407 353.39655828394746 
12444.424616552502 423530.1592148077 72.74839282719545 
13438.897116424443 343131.48322838376 27.59073234711465 
8183.632343157543 8594851.682976533 505.44693037884997 
8483.443463412736 3153250.2674364634 473.4526666304778 
8502.691415680029 2685049.7864113916 424.13441965737314 
8166.059272915786 7309507.6195792025 595.7314517478358 
15926.04946274623 312959.60546819447 12.15398819788771 
8179.528153337243 10701945.705968989 587.1678575251893 
