64463.86303632255 75792.65030382744 100.66777425935852 
49700.522663343414 47876.58294705896 280.8042446180199 
29418.08252107836 97548.85139379348 47.7439225377136 
5388.147088033412 89278879.8647221 3102.144178464432 
5389.258616620233 16036078.154994437 2902.5442415439875 
42023.38317665984 58571.33061349164 168.79535049067377 
5394.969223632214 7630975.276138365 2705.103110922707 
48975.53944051204 51141.45230844347 265.80562920318476 
5465.974688126892 10587052.179331558 1301.516634924585 
5411.204840936229 3571189.285537863 1669.8076762572343 
5392.894881115294 7810506.419020306 2909.3982302580425 
26638.77847178034 79943.35900898866 146.72817741138098 
5487.2999503610245 2007876.8141659019 1467.995911746041 
22893.70410978224 202681.19820691118 91.24213364358079 
24320.145882669483 83774.82509788153 110.61011450298285 
5404.256601217537 3716250.7881907476 1559.8737296279128 
19344.816461874743 87725.81670261984 346.01224186782065 
6785.652264443882 897933.0542674745 512.1702260733607 
5428.457376639939 2238616.171452973 1361.3914725563632 
6246.584666794724 546924.8693617466 600.9881495270162 
8391.620101590011 391948.9882230155 418.1850542715137 
5571.038248839415 1933769.4901231166 1548.1224219805802 
25516.405997296268 65416.609936559 314.42165971596006 
17826.034740981126 102773.91079564622 192.1505275597941 
9070.79037938478 208220.1096400603 247.77878901858728 
6764.641842122727 2987516.6084816065 579.8875617096916 
15686.639500680674 163806.3472304104 218.20249411954643 
20895.326500499308 100794.04745564182 259.76427663163093 
16038.778265155574 142249.87011933845 140.6627098336358 
21442.074709307333 191196.8281905143 126.67366842388753 
22515.930910274346 76756.64341284329 197.04995309084455 
6689.494173646444 3357124.393187597 469.06252934418563 
6051.965991900105 1192264.579995304 740.0599607951397 
6003.293857362196 2215221.9154231376 806.0111378356555 
17292.413284131504 220778.21605084738 110.71386546593169 
5524.599768784434 4505368.011323589 1247.174731952201 
14429.662997163185 125527.17840763628 261.5254594742633 
19824.8566048547 106431.4272779815 128.14942131576055 
6093.313381837885 920156.2130481623 669.7446490124549 
9959.676079472245 464910.820707801 229.29949463592496 
6877.399287076541 571746.2561192826 375.328458179241 
5684.71400721332 1740892.69778782 1118.402817875049 
5526.665887727311 3167100.105057642 1191.2178489225205 
13586.796546964766 198866.45608467684 234.68741412414823 
14240.325513813426 153974.8255898492 287.5586204889504 
6036.174247216557 1034385.0664918065 848.3697436981078 
8169.7171748205155 413991.1125923367 445.78609971182806 
25420.077848191624 80967.98047950107 151.61095240074803 
7666.540502520198 1125580.416263345 336.4183268007251 
5596.310397993355 2508982.262688903 1016.5213848458466 
6107.880461193087 677454.8073909869 724.9993832039747 
5857.687646408973 934982.4499807826 985.9364313025055 
12695.608445617507 400072.97298171726 115.13955542642911 
7145.6946382734895 2402647.0841923184 365.8110268661421 
13102.53380324447 207451.87798020296 254.82178447118193 
7369.006845116465 511059.61571478454 423.68457631550865 
5585.187864520028 1811123.5358783288 1340.137578175657 
7984.929440788777 461434.1609736708 305.42628491449454 
5531.0711050193595 2374657.5751801087 1152.7177860247807 
5913.731664123195 1071772.4306962704 960.5967321631031 
6024.507565806613 1200548.9529343145 688.6956166765076 
5784.331092202543 1439622.0867479409 1041.9496946637216 
10222.123107638068 682542.434143248 209.9599158428561 
5589.231705968334 1849028.4464691477 1211.696865877777 
6613.589402037807 1483859.778172286 590.597301831958 
49370.97099530193 74276.9223758163 104.81129158454347 
11379.371367306598 271299.80039750325 242.82983828440325 
5514.4932397797675 2150748.1488882457 1273.744394825614 
5814.20948456379 3883887.414911759 885.1418375853123 
5843.795046650657 1463096.2342406823 822.919312080685 
5716.987396814859 1574339.631971918 1083.9576118357218 
5753.991783660913 1362952.8311655393 1234.6011024692875 
11045.843538995545 517872.1246279293 194.0363924987373 
5554.1807043219405 1940113.4601019574 1061.2060425910204 
5920.83569318984 1115001.692411754 920.2197801269384 
11795.66150992802 448229.20861660724 183.03860811684973 
19614.416617235263 218404.29353219699 123.8525455567429 
5619.628940046592 1381961.7583635766 1144.0880449076005 
12210.036640112165 454852.96547995834 174.93711409831315 
15923.592184835978 109206.07328993134 151.83380019953458 
17603.87042557703 107035.8811356892 241.45491034975782 
10675.42358342951 930791.7364578521 207.49072744790874 
11793.638275813268 316104.7533181812 190.50906840086418 
10631.593369399401 494848.0733090165 215.7773960975705 
12217.942288340068 236661.0296134604 146.54428824309434 
5621.889323864054 2086497.0308776991 937.3723091311314 
5840.4436932887165 2616274.294915509 892.2052790478873 
5534.73884274066 2182872.785533987 1258.637130470905 
5494.679379404099 2913472.7814433053 1350.5632728000433 
5723.53853280613 1389297.4879345016 1078.4841356253048 
6100.2633736554935 864991.1056325947 676.8567406271486 
5710.4219183236855 1592787.1164031702 937.2492062075855 
5831.440215830113 2224987.313771954 902.7402212051279 
5901.4822080240965 1238570.314189987 901.0987585640239 
5524.6915159577675 3702536.235240787 1248.734033701479 
5495.84689107052 2262658.61489166 1354.1230834450814 
5396.193563964785 3804567.4717008676 1671.8820455031198 
5394.721754119933 14389593.677789256 2383.0120946360767 
6099.118300005941 858349.3246912671 742.7749871485722 
46371.9508996195 61751.35003667644 189.25679563887218 
