8894.477949398082 552086.2128606201 163.21684886372938 
5344.613737255198 3875115.139069305 1860.3523583703422 
8764.33009598993 555775.7243631007 158.3192670240691 
5382.80428281433 12148356.039931143 1303.3538611937176 
5342.303502185329 4307506.454935701 1769.6431678614713 
5418.131142630915 5069461.85806907 1215.9058385233002 
8526.439867802412 604709.6210838299 194.29456050405935 
8222.687481054145 607263.469859049 179.52056037107891 
5350.623420821958 3777704.195964183 1668.7101286524103 
7701.177949085083 660422.6362693098 207.43177211467395 
5353.044806830067 2925555.4606311303 1551.1947752068595 
7159.884794240354 660613.0766003322 225.1896866678665 
5738.188064924068 1506299.0307060753 930.7977693796145 
7345.394354505979 616829.1072035037 247.7733233149658 
7467.775581149314 620918.300326665 228.9914668031464 
5344.905621777165 3908717.3188372175 1781.7002809857277 
7634.97381016749 648568.2638303926 216.67380893373814 
5344.946059695571 4140103.883988812 1701.414669647723 
7094.51241913555 763142.3372988855 300.9130864509021 
5590.839907460007 2008120.9228625959 741.1249266277032 
7905.781956435638 768883.9294840248 205.89746210336733 
5762.852946769968 1435894.4687408854 586.0673984490675 
6123.786852401477 1026290.6172288936 504.7282759829044 
6447.698247959349 1151633.8957676229 360.4071630389225 
5448.4585518620415 2081153.6301351455 1169.3526033932098 
5520.683603759569 2811440.725360564 873.2725497619778 
5350.35371834255 3468239.1867254796 1760.9022097557088 
5394.331253077789 3296934.7030557836 1254.5831778819618 
5689.2586255518 1535619.5987255601 962.8722735924429 
5459.967105674404 2730326.9755006004 1101.6642535461067 
5555.8449723529175 2434323.9917220394 773.0495531528841 
6968.845803924176 829847.2013798768 297.0605436178473 
6020.563606510995 1078862.1078565782 475.7931261996313 
5449.138927527203 1909243.3671739772 1116.240071113651 
5832.278368191945 1408347.371032344 1012.6182670050187 
5346.635869390274 3544791.6597442953 1675.7615739109888 
5498.8274432370345 2264837.106603378 984.9635721902232 
5916.194248130027 2954230.6269371994 569.1337427503523 
5390.072054649483 2077764.1424061914 1432.5188331317195 
5989.676768372741 1110907.133471345 531.9809834432732 
5352.910070104024 4176447.245121084 1491.2601911045926 
8610.804856773473 579827.2732461456 191.76893074503766 
8090.324206719924 606942.7664337441 185.83304647518713 
7386.905385196946 723910.2372970433 217.20117152888696 
5473.517422509549 2495698.692158307 1065.5912567918665 
5369.074833819317 3143456.3094878015 1334.815584156945 
5895.637007289923 1182391.4839284988 606.3047814703807 
6552.721858004655 2113464.7726304624 352.83395664540217 
5885.26775885719 1276279.5331887281 704.4737054888295 
5544.751883318893 1816840.5540251276 794.0496007203268 
6833.290678705521 1342993.0390313868 326.850196039516 
5670.783328667009 1582198.52999286 834.4327720263319 
5359.303969363773 2376117.55214708 1456.549114416806 
5358.467647666271 2912350.5948536703 1391.327587764048 
5436.392350339673 2373962.992069247 1216.7275442201415 
5623.927198500709 1553720.461405608 863.4419448059501 
5398.05244620387 1804576.2959636997 1360.8506812312212 
8707.529214427348 569212.7360198683 166.48778314494461 
5530.015793033228 1958372.1092399028 816.0015823082585 
6713.95915508363 2788029.0618312345 337.20543873907167 
6856.828755238794 948696.8414228394 290.13720300134196 
6620.699248427512 912784.330511738 417.8562345623294 
5490.986715950355 3170877.208010623 1016.0522974170201 
6950.142426631636 721892.0245153714 318.798734828364 
5493.865515684257 2464706.9718936 1058.2278921988411 
6756.500792500963 950750.3677882394 408.063823601448 
7985.355923121626 635144.1851418695 190.5815479356447 
6323.084439366021 1235327.9237978656 385.8796188048017 
5679.676222578152 1597680.1541630025 675.0556646323655 
6668.432603819488 1280503.659073926 359.7631695692155 
5366.4329332654115 2607142.897845598 1375.5483346877481 
6137.940517075438 998005.0859456483 479.74608953959546 
5422.807774371351 3195842.0853455206 1196.71023731697 
6186.8608117370195 1119582.516432977 433.2954126211537 
5372.843210633285 2184511.839562472 1536.0927580267123 
5359.946632598963 2259386.7301838747 1506.3118777126142 
6176.143203219016 1046214.9768261227 451.60931508959715 
6248.245631247946 992775.1677576295 394.66872471029546 
6899.363553706407 844251.9838975176 260.2922304398091 
5970.6292367935885 1171744.1318622222 511.1016797713678 
6553.5968471370525 1657781.3913352839 339.97906369593557 
5935.337395944654 1199887.481516674 558.3227576648352 
6582.417140164108 1337037.3652466026 346.79467765053823 
5399.160340109269 2203314.294568294 1282.138806546632 
5870.615824803086 1415753.9128084835 637.1493422754654 
6394.302714729904 1377173.984370973 353.9294515629251 
5386.965898204817 2561040.948280924 1323.682707834174 
5884.836964003565 1371066.5853275438 639.2449589972683 
6877.6284358399025 844834.1969114649 234.17272737508887 
8665.366582665745 559351.3553404328 184.33766232574047 
6337.4150857844315 1211628.2518221014 370.1367161757996 
8174.099224084397 613193.725110247 184.6657546839158 
5855.233244531759 1337739.0678228978 679.4864402914418 
6242.757419339994 1058299.235875775 399.8101673640847 
5942.067340434155 1260746.3155796132 466.6051476417197 
7918.626011738959 573612.1519172094 198.21814340527027 
5524.926495266196 1898859.320462673 851.2262119421544 
5422.4036528239085 3405622.543690404 1202.3984438614118 
8126.702347938173 619700.6942501428 183.76404259768015 
5388.713075136524 2868853.1113744527 1271.5460551486433 
