8015.498863802777 37506.82532959616 121.39832168879506 
8011.079774198089 786097.2321390756 421.61513288454216 
8010.174323587817 362524.38027732144 978.0049031373619 
8013.893336684732 185649.2331380133 125.62845325330048 
8017.456286437367 67714.80501592568 96.6100054834022 
8025.134326794117 86779.00925558306 30.04235335562128 
8010.234787525902 235826.51648239564 839.6165165020637 
8009.984625458397 32376342.024463553 8626.71640000231 
8010.110407670939 300517.1195509014 1151.2771580899628 
8010.023235331396 2684338.5093251774 2526.588222498964 
8010.1092599375515 335457.5472846507 1280.6111636552096 
8009.998166378418 2223557.511505195 5580.344133588254 
8010.012934921072 1479833.000786599 2976.236533403414 
8010.070386558465 392439.01773044124 1698.2273293109765 
8010.032106993243 5053497.308194218 1986.0992354509647 
8012.668357959417 128956.05447857003 284.7292704329689 
8046.57647037101 246430.27223318836 11.7900033955166 
8018.035169579121 81798.82447290006 80.84258133361054 
8013.441361382907 122225.80898045053 295.64286640084464 
8021.554553033069 43568.60740223053 73.41199688723916 
8010.326566103996 456084.90298230975 612.472477071269 
8012.4843092042065 258360.1878726238 286.5113481506404 
8010.482442503571 151906.01753263848 462.5539297884702 
8036.1983650300845 29714.323850294717 9.093398052132464 
8011.636066489514 410525.5545813987 383.3261352600857 
8009.987090953363 11121569976.56639 56966.51432444372 
8010.094562246226 1079985.3239984012 1144.9351686621412 
8019.29012676601 97742.96808673211 65.58764097974222 
8010.001726374653 10557437.718950497 3755.138176865785 
8055.557966262545 27298.750549065688 2.118502629348035 
8033.388423972574 53987.957786491024 12.471029061782927 
8010.215742710658 784126.6178844527 929.1710603986254 
8010.080385507616 2397825.501653277 1473.7455398990871 
8037.698611700527 37132.739514051675 8.94249176220302 
8014.210703579354 122942.86078874995 162.38175123947934 
8013.763970738924 384590.534151146 153.1566937650692 
8011.819471766441 484874.87012244435 334.4227381912421 
8012.873801434876 215842.76430654933 221.57678591885804 
8010.093404352364 1253208.8670044816 1307.4329471846208 
8010.371749266271 2195093.958949876 605.0484889735942 
8021.918611642589 105439.90822896226 43.42568852214158 
8009.981491133806 438925486.1994822 18251.053191029634 
8010.033049295938 1146956.786994102 2832.191704314069 
8009.99687834663 3531972.6118421555 6557.338445740362 
8026.933474787096 56221.16754078288 27.04895566993798 
8024.165400300685 122112.38922964295 37.66071018042889 
8017.968529874519 51572.76587996942 101.00943737267364 
8010.083429454502 1117472.4602960441 1443.4167463306244 
8018.973348090685 761113.3131507974 91.63592595343988 
8055.295076124365 30158.993193275714 2.385684929394217 
8020.9973394152075 92017.37615191774 59.78012245766412 
8010.064673902973 959946.8178181085 1580.0880015163561 
8010.095235008497 3257603.1028450844 1416.9607747862499 
8030.096200678465 26005.633136358774 21.126572722510517 
8027.4576877033705 44420.92552761321 25.355890177747536 
8009.997624442298 12237218.254028661 5466.7610302229195 
8010.008859970653 3657118.659037837 5311.480779152434 
8009.983936510589 431912882.86919975 14359.500140309146 
8009.985567888299 5989800.642929096 10786.144351459247 
8048.649763112633 28751.90527918857 5.304149328596083 
8010.044545727469 2744187.891800334 1850.975275380327 
8075.069936327369 17826.91164901288 1.0110455947673276 
8023.122604959848 22247.50027028978 39.461601173784544 
8022.264528269162 44342.811287198405 55.36330739687742 
8010.004802727504 2781769.903008303 5203.645849460341 
8026.968168467709 41300.92838877801 27.72563400495635 
8019.693021517634 60444.69911231869 66.95719989510741 
8010.233972711767 526008.9952037052 870.6554051203415 
8026.167084634275 54983.51297184404 26.64546203619328 
8032.405255378199 21784.190563556545 11.828762846398154 
8010.054486585792 1044098.8672098909 2380.0388408925 
8028.161170376374 30068.99423937168 23.22193968440974 
8011.869019812566 1559766.795881136 239.7033487827443 
8009.989115680749 35147224.074274465 8776.87899330483 
8010.036375102297 39089300.16342549 2108.6773584547846 
8075.233607117216 19961.94724087158 4.873617596298832 
8079.658468904567 21770.699597730112 1.4999773425173715 
8010.012874565263 31153892.602930818 3937.8348605739907 
8011.926822431829 16200435.916413499 521.4842527588876 
8050.982684999657 34871.40132611817 5.805527091975309 
8010.005450331417 2883796.7843923364 7301.9348689452145 
8010.002219890468 11452412.399947258 4704.8221399840995 
8010.030547622904 2368445.1324606193 2231.0352836278335 
8010.017217684867 6871354.330834962 3408.376187151516 
8009.998294533346 4431196.37536377 6215.954717310418 
8010.025239072767 4571570.093626717 2863.3940807477047 
8010.025342572753 1737880.549180181 5498.320993069669 
8010.002945631317 3489889.1824804423 5698.955828931616 
8010.02564913328 14475322.666906238 5364.951855301465 
8030.807789244622 38474.15606161453 21.36596564488479 
8043.39492569347 54261.08324503392 9.815494961385443 
8011.774847193488 6075472.087901324 941.6975569174184 
8039.057504714111 224316.50537695672 25.226723056084047 
8045.242957934729 58725.37833889081 7.774770424321559 
8035.844642859599 60224.36394103957 17.78178827885004 
8010.504612489534 520448.13150441693 1822.5306843798178 
8010.239573648927 1566688.8614117585 1288.3640839117845 
8010.017056951799 7142255.787475817 3575.311096333998 
8010.123292892722 789871.0871666948 1432.192165608717 
8010.11962811871 4067130.908513331 1826.9433046414993 
