8015.23152846036 75084.19239886437 104.0441901602968 
8030.385210142841 23231.566593628126 10.807409318488759 
8010.146701411119 1608393.0843406937 941.6717136552169 
8013.913197561915 66968.60445331475 160.80675804029025 
8010.029572018815 656242.5712528264 1573.978149975122 
8018.957897490911 64004.83141098742 48.96153350874589 
8009.987939205164 2112308.3286915477 4758.631825896374 
8045.00354542674 26019.95771975018 0 
8021.2381878525275 35375.0653285894 54.28632853018529 
8019.915502127155 47595.06206330277 53.417855218380055 
8023.056190366375 31296.804308181865 18.53946543668748 
8024.432349833941 33315.62680154562 16.976339870894417 
8010.240219103069 503546.6686886047 877.692295266858 
8032.992788825579 17402.493780380068 39.285787893054525 
8009.9920068317115 1210227607.8504984 6302.776207772526 
8026.92603625732 30922.793348632233 16.33288286243428 
8015.876117037573 60116.30294838631 90.97741207867064 
8010.0174694024845 1847873.4003048474 3516.5738261805013 
8010.246393445255 1047227.214147078 622.2405690283933 
8029.58307605132 29135.40840476635 12.45203338046603 
8015.975281794941 56609.515716399656 122.15129697044283 
8010.1738125637 1859585.5710215052 760.4566804416388 
8010.027646216769 10879748.021549257 2742.427035224438 
8035.328784585654 29118.001403845086 3.4089505594567795 
8010.006328666634 2818973.3877875777 4023.9551677896507 
8010.030467577913 1623931.0230022077 2851.6153894887047 
8017.122699455115 44149.7958454186 68.67689473216213 
8012.429353981103 151124.17166546232 222.74841104861787 
8010.349971080251 714166.3780803765 625.4546691369303 
8009.986391177868 5265988074.838906 29314.59238779432 
8009.991664704699 9146361.50526558 4928.60572214979 
8010.298723320217 5941663.631935525 558.1264893997611 
8015.670457944376 71945.66844704295 69.0417279680578 
8010.648249121606 437153.9706794718 521.001879615931 
8010.503380321747 1535177.4543695766 451.91542895626446 
8017.146579938251 54562.800597018024 55.61774499921476 
8020.177394437887 46347.14767132501 51.14506415460436 
8046.019723609312 24721.32903676455 1.4400279221127499 
8010.010946457466 2085378.4818069008 3877.413909184824 
8024.0847501416965 25511.311739347882 36.21635762358039 
8013.0610089912125 148624.04445548763 174.61328962644944 
8010.006669484745 2862194.981704407 3742.099895776946 
8028.438726007462 29056.108988510496 19.928939477972364 
8020.080885483891 50124.478564773235 48.82520745943987 
8012.066970486852 493560.73038666626 199.71186741185056 
8014.065835331727 157155.8973678212 141.9157547183893 
8010.124234750848 1120455.5072911954 1180.470287361596 
8011.801629413323 843757.2847254826 316.7978525662905 
8014.7601317830995 258318.61352330592 125.93666332389842 
8040.817815903629 185769.0849495152 20.64573286271798 
8014.083088339023 64020.40111669834 169.77787047725047 
8010.721093702793 318064.1222464373 408.159519507357 
8009.985253882173 47051970.75488891 7835.976437126849 
8012.574539956406 110588.90299702759 187.68931117619155 
8009.997767736537 3124976.618377637 3798.773946244706 
8035.161394307301 28356.06906274944 7.386282802646928 
8010.8279651263 265122.4199183553 701.6628839248222 
8044.73785926588 20733.626947441793 19.96726426432281 
8052.806997843747 22593.429776212197 7.894279623182491 
8015.215931054028 105194.54169629709 131.59848632916578 
8023.841799758769 38966.08840402285 17.54520774126738 
8018.530492883926 36031.51846066181 57.57965805025627 
8018.955393643937 87671.15714558672 53.899482105963855 
8010.388241361155 455268.26423214737 626.834056569759 
8010.97719156771 115878.58895567717 323.947442494151 
8009.987161612729 22876651.1407955 5892.237452766785 
8013.713512252807 98084.4520155045 145.99005663143512 
8052.109071955805 26854.658762657822 1.1067155735519516 
8034.797653034868 23469.148149633038 41.1568322001036 
8009.986189093815 2020309829.7292519 19879.184908235093 
8010.003698435854 288471355.2242969 5692.18870875734 
8009.987271311194 4034918.1508424017 7138.21274726731 
8041.7579241378635 26865.28993246944 6.22515099622553 
8049.037825326141 72220.11635274174 5.774671565249038 
8010.005389647746 11118852.517772196 4098.961670859699 
8037.610802261415 72127.7076988735 9.46126485275067 
8010.078301264799 1254090.9676779902 2106.6674396387652 
8032.638244808965 28015.452409804024 13.22375291651348 
8021.817766397772 48560.666860946585 65.54034513077112 
8010.032352259589 3666451.4390604044 3656.8888260295435 
8016.825204541017 292750.9848519881 124.82142970723186 
8010.004469126729 4129664.9161919006 5221.515068019986 
8030.654520929523 34774.484850442976 17.808665389080055 
8013.771663526266 126723.27508604684 154.80419081761443 
8009.990375294909 9848394.225741552 6526.737710803063 
8024.156463877415 56162.70874358673 47.44746379291465 
8036.829144854677 27302.79630498455 12.056694594955017 
8020.091322933671 42823.66839869756 93.26562922113902 
8010.040673814929 1456970.848476937 1644.9064854956928 
8027.007431445712 40667.37575104788 18.828747912210876 
8028.728293242871 36803.58196509835 25.564021465658257 
8017.825766679388 112879.39228345199 66.3721369258621 
8010.360529709348 716853.4732458179 974.4927588920687 
8019.307677965491 68354.13352165667 53.65608636531676 
8029.257458079951 32363.41517266454 35.581285275762674 
8024.746299732635 40512.64225702383 37.93217841285671 
8011.943280607353 2620308.231894397 325.6089576543858 
8025.778292338733 28818.070865172598 38.37371057002593 
8010.39827558202 593293.9129257035 717.776034556565 
8011.086734649605 859907.3672573564 603.3588895203545 
