8026.38965220322 73741.73138906306 26.548541238095208 
8011.425974331709 452265.6526588692 418.61330246732757 
8022.858107816569 54559.5185403553 34.68222169973544 
8020.732522928598 43005.56373806325 71.98148908589147 
8011.127626614828 476190.89156055124 740.2124869596109 
8010.294709967848 4823687.745538499 851.6843373623165 
8009.980839646568 29232448.50001556 10541.230855098913 
8010.283966867012 247407.7423629919 689.5344234250487 
8018.963376880407 76529.02962489845 73.8615966326585 
8010.0166243395715 2531901.251420743 2549.1245877064703 
8022.022041016486 78272.45813047285 37.60090683345549 
8009.998400983966 22556174.630925052 5140.699523573113 
8030.781538064666 49402.8662936961 23.654249724288203 
8011.800536721183 160116.33177388943 392.82531520968996 
8015.16902306144 85819.39624232957 131.2550802148602 
8009.985583242296 7101681.447190131 7706.701335437558 
8018.453248138451 97380.11586050266 76.03143881101995 
8010.006426943253 1890822.3388468719 7755.490612149134 
8010.0145310088665 1935279.0052114006 4097.604645073346 
8010.043493075291 1207518.9603976046 2109.6808002697226 
8010.076150697572 29798663.146931127 2573.307392351382 
8011.601465447973 237983.71852246625 358.27736637849165 
8012.826147119743 382009.6325410054 270.93287697908517 
8011.085671988611 12061845.674726907 497.00662862261356 
8014.4053020026295 221857.56455167706 185.43182292545282 
8054.184939253299 71544.2653486698 10.675483576715418 
8071.5270821016875 57565.21834207271 14.061469711870304 
8020.515221446447 55983.46705316365 76.20319613403491 
8010.018703569636 2176563.396747813 1942.9333618312137 
8009.981685451861 8529668.664702462 10517.406017137027 
8015.004198456114 171314.60066516013 127.90925407151099 
8018.037829779234 148854.66075343546 73.5766925474797 
8021.0740499477515 40689.61210480388 40.27929915112921 
8023.504277489318 54068.51562692336 35.752024331089444 
8010.126425898272 297351.067520883 799.7055830232931 
8010.090124293805 589241.3006518028 1179.0351430829191 
8030.287189017025 35558.97988757897 30.281843277998608 
8010.031497807941 1499677.2856564738 2833.251258073721 
8020.933527753062 225571.97552117682 80.43100136866263 
8009.987911731517 3904520.6740544215 6837.146317821245 
8009.997610352511 44114229.33455928 5510.012142114871 
8009.990616998803 2428765.2720713825 14997.817003618762 
8010.111900718483 645274.9730761019 801.7631285477362 
8012.135887594237 195176.88094194254 342.58107679114505 
8009.9882473025 5403938.852312771 6036.41439410501 
8032.915705425929 20875.141570471707 84.12946267002863 
8010.007640536598 2189914.9081869214 4145.692713719879 
8023.692208828706 43485.842395415384 56.83179694356428 
8013.066324500937 1441402.505510577 265.61210844866565 
8017.628011205431 75239.80404814986 96.99011946636661 
8013.697513155262 280959.738170104 202.57381554864253 
8013.6096949595985 351566.25205685315 235.51467737685792 
8046.60947951901 31021.761888516063 13.928145760363064 
8009.991772449462 7634902.830824092 8894.684589841123 
8009.9878187608265 5182817.852843529 9640.808545506592 
8015.000822897246 136610.1822976626 145.77711260417138 
8020.225168182264 70269.85872507711 55.86762804284691 
8014.243179003443 165064.63722080213 169.500410467452 
8010.04951546214 1081778.8712259661 1857.2493288764235 
8017.946737794514 128187.32568756679 96.41732943343615 
8013.1650299150515 135920.2294620488 297.3892280772842 
8014.466012701278 198527.27575676795 107.16998024389054 
8024.811273930295 37226.34909056119 36.14003677746717 
8009.992519800957 3461711.644464958 5871.2766340911285 
8009.991400649162 33001080.054346815 6331.156099515336 
8009.994952874571 3164467.734638072 11982.570665573523 
8022.828162770753 64090.82108833313 38.61684507402142 
8010.025340313998 9062911.73825416 3883.436600227054 
8010.155549197739 528464.4939688136 790.1224707815838 
8010.0811564471915 535852.7986027605 1603.0640628824342 
8010.205216398698 1224911.1712569366 783.2136289488571 
8010.260743641879 1845703.0734262203 541.7597996921345 
8028.812996127062 34086.267838643806 48.51906763797187 
8015.102202349187 122513.88190220794 110.31369498895074 
8013.105911451466 359094.0843086665 299.4661363359382 
8020.868656354291 72906.10233141025 45.93345487898618 
8010.013873222211 9732460.372639136 2520.801748954289 
8009.9813683136 220621808.08414695 15845.712789152496 
8032.193559166039 121857.43371760906 28.13063789438686 
8024.0618935801995 40027.334864296216 55.77511672589047 
8037.450341088548 75335.0213642299 36.15803088317194 
8010.033500522578 6529969.014806114 3164.4285472632373 
8009.98277806843 12080741.312533993 12189.871593230602 
8009.984697506218 10334014.090620667 8464.838272298144 
8010.034245405095 16914693.248402193 5361.569843315151 
8009.984633447815 2600584.1090851533 11370.347187612006 
8026.350869349317 40113.982585852624 36.285601723763925 
8009.988114327326 7645890.538293742 10618.110046169306 
8010.069334908514 1563111.0927448692 2139.941384109146 
8010.011145542192 4158167.726604986 4360.394018370708 
8022.190807449361 45769.28418385863 56.71868959256591 
8015.655872632276 392194.27219376765 110.04956646858801 
8018.2443096927 154765.47006128952 116.09727255242817 
8020.530997690794 255104.79051995624 60.054086653377766 
8026.078969246753 162305.0497954964 37.350310320994 
8019.1861871804995 83102.29920100725 103.92168615178204 
8014.902864384552 204704.2862053327 127.02742506134256 
8012.218342790613 765757.0252564294 443.8954426160426 
8010.950065894743 402342.527872602 779.5590148946111 
8013.094231542453 1148607.2812364895 328.86894958819664 
