8013.329881854101 84931.96707747849 167.03357304907533 
8017.789145009222 27596.726012313105 70.08488780263002 
8023.365112439564 22931.238298652534 53.75763055090609 
8015.93541231754 69297.21687444263 88.09926586635348 
8010.989730640475 226099.78064818712 266.60373575639164 
8027.842520900741 16173.822576474879 27.36339585701617 
8010.44035955375 258456.885601091 514.4984969447971 
8009.981984367986 7969663.520310651 11583.846670665273 
8016.29578532407 30714.11667829259 74.90105595295202 
8041.995298996762 548666.8507301998 39.245354305744044 
8017.608219536715 29572.624607221027 66.5007728172445 
8015.348995662318 71183.68753921388 132.38023813476502 
8010.079681549013 1156655.1256007333 1420.1225651480506 
8020.117984311166 6109358.0042684935 130.00507551347116 
8010.151263193923 548005.5777371854 1275.253643001792 
8045.816622667862 23189.377023155903 6.732109896326814 
8010.45641418574 431253.04919279605 448.90537202799146 
8010.359594238263 249417.22714440548 573.5376321612105 
8025.8631109949265 19438.42940445347 23.783781514450126 
8011.792980692927 129766.93203441196 227.21707376692717 
8020.997430796624 64516.492375356676 44.05870389739854 
8030.782134150846 14455.873638525514 20.40514745286497 
8010.0284984797545 4327920.263133175 2276.830320572023 
8011.256618609119 77148.59728069016 251.0639325266797 
8010.97364322356 198553.08339063454 362.4339495864548 
8012.885057483039 102436.07149335528 225.36935727777944 
8010.021721316046 1422326.682240975 2865.587924011388 
8018.951530346033 43114.83786177829 48.44960979275433 
8010.6577379382325 118852.6413705532 365.5971203083485 
8010.053708886021 7970267.705184208 1661.7707928080624 
8028.369071914974 17811.442740030263 16.945604060752473 
8010.784138101284 372165.7134887888 323.0960469200916 
8030.123562448982 16937.034265805734 13.391393020907493 
8011.014086131351 143446.83582156178 274.6582015100389 
8033.320017893605 15904.344965937464 16.65045151598259 
8010.406443688998 414189.90964710905 520.2174134703173 
8013.573204695103 80635.40947017142 161.6539306142177 
8010.421832909681 2131768.888607261 497.6300622933431 
8010.132651678555 4578810.456017207 1216.491864726287 
8057.1899307788035 105579.32173358256 6.652037339057958 
8022.700795179783 42163.96053619184 34.235637148796336 
8037.117099767833 14897.15676505341 17.870651887342596 
8009.990572814337 6552040.897529363 7041.830327866247 
8010.20773560835 1020874.8412042976 930.5793996681681 
8024.847087741088 20346.502690863446 54.72839749109623 
8024.42263820933 36150.4275401952 26.600978697126532 
8010.072152341307 1196204.9214876653 2497.7471119776633 
8009.9993511546245 2389930.2449303786 4688.718731559111 
8018.274261841531 30847.415334009253 63.35025191997211 
8014.605088898488 107436.61676065077 111.94735408312883 
8009.985888673484 5021401.487204513 10084.421301127677 
8016.573580549517 1024251480.5715116 2245.323466766998 
8010.018762860871 2339125.510911496 3404.5037021726275 
8010.276880939775 475118.6171614831 1202.0392290675118 
8027.489808966868 32055.589422596255 20.52750694461236 
8010.223635456664 507546.8831306263 1192.3173358689805 
8010.0757388534175 1463293.2789765396 2428.4091991243235 
8049.685728234611 21613.36416288724 8.094338711235071 
8009.999869455487 1645106.8347851343 4960.607565722894 
8013.398234122272 132923.6582204846 223.23459512711403 
8037.0831231562315 27067.82501662615 12.873964404306651 
8016.424724823606 64708.01031169889 69.76930659585919 
8010.139208796942 1035857.347047182 1552.6385575142667 
8013.46992168619 73476.13131423309 155.31461274293386 
8015.364507021933 144443.98504961387 108.1450355726617 
8015.3411225274385 376644.2432262292 107.19281985477811 
8010.276276037169 597669.5489835704 705.3900143818285 
8010.230218776829 2302603.673731479 834.6204670490984 
8009.982129214767 12021813.060779788 14354.217061805211 
8065.257845108555 16529.33066075212 27.327470374133878 
8048.557483225116 41135.2286279064 10.373936006918836 
8010.083760411811 19648107.55967914 2841.4397095776603 
8009.991930042768 4603732.636328675 6758.793789550641 
8009.992212978554 4495678.558523194 6653.171350432689 
8010.02454524632 1534322.8792991564 4142.710291278587 
8010.201268809324 3529492.730864983 1933.2122694109057 
8010.227162604546 6228706.431223326 1224.3935412150458 
8033.98147837732 15667.243111839518 30.22140486443171 
8044.19649779393 15742.974108900966 19.185520208450875 
8010.1839999734175 1319281.4800654533 1573.8208048382799 
8038.834505460093 33218.00922891718 22.920606059691604 
8040.709734409366 18653.27226965152 15.062310414959272 
8031.043195861724 53320.50219289527 27.031332916552497 
8047.1496798063345 21889.38823257487 11.19743217662782 
8012.094948689178 203007.07670964548 247.15885793861668 
8027.485791049531 29723.157575043795 34.16661769650469 
8029.478183419665 24170.51746751529 61.32416066244992 
8010.079976348197 1600764.560596237 3394.7260079182674 
8010.1669317774895 1279425.3374001405 2680.99074265612 
8014.470337957971 124254.76232056692 187.37269546584747 
8010.28960957964 888703.8318485003 1128.149154902003 
8010.66389661427 311596.9153167817 376.29669542803634 
8010.298600400963 598837.9726645807 817.9627190501774 
8025.18773255889 27670.50795491596 63.909094322477785 
8010.208655024549 1456268.6247824184 2319.1540978577905 
8013.574240314062 232230.13607477047 156.84405190184282 
8016.387767021884 68074.83734812432 88.62360742333135 
8018.555416486795 224587.8227185256 86.68866351838678 
8023.009622546049 54046.84697317553 36.45661497350628 
8021.033240018917 254470.15218427998 70.34194372699238 
