8010.113412470472 2115144.2518622996 931.1144369749392 
8010.169756700323 265717.7087417421 674.5430236884507 
8010.5203951123585 110978.18464996968 431.2475290765286 
8010.702615579541 77503.10356971156 327.7410923359951 
8010.157345920959 462620.23094238515 714.0887897309876 
8023.805901746609 28959.798687368493 30.70640678121481 
8010.358010425629 1162764.6086433625 549.4666832489318 
8017.793925103061 143928.62251011247 59.40523938922577 
8019.70015763087 41225.01255596636 67.10337781030152 
8033.905736404319 23880.303340544895 7.196705530998797 
8030.932222268299 22610.647557872384 9.760449676771934 
8018.459469369267 123395.72159381722 99.51908850441008 
8012.026618858634 117998.5395961106 187.8121303807264 
8017.362580883961 219139.58900093698 114.80198865289385 
8021.233324212799 36160.69487889866 29.565442801892644 
8013.225270668956 54167.977993481465 165.59783224117814 
8010.0131440153 4110245.4650671408 4004.930536256319 
8010.035642883147 4053562.929456665 2956.4007552785965 
8009.985217721494 44349223.50035308 12054.486472929277 
8015.134527212578 49526.94416362632 138.9753191960545 
8013.1142149780335 87320.10875257905 150.50923362300335 
8017.244590957993 100502.6914529074 118.81559113270795 
8010.107682327565 433314.8501632593 986.3123335194236 
8009.990972025545 9459579.479071025 4268.977636930602 
8046.866467679535 40016.747218396704 2.6248610647013106 
8010.579999177142 104100.05892729857 337.40438657694847 
8010.165561199953 235231.61659830547 1070.3515211014005 
8010.074369630571 487292.98744808155 1343.7499227469084 
8018.459085666508 43630.52354372889 45.82912794815626 
8010.314173302568 268728.6379123183 691.2540889735285 
8011.989493077884 64570.65899813109 249.2215736716813 
8023.939434431002 30470.618454500986 23.596864070690653 
8016.975427237604 44865.61780112497 86.23719649514277 
8013.767879051888 214476.73470582656 132.15677038421987 
8012.576514927005 106364.24028506974 237.08523858582782 
8020.9747859036 37193.45033336723 40.217261812533444 
8010.030286430095 3742552.1842003586 2966.9742542093736 
8016.076550681824 49029.26241175105 131.2557650647208 
8012.018580656813 164063.5197163421 193.89491397847158 
8009.988289414969 405515320.8523632 15714.109174891451 
8009.98871682982 6050942.27132475 6736.945305712099 
8033.042544699402 20138.673813327176 17.210945591574895 
8010.020111135396 3539762.9483833127 3150.9909276911 
8015.819519404037 96528.14497166022 96.40848871913855 
8010.04983356526 3762679.132220408 2919.651708265856 
8021.62644483301 63789.89435573358 26.826208106491492 
8048.400447706565 22926.69763529404 0 
8010.457566855737 115506.95304619648 756.2396501096352 
8015.884521252831 85770.15323947676 121.47441673867674 
8010.069086105943 2568584.8636456206 2746.448347665071 
8032.143442284448 23815.059729979203 8.846694105747458 
8010.006681049463 2398114.821593658 4800.069151929227 
8010.015035139913 1390616.8103027437 3340.363723012103 
8011.244080993258 100100.9878275057 249.66732661408204 
8010.067192973462 1854305.6562854545 1692.6481504907492 
8010.077980121125 863606.8736715285 1321.5958000171875 
8029.4948072994575 31866.97346758749 13.878621881252379 
8031.470729633622 36118.499717323 8.066728688847666 
8010.4124580243615 659059.6155172674 503.32060661685796 
8031.059720401424 36068.92075787886 10.753184231148683 
8010.747586425785 155295.82950584395 294.3751131394903 
8021.992878411138 59288.270780721185 28.610038412975996 
8019.504333093813 39286.86661795371 46.883294810009694 
8009.9913862509875 6614365.085224813 5996.974817812168 
8010.004004526147 3310017.4834745163 8721.626961156167 
8009.994276853374 4562192.225034764 5131.439437288553 
8025.613295993033 28168.497739552837 26.04719808694186 
8023.794434865444 36319.38421879158 29.01038387518342 
8037.494642798114 37136.0076788636 6.43428804113863 
8012.350534738012 70246.60987423733 245.21377931314228 
8017.033093784218 35987.65940810288 65.16471371878376 
8010.038412893218 2933484.8558831876 3235.7834766334554 
8022.007399690782 46361.39794449489 27.834092341996097 
8010.033134599351 11696228.510581475 2082.1406428890587 
8029.805635316395 26390.917676426132 29.068433519554553 
8018.1901668355995 116468.553777171 51.73932475134665 
8035.868398885037 23233.543814465196 8.436979865684314 
8009.986728990606 93808019.86588971 22336.887584528133 
8009.987733553231 163734919.3351276 12532.857170276442 
8009.986157461674 135013311.26596227 17395.353349775916 
8050.846449769599 65194.779103811925 4.936751638651469 
8010.0512878696845 47257586.72272101 2965.1030609044187 
8009.991187816357 23552058.343147404 5571.087435166583 
8048.659324599175 35975.278239497165 6.475879256480015 
8010.039975677338 110309913.28464328 3249.9645154184927 
8031.1373202630775 28547.62767049032 9.815276704380643 
8010.03673018927 12749722.791617846 3617.9507899846476 
8024.030222377478 32076.430440972104 41.18414711300704 
8027.7811445471125 55510.76336777556 38.995857741371864 
8010.052735283251 5285226.156601215 4686.241964754878 
8019.993972435353 85487.19201444555 52.867620826802025 
8029.058865262334 65375.042823205615 23.943949611719475 
8015.576648880315 101903.39342955867 140.8441985092574 
8013.1810899353495 120045.88795131654 181.7556017904198 
8012.739460548783 511394.91900169756 342.9770431133784 
8010.767906126561 190960.27133961115 381.9581362686083 
8010.433136028721 5474099.329664802 640.2471226284205 
8017.506714877777 62716.611669890735 67.84233441397204 
8010.109268642205 4507735.240915726 1789.5187265353254 
8010.088408489018 5453720.739518523 2702.264949014279 
