8010.98590673342 390185.06758495024 362.47802583181067 
8041.3056066731315 51067.74959523528 3.183785172930499 
8023.79194980966 28206.611831732152 19.900382860979466 
8013.084726606263 81610.39104741366 208.53795928732868 
8010.062116913106 635563.4863308573 1325.6100877619438 
8034.792104650307 27027.704822002026 3.72807182768293 
8015.35086574127 38297.170023521714 103.30937017519719 
8017.4809142077775 72266.38493260709 91.6859504237948 
8014.568101083169 79412.29754877402 106.59636870277055 
8020.398570119648 39842.457940488115 26.90772526205402 
8009.994705444908 3090432.65515777 5632.777621478216 
8013.221832646965 155245.8316425722 208.17516326807808 
8010.247968874664 539547.5220909745 855.9981760354019 
8033.951312807723 26068.445604004464 8.209779697984219 
8013.711823775643 95419.001400158 184.94764610447436 
8010.099216738645 257053.9295960708 1040.7164609047777 
8010.006072997046 10676236.027394235 2696.0839704003192 
8009.987061380644 157050417.55349395 8881.922287784291 
8009.992427849144 4940725.039832216 6708.577465826018 
8010.316498851324 406339.3225805034 640.0521340026085 
8014.250823278646 103592.5727903896 188.16927337805578 
8010.297166944189 497308.70641340833 692.488065136853 
8010.737953226259 463448.2960898973 431.1382045699248 
8010.3176153986915 519728.0718881126 600.8510746049569 
8010.015184831559 1241382.9728518773 2722.7403297130504 
8010.039290789938 1265409.3996667492 1802.004880595974 
8012.076222585646 518964.3383269959 500.09811880127467 
8016.864760573182 115624.39901367178 98.16164451561174 
8009.998859025824 2176979.16980573 4009.8604632300494 
8012.035570930233 95269.62740366331 248.06803732734005 
8010.011957377432 7195901.384971917 2572.1239137857406 
8010.09419534713 8533856.57356907 1007.3774679161695 
8024.584454267346 52103.296095163234 23.78425014792465 
8017.439183198676 243183.26571104652 143.37281157582257 
8010.866738487886 103831.02996561951 364.02859774834087 
8014.276159207184 85931.31629708206 121.88621735433632 
8022.920640731205 37618.0660226694 24.882762862299586 
8013.46137370586 101251.16033917862 155.8862343980476 
8009.990063710946 4540790.746023526 7142.1844707166465 
8010.720203715306 178668.4768683799 485.1659685468702 
8009.989814326447 68413977.71921416 6062.905676772736 
8009.994471443113 3353882.1271017008 6231.8465201211 
8010.009792989736 2236703.437859374 3698.8516060121246 
8010.1211883126 339659.75994233065 989.192192334159 
8010.036733921204 999818.7255233158 2065.9875034078627 
8010.018976604518 1556488.3748272513 2664.0013930029404 
8025.427555373895 25053.413119356457 12.322002341943822 
8010.090379847189 47380835.56918208 1666.90344772374 
8010.424504158063 366279.2222248302 487.2490577262046 
8030.316747119088 36253.57336321275 12.600796555721427 
8009.988812293739 5672700.574479405 7630.884220925764 
8015.49737086767 106709.368150402 98.22093667441034 
8009.99769401695 4175387.717417578 5629.592027376663 
8010.090698789476 6394706.820266724 1247.86824141042 
8010.174527867409 862668.6991930547 909.4619296751694 
8009.996835136891 3060189.3888366483 6090.69341870566 
8010.285685934817 310795.86014163634 1020.0528168709677 
8011.9926465228555 692472.1606903133 310.66826413043924 
8057.057274010742 24755.426576566802 2.0401681512365606 
8009.988541991175 26793885.69556679 12487.761955628428 
8010.094918156583 13985132.98029856 1045.0491754163495 
8009.991767511428 5720326.519472223 7028.565330142195 
8045.967061878425 33249.26328293726 3.9862968793235884 
8009.99218392717 10836827.548593873 6917.393052472926 
8009.996157849633 8044317.565239945 6001.321376043444 
8010.009412164604 4127101.7494118623 3071.9485787343588 
8037.236987621274 32857.60599235919 4.550769496653973 
8009.999335128909 5599280.151526284 5168.8707443050425 
8012.743409445731 6375517.7818959365 281.2235861931198 
8031.107813889048 28466.955949740615 17.842032931514858 
8010.013166204173 3341989.904180575 3876.954466750437 
8034.892582580316 27007.4443727781 8.214852825210198 
8025.776309884186 32159.648935817677 16.477732939773226 
8010.023558221187 2087287.0069123944 5479.922412481936 
8010.000673585277 2632005.482892883 4524.129395504279 
8021.621054217101 41025.87274406369 28.394765792333267 
8024.328711077582 88917.87282819841 27.044713332951172 
8016.824878094583 89951.34276069065 156.46030906591358 
8010.0361940829935 2242505.836700932 4284.505985292222 
8010.090219763079 965116.3789702419 1853.1767480622457 
8013.967921892065 136403.73643244302 257.58317527698114 
8015.763330742862 95964.968116032 104.65398829930834 
8010.039443771522 2948487.6131045613 2583.261346912976 
8010.087949860964 1913338.0749624372 1324.5463207026735 
8020.614366764312 40040.44755602445 29.77845774493602 
8010.035068602594 2616294.37207218 2808.5742049800115 
8018.954494730087 54899.21427350198 49.180769094778185 
8018.573319923771 86794.14619009098 102.4631702388853 
8010.366492449474 2940947.3920701994 861.7216566499811 
8010.008386668265 2405914.1293183574 4463.16003981854 
8010.084710432808 743506.2553452095 2295.0454266231054 
8010.189109182796 715494.4973418551 1655.6012928944838 
8012.395011365107 12014605.959423471 598.1294611558749 
8013.14172388098 258593.64296200502 404.0185585904852 
8010.412395992342 1821171.5385465326 740.7989170061131 
8010.083218686632 1077161.2545063454 1494.6317086690367 
8012.040239465254 2853366.6519967085 2121.99567713389 
8010.783247206082 778152.6501634927 541.4563187865151 
8010.096766171666 819107.7518511754 1848.5486126071423 
8025.129990063004 69085.18296505735 26.704266048307318 
