8030.71466999991 23104.907885009827 8.678368616382746 
8018.45162359571 40096.518748479386 48.640623938184426 
8009.999723716532 1730154.0997661243 3298.3371853104345 
8010.135232258648 1460040.0802373746 1100.6326452157853 
8010.077077603171 2240282.515421427 1425.0044181045157 
8010.282569044533 1831624.5153216391 677.9325997093686 
8010.46837296625 334406.65266350703 453.24136963518185 
8016.1688287459565 67221.08863452394 60.66792559888689 
8011.002897595995 156356.64018067167 339.1505846272152 
8011.415865118201 150631.76505082636 274.96949607644694 
8009.986248109484 4611041.641049866 5386.419407624917 
8022.119283506783 37921.01238097176 25.8133132893164 
8040.738453103789 24174.5020234962 0 
8010.092165704991 1040817.4616828414 1064.746045767971 
8010.1951638472565 592455.7479488964 752.3272779466486 
8023.147648362119 41984.455867708326 21.534121857272723 
8010.725657699983 1393916.573856362 1666.8208434912137 
8011.3298455309705 189889.93756749938 323.7773734831449 
8016.748356117958 37712.63483516866 91.27034385920024 
8034.567182815835 27032.532853248056 3.6330228088488505 
8011.651782953251 1112939.2096519885 227.72165997984905 
8010.064385757667 1230652.3422248804 1647.9532849871766 
8010.093997971996 1057402.6422976 1193.7934660522315 
8022.65610644462 39115.63424937433 31.974865913365758 
8010.008146560009 2078340.5918149631 2821.0715387463006 
8011.218729171944 144314.98614315642 387.47104747009485 
8037.048757047776 21903.069715742182 3.298434875919056 
8021.357497700084 26547.11349295652 37.091939791899094 
8011.7547961011105 308402.8799861502 251.7392630689314 
8019.077843581646 33130.14737129715 54.5702432150368 
8009.994272909554 52215926.010911435 4770.529841974083 
8009.987666362899 9326319.35567688 5198.798964575102 
8040.402371999665 21684.75033164545 1.0276342415343216 
8015.4995381342405 38697.070120761506 90.84995098827679 
8010.03097227121 981949.1020168178 2405.2090962731945 
8023.515580636755 26004.103070033416 19.05397238829334 
8028.7470151669095 21928.98405357824 11.869802748601995 
8034.043577099444 26115.694245536397 6.225816210187178 
8019.24397578347 65208.83447055082 46.26120231247782 
8018.411409094701 43963.15874041516 55.73510554892065 
8016.524702901046 59882.30882433147 63.015798471497185 
8011.95704011397 134205.18174584265 179.34289611294105 
8040.905652918975 24488.877251843493 0 
8010.0487583244085 1837417.8530740328 1567.2517640083618 
8009.989583404899 3883639.5961025376 5434.974605607187 
8010.023458040135 1728201.5409587522 2279.2749103747656 
8010.770887328385 329242.81021079124 546.064599513609 
8028.023891307004 28471.220084570068 14.935775286360863 
8019.504790384168 32306.044282905656 30.554145916758735 
8014.052308032357 78553.56152339373 159.85377596632145 
8014.686065609946 45899.02268290669 114.84829947464542 
8009.997500419409 6097071.756866792 5177.907178346919 
8038.744671146942 20383.12302444955 2.0764390808321034 
8010.095640207869 655098.8742198342 1204.6293748349174 
8033.513529736836 30832.881923085057 5.512942873895961 
8009.987589349026 7516643.420567255 5683.156102052266 
8010.086820568056 6628085.41974114 1352.5256257552248 
8010.4204636547165 2809427.9780945056 623.6841043166097 
8030.114651781713 23121.23977917704 8.85473425775876 
8015.454093076022 48013.96553693118 108.42614817398743 
8010.062837626163 2189833.812459291 2156.6987179638827 
8038.03386298373 22526.160850855686 4.243686741829675 
8040.775814307164 23853.86200369914 1.277871459426324 
8009.991349723652 3835034.3569333996 5079.839366363683 
8009.988332997387 83110260.73368402 12875.682652133577 
8009.999671516401 17841015.26556335 6656.082647464049 
8009.994407709162 2806424.063215986 5186.41010810793 
8010.0313666918155 10155360.404045898 2769.919757813675 
8033.295207259731 25384.580604397757 7.686401824442951 
8012.275182413268 297160.3142866605 189.12474546072968 
8015.9899370221165 43814.96642515591 133.60975862242495 
8010.000522417693 3894781.6712442543 4841.961481460141 
8010.0128378890995 4014786.120499105 4094.4161014480924 
8028.570191976478 65289.707487981424 16.326103229856542 
8026.247738304068 59633.7014379864 23.0875873069035 
8010.051663551965 31696875.97027791 2597.2160105140015 
8040.370743483854 32496.61550607408 4.225476438692885 
8031.354735385519 23095.37148849332 8.858461801644829 
8024.623501816181 28978.497893575906 31.043469512607025 
8021.847061258361 38330.39286060581 30.88428613888521 
8019.136185850721 67100.71629511002 82.84212086894571 
8010.027268574091 2301223.067752375 4106.977395688652 
8017.829845782806 104527.93580450845 63.2456925290281 
8010.084332906146 1418616.0925117966 1725.9043870238254 
8020.7307270558285 36254.11269595316 33.87998685540065 
8023.805100582998 37639.748349867084 25.07755749462666 
8022.95180845059 41577.50609328961 29.07073967450109 
8019.990736537746 116041.75392036153 41.62019045154268 
8017.269535353114 88631.53040925052 76.12067372745932 
8029.3025191576 26513.464557787862 46.87349362704306 
8025.77853065575 35901.818400838165 27.75831500470473 
8016.334672681558 63519.41739575131 100.11313257297687 
8010.196148938039 667686.8470278309 850.2686843932057 
8030.488528683447 31893.753684959785 12.208841666801476 
8010.5775083525405 7768079.0864037555 495.1427082050536 
8010.576097833932 557349.8344594437 1192.912799263142 
8011.330299123683 270949.41158166784 359.89672437745713 
8011.814500979938 313675.6496686773 275.54459187166304 
8030.604431091177 25876.96043222472 10.228602790848448 
8010.003247167335 4583248.800471128 4429.188737282212 
