8010.467538145649 864273.6467588092 480.17982298360823 
8036.421559384392 18746.30531780141 2.2043286646860576 
8017.023803022358 42186.53085463938 78.25498283118269 
8010.053694313632 545952.9640789919 1652.5685368716204 
8017.28351799623 35306.52533125214 83.75097927158424 
8029.671666289027 43505.41117477615 9.573493661580487 
8010.048898365951 3553436.1475945935 1718.0081919538336 
8015.644120883876 54722.36846134741 80.2627141265763 
8010.213973756854 1673882.2373668079 749.2441666866378 
8018.342006472996 55806.47356438559 47.323475208205714 
8011.654308433255 265924.47169826605 318.3537318378024 
8010.627536059197 1048701.1307954434 493.7849133015309 
8015.763148160448 50436.9996112274 67.78836205522691 
8021.095738480285 27650.652002481696 28.614580574267883 
8023.266025762057 24566.01188531589 44.399049836074745 
8028.264766741306 39175.000003322064 13.224199636495925 
8010.054877736833 1330010.9604695968 1333.320208450542 
8010.007161316727 1432539.6753500942 3767.0138050177093 
8034.1027312385295 26221.279143204603 5.470574611803569 
8024.468264336991 27606.253857698746 14.602649286302967 
8091.683004593186 24837.581740452115 0 
8010.011297922752 1483714.5301107264 3331.09868571549 
8127.066383481433 18676.658178082038 0 
8018.898391022757 39668.56674425367 38.587131418459364 
8010.000032536711 1819541.5415385598 3801.411898641475 
8010.015313785625 4010118.847794566 3110.475388077619 
8014.081266937475 162983.59462531708 276.8451892864206 
8014.614944600084 126547.14770190054 253.2079439691501 
8010.013326391693 1806327.574097966 3274.5128663884 
8010.011530478972 2826649.8233200214 2740.3837905409573 
8010.769802486169 168553.5318066312 358.69014752005165 
8010.057281421203 446109.6288660009 1358.73428970459 
8013.90817067733 122336.39728747196 289.53284895481755 
8021.435730819709 69710.28826009789 32.95505346975859 
8012.748377377573 217679.57276222375 308.78786405566245 
8010.143402230533 488946.47628512746 814.0062272316443 
8009.98933931079 8622400.146177178 5582.749178292786 
8011.303776042743 490974.1217941223 282.2810687124887 
8010.0520088883695 1067838.2005099938 1662.2337256779551 
8010.008148974841 3758469.1298209047 3211.773655241866 
8009.988500426312 3721609.3836023835 6093.188554549455 
8010.016281805879 2053496.8772885823 3315.679719133561 
8010.093944620064 5375243.255163334 4228.2555308691035 
8013.915583432764 218048.0221324964 218.68719766662144 
8012.284317344793 217885.16549774373 263.267717271506 
8030.008817744809 20257.58516632283 7.640436935103732 
8010.067404841539 3869993.7815383594 1304.2809277060435 
8010.004580934676 256214178.80660594 3444.9371270696693 
8010.056739449996 826972.8658851366 5384.723599706394 
8010.096799357084 1100330.440450361 1344.7052739607698 
8018.722051271772 41152.56661714795 65.75288384787899 
8017.177579308064 56517.069167510344 66.35840261253423 
8010.043266011422 15227277.752836905 2118.5804319226545 
8029.001043476003 24042.25856929578 22.165954158845125 
8010.6339075675805 292461.8406477545 830.2647043951781 
8010.128151487262 667871.7309494173 875.2379351819568 
8017.855970449776 40841.367401727286 57.7623325041089 
8009.987313721567 2994946.9856664105 5783.312942982548 
8009.988337451812 43658187.87382688 5852.121454462147 
8024.881462192175 30720.73186154443 22.988253693964914 
8010.053431560491 2098233.1458832594 1712.6750864144624 
8010.049758926654 1176530.3966918474 2633.686742219278 
8010.099569407785 221271.49404316372 916.8396469579882 
8010.038727449612 11998958.287645765 2147.9941590389108 
8010.689963124358 630820.9187864332 578.6099204350567 
8009.997936976519 7711831.130953525 3704.1005637194 
8009.991693359394 2352675.491704583 3743.011111799589 
8020.305381658054 30985.87638251787 33.52859263976316 
8014.341707432558 136358.50266309927 158.19767310282305 
8014.857021512158 86781.78884738448 215.45681715814817 
8070.365645416988 23835.568392076188 2.336226312654227 
8052.0661770194365 22030.743098989533 2.840128395463939 
8009.992304129607 37436421.09126537 4808.758784225742 
8009.992709978315 5825107.788192439 4873.568867539731 
8010.030122849064 1451973.1184017272 2566.5997101915655 
8009.994749103238 4115721.0468288315 3831.3274361001922 
8010.111006847851 906986.4607192336 1261.5486347863048 
8010.058091696744 1366610.9049642326 3290.503052329892 
8009.993982018223 6261892.925907643 4582.550180120239 
8043.945631376029 25476.20685644759 3.1947723956716825 
8010.781953060679 242717.8029562332 412.19312527761906 
8033.453096468815 50829.47913794738 10.318978636047124 
8030.06913254806 29431.69135026092 10.834281840448485 
8014.475755989159 5310146.426203404 181.04110958235225 
8010.2433386198445 1122241.9646393573 853.0358553366945 
8038.257894026354 24277.175553131463 22.62706099762466 
8038.890866134338 25293.073813738447 4.864038659959352 
8011.687468431377 1238024.3346806557 310.00047144217206 
8022.535065977082 29359.698120017503 34.567993915683005 
8013.709992997979 633285.4577257038 281.5229541063816 
8025.9138964505855 39263.38696432826 16.82511216948342 
8026.788621380541 25286.629351407235 19.081939834149438 
8010.186565410528 955445.7272679739 1113.8577362775031 
8010.713375789179 696302.9042659547 995.9414453510194 
8017.530682740408 55551.36464884276 70.67736122346231 
8010.0071525081685 2607277.956646272 4847.720263878187 
8016.1938515224665 80096.73078419214 118.41796847066801 
8020.578274613208 32154.991933088222 38.879213771362174 
8010.542120268585 899959.4245731379 886.1339113135768 
8021.76346767334 42103.937659754716 31.240398894059798 
