8015.900338810933 42471.21778991755 131.0834598297308 
8010.003936005258 4025850.386239958 3281.185956083357 
8012.457318392892 244067.66575197538 256.1415561178268 
8016.742741560644 43855.86357777234 70.78674917542406 
8010.387673701066 265219.2396613623 732.5721424019134 
8010.061195223508 560807.6480405726 1549.9329803372354 
8031.324296655812 22076.108593179524 8.863344359961628 
8037.210176525163 35471.765011309595 1.1504727553075687 
8024.104911207909 26276.10757372892 13.245242732414525 
8019.9285690279885 46506.60224206358 29.126974474124317 
8016.249404843253 107260.25550548384 79.35611677686168 
8019.872288569133 40316.82267846758 43.027358324357635 
8015.993519212762 47544.65730795243 97.9446019472047 
8016.511156814227 86083.43574284246 71.48066271663204 
8021.673362339407 25881.785014088044 30.568369868530507 
8010.026171289688 1588776.923779729 2713.2613413876597 
8010.396009231215 251535.50607589405 737.2024013285431 
8011.236825112723 231089.5861647818 423.3866382471496 
8009.991887248736 3651058.1945264675 4842.293704601883 
8012.2997301230425 198163.0760267738 339.3699144102016 
8035.462896926027 54104.18910023711 11.705666994729233 
8012.335976678043 165847.07048818885 262.37556789790506 
8010.037518312502 1695945.5452533423 2636.3078676383566 
8015.911440039022 69966.17271219131 105.74174444009002 
8010.771906415141 236874.68815414148 591.3512791010907 
8011.256845955086 167172.96137140167 370.7947959098574 
8014.331282736895 88921.6519539834 123.09822807449467 
8038.4331483523065 33424.806486715264 2.35817293025168 
8033.832787639609 23322.979981185526 4.898606913153077 
8017.049089494469 57112.126925313816 62.790314960475186 
8010.026623644993 1122554.945993797 3360.6886752408413 
8010.001520584699 2161265.5470071915 4468.255409262877 
8010.090365695085 7914905.39892335 1394.1843972109368 
8016.566566446854 54673.98300107598 68.43124391286956 
8030.696415244339 22097.359676689 8.682579113826762 
8012.505799592891 144886.90549846782 217.33274489513195 
8040.321350914445 22566.524745874274 2.114808157816938 
8014.377075827855 99310.21848256383 118.71054007358394 
8016.249378802566 51712.590879945914 125.98018891726431 
8024.123058282412 20847.947985186067 13.280645598522781 
8058.002758962088 17029.857964676194 0 
8019.663637332011 34760.411452664186 45.88419136106693 
8035.906820476464 20817.591905215708 5.442095362412381 
8014.940476254526 75898.03348074209 92.139579745195 
8018.2888426641075 55394.56948628585 78.95582244523311 
8014.018089568535 69341.79749043591 203.7037811126719 
8013.305467923632 87213.3439317143 143.24448539813244 
8013.264701102923 160451.90569658933 189.0599058997414 
8014.872077294947 78496.0837613234 117.41376432397458 
8010.1331676169275 1434232.8414209068 924.0939835954903 
8018.784335111977 41229.563495641676 35.54847536378209 
8018.452677139017 44205.33623759539 47.86208732222637 
8010.401747650099 328484.0620440906 703.0517724983868 
8010.794295611127 449850.2444863922 465.16850402399285 
8018.650603251766 38037.06925427868 47.661045921493006 
8013.272008036145 488047.48709486215 165.1878121547435 
8012.019238637532 1062231.6854992416 370.25583855404284 
8010.001751225939 2976367.1724294764 4304.945018352899 
8030.930524447485 21531.10635170135 9.682980468365601 
8012.373362946514 1484094.983232815 265.01053956530154 
8009.9854806419125 9171205.262446763 6317.519849667203 
8013.465459216646 72879.72256216055 166.448564099226 
8010.002676396676 73852998.97497854 3471.341059916135 
8037.390485881697 19424.58896680606 2.4454792580313174 
8010.062883292705 468913.5446745893 1398.4282117259315 
8036.675532614602 204049.6890340904 12.249356748830621 
8010.074035653101 2192271.9898080155 3106.5832305440904 
8010.585881875826 677985.2672549856 540.0772480625917 
8009.985396976228 15931834.422503496 9914.90345430171 
8010.001808066032 12433088.237795196 4246.035674126234 
8010.003442545548 4665455.486892727 3873.36273004066 
8010.044934591038 1501348.2407223247 2961.692452501528 
8011.797520248709 16636297.041050002 358.8074247822108 
8010.844376563104 326837.8416207808 433.55794520577973 
8010.036377943388 4590675.872855897 2152.261146326504 
8010.658957795422 377577.38330044993 486.788157975792 
8011.141294817988 2375179.567419605 385.99395319306177 
8010.4200765443875 4124107.917060144 602.2605365866167 
8010.019215385819 2115716.4968103888 4130.83720864535 
8035.152847328975 21807.974116900183 7.07964054218223 
8014.815832988704 111039.60648355828 101.82612518245556 
8202.415794651366 13175.035641900717 4.713938993346489 
8016.58803107356 62030.76937341776 59.61598774121292 
8010.820504260147 355826.41892687435 534.807984367502 
8058.816864346898 26828.371977167502 0 
8075.892985465718 24108.09055516102 2.2065204313875153 
8009.986608506608 132690111.30514944 7144.7758836431585 
8009.988347483232 20058108.12784737 7997.262649354498 
8042.210015786527 20596.08773757571 6.947341797003661 
8009.991743710828 53120128.46832255 7998.036820742329 
8009.992992746625 4796025.4500496285 5419.835617513017 
8010.010146596802 5514840.831675418 3391.8324857930256 
8010.150566735143 37390942.0975889 970.6506428675398 
8010.032922414348 2382199.6036623325 4369.40514926514 
8009.995221543045 10674454.79303651 6874.8635860700415 
8049.336483217024 26086.948620538857 2.1348175306032218 
8010.0810273332145 512584.00333217194 2258.998102811059 
8010.127854141276 404444.03982694534 1104.2264555753773 
8010.568564340527 528532.9613729718 1670.4040514167202 
8037.863344303108 28652.923948989574 7.83152621540319 
