8020.906624382569 40779.21321810342 71.89349056841984 
8009.980617881226 8484780.038784556 11419.258633585903 
8010.3221767124405 749706.2346187416 702.3858684360462 
8054.276481285593 72781.9818795803 12.144749054806985 
8014.667510668376 180742.99222930474 133.39406799495947 
8021.112543420178 41300.96274845659 40.252424080993386 
8010.089441527371 686939.1440719967 1133.696705701274 
8030.016342743738 35757.81586315864 29.619645760419537 
8010.115461845677 583150.9966481321 801.4720842281265 
8009.987892159409 2934404.9952810323 5993.9486294814305 
8010.009134038079 2363914.02910748 4071.115414460737 
8017.617703433607 41536.088098782944 68.1986426563963 
8014.383181328543 368474.3663291849 193.95781147191167 
8010.0373717426455 1301632.1537581228 1873.0801092063834 
8024.966533989969 43354.64198776447 38.3785218905868 
8009.991908652011 2817730.9472539444 5867.497113012291 
8010.274294437702 656158.5559151307 509.02218035873335 
8014.74371344977 119847.09026507307 112.50031143395287 
8021.049276002519 159173.6445363164 51.53200534732383 
8010.383306323114 760847.3253929225 583.2908581984242 
8013.02258787283 113740.11731111977 196.76122973488665 
8021.351355891665 35957.749673269864 46.94208269378155 
8036.7574028645395 358790.9787393996 19.697656976722733 
8015.966220042865 69016.36976409628 86.89372281354711 
8009.982635880434 6434398.713071474 7814.592446383998 
8015.06558192357 74693.01414515579 129.15204891167684 
8010.990525262559 526360.5999175 433.27753347183375 
8046.339984108919 51820.617285032 12.648053070394003 
8010.0806852507685 922073.6712975116 1379.0353963304635 
8009.996948053366 2915848.479087164 6027.4967221727375 
8010.029731411481 858856.1654221194 1967.7642938160304 
8026.943176225877 39067.791653489214 28.317752231794252 
8017.344551851194 69302.68702395294 83.94712134460121 
8017.399578682939 85163.92244697535 79.48970984083981 
8010.079700401979 7451180.311501716 1556.8211003863114 
8012.822395741092 188064.211921966 231.74035562270578 
8011.237440126248 273373.1383094607 307.4987320703909 
8013.851400728783 226808.1406703224 138.46053957468854 
8032.935359074359 45065.74129186395 25.26024647338904 
8009.999483686562 4020611.946528749 5565.980353673116 
8009.991810493217 65547050.55603081 33797.36754713057 
8014.779937310452 198562.94649571652 127.93741983370417 
8017.4596731206375 170648.186069083 77.08800044514854 
8017.8812967475005 37945.44545973662 81.9538322211312 
8010.013113809632 1786891.7517649373 2558.447059745642 
8009.994574004953 46047645.43139675 5633.960876139032 
8011.091714077526 650974.3765849327 398.7632520686326 
8022.47077970112 62068.85885292499 30.072632163377186 
8025.747143238452 41869.42756845668 36.470702693152205 
8009.989948161564 3434305.827856962 6132.083709011797 
8015.871836347929 80872.77556678039 94.46163825539742 
8010.428548012125 225335.3376421979 516.9134202890139 
8010.025145876889 4113228.705862478 2274.6488166871573 
8020.61610286978 252650.31150384434 66.18488590741822 
8011.776454065203 953707.223447132 255.73063766510694 
8010.297933302352 768596.5878531015 571.0964430030614 
8010.033251110997 1487234.9401872875 1771.323222625344 
8056.637761277557 87319.08797745989 10.481160661916412 
8009.998092956972 2430446.280496466 5067.676058591815 
8010.0823276098145 2707279.14928703 1395.5908148005694 
8024.952361634874 26229.280777801167 63.673444513750596 
8010.630790399135 1317396.1653129784 401.8175593924317 
8015.3118689616695 66539.17345160565 138.73511449439442 
8038.0172104200565 132170.41562036995 15.165135052872525 
8015.0655711580075 76880.95660106809 114.73133368168978 
8041.3254413508275 38060.554556693125 16.0039732634245 
8009.98616893457 2649740.648833056 6891.99599438583 
8009.982900758335 7998667.779380929 10587.659542503889 
8009.982233931896 16401617.641404256 9904.729159087834 
8062.651709537264 58393.619622332306 13.135238893059896 
8027.0820280305015 28654.90123541827 87.47577364647839 
8010.333297530642 23421969.92629222 674.3924423467882 
8049.364770181448 93458.24770587661 19.123971295110728 
8010.002353310347 21250698.730324704 5642.113160694826 
8009.99116602375 4504849.488526618 6705.324436789453 
8010.096712432939 8646698.90482455 1776.044672902922 
8035.654625763755 67559.74306496223 26.85108857259675 
8040.866191866225 145532.86383399408 16.048956616829177 
8045.96596184426 31640.27066123551 19.933036236302875 
8010.016340177783 2137164.3258501873 4302.936787347724 
8010.027054425524 17708116.00391008 2623.118369251414 
8030.062269075943 41453.94975319772 29.785690443587043 
8010.017767109421 2183540.2885094336 3979.4508064976562 
8010.033653779965 1887695.7864582608 3193.9468966382565 
8010.13728641739 1456593.0757555494 891.3381522425425 
8010.474569688186 4183774.550786676 529.3413397511266 
8010.066534597691 1326113.810823766 2047.907744958491 
8010.040777601922 6788853.726924089 1838.5074458015238 
8022.842562479345 38813.122975523205 50.40038928290143 
8019.236572083546 57205.21956916145 77.11401975971931 
8010.013054199417 2217247.503949305 2645.323448980546 
8011.787951812919 356291.80268987943 350.85992280558224 
8013.610468441601 4984051.650037405 260.4885375854488 
8029.186588615397 130658.37421664661 29.00268943993391 
8012.5751464860805 4975714.249565733 311.5423240789729 
8017.703033957223 230820.26173552888 85.02121040569303 
8015.093158983042 94315.78877897096 120.00754871186098 
8027.409494340447 57800.30921003904 31.34524115116642 
8025.983575650558 60471.211209635934 37.780394371391175 
8019.180953264492 517972.35677845683 73.01970510549141 
