8015.4697077453575 77696.71968519043 83.86261074204445 
8039.5733940662 29674.73603321521 6.855826934492024 
8010.059271895482 1000901.6433594343 2643.9198470258393 
8019.379932966401 28456.323632514446 89.21698278090129 
8009.984693353431 81674386.59908675 12854.823412361297 
8009.993229666636 7337818.3192797415 7801.451855989948 
8011.683995033614 338551.08632438537 220.35941095308542 
8022.84506532268 26193.062052221663 28.76105143375802 
8009.981412961026 7542747544.550784 30872.032105783157 
8029.601201508529 30148.338611933497 50.78070435612828 
8010.044060065354 1102117.8693522268 2970.052735435409 
8028.398795816314 157946.1391398092 63.47905833455169 
8028.8022442452575 23987.367751991427 18.695508307781623 
8010.01553881797 1459711.203359642 2619.480756479475 
8019.847680988281 61831.76028485189 53.687039840501484 
8009.999824403788 3549729.7940826784 4828.389885405226 
8010.8575979495945 280772.2247010758 579.5893205014468 
8010.016595152315 1204603.7210199055 2231.6755541007196 
8010.082387176467 599296.5635743287 1417.7031556377553 
8011.5718169164165 290356.7120673893 313.2672758238838 
8017.281616427609 150248132.54696304 3190.8617678914675 
8017.243971278134 80918.5926987288 74.63194673841049 
8012.152685139012 172597.3043767797 200.16590990558936 
8009.998927598805 15115259.328112999 3564.558876533435 
8011.9528258231485 159471.30054813065 335.1127374978265 
8011.419924661059 2614068.196556353 379.05298505545977 
8023.913258548577 89462.99941148728 110.43668052142499 
8010.081237131758 887970.2915002281 1586.1450563614337 
8015.94218744573 95120.9781158969 70.93929003936466 
8010.052794384231 915944.826765682 1670.1910969190687 
8010.082570586092 360942.8190949469 1216.8282396678003 
8015.39532301727 18861140.851914633 1753.5146703008718 
8019.754078688449 65874.22930965136 68.36950632529219 
8035.473256950426 28787.895341169155 18.927351313371506 
8011.982482789941 176273.30613932168 267.05714603040093 
8009.979695512009 213143839.7542183 841057.5355021604 
8010.068611125485 423300.63727647404 1419.988680988557 
8012.838678922724 162403.0854573374 195.7493116696947 
8010.156323541409 634811.4814928925 1014.4824687993819 
8024.463800063208 23955.45968963941 32.68548476035835 
8010.684025106224 242228.56703233212 608.1564001111093 
8011.859740921749 201041.12552937886 359.7087125629746 
8020.614595767246 28347.017365468302 54.61272797601222 
8011.3662974074705 5538169.689127425 289.62104921733425 
8039.906134062177 24693.462851373504 9.657726656153123 
8011.556945708783 423970.02930113534 335.91135754836023 
8009.98343690728 18225005.116290696 11036.902886225444 
8011.303490764219 393801.36095506256 415.72884839804453 
8026.058379481533 15962.181622372129 25.67767167676258 
8010.19180741678 722769.5001081182 1039.4978393583133 
8011.465729599944 1565186.3140856759 326.67555530479945 
8013.290435937937 70561.55374196002 160.14956466601845 
8041.665610991145 14775.92002848761 2.0399445384881667 
8025.306010840677 209072.2490756089 167.78842069446975 
8011.1522688086025 450413.76372117875 454.8469493608472 
8017.639475623424 34104.36593987316 72.83148330756156 
8019.049436642943 359083.7274319193 54.19790466794192 
8014.810650077718 11398949.26678761 1144.7886370048766 
8015.6421715034985 53282.349552200736 105.09365151455965 
8024.5603767756575 19668.440054060015 29.968145894572842 
8016.959706165078 59593371.81597137 1966.4552132139875 
8022.65136349539 64032.1393479013 44.49782350793117 
8020.828507473348 31246.057654655524 45.02426957403014 
8021.761904473371 22116.44928646485 50.99811894712457 
8011.959931408195 208111.3379754432 301.9118444527899 
8012.00697742728 185231.5238392586 280.22815351758396 
8026.550142222937 65334.0169086151 20.12031744347782 
8010.4421396797825 477157.19133507676 784.5952822734148 
8010.60346225402 255295.52101075926 668.8469861058647 
8028.069793322544 31606.272610738604 16.90643650378862 
8009.981761113815 33942535.317529 15168.69493071768 
8016.915750836137 50660.10077467252 102.64737828923393 
8017.592686898053 73369.91227191857 74.34119149488905 
8034.1526501083345 53897.37608353958 10.262257403197797 
8009.980150381275 3379638259.723512 11899050.175990976 
8050.318290322761 96931.88456040733 106.29632978386152 
8096.928744238134 20427.82959709389 17.690128552093483 
8044.976645455048 15680.754058541992 23.2976626446477 
8009.982023437042 3598125824.708084 27538.117839279057 
8009.994946111697 12185077.913505007 5250.6634514264715 
8038.964978993511 63847.13150776549 16.68866421440141 
8029.48587497274 38380.93286255296 19.574964707190087 
8041.561268600816 94224.86159992385 16.002353796242772 
8025.258764541286 61923.85296248148 39.461185901700624 
8021.210954842879 67804.20454247211 50.68629407419128 
8028.907316880345 57533.377842384325 27.486301893403937 
8025.408191902581 57045.20962865124 29.31641793852326 
8038.655794044158 67467.79358303433 16.34088409285929 
8013.74557976606 197326.95526781632 149.8580737353727 
8016.105905432674 95468.98829344533 131.8322118547395 
8017.640607856754 88288.61582184855 161.6534088380701 
8019.395573412791 76906.03100829975 131.6691622971865 
8018.303159270983 86524.76010737939 198.18064195068789 
8012.281591932709 185255.01389406444 257.64999361037206 
8038.261660735849 241827.10513615637 14.386749503922903 
8013.569745072727 95279.69848408122 171.89956091619376 
8016.352882157907 117448.38077769024 71.3293615636975 
8010.9308213505 410468.1332395104 658.3907459927216 
8020.259422355009 56244.76581423 84.61140724163626 
8021.132897934418 74634.09237313675 58.265456346615295 
