8024.059793502214 27697.57939983903 35.85537152418485 
8013.733685390056 212051.3019726865 269.52640660588617 
8010.049398847012 1280539.4965598856 1791.0754603114149 
8010.0408738780425 2100732.9653293197 1741.5308743839769 
8014.839277878615 82858.05010184823 179.00798777887826 
8026.927182578325 21927.72204407316 29.14074626942296 
8021.637897999592 36028.41992281426 40.57688539789029 
8010.009471563094 1540917.872738715 3546.109082811675 
8019.3358420007025 91098.37198934611 49.559131863524144 
8038.966484701364 56471.81255758784 10.311281656984974 
8043.014133570115 47646.23812319311 9.416369410601664 
8010.030107520075 1830494.5691652999 2218.1295812471635 
8013.854487393449 172459.72479586574 235.77458060528835 
8022.326958995194 22528.71448489619 84.58442527713352 
8019.088451635637 112247.98629835117 59.399268347794944 
8015.348370942958 44867.84030834132 113.35321553479557 
8018.186828565554 143752.60236305927 85.74529335638668 
8009.995213813672 1775334.857510851 5243.670492233075 
8010.03629958895 1059417.1233743432 2286.7715918149543 
8010.0555050767925 1380355.6506837194 1365.4475963198363 
8037.064874867988 26282.50335471088 20.86144679029701 
8010.159095455772 1089308.1383511382 1150.9930248362307 
8016.20392089593 50108.25599804387 86.77839456475499 
8031.0592812721225 29816.18295159793 19.237115294045722 
8009.986704279188 10422336.598515961 6314.267381975447 
8011.722313591916 145767.6208870676 212.37660531926406 
8010.317457117004 265655.3837100635 500.810770194606 
8010.056800257998 10022394.586083367 2647.28695060129 
8025.884783279162 62452.22896561184 28.47441628192768 
8022.081647997187 27820.833438420927 51.2126644046625 
8010.1613320631395 1626048.0163215827 974.6339906571027 
8021.308284056322 55761.20734028531 43.43031472731178 
8028.885838558554 32504.264838591975 25.171689179145577 
8024.111701271706 66836.10625904489 24.902954823432406 
8010.106907173774 1561728.6664262586 1165.7344448526687 
8038.22555941046 60354.42769327532 8.32319785638926 
8011.783834000534 739307.6560546696 507.6463040355596 
8021.3248471760435 31048.1742542063 68.0300869077275 
8010.136920426976 1546136.6051871637 1056.7112741485892 
8010.503714885415 67717.39450383109 366.79392375107284 
8010.2299516843295 58119597.42650052 952.9681855365347 
8010.024489980141 8818817.529624622 2609.8649755577535 
8010.080565914041 995016.1279181186 1639.0205619264548 
8016.821113290141 383541.14273893536 85.91990933600106 
8023.24948335778 17793.817467692632 38.596569981108736 
8010.391320484907 297768.1869505919 419.7215321211022 
8010.198980351685 560890.5526346012 914.9577738831009 
8016.125538388429 65563.784673652 95.84767890138791 
8010.39117759438 321167.50110889645 485.1039546452849 
8010.1117926988245 1098090.1332819564 1091.6918274551667 
8028.511267693033 66181.20947564628 26.16012661338436 
8010.025268745073 1859414.9892781922 2691.4840379219377 
8010.215700935224 497269.72216584464 1511.5059442438815 
8010.190754680223 1539352.5111486826 1022.904766417457 
8010.004677898665 8615632.345492018 3385.5301074794925 
8010.060610515558 752334.398329858 1847.0650784081815 
8018.438912026827 38398.96249436076 89.0850527230907 
8010.477082384443 213175.71479639376 454.888815874887 
8029.795398112683 21464.609772710875 22.644611673118337 
8039.17768728889 73786.49657674483 27.55754913433901 
8010.025789043677 1244317.148960351 2874.2205733940746 
8010.03577015116 1467413.213083046 1855.7522895336156 
8010.1157581277175 798093.2681462793 1490.031761522437 
8010.507029998473 90309.28513919549 432.00269485978606 
8010.075968490315 887466.0830599611 1835.123488172995 
8041.959447543238 24711.388391480155 21.355665516374927 
8013.066390209265 113069.85978682684 180.42754058944348 
8029.015018574623 69586.95957137404 24.89386825543412 
8009.997423883065 1598058.4679222498 4475.784578797548 
8010.099130764268 633866.4810050047 1669.2757465450636 
8010.006290467159 2496155.918898288 4046.909671868132 
8015.0949162950865 104314.69027325239 131.984745982861 
8010.019824613653 2421348.712644414 2696.338636281843 
8009.987691838558 139499251.389288 6594.527587508865 
8009.987217858023 18744061.51773731 8597.842500124676 
8048.405027267068 103240.47896305232 11.562755952585237 
8025.909597757759 21625.45986408206 65.30053723480815 
8009.988319662306 33902953.94354679 6678.7474905072795 
8032.923153153244 34541.83597283182 29.290866252481642 
8010.011580771934 3788945.288614357 8376.767221419977 
8009.993531297742 6872680.205670685 7171.186694636198 
8009.993198489765 6018730.811556031 5987.5870488047685 
8038.464476497973 89104.26346159975 12.407942024871554 
8044.581885878781 38159.14151847358 20.57217886625192 
8040.501003153444 22535.17037940958 31.06694045372541 
8019.292920340076 60859.346459821994 90.13637598175862 
8016.5171379966705 55914.06375267056 119.73460880952659 
8010.050867751104 2185943.4152798606 2441.5207382530984 
8030.16042328559 62022.94249716346 39.336227789740924 
8010.003426992287 3727603.05255994 4591.081637543006 
8043.294134531233 39716.39551551299 23.139240104324827 
8028.6947212167515 87361.49937864034 32.76208726138487 
8010.018634762208 3391687.0445400574 3687.311377432318 
8010.013500899399 4965616.231892283 4205.424297436037 
8010.003961414177 5248449.549093913 5392.525920829834 
8010.020699291765 9327840.214588404 2993.4812646038654 
8010.540712609397 463948.00659540534 415.5727162965065 
8015.069214464191 759335.2693436497 139.9713861053953 
8011.759078384171 182328.04102737573 297.92748391382787 
8010.145347079611 1664485.2658344463 1406.9170425526145 
