8010.109241142965 254001.21829075314 899.9014280332174 
8010.164674292846 398711.00733091985 693.9036009993379 
8023.871721006002 30283.46150409802 30.63864476101459 
8033.662812173319 22372.22437239142 7.286527905013672 
8012.034492964094 104323.28991585341 200.00960454051622 
8014.659974836708 54530.82541648763 163.71620755128419 
8010.036307509577 7765627.094650058 3037.8047164167324 
8015.103613015199 49244.466293115285 137.616299775592 
8013.1657782576185 83806.0069890693 149.98483327319786 
8010.102634727797 268350.2237402491 972.7331153417833 
8009.993120606048 1854301.361651323 4044.611483471398 
8010.576051236383 103826.01839443679 340.5683523462905 
8019.250041583013 36201.564203463655 48.502435856666715 
8023.799409725871 30547.87776762752 23.98983722888975 
8012.004434505236 246361.88729684084 262.4767402353727 
8010.018277680946 1330584.9740382037 3071.0643788770276 
8023.2131074876115 41843.7897086426 29.220787100026627 
8015.745250976822 96864.24512165836 118.51078836519468 
8010.803358483541 296005.4864640113 270.2330473046259 
8017.1955076604145 33615.136929938315 63.76994138970789 
8010.440375201989 144439.01230310206 434.30150971211043 
8010.070495343993 543404.104223812 1361.2445947201236 
8015.976323819857 68308.43880056911 69.43136480589632 
8010.034322966133 8646605.529268041 2518.1817791736335 
8009.983865809387 20707929.603110038 19775.829044302056 
8009.992026643556 22376529.843759593 5468.38422201004 
8014.829759884744 56747.67383908356 129.677212998104 
8018.398719215269 44463.44473796595 48.39582639035304 
8010.314261247446 481464.5131737184 477.31984717389645 
8010.0310907649055 1560867.6410452926 2941.8739472673133 
8043.674181931438 19555.313615300318 0 
8013.658014425796 75934.41114433308 130.95795078230276 
8010.086163981126 2146027.716413848 1161.6587325843432 
8027.979796650699 39344.15021493116 39.59268244557267 
8017.1579520719115 73730.55493029903 58.205279185279075 
8015.949143116638 80805.40672447687 83.73230102511357 
8024.203559455578 68397.13052038781 38.01766451044998 
8026.858599099669 30756.312523813718 18.86690337281275 
8033.11635767149 305658.7889695983 271.5855713055521 
8020.771056213001 32692.37786940048 41.17148573901865 
8016.332003977683 54605.8094930023 90.0106175520333 
8011.419971981242 149355.56984805482 238.7859719586084 
8042.74430602283 19757.324540719055 7.646487898730724 
8009.992685310669 3856929.787192979 6023.295240506968 
8023.0046513694715 43443.76424751411 31.103950529925733 
8010.053884401674 2294752.2720629284 1846.4877533939975 
8009.979545849428 63946785.33225626 21123.175472025883 
8020.18857547791 29923.514211459045 43.17982803726278 
8018.0246953170945 59162.66368710854 55.57071359178245 
8010.243913889303 243135.15360810034 828.7410824531876 
8036.344375458571 28251.75523130615 17.482663971314825 
8027.741794360809 30228.815162210278 19.06280585465823 
8028.3441268442075 25532.395792668183 24.025231086754584 
8011.712897653599 318092.1747136565 241.7634049600218 
8013.812694152433 48373.526806676935 125.34342133085764 
8009.9861619369785 515944981.461391 9059.311183065429 
8019.674435013031 34221.82515010346 44.92261051282138 
8009.990050920884 63374489.623406745 9815.794588370367 
8016.827227818316 39162.212914352596 76.74626863854564 
8033.073522438252 21969.08633981459 10.116506381955856 
8021.155130016372 36948.39222291699 32.5523255161213 
8009.989815631957 30002902.856337797 19743.8437565264 
8010.191634447064 651921.5445589636 674.0126957598832 
8010.364027354116 340126.71713256475 673.4811823839443 
8037.528137839796 37219.901761419875 6.391261080866574 
8009.992122680636 19146600.75024454 22378.840756516176 
8018.327167219177 137550.8808496105 61.729705923270025 
8016.541867062498 54898.75240297632 69.12872338936151 
8012.420376652742 107504.30196351287 233.4627648965428 
8032.605601604975 22165.430809618127 10.596253267869697 
8016.0866383797 71140.32317735521 62.12519413432024 
8083.147499891418 24026.755256443208 0 
8009.980245709901 4891015716.668341 80879.58396902049 
8009.991914223455 101919102.0739112 12134.050752214716 
8009.986141180023 31825223.809720132 16226.769395283423 
8048.451403738701 24255.188824566165 0 
8035.949652825001 29976.65069043339 10.562937804385815 
8044.3330745089725 26414.226845065274 0 
8009.9924664618065 62088062.58764565 11212.837275800355 
8029.890136750273 32238.62688743867 25.66237676802684 
8025.127477987913 33080.142048272886 25.066081218132293 
8031.1553112368565 32058.939824148394 12.801293404182283 
8009.994095389389 14610645.403125163 7263.56507694015 
8020.315473366764 72086.49045596206 44.32155292283011 
8023.068821452565 37985.48881922463 44.80916584901953 
8018.434425477946 78011.56989415831 88.23506487958707 
8010.00975514602 7954846.497494056 4161.420997058535 
8011.952484804307 1331066.9747804652 406.7026381581931 
8010.09266521584 1218292.3612197782 2064.7429655089854 
8016.745099017853 89647.18744851236 94.49548341022634 
8024.404633747908 79288.41821700626 42.83294766604227 
8009.992837006059 4760533.272810179 6274.559994847565 
8014.785892373034 146333.02667595726 158.16062448795185 
8016.181565897895 83531.13861077806 95.40206281316482 
8010.815526561763 1965663.6783509653 756.4681404037107 
8012.866854947668 12465412.471499776 457.96829615773436 
8010.152908376511 269627.48270675074 1120.5454201781263 
8010.01411583831 2858106.6010430856 5476.716300329912 
8030.733812714037 33456.43399415056 20.803127907374222 
8013.9135172725955 459531.45146913565 158.3165281713208 
