6646.4942756573755 420265.2900408957 170.68219072561467 
10440.192275269903 515981.0570071315 99.89211576705239 
10667.159162401622 511560.65528699756 102.17273976199593 
5454.230862516414 4301004.784539363 1202.5317559446469 
5405.252763068742 2100126.9295931784 1616.07673030187 
5404.996408265144 2855242.707333867 1606.5840696915152 
10039.235904373285 482044.1268626863 131.59580624572462 
6758.638348970587 439346.8071612451 154.87711194793425 
5416.307930660132 3756911.8538603666 1350.4072722324493 
5415.360140900185 3605038.009919503 1398.1095432719749 
5454.415844543495 3222082.3145148656 1184.171555881292 
5408.792535570483 3061598.5568093867 1513.135566393068 
6257.50624199256 588882.0754331666 375.61154394742647 
5494.081776308853 2137211.347360745 1071.7187388625 
5415.357670322817 2447001.7518674866 1448.5069074866515 
6258.0479373250655 628745.1482860963 348.4936445466337 
5678.766451804299 1255425.3772583404 717.6062656169402 
6233.358652027462 816785.9179268432 430.55863213849926 
5883.831427499722 879550.1682487627 697.6938822713013 
5425.320819440366 2755717.970231256 1340.8208869149769 
10269.096818376878 485401.42703384126 105.34101740844993 
5435.3874869743995 3144237.226344376 1262.5438740490808 
5476.752477566164 1482406.8432582142 1149.6530434523022 
5781.050963323163 1301561.6408750676 663.581203206871 
5427.3086176018405 2571030.1859111716 1316.8302217398402 
6109.831688433148 719285.362619277 597.3039125607028 
6308.488415588264 561135.1643018621 260.31927713570116 
10188.837315905756 488643.84722321806 109.19795160945586 
6203.551466734094 674740.4395486432 476.895391336349 
5536.074321075398 1215906.981048794 1057.7058942107444 
5428.16479048994 2690992.0368211865 1293.681393082114 
6272.083977680097 769445.182428662 315.98663184276205 
10082.383874731608 480689.6531629854 121.26928903293935 
5416.261203833753 2375387.4077365003 1470.3252657052778 
6210.279478592608 753298.1446157116 445.0554320566923 
5577.2678709593765 1137372.8750676676 895.9071343183996 
5580.708727482832 1113403.7956062946 873.3569563980736 
5409.504068675955 2276892.183430019 1561.3470833730057 
5411.739666822146 2606860.0957474513 1436.3010822326016 
5416.366766318074 1984786.0542825595 1498.2954425387557 
5499.972084511342 1871494.5044594104 1040.2827748374427 
6030.074177079234 1094162.2920649466 541.8009700749001 
5432.487875332225 1921257.2511831531 1267.6669017874292 
5415.122934728751 1818074.7877160073 1540.1410341709357 
5844.400964937902 1069031.9139114616 628.1366977536075 
5409.180634486415 1684642.9870735218 1573.8881899016499 
5549.634157844106 1162144.8884853453 911.326616923561 
5540.979085330311 1361759.4479723726 935.185423127561 
5743.612700751935 1011320.5691986795 959.3194762577193 
5448.092349615879 1581231.0398128582 1383.4653545500744 
6005.241924379717 861013.462645124 732.5060480118543 
5650.277150629043 983952.8295639207 990.1658967426042 
5746.244728973592 990756.6439170887 770.8173389317066 
6074.3279749396825 840435.9905132448 519.3635249471922 
5636.711307905739 1042088.7510250837 751.4707925095915 
5426.605347623929 2290995.4382370003 1327.7838514636312 
6275.062160059541 599913.6941627183 283.4334052531825 
5812.6328265630045 1418436.002651671 610.2630534918216 
6714.616746492662 437813.3903813908 159.14456423399676 
6353.999468630485 541279.2216787556 248.15752377528557 
5606.957785265634 1050582.4244652325 852.0686279710347 
6387.963977669702 508130.94909818587 225.59360397574093 
6015.173114489359 834586.4110393915 790.6411801665035 
6515.277633808033 466539.28096068895 175.19712638016009 
5407.156114555608 2037528.4822511065 1561.3775340567 
5483.374505108517 1774810.3068701958 1112.0553287607338 
5425.3767664248735 2842997.23671661 1302.4127281038068 
6167.57442728941 699107.7753526209 571.5654047240953 
5626.619586349335 1387623.5864747535 818.71747162091 
5502.123464693534 1460447.0674644345 1094.1183452826917 
5523.613260293815 1333132.2484150394 1010.1879978943708 
6191.897034546017 740217.2269668857 487.9218585929878 
6444.895773323216 458236.6628585652 208.1647109625555 
5475.910940027896 1745148.0995166546 1127.7183946205998 
6465.894728359215 501402.2376503183 204.2235154360524 
5666.403377588498 942497.9835444225 1100.7377196547973 
5615.578238642756 1061629.1974441782 836.7421106449195 
5411.70822242627 2099370.588289657 1556.2445235843504 
5411.645081137315 2613803.4721742547 1446.4655155658315 
6365.430452944087 474829.51610800193 291.6407913654338 
5925.5708473636805 890441.8167499691 658.695127949203 
5810.964103175102 2130053.71569788 646.8116650371005 
6060.536314766314 918558.1492838745 556.2515152095832 
6583.583892915743 454123.59394397074 187.89396979503826 
5840.693432970513 1168875.749174091 647.9174120983588 
5473.0162857804235 1551012.176563523 1311.5444848650295 
6568.5206652965235 441770.5183765623 188.6622480442354 
5971.459449646479 810714.9579729508 947.7665772327746 
5981.2899194705205 770179.1518461932 967.9665600930491 
5467.613211266636 1981284.5064766537 1140.6296836165911 
6154.197483424901 930039.519120554 508.312296149399 
5544.7346742517475 1103543.309483616 1021.7166492053188 
5508.475923395157 1433182.000570459 1279.639673207851 
5443.121738813928 1798744.3030757727 1244.5126619648065 
6378.993879547467 689490.4894049385 239.0989264767502 
5435.893608157731 1725384.5918899227 1290.3506446497267 
5633.596188134592 1333048.3084686238 813.2988904330603 
5937.652429369847 915633.6391954346 566.3412337063903 
5409.598780694987 2360970.495824945 1514.005456869148 
5449.093131478735 1559111.9263331287 1465.1879448308591 
