17060.086976398354 214247.8712589593 28.241483462766347 
33956.231952845024 706864.274209589 11.591622701846589 
8023.569035380277 39285903635.17305 29307.02982308458 
8030.9982061650635 20875944.345616296 912.1152728938065 
8026.8132537806905 12543774.86829986 1280.9753177838727 
19531.427749655668 399302.309124401 13.135137937495017 
15217.726800778932 258539.62255575004 65.70107958809594 
13739.751865513832 316846.8299351903 28.10910663292752 
18890.338292471737 368467.7028986189 16.62759834164694 
17854.26842384396 231983.67250675993 18.182551380046664 
16657.15974446027 217183.63572506455 30.26373943401515 
10653.371587565704 432100.7659401251 145.95215520614187 
15963.553885536483 243043.56582459458 35.604750187019114 
9889.885433781226 443713.99347492185 133.03328032392946 
13006.514807144298 307562.5863242965 38.66781727996264 
17487.13075724701 240613.7359873834 19.152206100923056 
15587.83778308267 232766.2449741772 37.3053891890276 
13567.635151075197 343451.8188671398 34.045392289363264 
11482.63512463188 306660.4218058345 90.98954213275138 
12424.526543825652 281381.5540285798 46.19379000847688 
12029.814114272835 287482.97716141987 62.593851733683046 
19289.046124946828 403273.10846123984 13.135137937495017 
8966.49416548918 803113.900193621 201.67981568070084 
12706.451518812832 340523.8776137289 41.14112537625757 
11768.34288222047 305914.37668487104 74.5999452804444 
9215.80329339625 1987730.1498997682 193.76335887824297 
11056.294398426166 324177.8115148507 98.49217592986386 
9502.531750895325 2606705.6821534326 177.19414965821602 
9652.424788038146 885965.9311514833 164.00549182476914 
10937.813548681714 433938.8210829072 126.4494059565263 
8347.343225729008 1148046.1736442642 225.65154744623442 
8618.513202635233 912877.6667939428 258.26605805295054 
8638.02185765351 710124.0364228524 239.31893971698545 
8280.683005105408 995459.5413532093 240.07555997017442 
11018.99105421369 326740.6603180944 101.64919766547271 
8204.544649175989 1402965.2964285202 319.4058741602076 
8164.260803048024 2783533.91963336 376.63787193473604 
8029.741840368553 12361656.55775641 1091.2383576457378 
8204.544649175989 1402965.2964285202 319.4058741602076 
8029.465965937952 10950317.709758412 1241.5485239139687 
8193.118871548691 1663372.1574743292 404.0631482269664 
8029.576091745097 10201626.528933754 1134.2829189089318 
8088.177324575889 7118862.970312814 487.0077838338179 
8147.856907354706 2068912.5361871992 519.0594763278057 
8153.622574496073 3842803.3033356355 353.56085019107326 
8039.999046341398 7689845.772665085 898.253446509277 
8105.581859106523 3240834.121734181 459.08741031100817 
8115.559206953948 4802897.546169471 431.1016474911114 
8201.168755290666 1589127.0348446576 339.6879074529752 
8028.8360728278985 11870466.857769892 1199.7282416909306 
8051.73579212886 7040227.445093796 812.3562312929533 
8032.7454938805995 11197248.135789832 1000.499667696808 
8024.583402402724 17296117.082903143 1259.5945487642061 
8042.277378334675 12600850.447428046 761.3680876131627 
8027.028042171017 16626380.201748304 1163.6660595265366 
8046.340344625132 10168299.631262142 742.0901828342431 
8030.190841144187 13060088.917446485 972.7890112786922 
8052.030579176606 10276345.535188504 640.7801162883414 
8133.055647019824 2809166.1864777994 410.2752637239545 
8032.19149702608 15489971.373147152 866.3627427481514 
8140.339755842277 2556336.5789295216 394.04103888067164 
8037.64949748156 8234782.70150012 786.2861711171873 
8027.883400507377 16853181.471936 1048.3620199985507 
8026.709832506425 17497238.971745186 1186.6931194772167 
8075.799855014129 7403007.474044652 619.9886119482155 
8078.878613852159 3401723.3800630667 588.2913414875133 
8117.972676568641 2804402.045881075 422.8079160416555 
8067.932458549587 4971184.245389948 675.8008128884628 
8032.576939193863 14330559.673911478 839.5991872886032 
8104.037690024235 4061582.2643803237 473.42793706710177 
8059.324683331855 9963131.292117096 610.0046597843194 
8093.754513779986 5828697.546983026 542.2685357524094 
8042.886922032225 11349283.607548166 724.6110871749304 
8080.3796467227685 3484563.5753410547 563.7518899930843 
8092.255680288612 6096572.842497639 527.874996898212 
8027.283499645495 16686175.6274308 1146.5935706844812 
8048.050698085976 9987344.273178307 780.3899922335661 
8064.097018558656 15011241.577753529 594.4175951637184 
8049.967080241757 10138735.710414682 692.8417954146685 
8034.01684559236 13699017.48111554 863.7533754218827 
8052.727497614162 5725720.829118208 702.2519398395278 
8037.338702003679 10699637.467263177 931.7533173061327 
8028.751503756022 18066575.122016773 1015.4651522985524 
8044.600947958039 13816237.862493208 714.0391095331231 
8033.500619737371 9653981.51047021 1067.1172181175114 
8151.4972653136865 4664972.394852726 384.6372947568508 
8075.662982540624 8746868.124301484 553.7702905331872 
8037.607148965624 14212379.311145894 831.3062610538848 
8051.676213024673 10283145.377533048 658.2676710062469 
8033.500619737371 9653981.51047021 1067.1172181175114 
8045.489411325983 10672848.549236115 657.1951969990785 
8045.092020467326 11568659.992401585 678.3208044275232 
8034.510615527694 9131249.60516623 945.1876299615012 
8030.282462187152 15971239.580256645 949.6232500368943 
8034.2842663062365 7759507.749197062 1032.757048441365 
8084.599834852991 6609432.594648632 546.6576434649489 
8028.651550461829 12625823.172976984 1023.6190272002588 
8105.508880438907 4260878.998943476 468.8827682009871 
8116.054123272377 4913670.870747423 416.78970128593255 
8080.417474186699 3194884.3219584078 559.909461416772 
