50267.221283863466 107051.20302716117 10.695425762935301 
61898.44583354107 139477.0919319864 0 
8017.03706334086 20357309.792459037 3010.7012461218096 
61898.44583354107 139477.0919319864 0 
8017.466397416149 11358692.516087411 1515.6198004992334 
8018.048259102509 13734828.673906714 1329.5244924198832 
8285.868207658035 3088107.241099255 348.66458278193244 
8021.527109902201 10685277.649077471 1094.7016038462134 
8073.7410624111235 4531305.815179209 862.6912236021016 
9215.80329339625 1987730.1498997682 193.76335887824297 
8157.534459498744 2343839.117052799 382.1619528858504 
8306.921625466857 985978.4465643446 196.46109410288489 
8017.439157438085 11689939.061012983 1415.5584073152454 
8060.085200082182 12867435.269760955 635.2888724963382 
8082.963440174747 5338957.9368219 447.94046552811733 
8022.983383473854 9054429.869036883 1025.1032113003741 
8040.787118178449 12372638.228423785 701.7926326428907 
8017.466397416149 11358692.516087411 1515.6198004992334 
9430.492605449068 617313.135036196 155.46844370655955 
56611.25705392356 144446.79179054714 0 
8034.241951147671 7456149.6036540065 970.2640101553263 
33661.04340364123 147430.92096779155 10.5308288967719 
8034.727697163544 9733309.976371769 771.2180432607837 
8072.429576684682 6020244.985539917 543.32554610026 
43883.7148812362 173279.49827879746 1.0537702688580726 
28523.25491815905 157770.8504368327 29.081679517388444 
55020.536222476374 163086.85294957604 0 
52752.222771245084 118005.26009591274 4.992351985496969 
58214.04895395643 143708.66108000727 0 
46130.21490011691 129161.64652096461 11.670841166672162 
8041.607447135122 8183024.1036727885 662.3598191743779 
41362.51047709081 191597.69937003517 3.5316321700995266 
8071.028730614244 8557682.721538449 575.0383217520845 
49029.81276243046 128706.84279623898 4.937734135320462 
11637.836929190715 316614.480407872 67.14271084492528 
10930.815690736901 457680.9995279126 125.95547334954827 
8067.699082183635 4949523.708678406 824.7156214106556 
59930.2058503655 139485.53523271283 0 
31738.870320844653 136780.24844821854 17.311782546919396 
8018.708785361141 13588038.112092566 1337.6493931878772 
47660.7103706714 112140.13283761838 10.576948507003825 
26648.88509491083 227202.80384614028 2.371330206353215 
51066.476840886404 121291.69090470622 5.143637851777389 
24342.351302182873 185397.27574309366 7.501737797095087 
39919.69675261783 133706.42821813142 6.1832631886884055 
38954.068975753195 130975.31044942571 6.254576028083738 
9296.448321847241 952979.2022712245 231.40699703226477 
53824.92136303735 165303.34104641894 0 
16402.645325772603 247191.02266762557 21.853793857069075 
10653.371587565704 432100.7659401251 145.95215520614187 
8025.855382743552 8302165.431301743 1049.8136529749866 
8018.08389706566 11675230.562376192 1382.505806925722 
13727.176834761955 374285.30557629175 32.26945725188285 
34827.96616910117 179017.6415324458 5.205592411145233 
35759.98918255374 143032.64399961845 10.772756469890862 
12690.941259262374 272385.11529722903 45.0236101367534 
8059.423092480399 6605017.254440866 678.2610223677614 
8026.701418180635 10448697.339777486 807.0107344557375 
42524.82527334643 174095.32918611373 1.0537702688580726 
8038.410430101911 9967170.415966744 708.836898062721 
8062.199956275574 6191628.649154288 937.0154457906774 
22915.97105154653 171879.35685766986 14.488558690174239 
37593.59069407934 121526.43727319155 13.088958398409755 
8032.384007935458 10174415.982879076 849.5506858957035 
8083.979161653026 4600310.017887568 456.6716168576364 
17708.061726174077 198203.3894208374 24.77361362628683 
8077.528924663986 4659358.13396089 596.2446200666443 
25302.59041913821 181468.2275804501 7.501737797095087 
21081.241246925678 198697.79462626108 7.418753096762977 
59360.40946282013 140162.7801271579 0 
8060.842683302192 7096168.707183207 654.2622031683577 
8071.036479485287 6232917.193928571 537.8451970937956 
8037.641574324697 9419307.204687763 966.0608639381212 
8068.659857991728 6855086.080635494 647.0331898986699 
29333.016076607782 215931.00972707802 2.371330206353215 
20305.83516713802 175237.2013003828 14.291772796330427 
9296.448321847241 952979.2022712245 231.40699703226477 
19497.831136715802 178009.01452365253 12.913779316904392 
12098.548287998323 305320.7945365139 48.48185018805072 
15582.91128291358 219304.7353796425 23.283160629246023 
46555.50612562459 121140.39118683038 10.534226375732189 
18107.29289885523 512173.89083607274 20.26898777807797 
21990.010347252795 194413.98468879482 6.5685042492291785 
18748.03947509422 195051.5917239035 17.447304983194694 
31140.594122453436 136852.8287256522 17.29386448067654 
26052.300724222463 231759.62414972408 2.371330206353215 
8059.695845025086 6238185.865268689 682.8334946962358 
43319.48274772559 171685.54449882315 2.1537727862130205 
14315.563169139536 340273.8034699443 29.523661129308138 
36879.52831986164 140205.4154333688 5.384024289364367 
8040.432861188675 9453447.737159338 937.5578861582059 
8018.3308245165 9998552.322134938 1341.1459759276408 
8070.79551079114 7384978.988556925 580.3532857332684 
14904.7447074053 227968.90392869618 23.169516551809522 
30328.589072929124 146608.95558345428 18.89703936753947 
30127.928587586983 208136.13634025125 2.371330206353215 
22490.43618672708 174955.9893082761 14.397069780117757 
8025.240265906944 10572908.532167818 860.6952818555934 
37102.26054182378 130264.98341179518 16.823570928749177 
8084.977135446982 4655874.459730966 453.2967627037875 
