8030.880388073265 20625797.849068508 908.4716570344018 
8021.952157603316 19277003.237986837 1798.3606052088244 
47687.85752400929 124196.6320854855 15.22727518792615 
59004.65313957092 171316.77961059584 0 
8028.706976138262 11273127.786704483 1364.6751265565272 
8115.559206953948 4802897.546169471 431.1016474911114 
8052.699203740977 15367361.128036015 1098.3098767350407 
8022.37011716277 18508255.89764609 1766.874849430864 
8080.3796467227685 3484563.5753410547 563.7518899930843 
8079.321882482566 13547028.344597328 704.6892839166981 
8071.658116256657 12265610.908390017 833.0926485311838 
9215.80329339625 1987730.1498997682 193.76335887824297 
8618.513202635233 912877.6667939428 258.26605805295054 
8068.216675369078 13515505.359674726 776.5207454122224 
43225.017716559305 150051.08224726707 9.730912725964032 
8302.12197404982 977896.6115399955 209.87327941126097 
49328.83551973191 147467.10169094882 5.129122791995527 
52605.87548759702 140323.81243716463 5.426115249737407 
46343.865872749564 148058.9974342251 14.390645500263034 
9889.885433781226 443713.99347492185 133.03328032392946 
9652.424788038146 885965.9311514833 164.00549182476914 
10653.371587565704 432100.7659401251 145.95215520614187 
11056.294398426166 324177.8115148507 98.49217592986386 
57357.3341767167 173537.85030824743 0 
41294.941813444195 173808.11661084415 6.043355743603134 
36397.65731773837 152001.29629736932 19.50464154525558 
31703.426225212534 212089.97494207372 3.4295818386581507 
32966.069371455116 161086.50386283803 18.677405778958157 
58399.03025483129 173446.88410995394 0 
56308.39878327091 159838.85855122 1.047008185280796 
14498.95156649494 238240.48750227367 26.93461356238345 
12080.40829714166 314934.6431680035 51.46012915182435 
24907.86790534865 184611.07738173642 8.24468940917583 
40296.21651780815 149377.2590841114 10.389052198146636 
26053.21929282319 232560.15693801187 2.371330206353215 
37314.77296675163 151493.04311031217 18.744816722281026 
55131.6233050279 179449.05015858734 1.0437134649015367 
23842.50481539186 188922.98655799293 8.880276689647992 
18675.046398960345 193942.0625976905 16.773521832674597 
15338.31548092948 232593.28434866457 26.52362196359172 
15641.865962944627 224609.3466343483 34.79827593873912 
29687.840020565804 172763.3431962706 12.148648082147057 
28369.212095554292 164224.42885733867 20.728570163126776 
35490.30557309182 163138.0898347962 6.9665113678686525 
13851.494226938508 245492.70099657943 31.97469461675935 
27080.46483369387 228703.2373962779 2.371330206353215 
18009.436570162914 201806.15857607318 16.757355167696005 
55760.248201377995 177844.45041691046 0 
54437.18294510864 188269.77816283307 0 
27501.807807794492 168568.20480817894 20.728570163126776 
12578.081829064722 311915.10691236216 70.05682159860126 
34544.64201017278 207352.30653783595 5.937290492078656 
17080.646493600656 254987.60041143512 17.293065562167566 
21896.168451542173 186242.82308316987 17.102092641434275 
48930.05801484407 150600.9523739376 5.776155395136048 
38802.332455853844 175639.89344328595 5.8733592028226145 
48280.672823971705 158206.59235681186 5.77144948048814 
20506.21932352922 203769.96324998932 8.142779686841354 
39396.21009511875 154002.1636805285 10.647238312997132 
28720.66724921786 242560.01958540548 2.3368308099005675 
53459.488421405025 136078.89478142193 5.233371126605555 
53975.711107470066 191800.9362178304 0 
41294.941813444195 173808.11661084415 6.043355743603134 
11589.971468773845 289164.66135972046 81.54299921684884 
29948.16051012311 167436.27428228466 10.693865785528416 
11519.948213279242 297576.2501041854 89.94299963302771 
17544.342209524948 251004.29056390654 17.293065562167566 
23587.969382701034 179754.9963170387 27.70174337706988 
39835.767521851536 152708.5799883458 10.387413154020457 
16382.145635412131 247322.66738745832 22.858570759188783 
23043.1462434673 189966.59214744373 8.445848767779403 
38355.33577397994 177406.42706098274 5.985529563568777 
53003.63512543787 137527.05936315632 5.8733592028226145 
21168.951151848494 196074.59566244273 8.147485601489262 
13492.523545183622 306318.1694526817 41.094140203338846 
33389.238635310365 159540.26843532894 12.613722115273166 
19945.461965881077 207583.19378511194 8.753873521337912 
12293.741713058653 280612.7343425652 83.88895648050055 
25363.721201315806 183162.91280000203 7.60470133295877 
16545.91271997958 243827.31621283595 22.863546093028294 
33886.10014663018 153931.74361475595 19.237675096630284 
22410.189757957945 183103.0120765738 17.102092641434275 
13202.551229883813 309306.0778480113 33.807407899651466 
12583.267061951678 363834.48381789384 41.466602683840655 
46799.43207938952 198449.37152707984 4.59157815420521 
21355.391485135377 192725.93492299097 8.166392893506448 
30646.09157802196 220244.90864556096 2.371330206353215 
12811.543312324533 333206.0568273093 41.14112537625757 
25706.549744595686 182876.919317029 7.60470133295877 
19333.711827302195 187080.06978172762 16.83823653518035 
47283.36551936403 190850.62154045317 5.795062687153232 
19276.77825841091 187415.80469797004 16.822352308901216 
35003.37289673829 203015.44454133607 5.937290492078656 
22690.37916351622 182639.8949627683 17.102092641434275 
31195.0688207305 215420.66046729832 3.4509304902561038 
47899.72815436397 156349.80365281733 6.390148048210874 
37896.604887414425 181743.28905748262 5.985529563568777 
37757.02623351446 145636.0223122426 19.246455430405085 
20146.710362267324 203468.51336187404 8.75960693504408 
30663.77856897533 218096.49662154255 2.371330206353215 
