72796.00054265872 103725.97784534989 0 
8013.417936786845 19287199.67438502 3510.4657133602786 
48899.27012565051 96436.54870460738 4.691159506458767 
72796.00054265872 103725.97784534989 0 
8037.764579105766 89215023.24665788 783.7756806691789 
8013.532010046692 12479562.423094809 2226.642937475402 
52009.660669773606 105839.33515602964 0 
68985.31965224764 105514.9879625428 0 
48332.629931267336 102442.12989361236 4.682679869659685 
41732.42697643071 134010.62591052018 1.0537702688580726 
8015.3102036387445 9605424.132384948 1634.7142612431142 
28832.286881912078 128871.68250599282 16.800826784686564 
8014.246235158358 13182792.002699463 2095.3070396152507 
8014.211088783179 13731350.946958305 1877.106651724701 
8015.779963227483 14039577.426191293 1343.1511357751963 
8014.912400677073 11912933.70305875 1469.4113484221475 
34073.32389419428 152352.4535806801 3.4205282083051456 
25088.989529122995 172015.35432438288 2.2275293787430543 
8014.790209903691 13559362.002735727 1765.6558317966417 
16562.847094702454 217019.8264423041 14.59297053310867 
20946.527946998238 202414.02589456365 10.416571001134912 
38364.55756295012 174853.0882121585 1.0823935366560902 
32521.418651779582 108523.27846592452 6.73545243161559 
36223.98341621488 147712.69659221888 5.8333684977479265 
19100.72696374026 229146.34341138898 10.980588162087976 
18426.711105422688 207790.17753307632 14.60151935113167 
23092.091417735555 177703.9138600958 2.2275293787430543 
8074.963731001392 3728383.5236855545 544.7218197075612 
31204.991779551747 205730.27685142495 1.1824005830481754 
8306.921625466857 985978.4465643446 196.46109410288489 
30036.446376336844 107991.89869486375 7.731313315691459 
69046.85982919676 104824.93420381389 0 
71414.816411574 104557.92837899674 0 
15208.668552203664 254485.22142411984 24.81769859790247 
8022.566513930388 12150268.678133337 919.8642034004818 
8220.914227285375 1685978.2594978167 286.3644033723267 
8013.750388547377 13820442.121107038 2173.9486023061104 
36804.528074221875 139634.6712531716 2.2617357747101576 
9430.492605449068 617313.135036196 155.46844370655955 
8068.122043284265 4106369.138529613 840.4175321061124 
39809.72846923 177233.43195523453 0 
8283.0956848591 713993.3444798243 238.56175991375707 
8101.864515498719 3040779.5759141184 406.53914115661473 
25026.235864945607 174472.33544077334 2.2275293787430543 
9215.80329339625 1987730.1498997682 193.76335887824297 
11056.05682333409 322625.5875673549 98.19944465247636 
8037.13388784443 7420533.571090713 1224.8446154702751 
8040.326533959963 5556219.331317182 955.8551864882857 
40440.59426843602 122057.76400407 1.151827830352219 
11446.023970376864 293912.37568829564 69.07330079183264 
50808.37848958821 104443.59224472882 3.686818985583816 
14481.629929969233 239241.2035981517 29.363888552812057 
8014.4182881829065 12557608.511367587 1825.7859177648056 
8114.344683648129 6007692.998606291 377.8676010508056 
8018.003960134969 8268059.53288358 1178.626193773359 
8052.980288721401 5074810.936412917 627.6663070660561 
8044.986626507575 7262761.035786821 709.3412966726893 
12397.308529037777 340651.9022567506 68.00359229314809 
8025.986462201722 7923924.451696337 820.2928008244774 
13632.342212094043 530699.3940968544 47.10501466020838 
10766.687440064887 425141.17855869286 136.66442671147786 
22066.43805144292 187415.66609356194 7.349931934574423 
8015.133857585764 10875207.910138141 1413.1279410121301 
10627.633648062678 510552.8953814337 169.28719217091398 
8043.431339415785 8585844.042380383 733.9097690971364 
8013.9372497414 12495699.428263672 2118.921236519548 
8067.638235719777 4434247.793544169 590.4426988556659 
8019.718373790345 10206801.899828983 1008.3075102024663 
8066.497484496291 4640281.278420864 494.5911266466318 
8015.199708757816 10628760.163692232 1360.556244598613 
71467.04261962874 104011.92974290889 0 
8014.880967888704 9990623.071389176 1798.8114375550858 
12753.583264112052 274772.6237964196 52.3905897708549 
8129.706978883761 1775374.0032004013 319.9081478251824 
8016.723510314149 9141246.1722074 1143.3091827416438 
8015.977772373165 8851987.25198979 1304.6473296173183 
41732.42697643071 134010.62591052018 1.0537702688580726 
8018.730711279912 11553072.87099969 1077.0319781347528 
8045.295958329148 6510400.138000953 668.5850776913167 
8016.118878781009 9861659.179931527 1257.9643297550701 
8019.705074736284 8984465.3020111 1122.7511373804225 
8124.964702168012 1822729.221021005 349.49019177667174 
8014.6973188036445 11726547.419664614 1872.9222685703903 
50810.28383386517 103824.02855609034 3.686818985583816 
8069.933116667664 4058974.322717565 766.0347719376315 
13866.807563260552 258109.87098460324 52.49186173466079 
8019.470251450088 9648212.982980678 1049.2851354292702 
8063.718931780969 6752907.337519686 601.2177270498241 
8087.495393907693 2449643.6338731637 455.96752813828965 
8017.470935414242 8250159.546469769 1287.0815021064398 
8101.324882185933 6655926.7786215795 435.1617837543158 
22499.662337565995 184874.15972921398 6.437234077750557 
8018.665997602307 9392746.58459469 1086.1473585858002 
8023.617592029825 10529875.919124437 940.2085085060321 
8047.34274616847 9400238.603422698 665.5168130534418 
8019.498969938667 9808662.193055548 1022.9653143331007 
8014.228930897897 13048113.062177986 2098.164671697673 
8094.476197572076 2299354.9592161956 465.4799153805326 
8015.779963227483 14039577.426191293 1343.1511357751963 
8064.889297866852 4824105.258221987 484.4941950404898 
