21706.304742760338 3777740.1091916487 140.31169097307006 
12333.174951800069 3191795.2403028985 468.44833589660556 
9412.790277011169 9368481.89062286 1161.999641020252 
9945.893848974487 9591786.952555712 766.6648144215499 
18348.828974160617 2703013.620120046 214.28336032716106 
9671.71673107129 9030355.92134459 970.9383913061133 
10135.623289397277 6739302.077305668 802.5159204718834 
8710.216452588957 21888515.098802537 2148.508123324746 
10326.79281410457 5167823.310784373 703.4995722110934 
11300.034652619403 3858915.60696491 473.8842496202542 
9803.62944080097 9126433.211544862 906.9999976089275 
8938.315155341435 14945637.32180722 1160.2482785756833 
11558.16899032599 2632685.9372385554 629.3218746869336 
9412.790277011169 9368481.89062286 1161.999641020252 
9412.790277011169 9368481.89062286 1161.999641020252 
9250.635434333963 13042196.647536509 1169.5432884670977 
9622.626489649338 12513123.99380283 763.1654612867169 
11068.438252127937 3534307.1459591854 503.02963287546214 
12699.749047260826 2292871.3761395672 367.4533090294318 
11648.347610696866 3377175.22366706 379.625533841882 
9457.530482631086 9955343.675644334 1003.332605542678 
9474.548590338927 9463802.75844118 969.7541145200023 
27649.844179640284 2239477.952424112 205.26567820460284 
8729.504764891748 18452203.020666387 1212.6742370072145 
12386.558891444289 2383079.7348525682 408.5737836028915 
27855.850658410884 2723842.3643927164 150.36518558181422 
9450.450091588098 15617093.763202036 791.4332348910152 
9079.563324509425 15514126.077904033 1081.404589765513 
11052.60311676246 4037593.0803023498 396.34171605728613 
25363.7531109325 2063730.5077754832 213.9295303306644 
8609.21034376713 38329573.68016255 1054.3928006357373 
8637.219315953285 29432807.32249193 1321.0374467391657 
9274.305418002556 10395377.68144225 1088.9733635373848 
9337.222316725514 11113805.41049531 983.0792806516938 
8670.659032683296 27473666.94334919 1907.3968290427097 
8543.185977528221 36785146.36860016 2227.8276444702524 
8577.57269202175 23300987.169829927 1908.2666458668275 
9073.102729292657 7601537.7712406535 1267.7473132194566 
10323.746109324715 4186249.001549243 911.2635776541346 
8718.303399373264 19773191.928468797 1277.503920188909 
8577.394916093224 35438011.432896644 1975.607811434067 
10194.288077563388 8975782.508889068 711.4755374810721 
10102.889958873955 6036672.196640635 852.6301240590053 
8571.712847275581 49305910.12437907 1275.1329132489586 
22411.05580057633 2879162.7282708026 135.29209953477647 
12999.619446597657 3344918.376791752 356.4527196621354 
8927.807582463633 10520084.5897341 1287.4432434006615 
10663.785754273265 3618094.578451542 709.614030211422 
9520.562602732185 7907856.795072737 1152.475026140081 
8483.379872483887 65109936.329862416 2518.691528709121 
10154.617309572175 6015320.983988371 842.0812816634974 
9854.126856977025 7817591.553746194 982.2022332203162 
10979.430869294996 3305153.110631354 614.3848496392395 
10209.747371055846 5725892.060000233 602.1944076420135 
10033.645923538392 5281762.018215576 950.687684372758 
13001.667015846897 1359782.7736949897 219.42096855686373 
8847.340937420038 22511974.23254427 842.0594328911834 
10658.522203762095 4745325.545106373 777.9113717473742 
8832.69409389968 18911077.463748753 978.2616209690555 
8403.441585665636 137315948.92511642 2248.9195940083832 
9051.613494780491 14812987.270128367 1104.0360145396844 
10509.112422401358 4930230.762683556 515.0724064211948 
8729.504764891748 18452203.020666387 1212.6742370072145 
8729.504764891748 18452203.020666387 1212.6742370072145 
8518.754749235773 47599433.200650066 2063.1410454165857 
9488.468150831137 10237096.42792826 787.8681425506147 
11753.320082870772 3024430.605279678 510.59775741470753 
9420.454327388547 7433887.70978657 1484.9511969641392 
8466.051227819848 67804892.9650037 2733.0922362410433 
10096.933732440528 6171034.778892528 836.1654317171794 
9862.775597742993 5902122.382858743 903.7224515086258 
33322.59173411438 3688679.5380612127 181.72964456890915 
14265.442183460449 1849788.2270169966 387.26005903878104 
8460.777656607734 426113657.7504557 2640.743191865565 
8464.607688970722 613737129.8841693 2339.1023657906217 
8470.658343025114 75268031.87580775 2880.3741925580152 
8580.202201706958 178079006.12275928 2096.5245020478105 
26489.470363847104 2308448.7999698785 235.70538991737487 
16716.860347199803 2732157.6105458587 222.10244281258855 
32049.470322786245 5592483.090481195 214.72699512669362 
27303.595027630436 3175667.7538220147 217.1263755143521 
8605.523745210443 158593174.1062337 1879.3591174604467 
8637.313232516408 48149158.57048071 1481.4179069272243 
9621.598879684156 8179774.854636539 1846.6700540456409 
8609.887775996127 30242480.982621163 2380.0423752268225 
8589.278402480424 47945390.105741106 2619.7559139962514 
8525.988754830163 49209944.520308904 2306.0620068103544 
8630.502663997593 41219364.92952981 2097.7865515926687 
14864.976847325182 2081294.99763338 343.3515779793081 
8617.441170497174 29187135.36169077 2849.773677065817 
8668.8657362909 28941473.85881224 1932.2104312336119 
15641.669362078697 4339622.017568596 252.9029114396872 
13425.790592291974 2218306.839117664 276.5348212377823 
10787.291075684036 5467272.435024761 700.918171892706 
12163.375385527523 24412073.4116162 454.41750266660983 
9423.68971963636 10965680.579152292 1391.4911511441828 
11212.000526677672 6125835.945216289 514.4793840782922 
8956.561510333002 51034189.90900583 1132.4620761142241 
11700.524631323504 3711959.2127561336 586.5076658803445 
12729.435187678262 2599286.356994633 483.27583670975304 
