8019.103972333741 71768811.97067854 2866.876325470066 
50207.4520290252 110748.48024086352 10.753509187250895 
59275.68476976366 154005.22258234865 0 
59275.68476976366 154005.22258234865 0 
8021.346915097531 27106061.151513323 1435.721466415012 
8019.7699867701 13152920.765823793 1689.9606393140596 
8019.166576240061 20231670.924487893 1452.5021691905092 
43161.22174373473 180493.3649995465 1.0537702688580726 
47089.48567728962 124011.23717120462 14.466906328827136 
8074.461727460709 5297767.802523703 1480.9970294961715 
8023.284185691999 9870028.376206737 1337.4052467934534 
8022.765179448918 14540236.78486086 1650.8657271991226 
8023.860181272661 15087121.639193231 1204.324492227213 
58237.34668680115 154154.8833614074 0 
8040.075213854283 15888983.654161882 794.9827856625303 
56200.68962148913 159360.0891924663 0 
8024.257572131319 14191310.19602776 1183.1988847987682 
17952.515717649003 211397.78785662728 28.675936063817403 
39256.70711523935 133576.5662395317 6.467816453732002 
49417.91278350222 132696.408695254 5.776155395136048 
13010.580998647554 295836.5281609114 68.10811593932615 
52141.22087151477 119637.29546814621 4.274936011121758 
21136.35760693039 197350.502661047 8.112986205036615 
40634.536877812876 133321.17000698685 6.495595169192325 
8027.070712097036 13293084.861325286 931.6198061140497 
8040.6237860884485 17936268.936387006 749.4002732084184 
14500.097758660984 236010.06677737623 26.66196675530145 
31703.426225212534 212089.97494207372 3.4295818386581507 
9215.80329339625 1987730.1498997682 193.76335887824297 
11776.733672659599 314421.87737483537 51.46012915182435 
47496.82308661912 122085.50570064754 14.503384225864902 
32966.069371455116 161086.50386283803 18.677405778958157 
8026.617447401418 11212179.785334803 1072.5253807963136 
21834.325668027843 189325.42003114003 8.166392893506448 
16199.14020473366 374645.11757052224 22.337097125433676 
8025.86895256633 7621388.703967081 1091.8436422417797 
8039.780499867162 17693878.623207547 867.3198666742098 
34010.582150095506 206060.58531575848 7.225756326651309 
29265.45357964885 216800.90995337037 2.371330206353215 
23357.849034735566 180463.74304911058 27.70174337706988 
8261.087408336982 3021580.915920933 260.6684759596054 
26053.21929282319 232560.15693801187 2.371330206353215 
37915.76460485804 137657.0303480355 6.189159896814494 
8115.497241673647 5577341.722213231 437.6699297169429 
53975.711107470066 191800.9362178304 0 
51474.31051481575 124483.12726367207 5.847404985220604 
11056.294398426166 324177.8115148507 98.49217592986386 
27080.46483369387 228703.2373962779 2.371330206353215 
8131.881907799479 2478990.518713993 499.0541936463038 
8037.940901245203 10462527.575781267 995.8109676858301 
19333.711827302195 187080.06978172762 16.83823653518035 
16657.87109129918 370308.2555740223 22.337097125433676 
9652.424788038146 885965.9311514833 164.00549182476914 
8041.836200480475 9885935.873369267 716.5127905180236 
8302.12197404982 977896.6115399955 209.87327941126097 
8079.141896308413 5392956.41255655 595.237625060873 
8025.514370055113 8485281.557085505 1387.330002544494 
8042.715106566357 7697146.014501677 650.7827621469896 
8244.19635199353 4911996.356649455 299.0435711969113 
8080.3796467227685 3484563.5753410547 563.7518899930843 
10653.371587565704 432100.7659401251 145.95215520614187 
25121.81678180282 188750.15077287419 9.008745036751808 
8040.219066655709 15826209.736270582 842.7345559937687 
8080.526743356294 7479967.08755191 536.4171535328868 
8130.389150819388 4416457.422890703 558.386826561099 
8173.800952147205 1695764.9149689157 416.28560758374726 
8109.435155472354 6742824.111632439 476.0069105866668 
30625.373642375736 153748.7896800638 23.732170094012567 
37303.55463768979 141498.45619286172 15.993358511163189 
13851.494226938508 245492.70099657943 31.97469461675935 
43023.36548045851 205051.22767693776 4.484416928696243 
19332.599574706554 190673.39628545294 17.512021288572306 
9296.448321847241 952979.2022712245 231.40699703226477 
8027.077965504114 9150829.54011269 1045.8442653748868 
8176.992405163554 1379413.9665333321 369.2182026859829 
30307.11330065939 216718.5152180895 2.371330206353215 
9889.885433781226 443713.99347492185 133.03328032392946 
8029.486462555416 10941032.102561828 899.6856403259569 
28279.445331107054 155058.04581662582 20.0534808068629 
24467.50140819931 171422.99379410056 22.73531173481889 
10930.815690736901 457680.9995279126 125.95547334954827 
36096.42720040992 181809.8902305289 5.795062687153232 
8245.227463791605 1630698.4483866175 319.65579791354764 
41746.54377713304 172588.76912313118 5.426107191786117 
54080.00858919459 180547.896859967 0 
27934.825524086 165868.51603442238 20.771528874863716 
8101.3009532123715 6932008.9028575225 471.26468466948995 
8209.54251261156 1157738.9657923784 359.369240157506 
8037.827584295817 10679201.950074531 1002.7648095640639 
55238.885164571344 175075.29570801405 0 
36499.57512837671 145142.30898046916 6.578074579210028 
13495.795613194834 280486.2239150898 54.256965627723886 
35001.60212475115 202527.00082583856 5.77144948048814 
23812.97154825646 176828.14774103515 27.85228410227669 
41746.54377713304 172588.76912313118 5.426107191786117 
8022.0825151851195 15414974.610030105 1688.0751104897254 
35171.285356435474 189251.58635074124 5.776155395136048 
8025.096410495659 9254028.897426251 1418.8157583224543 
8036.251330129362 8198638.171746218 1054.6594107291096 
8040.095481143563 9443731.344755534 876.5873587149995 
