10326.79281410457 5167823.310784373 703.4995722110934 
11300.034652619403 3858915.60696491 473.8842496202542 
9450.450091588098 15617093.763202036 791.4332348910152 
11052.60311676246 4037593.0803023498 396.34171605728613 
9073.102729292657 7601537.7712406535 1267.7473132194566 
10323.746109324715 4186249.001549243 911.2635776541346 
8927.807582463633 10520084.5897341 1287.4432434006615 
10663.785754273265 3618094.578451542 709.614030211422 
9520.562602732185 7907856.795072737 1152.475026140081 
10979.430869294996 3305153.110631354 614.3848496392395 
10209.747371055846 5725892.060000233 602.1944076420135 
13001.667015846897 1359782.7736949897 219.42096855686373 
8847.340937420038 22511974.23254427 842.0594328911834 
8832.69409389968 18911077.463748753 978.2616209690555 
10509.112422401358 4930230.762683556 515.0724064211948 
9488.468150831137 10237096.42792826 787.8681425506147 
9420.454327388547 7433887.70978657 1484.9511969641392 
8578.827436580257 36952462.86436609 1046.7213623605167 
10896.290190528556 2895746.638928423 756.9912399562002 
11320.14150469394 2834283.928681382 516.3059774334641 
9126.126285330985 9749376.272933189 941.0007400691334 
9809.577379227063 5147294.51502116 713.3057338279602 
11977.057387730203 1889234.1617647884 302.2372945510755 
10311.650095971238 5476671.983556347 668.9992036075299 
10423.69838328679 3889497.6899815835 705.0723285991262 
8388.798532164143 34190295.32659258 2027.5729525007916 
21075.82175763078 1792056.374326653 81.4132811137547 
8783.608901595351 11383389.49227463 1208.2611493380712 
9664.448076328272 5615509.460611621 926.3361571574676 
8296.642934789448 123308495.28471157 3803.84533166614 
9064.190570641542 16902863.6602454 736.4257981773624 
10033.449276761155 7764801.403282568 550.8004286992127 
28488.98605035789 1771212.9299918418 92.4670447597307 
8888.360473209888 14438377.761399565 1074.1815787028665 
25877.589236099884 1652052.543087034 117.98287361258119 
8606.00976081203 21333176.97742119 921.0093920765627 
10614.581442845103 9651747.812565228 465.86467112263944 
8342.327401505916 39834363.99899877 1318.1942584909464 
10599.510791379582 3815259.6015732707 742.0944301222005 
10458.770079822601 3923048.3000907013 685.1752318692181 
9049.357492270567 10866010.154970381 960.7491228870281 
18923.233830683177 3118707.9765325906 153.2639504346126 
17043.521526756605 1785670.2878027977 212.61451242043358 
9025.51638314117 10007140.418092402 1256.1675652670492 
11382.751040803267 2527446.5736824265 357.924582808908 
8420.482982806428 11616085.664901659 1099.7986797959593 
21338.5902525664 1370328.9799432424 124.49144554541343 
9891.033356335745 5923983.949347215 599.7113778391684 
10914.941686222102 3413641.5543869054 640.6050192403278 
16087.87822287172 2514028.99974955 213.2845583913555 
9610.387091749275 11522311.337455366 688.9267666199858 
11017.630981168302 3102298.4785900866 502.303693737869 
8386.69937867842 41247206.30119747 995.0151816169891 
9352.156523404268 8940777.7881128 796.6314876802717 
16374.677330733268 1592425.9954202967 311.0173442531427 
8327.627953026848 134285979.59857506 3877.8915941658042 
22411.05580057633 2879162.7282708026 135.29209953477647 
28551.56657383576 2250499.01387264 146.53977244134347 
8346.711916572325 59029455.28048683 1574.4778896100995 
8467.755817325684 23048868.44368026 1885.7964734247696 
18348.828974160617 2703013.620120046 214.28336032716106 
20215.342889158917 2610455.0173921008 230.74338727016894 
8436.666843137496 46614769.511501364 1247.4872335380435 
25363.7531109325 2063730.5077754832 213.9295303306644 
24298.67773324863 2339312.594956369 174.05454376787424 
27649.844179640284 2239477.952424112 205.26567820460284 
8534.41470640277 25249634.83444647 1605.7758938254265 
8757.059545075846 39229260.14840034 976.4960699164515 
16716.860347199803 2732157.6105458587 222.10244281258855 
8565.812858096077 17483868.7028776 1335.0231786934403 
9621.598879684156 8179774.854636539 1846.6700540456409 
14265.442183460449 1849788.2270169966 387.26005903878104 
9384.869462100713 33328211.28149065 740.1387380576318 
21696.49764366468 2511825.7127367863 264.15774052541053 
14864.976847325182 2081294.99763338 343.3515779793081 
13425.790592291974 2218306.839117664 276.5348212377823 
12386.558891444289 2383079.7348525682 408.5737836028915 
11218.557085439652 4581512.576964991 477.2323059376869 
11753.320082870772 3024430.605279678 510.59775741470753 
9261.932284542125 17890134.124481283 1125.0383946850786 
8963.395243897621 15532931.410663733 1299.4209881049144 
15641.669362078697 4339622.017568596 252.9029114396872 
10960.25595695165 5546478.7862782385 620.2445337211807 
27855.850658410884 2723842.3643927164 150.36518558181422 
8480.473817510083 30352534.582096577 1158.8651463208228 
10178.876123538797 7557949.022855239 654.7454569710613 
9186.034593491637 11851676.46859237 1215.1577697511552 
9434.290723180256 13648174.740631022 1036.3656065249481 
15692.271782000964 1820908.6831201473 314.46013988212314 
10357.498405919352 21978898.379055455 578.5495950611082 
12999.619446597657 3344918.376791752 356.4527196621354 
8830.024230484567 21459082.2530402 927.2316472328062 
10405.921144861737 8646206.590988459 621.7154802059194 
9583.413386584858 13939641.510965012 840.4206541891971 
12699.749047260826 2292871.3761395672 367.4533090294318 
22082.074361222923 1876528.0459529215 224.9693509624369 
11694.752144403776 2786516.8775265184 599.6151035839567 
8446.19564806368 28056079.70131261 1164.4999482077253 
9960.026958542898 8640495.748904398 696.3708827924187 
8788.840902404627 28198824.718495682 934.5677713758676 
