7118.223890665307 471099.47765025403 134.65127810201872 
5227.799883934805 33500733.484143376 14123.022518591413 
5228.6830513668065 57959271.02336161 9026.885539892422 
7164.820202324587 472356.8286039557 131.76260722687064 
5227.932526645536 36810834.53765062 11894.196686624047 
5771.165037370401 876844.5351937145 471.75773872966215 
5627.919277442645 841018.3217516781 518.3535622813461 
5915.137865169913 663514.821226193 317.24356118493444 
6856.471760942459 512285.0150132907 168.81306749554628 
6682.7832696967625 505513.8249932403 172.33213902506338 
6530.484984404478 516310.6645303457 182.91360384878132 
7028.539408806209 478278.92026756133 143.29040819538594 
6066.434017703476 656371.3876635536 290.7036745111006 
5230.743824389013 16389265.170205839 6842.6398237340345 
5231.87018167806 11212905.541031366 5591.174857054957 
5227.932878559326 36798231.22921886 11891.898042131197 
6613.80343530617 503640.4017505463 176.30650228959095 
5230.288986124306 20182380.34649478 7406.980094165533 
6438.024580177313 530439.1194177514 192.11431203410956 
5480.768723683062 1277575.847695739 822.8480390061243 
5227.9643947538725 24670727.148338966 11228.15517978009 
5247.718514888431 9176782.270858515 3112.9142669305643 
5583.753755362467 1116814.9205180204 688.5111670428793 
5229.588898574043 14302218.889916351 8230.476007975825 
5228.350205252073 21220174.326025244 9373.436832096306 
5227.818841817854 32310779.37328977 13406.640761169594 
5227.86693262241 27353242.0139315 12293.937242709038 
5227.835638399867 30774293.04312481 13046.741267214291 
5231.054041606229 15449076.41640102 6232.906957719551 
5239.241741664034 7115145.680610252 5432.715158973408 
6210.690098903562 561126.8484957777 228.137888019125 
5229.760634506008 19645246.27171291 7896.5219962963165 
6145.400065299865 602129.7079206376 232.3671164734493 
5301.706505812589 6038783.091457328 1401.1038514692098 
5240.826142023244 5539957.189601823 3977.1335362650416 
5240.530875133931 5736387.675086348 3656.2616912962812 
6947.397425223762 505492.30162928096 149.69898841800858 
5227.818552946324 31314018.38301394 13432.4398413242 
5234.212894432056 12599318.038748667 4661.837399545245 
5442.8971317782525 2167318.7892602035 998.2943681172198 
6399.682616190451 531616.1890618308 183.85264650274183 
5869.548013801587 872017.8448658077 394.9775146163123 
5227.804448202607 35199738.16200468 13766.125279207323 
5296.797354932831 5388321.932953993 1678.0869935328465 
6266.316999418317 543229.5397016528 199.95207282099312 
5541.372789614698 2030946.7884801324 628.1703308985345 
5332.291886466585 2455628.4735731077 1141.454382275579 
5232.473904347393 10222467.011256395 5245.207619420669 
5375.688471693512 3275108.253363075 952.9494471387738 
5257.329078367803 4144136.651292245 2083.628930794953 
5231.131804176306 13296533.371830756 6428.736210718231 
5229.485396531916 18130427.431886923 8391.734931890269 
5227.806603410364 33068579.14061965 13906.937878616049 
5521.417612425004 2330032.0718775536 764.3950368628266 
5230.94520562337 19007873.565791108 6648.409464217121 
5228.730440436027 26156865.920496613 8744.485375792765 
5306.907774240298 2799635.0870097494 1269.898422237773 
5228.460837104659 20558042.539183624 10410.782897788493 
5228.025141443726 22454825.074866697 11152.9798075673 
5406.433946164361 1894226.9210843043 1051.4228952720919 
5227.844739726953 28832360.15385199 12889.996800156852 
5227.806297034864 33881213.54690883 13758.216313843333 
5228.341979902132 22996618.954897713 9621.596593308792 
6928.666208591213 507764.5071270361 153.64951953652928 
5233.811823768927 9839549.355990188 4896.967197786195 
5228.109143178481 34553875.70984935 10612.064851545729 
5228.110123834973 26433149.015260212 10665.157590984838 
5227.866842756927 30142875.078773156 12422.619694652014 
6341.214452742489 530188.1847906082 206.87934449571776 
5239.866277314235 8048029.03631787 4309.0114181858025 
5228.00345907323 26194790.155079592 10994.13360116907 
5255.0115850102275 8621068.753816977 2410.888801482587 
5228.166697676214 25244997.04360075 10239.519359220101 
6868.231916211269 516101.697370572 157.86810759770535 
5228.763249329833 23888413.192244913 8509.37523985037 
5228.266916101338 25136898.857599698 9961.689844556355 
5252.899361740936 4192751.8916382734 2790.9296632614632 
5227.860921703401 29808694.61867132 12622.172452892346 
6672.078527627591 545959.7262087935 174.55404898383625 
5826.718375377694 874111.2369982467 420.61674338668206 
5231.687687226537 14014956.834593304 5920.618980809765 
5361.074521264824 3070177.4201741363 1112.360435226714 
5255.073533999647 8282787.889668407 2364.505349386394 
5231.249157125034 16870332.44105478 6150.603461474372 
5228.336684753371 23577464.42933281 9571.320838265367 
5273.599073986594 3259959.3021093057 1749.3712493984476 
5398.268438860464 1985229.3796113697 1835.0341199013662 
5227.860772787591 29782099.66134476 12858.184111639599 
5227.918167414956 26984693.556288987 12069.831873939962 
5233.048917326916 9843141.82136629 5110.802542224946 
5241.211005270233 5019528.372845237 3362.0194679478122 
6341.742158736095 529343.912179853 206.67223576971617 
5239.571979629103 6016442.006015819 4381.407664235011 
6250.614246719259 556279.8165705221 224.51714413721947 
5253.771584445558 4537918.318272431 2692.100910528256 
5229.847881231906 22761277.950229388 7751.551119927991 
5241.309280578401 4935300.777442834 3324.5247572247295 
5259.003366037886 3131851.8812365043 1958.2486259722996 
5231.526320714445 17486970.52278568 5995.597596158912 
5227.884908893607 29023627.396362916 12062.587215033333 
