6526.387018197912 449987.8841876696 152.30080546257085 
7377.912380986272 454412.90625889704 122.9753550806927 
5227.423013035693 37002717.58814744 17840.452891339177 
6897.5631916351385 519409.5578226771 149.04548574798946 
5847.94874489539 631781.0142984632 301.97148076832906 
5378.021560386231 2372262.5880785603 898.2522525523995 
7147.882706370984 591686.1801295122 138.89999929517165 
7006.081675061715 498004.5155340991 139.54510194376687 
7240.7575161492505 460655.8419187333 126.00487716829117 
5227.483360862035 34653299.55376057 15826.238922625005 
5230.024218835854 5906761.265408402 6610.229618575625 
5227.526838194783 23973738.701857723 15452.034565122218 
5990.353675547582 664665.6738915992 293.98648664227153 
6097.155245159676 524157.96461930324 219.31645952740362 
6477.114515824499 459367.1305842982 157.6145132836241 
5227.438147979554 35807780.0921762 17636.82337140101 
5227.777087208844 15992427.451294731 11152.311780905115 
5227.462902165039 36308993.32081473 17321.288771976975 
5610.944607451744 818443.0472683767 488.107002166219 
5227.483638751256 33570350.2648919 15870.979206750408 
5227.579804389786 24861340.661535684 13350.806541532418 
5227.582108465616 22539628.963789247 13875.380648095246 
6367.276186265045 461738.65658715117 152.68382149680411 
5238.236528376251 5108849.024609682 3939.767505484167 
5245.887776374849 7723025.358532743 3342.37781241592 
5238.013905460771 6414482.300566839 4425.441493383381 
5227.6216578798 19474961.845188998 12736.393937479985 
5227.540076804831 26552094.633481786 15390.20933704016 
5464.471995357968 2640940.198476277 808.0343169133761 
5229.465692993847 8661760.321023684 7856.802901074172 
5227.691375688138 18513148.435861513 11776.602382537187 
5227.583936058717 20669574.016809862 13602.527931815557 
5227.598184814634 21523119.09988832 13381.318872826841 
5227.493159540864 30110039.288543288 16369.57216165973 
5227.618105264604 20379689.779279195 13046.870676187122 
5227.519621776202 31993102.877319418 15075.999613002668 
5228.110495843503 14280467.24936653 9127.846456272935 
5311.278459296975 2776425.5989827295 1194.8384120056746 
5227.866955672535 14496797.655296013 10144.727239782069 
5227.842339082598 15215602.513651527 10277.475015630043 
5227.647103916246 17593957.913264986 12221.900333271356 
6011.123833225909 652272.8633522049 272.9215814106161 
5231.8546038900595 9715683.330584569 4882.653307512503 
5248.353582006105 4527774.128948439 2922.453623666848 
5228.78886160222 18517753.19115737 7539.346458416126 
5227.9814237510345 13825311.501325276 9493.095082649083 
6957.60053259367 618381.3476880625 147.87791730534934 
5252.341299645077 4365591.049768167 2548.758029455714 
6174.46807100162 570670.7985072152 202.8699271052314 
5228.392363717988 11551357.926459383 8243.974925562037 
5228.070193823131 12715507.365770442 9750.32430120395 
5755.039040737001 648815.1184568331 339.7816431078398 
5227.551234240271 26884160.526642695 14027.703927859424 
5227.545865840853 27302705.353411037 14359.460162389914 
6329.85505500394 467058.5290725686 175.8922817933017 
5532.180238342951 1293984.169467215 612.4793593544903 
5266.672190837205 3352538.175363522 2101.631293999077 
5227.753415456373 16710185.083132947 10923.682993607685 
5227.748659554288 17063609.627639003 11510.611712641185 
5227.485017122492 33220268.96140483 15472.349421042949 
5291.273682613195 7134096.80940346 1449.4569969624304 
5229.40074863478 10424749.079422908 8449.820522140704 
5227.641438756308 22269557.098289795 12575.256701746677 
5261.808862917465 3684445.123089275 2255.564923124524 
7196.31396730345 469313.33435890696 130.61397559917313 
6265.668580404044 506601.6774382937 176.82982332087138 
5231.695504633078 6303551.509391026 6322.9416566595 
5240.008139819009 5561945.263615145 3707.8715923401 
5257.50974624893 9253795.884392677 2464.342157077802 
5227.6467100180635 18693702.742557276 12432.543865253308 
5227.9338399323315 13572703.792158948 10839.833921811165 
5340.154452403253 1761392.4238897976 987.8832642736315 
5228.203484655933 12007675.870300755 8825.356238959159 
5236.533870510585 7582796.61611754 5619.72589211194 
5683.320918068742 756869.1031065753 428.1506457952672 
5227.618179818103 24634388.89939113 12920.422986505726 
5494.47483889907 1045206.6694132562 758.6009962431982 
5227.479685593801 30708955.6143772 16648.86772491357 
5243.142611695648 4570229.946935261 3531.2071761763136 
5236.614733215316 7230793.172027272 5914.46733731531 
5547.298750628097 850392.8897591132 553.197335879133 
5228.165705106193 13110343.979660474 9708.98789544502 
5336.908800647483 1705845.607760732 1003.691967873165 
5269.121645671615 3120237.313282783 1722.2861696048824 
5686.731939017098 718598.0379918908 419.5052781443233 
5229.814457762452 6720549.901272092 7572.311248876788 
5227.539698108274 27459471.038959518 15010.821342991274 
6162.7283516201205 575410.7650259223 211.99447837686603 
5749.323863871692 654253.9758337683 344.9654580590328 
5231.762957759891 11241838.189243982 5138.756356737023 
5231.523791284654 17166720.627728056 6082.398822605701 
5227.491007182588 31395333.555751033 16484.511254902758 
5227.839613264225 17135569.726888742 10503.257023852055 
5231.6350723950545 11312017.3450087 5447.563990598061 
5227.8389852038845 17789308.07944786 10264.484862880985 
5228.240758992576 12171155.890270218 8564.42668545451 
5231.726664175596 10020842.74834119 5196.767250324254 
5227.522814811075 29865906.73158457 14602.422859651957 
5227.512591077852 28284598.024545897 15332.317939668043 
6265.7626406394465 505894.1741535134 174.4179070256023 
