7187.27231377732 469440.929179267 131.02406733952893 
7160.118690408302 468250.5680901833 132.03793987613403 
5227.754077549183 50188107.74810785 15139.322510516435 
5228.628728649068 31481760.661006764 8962.510229095222 
5227.75686552397 27075202.876415733 13207.591676126161 
6894.733969666126 505707.5893007524 155.4194012925171 
6686.438276668441 494570.21447366313 191.0702011685443 
5227.918380073481 30282129.312597178 11660.232907002435 
5239.250974488976 5448485.294063122 3901.3858051086117 
6048.60403035487 647186.7174911709 292.00788125705265 
6580.8124080161615 506052.7859315642 178.05299547493576 
5234.14298911215 9864059.321453163 4596.116847337041 
5230.538721689942 11623454.388494227 6748.810339818157 
5230.1877976015885 17622233.01352294 7370.051703429989 
5915.13021509935 663480.2314301311 316.18016064960557 
6463.574661533174 503250.65887287457 186.48245992453207 
5241.324131053522 4826223.733122812 3236.856831497621 
6344.9425304489 548700.5758105059 197.34145871899045 
6267.1398642796485 588795.8238559888 218.11761745495693 
5231.834633946529 12611776.124215007 5495.9921324787965 
5227.964955940978 27482833.412626557 11279.23358602342 
5227.8770259059975 24287995.83225794 12080.061998285379 
5247.5670639255895 8952710.096643623 3071.3089189805087 
5838.969446560901 887776.066160701 314.7127571901748 
5230.515501513909 14994787.479649853 7904.2267355193835 
5229.410375978029 15798207.525263585 10094.427979066091 
5227.8294056577215 27306438.839294847 12737.277586130735 
5706.088898064145 957106.7125747472 413.45745390680656 
6530.715214536113 544763.8711268478 184.40846285191708 
5230.90542244415 11115358.69016309 7110.587966282801 
6970.42612918327 498253.6984039736 146.6204425562004 
5231.716020730362 7021228.834593881 5799.333068189105 
5228.077065886726 25966807.976286437 10459.498295875388 
5796.0070723839 1034794.5228618586 389.4500858717837 
6686.36434116099 494579.14205523895 191.0720225697513 
5228.720994694275 21860837.45697807 8647.057147877842 
6083.18529617558 612294.7923269391 237.09173681264951 
5231.251660495011 16502480.603633272 6486.190159376174 
7084.093943661274 477426.5168136619 145.236223205411 
5545.78059016996 1403628.5349907093 683.2652575096962 
5256.849300812543 4036815.3410043144 2016.7602457502173 
5228.631049768781 24945021.757198393 8864.255946781375 
5241.32039373866 9663598.366477259 3604.662100280966 
5231.488538144066 7678481.613457717 6182.987511948654 
5754.670952558799 748645.7845319656 398.9567991272424 
5579.575458798892 846269.246129272 543.342026813903 
5250.076196671179 7149199.5769129405 2637.8208728065374 
5649.374060709829 776334.8386648679 467.5305156560431 
5230.102459431833 14277854.513804654 8009.794951018572 
7005.227642924873 497894.4879212035 144.1394739381687 
5255.382634499708 8179713.106124412 2342.502358985325 
5915.124685725171 663467.7511107386 317.2579681355047 
5375.6865066351975 3298336.0969542745 954.5281913740396 
5280.109649071038 3122296.5056341076 1382.5837129459642 
5349.183575552119 2410304.7737608 1074.9097691756965 
5228.473828157833 18725222.847719006 9603.442664496124 
5229.995017541206 13518650.625939557 8226.051143161174 
5229.542185510007 14761927.485754602 8414.023538969812 
5271.472765563356 3745808.5762619725 1551.4907414717181 
5306.638950035222 2955089.001734372 2167.81764445094 
5398.268438860464 1985229.3796113697 1835.0341199013662 
5233.225921705388 10804071.114383422 4989.091491114978 
7057.932286520754 483536.090658944 144.48109174359152 
5238.8030303438845 6697511.782857366 4893.996276934909 
5238.553169582218 7453329.843907044 5266.208541556914 
5465.4139947385975 3702896.542293377 792.7393308108424 
5227.830553815116 26479323.017400153 12975.91190478963 
5229.4292580165775 17034837.223792057 9396.13938771177 
5231.37566894517 13498424.51944862 6331.292421880161 
5254.244738736059 8668144.3241716 2513.904138415868 
5228.454035341801 19224769.90452789 9060.628696005093 
5228.279678319652 19603858.395406965 9754.045797450686 
6210.419902596188 561980.2629399649 228.31611389810737 
5228.533737840487 18274526.03763439 9255.027661248703 
6145.713637808722 603429.5594833815 232.70868992082072 
6396.169686748975 534638.5945808826 198.2286839961394 
5329.990522562453 2165791.747322302 1124.8185531581707 
5431.186379696802 1498953.7759157608 881.8332098880034 
6151.554432398005 588671.4309207674 229.55976463729672 
5233.191059939421 17928267.34423646 4872.478966728425 
5411.910059786804 1615002.9408652124 989.5022065939743 
5231.842328265245 10349805.08157975 5388.035177771468 
5228.1319554555175 20448139.74562866 11086.876714111477 
5227.935114230682 23087454.227948155 11519.539707866861 
5306.907774240298 2799635.0870097494 1269.898422237773 
5228.023578159101 22577763.445549347 11301.59032664346 
5316.381259666552 2224776.8764921147 1739.3481241166928 
5227.918768898078 23889290.593003042 11715.385563000738 
5502.49506684543 1266603.0361838867 742.9647616265016 
5621.14365443076 1312897.7034600987 539.3988243512023 
6219.174051366436 626944.5125211071 212.61564503646133 
5453.549873998092 1938753.5486117778 821.1275897540226 
5240.305351406303 9929657.238576367 3728.477283292586 
5228.217230234373 19955915.08711285 9981.438914386745 
5228.153210414751 21170003.301897697 10694.097260441122 
5507.33373534605 2257137.706092284 716.6674009591729 
5227.844657834264 24435281.8418404 11885.703761812247 
6394.882692887921 535250.8487244552 199.42176974240672 
5227.92978507882 23423486.395100117 11935.857179221946 
5227.840969048457 26218000.238808442 12880.460684721824 
