5227.135164477939 53367859.5889779 26174.183675461107 
7361.434051545671 450511.3894557021 120.46231863130251 
7444.287342236264 448766.6143925808 120.64766330896519 
6778.286722334586 426533.066518037 135.71591433202244 
7231.019069868011 458912.37827996205 130.24251995902844 
6375.335889405813 464277.08297482145 164.0698746104419 
6232.243972880748 495330.7947771149 232.07390342999332 
5227.198869327556 39961431.354844585 20268.29379898836 
5227.481533364487 18681228.64496752 14504.582765105011 
5944.198667662051 617122.3688129567 382.5251932613605 
5227.281568836456 29133234.875553396 17732.69003526986 
5538.954431733292 799472.8270335158 591.4786476041136 
5227.30942047236 26239871.776886757 17364.083034623767 
5227.2648465144375 31220003.910006423 19575.37979270359 
5227.229992531744 32731870.149709046 22583.669705527536 
5229.814608924293 10161369.283008872 6471.4464677543465 
5227.18662206825 47068592.51885575 21043.367439833477 
5229.163959365973 7884362.408651892 10015.31859444556 
5227.356309877015 24954695.221019063 15586.207549848426 
5227.242237812716 36900326.22429387 18722.093577588625 
5228.361816224192 8997724.252267368 7563.612118670202 
5227.572082931203 16702490.917347912 12524.480661826192 
5259.990169327539 4818646.685159308 3074.674297548745 
6180.18413673167 510773.4153374735 245.69256845009747 
5227.658366682493 14177013.4546212 11801.17404192349 
5227.1490933014975 45803450.97502416 24358.634012508042 
5829.0101144213695 619126.4337803903 288.5547091976232 
5228.241698411465 13133423.578416653 8564.394897949234 
5282.713216155473 2692377.502201395 1420.3132237540053 
5227.259103043536 35469894.002565175 19222.110644445584 
7284.868479868626 454047.95687553356 120.85891454454267 
5812.727783997154 623618.4864999063 290.1881765179871 
5227.280144528307 27485830.35528368 18225.918595951494 
5238.092650230817 5501447.312205187 5768.9560548484305 
5233.4804349309925 5825680.112646958 5225.1757956686815 
6096.805458923817 530719.550055223 237.55096489334642 
5227.162728551065 44209919.12088272 24428.079164188497 
5235.245043241161 6914980.378746955 4708.288311451862 
6748.898588447672 427111.1592696945 137.3879595872092 
5703.669186172178 662237.9274854129 386.0847966231404 
5227.562005000715 17420046.66133137 12787.508387247557 
5227.489892903934 20722961.422265206 13611.924592843861 
5227.149684143635 44323972.83154027 24965.209758236142 
5634.293655065418 712600.5175622874 452.0728079446002 
5227.185716577373 41870904.46010545 22331.06922323509 
5229.705849280823 6270664.464193211 7443.224247556226 
5228.004806524568 12295549.608738815 9392.896217655492 
5229.047640033375 8957800.436109854 11143.374807775941 
5227.162872516856 48501090.63946994 22927.234119037974 
5227.890020209762 13542861.346843483 10254.809611227942 
5471.377135296392 1266677.2248582807 794.6244912372258 
5228.093510870459 11662838.202762812 9101.583787376283 
5586.235197549635 724100.4507294144 505.61675146932953 
5227.189130146288 40913785.908831716 21307.29471710677 
5227.181240921651 42603762.797012135 21932.611266107488 
5227.136105027953 50851353.47953459 25909.199054548495 
5227.326860380897 24400858.729447808 16647.506665620538 
5228.126297838906 11090964.967612604 8683.102612909737 
5227.400029027789 21218647.050633386 14862.587612986514 
5227.135370244923 52710464.35308724 25680.02864544856 
6657.830606833201 428375.95785384096 136.63016826782615 
5227.482293198551 23052823.29160669 13827.122727401344 
5331.4160024180255 2227715.0689000743 1169.1295167245985 
6530.174729056742 449313.05579499283 196.6944790955442 
5273.883013758865 3698540.1763372626 2371.453772330202 
5227.15292109662 51809369.994892284 23465.637422356715 
5227.235686498211 39151257.97930244 18974.95227509718 
5240.596264462885 6448976.9905306455 4508.053184420655 
5227.900140601775 12610195.354516082 10974.399893707894 
5264.902672418874 4230854.06487212 1860.0183438840663 
5235.858288279359 5576018.492915073 6494.599698231991 
5266.035681408488 3904235.674769989 3355.8654192733366 
5227.267063149188 29837219.02897583 21396.39664830548 
5227.649667149983 14978591.298795998 12063.987954553304 
5395.161499205027 2116526.594478513 941.1754379448055 
6436.886975038179 454801.9364706916 196.69033588001514 
6468.904628859933 455264.5347641148 172.04788270473145 
5227.208557674841 38429502.3001925 21643.677116497067 
5227.543642709259 16974707.548791353 13109.839048800397 
5227.159854626245 48933735.57904713 23688.246982956793 
5227.228954265713 34496884.50619581 22809.65305473977 
5227.136812158723 50204963.168853566 25422.604099033786 
5227.365678845986 22777322.45336524 15330.723611798518 
5227.278479719256 30777123.9941947 18158.61715732415 
5227.914746576282 15028211.755656986 10164.170468874501 
5227.1424716220135 49881566.18676623 25056.77383455448 
5227.346320962823 22161666.571178805 16203.198237442597 
5227.157023915193 46958723.210019864 24107.805363742635 
6059.151193495801 526592.5717144813 242.34440994092702 
5248.897040277638 4213569.890856731 3891.4501485389374 
5227.2400156577705 33920374.33060458 21919.15955442696 
7418.4229753192685 450255.11608202814 123.96548389507095 
5275.497715815904 3430485.483229605 2216.563270346035 
5241.507950302345 5225788.408509043 3868.721209835706 
5227.488486275579 21881702.651323546 13555.489425051732 
5346.502891257522 2971483.552483135 1085.1411078326432 
5227.313921365847 31061705.231766 16953.978827442126 
5227.424803572636 21012160.086877998 14379.9733015058 
5695.719108285772 683663.9697091063 410.5238361851239 
5227.177020784463 42430272.95516714 23400.81178755888 
