7233.959486882594 465428.58004900726 128.07628071093637 
5227.742290598869 52066861.45369902 14065.789858737237 
5227.737954436505 46471322.50434487 14116.538328009734 
5228.628728649068 31481760.661006764 8962.510229095222 
6579.30483502111 506668.66475635435 178.06174473195784 
5227.75686552397 27075202.876415733 13207.591676126161 
6845.054966001275 517332.4455597186 161.47430437415784 
5227.77673302401 25868946.123902306 12553.924595911598 
5241.324131053522 4826223.733122812 3236.856831497621 
6035.8134660553515 653637.3885093784 288.84880904013335 
5706.083880613638 941171.2337789978 415.2442948742147 
5239.360240839302 7425505.762736654 3519.192823188468 
5230.90542244415 11115358.69016309 7110.587966282801 
5232.048619763169 11903629.341093175 5218.1003692737895 
5915.099087135423 663672.4328225058 316.2013604563221 
6934.536244214498 500588.74955985276 147.4311383825316 
5227.844554036985 24399691.029824402 11888.668296908842 
5256.377183116487 3555971.027453589 1950.0714629358895 
5230.30189486697 13119598.87460107 7787.710924556813 
6446.780980568049 497840.992738907 187.15015351127948 
5227.762101413525 27038202.41001171 13084.813488032663 
5234.144212894504 9865947.89605294 4595.625343206412 
5237.782999352009 7009248.847724365 4178.735899168589 
6151.554432398005 588671.4309207674 229.55976463729672 
5228.155642709089 21754873.479107153 10571.38724246034 
5640.556071359562 1103289.6224027504 520.908573301689 
5851.203691061878 845272.51941822 331.52121145170395 
5247.291970288693 5825417.597556384 2836.961398470891 
5231.246025297731 8597091.618144292 7602.975376403022 
5227.9663784899785 25423902.131071597 11444.76392994819 
5247.2603303367505 6519766.688797816 2781.1858113538515 
5270.454297052502 3787637.3224652987 1576.8852061055939 
5227.923011537834 23201856.436083272 11674.611913372351 
6344.9425304489 548700.5758105059 197.34145871899045 
6396.179800973634 534352.5272118354 198.164771001421 
5231.559933075406 9008848.565251283 6042.103211971329 
5229.401404842643 16002724.239309074 9207.214459090319 
5228.1317228246335 20399013.285835013 11098.4088444969 
5754.652483177444 748620.1447624264 398.938964054832 
5228.310497456462 19489134.309160814 9753.602000413746 
5231.842328265245 10349805.08157975 5388.035177771468 
5375.6865066351975 3298336.0969542745 954.5281913740396 
5231.254077339273 14484397.484725524 6543.634875130129 
5230.889370099899 18219729.88346847 6319.5606482737 
5228.977442826236 18664068.705281258 10749.23599506378 
5231.029722239731 17543681.32717986 6887.9900085437985 
5239.250974488976 5448485.294063122 3901.3858051086117 
6848.87062806606 516674.8085456833 161.40508694804788 
5579.5657967319 846305.8374753627 543.3518377166321 
5349.19592975816 2417305.043221451 1077.2247191140075 
5253.677138677527 4314388.271091463 2398.3345213059374 
5316.382938415277 2225721.5636099237 1739.5086864355867 
7004.538264826505 497736.23461343395 144.0760753199577 
5254.038284186324 4295156.1178321885 2343.73778087975 
5230.348711900727 14235989.719717331 7481.258462380077 
5306.907774240298 2799635.0870097494 1269.898422237773 
6513.651380977245 492732.8314782572 183.56206699303823 
5411.910059786804 1615002.9408652124 989.5022065939743 
5229.410375978029 15798207.525263585 10094.427979066091 
6267.1512435890145 588789.2608276294 218.11532594666338 
7057.932286520754 483536.090658944 144.48109174359152 
6296.477763418965 542641.465548016 198.4845812679938 
5228.450289705688 22679880.744723152 9403.750223224819 
7113.87179039005 472725.39801392145 135.04865073947693 
5228.002931993396 24643218.19399749 11078.209049342584 
5227.857683759981 24281524.834513567 11796.954086348353 
5796.0070723839 1034794.5228618586 389.4500858717837 
5229.909807996126 15146333.530742591 8115.1767432369625 
6095.877618729733 607636.7866050845 240.41097229383476 
5239.127544076855 22921953.7186926 3756.648623740341 
5228.720994694275 21860837.45697807 8647.057147877842 
5228.6314216112605 25115214.35755547 8860.474965751402 
5230.1877976015885 17622233.01352294 7370.051703429989 
5329.9908956675545 5627444.878431926 1158.8018406274823 
7160.118690408302 468250.5680901833 132.03793987613403 
5229.169428606548 18110227.400902383 11150.463490374877 
5453.53231019945 1938281.5807439 820.9817821446719 
6205.341985842177 640306.0441340157 210.53333690904216 
6967.324019097709 1907699.7683695818 188.18865442221338 
5229.542185510007 14761927.485754602 8414.023538969812 
5914.843379918206 665535.9346937892 318.17301476777067 
5230.105021896895 19374167.628583293 7810.36858287779 
5232.944631364061 17342077.824991863 5065.355228743164 
5228.473828157833 18725222.847719006 9603.442664496124 
5621.108493845164 1312463.747123505 539.2883219869469 
5229.545856895069 15777262.650693694 8342.643746026097 
5228.386428258927 26448715.266258378 9691.20956025959 
5233.281070074613 9938879.321808714 4779.768892302652 
6528.285252424317 497354.5268568811 178.74346572231246 
5229.354053771988 16737960.801556254 10285.33028468399 
5228.0743345902465 22354062.044951327 10355.427683123451 
6219.171142436592 626943.7644640084 212.61564503646133 
5229.666007905523 22063401.50768068 8086.082666513167 
5545.528789958205 1534094.1751025112 623.6883766072164 
5233.357862450486 6742918.062838408 5644.971304546184 
5507.33373534605 2257137.706092284 716.6674009591729 
5817.2180387102 798499.1730838016 393.6001783090674 
5431.186379696802 1498953.7759157608 881.8332098880034 
5233.0874935723605 10232886.107532319 4961.348590882084 
7084.093943661274 477426.5168136619 145.236223205411 
