15965.310223145316 318892.3379387392 94.57990946087034 
16233.427398719154 494026.65445399366 47.25150652941566 
5227.607406542127 47153128.36771658 19883.185987772384 
10397.144662526905 422171.0750095094 97.57039740532264 
15617.84602339541 578060.5577712466 75.21244387459815 
5227.636646837205 38142160.70370599 16543.677588030532 
5227.743137428473 27460215.868027687 13563.44381116855 
5228.1384066059 22251575.51053953 9432.460499616825 
5227.694978179157 30692185.463377863 15169.159721443086 
5227.740413090203 36963997.52768572 14656.335871774536 
5228.193671791739 20638424.130081274 9002.361950207016 
5227.943719440604 23949087.480022393 12397.18763537553 
5228.159621456972 16077707.573483124 10226.218828924058 
5227.730223692904 34333897.23383576 15085.053656634782 
9479.137276260537 453537.85109965526 146.66830549474375 
5227.993927470183 18422850.708616026 11441.861431183548 
5227.691614290314 35980037.52020391 15850.239912719215 
9771.84700418073 423881.12560960144 108.23873384757269 
5227.736055883027 30638044.857662454 14668.272815651422 
5227.963971353489 17222529.479034133 11562.98312281345 
5230.968159559494 7370943.294938814 6418.995183477303 
5228.365732733462 12876213.955940241 9432.124645321057 
5252.782924742785 6666530.357428633 4389.882767423629 
8822.768790858789 465708.443679639 112.47788697297563 
5227.904100818361 26017517.407141715 12691.674625764688 
6658.3630213922115 714068.2382725582 295.2489062085276 
5229.046112113421 8239179.558682825 7387.764803346772 
5227.929259659314 24836636.527135152 12822.270421862115 
7206.548404689012 638264.6095858691 270.90040840940355 
5228.002274639555 15067165.766371567 11542.63620130993 
5237.198692527592 5581559.862497989 4913.287148450381 
5228.066802716858 17558081.015853472 11072.478405734651 
5282.913563069873 5387296.197013305 3083.1463427050326 
5230.0388114503285 10286513.837717723 6882.561798456857 
5227.719194268249 35955893.291945145 15047.310506112432 
5228.746330138917 9622895.951214677 8019.40985363402 
5228.5981356504935 10510947.014318597 8674.600108592733 
5228.387680197344 12083758.389120353 10439.577955089859 
5261.403505806147 7338335.657666491 3622.1840026744176 
5228.271680113465 15137479.515036572 10767.928699992503 
5236.318110273364 6060524.396970026 5635.309689326846 
5228.400551956659 11117789.461187655 10392.459648559725 
7884.893268983853 605005.8087710498 224.69463898013038 
5395.981688614967 3058237.1953135263 1311.5567462172478 
5227.867128987386 26650783.658439077 13231.068695717127 
7707.190923006821 941368.6474160474 196.91171823815466 
5285.053418139169 4403912.40182946 3667.665417404775 
5227.89305159306 24112897.167515628 13038.573481935755 
5494.29455118827 2786543.5362860104 1146.8556657058848 
5231.34307044387 6349896.045793299 5820.046044741703 
5458.148696531017 2347986.15526227 1349.9345881976787 
5292.066258302133 4477547.297072456 2731.059967602244 
8748.229881660058 652822.5678212623 173.23175052279714 
5250.207472563576 5290443.4541084245 4688.408628523668 
5597.991217255788 1864931.0715991696 975.1945636901678 
5369.293813310129 3914206.1664013295 1956.066991775569 
5644.232438916493 1628748.333355253 667.4589509918593 
5228.497582557024 12432499.951613303 9132.765913642837 
5747.872039900165 4843001.064705461 560.404548063744 
5321.98289046109 4626302.044823923 2214.8114842365703 
8442.609335233621 582106.1294024719 211.18831808305802 
5229.014709107883 9370259.954307761 7807.784769682583 
5227.729634292576 35199601.823161215 15105.643304311168 
15823.704700743041 394689.39080659323 88.16414856099414 
5275.77375849817 6345100.886970736 2502.4406756248945 
5229.030585938193 8415011.56171929 7920.959619524526 
5229.136228313491 8360426.117641795 7071.553446278564 
5228.8775262776735 9272072.465069748 8798.120836808288 
6052.468822177451 1202070.9955351758 445.41355250596325 
5372.875736805144 2662960.4172628797 1550.6024028390768 
8163.6344482499835 556217.1417150095 290.50572691847793 
5227.731848543522 35119392.44428256 14897.821014749075 
7277.580142948236 617161.6367151274 238.07352652093925 
6283.874701791197 890734.0454863869 320.8443944055677 
8273.255284200552 600959.4691268208 223.33451416155498 
7469.072196695842 562974.7507549822 254.09601713135143 
5228.254370955403 12333519.172564143 10883.826611665192 
7513.0394814381025 607270.1010904256 249.04765892992663 
6597.0208810508175 777762.437736663 335.0074265217381 
5297.543546698259 5463108.390533744 2041.3544885991587 
5227.771839342045 24011557.72504974 13261.672059062837 
5602.982095190067 4393735.043427688 888.3983212847897 
5338.958866576732 4731659.506871674 1771.5054105098409 
5235.365106942922 6093563.445626102 4495.209114685138 
5835.624771034165 1414734.1515343252 608.6621115216685 
6450.540747387782 1119328.0754817543 269.0148716128249 
6446.891426764728 798219.9853582062 331.59785386272546 
5228.525236410434 10599576.638223069 8841.040840505284 
5909.652652537697 1179072.0229322878 517.550309175774 
8414.025986757293 581800.440180432 219.76456271199925 
5348.551918328693 4387312.234662909 1842.3668706336157 
5367.618313016164 4139588.297453117 1805.8399436747377 
15922.29375831618 380289.5583586581 69.12600914374981 
6240.388431600899 2588784.821632788 387.1739762229613 
16007.7645456768 496932.0407177277 60.298364701702084 
6154.050216032097 1368774.705882687 397.66673920641455 
5232.458195535593 6256686.592671209 5691.276410579308 
5228.724453239838 9488230.652503176 8880.228397562076 
5906.628134355045 1701251.075543231 492.2219694076479 
5836.269061859672 1761131.3193334532 536.296094219783 
