34371.01320370334 177650.78108114697 7.449935577485963 
34247.072127686064 174563.20149107248 12.507799539004298 
5226.936374442458 101974775.06446257 110081.19883202444 
5226.93624905021 98501740.82526627 111440.27670195974 
20213.179086307893 188228.19565853037 8.46935559737686 
30615.155471075694 185373.2412329564 14.064271604350274 
5226.937433411233 96910108.91712113 103282.73285455033 
5226.942351870641 256127222.9737264 88483.79179573554 
5226.939559751882 80610515.40957502 90754.2314804481 
5231.010327516795 10515547.321997881 8000.751676182975 
5226.948894050084 58841645.69427568 71029.4776229408 
5226.939238605804 88301091.89829955 93204.71086379717 
31855.352770168418 178190.89297509307 8.388598092015087 
5226.9380813067655 92573548.23696949 100097.83432515546 
34235.760968648094 176719.93492099553 11.769528810261065 
5226.944647240517 66677424.27548787 76102.60464283018 
5227.894852879619 17434288.5164255 12226.103371623769 
5227.033897980466 36994028.007947914 29362.626714630664 
5226.937746686318 93111438.8967361 100570.06499060027 
5227.424976615947 21671892.082365297 14641.827441392656 
5226.943830159346 78089241.45527263 65763.00184142485 
5226.999886956935 45974951.21504404 33978.450075984045 
15593.318047465149 206219.73352835854 10.640993985915923 
5226.952257397809 56478724.28591043 52259.57745977422 
5226.9493008582685 60183844.322645314 54390.778791652425 
5227.395852340254 26855951.043472096 20175.25176094749 
5230.544822266692 14969252.765414461 14139.361537268098 
17101.581089463893 204962.19946351726 8.184076795856555 
9771.987338844636 258163.52570707444 31.790482692728048 
5226.950111104716 55054308.5117566 69345.82689804415 
5226.957154320273 50376130.84716125 50936.06083995635 
5301.83773476159 6962286.067587549 2107.709389152353 
5226.957216507028 49330419.81044419 70276.5140322164 
5226.9793635504775 43925650.001851186 43286.29522033974 
5226.944231115363 72028191.35034248 62012.64264309995 
5226.940643808424 76582555.5889416 81715.68750258602 
5226.963769526803 73655889.28924116 48206.14414791443 
5227.111353923662 20358463.061958514 23937.466301502103 
14428.960033005793 224890.9904246061 8.503850200984488 
5226.9478934079525 67885473.192428 56027.54404861526 
17531.10456119151 194188.05575991576 14.475773268998859 
18670.901760752018 193162.61820747275 13.194948408559888 
5249.711182951928 2717949.9652246544 3507.165951740605 
5226.940122134262 78481734.35181141 96598.64882456357 
5227.007372177743 33382825.614390142 38703.217742980116 
5230.655469731871 10200441.05800422 13264.570073187288 
12541.830662315006 379867.351612833 15.747243175545563 
10662.626434334812 250809.4205787868 28.408029176229412 
13530.291932773105 214353.986050158 8.766547383451568 
5226.945481788738 62304939.97244922 78487.74094762767 
5226.998876174479 40222662.90298266 35485.83344851534 
5226.988234644003 54230238.02451023 37892.504975086165 
5226.944091305762 82417847.04046524 61598.916808690185 
5227.027032379951 31895377.805333916 30604.785035432622 
11490.776206567258 235651.68651625724 21.76355282316495 
5226.942537682376 83868094.36013101 78292.45498263232 
5226.976707097088 53220337.214108616 45237.5530477665 
5227.096401514855 41467133.53231951 27410.998454405068 
5226.946016282095 65259348.45476933 59208.26207779752 
8786.045265623554 262808.78208892286 52.461565982862645 
5226.977006088705 44711986.06219919 46448.468479556584 
5226.941447756362 83525865.18140912 79933.74597429608 
5227.080608068252 29457844.08911951 25538.194361518632 
31736.345759949418 174965.335285199 14.53253259612491 
7838.831751696285 1082101.8043180006 275.66490033108465 
5226.988750749502 42609322.61545771 39639.55545281149 
5226.947224187148 74155317.26817118 58797.9194472497 
5226.9392493849155 85900592.01492332 91504.87500829421 
15114.413195145804 217298.30670929985 8.755371562498823 
30615.391417071933 185372.41957933802 14.064271604350274 
5227.296248296842 28065978.505686015 20515.764006837693 
5236.45896510181 5211645.083473293 5583.11238286128 
5227.007497460277 26588924.891491115 35322.349362836656 
5227.062657454019 22083817.056669693 27765.08630163514 
5226.989306351701 33264660.17532939 41195.745843923694 
5245.502187158987 6775874.106770986 4601.659432973134 
5226.981445011998 38545241.89446858 40863.90744997483 
5227.076838309078 31131238.408661038 25881.041121533228 
5227.008521929813 41658081.56808492 32748.362238385937 
5504.999076313731 2323404.061855509 1634.115642586822 
5227.4482984119495 17291207.02136041 22814.430314558736 
5226.940122189983 78480484.93625242 96598.0137592958 
12978.284118239004 216556.71291706737 16.304681621011 
7009.13473150287 844477.440557932 386.9297174618894 
5236.45896510181 5211645.083473293 5583.11238286128 
5227.036975498255 39229715.06763548 27021.40280293077 
5227.029860545474 23247178.78838218 32196.671182367343 
5227.1489516298025 23561789.322949145 21548.685460331526 
5226.939550663716 81171633.11541785 91768.35757271913 
5227.013061923366 51879094.80095689 32699.395291563793 
5226.9727787833335 63686443.74019918 45628.50071572135 
5226.947337335076 66913003.234067604 57680.56525318026 
11218.48652427306 336388.73181435984 19.306891788616067 
5226.939296873488 87563389.93837248 91351.8935727448 
6358.199119833532 809767.9320791881 504.90171958238335 
5768.369825333175 1122785.7067616154 1132.5672172315226 
5929.0582941307 1687518.1402546936 574.2556275642438 
19072.594555281503 192350.3165776692 11.81788324162005 
8148.508390922324 550552.6119221869 231.85448642239047 
5227.723535705718 16076333.01026582 25723.520537044486 
