39529.91754733169 174191.39942082632 8.476999686984701 
5226.935613001743 106208496.52119207 123307.91286861032 
19571.918352739074 193431.390381292 7.340296934651775 
5226.947783540832 154397672.91902742 57300.440000502684 
39435.71660728903 176221.96383144762 8.421649583327032 
31796.13151675347 178518.73992211663 7.400975843623398 
23475.706967863156 185502.55918206635 11.554957548399525 
26601.617733182502 178183.57804134072 12.754541325705297 
5226.943290345808 80628205.89386597 76138.51983766316 
27366.351181038062 178879.92393279227 9.540104633852623 
5226.9435747843745 71534484.80741902 65067.337370393274 
30153.445730780724 176766.1822185862 12.714881717387925 
5226.962530001903 48129784.39815985 50438.905875442295 
5226.951219414999 58041062.30578647 51824.178047941656 
21571.842976766457 186684.19691104355 8.469700635750874 
5227.620055765885 14262802.070208117 18731.3726185791 
18653.751310026026 193344.19029235662 16.036099812822204 
5226.938485558993 91007716.51435041 105005.87053193469 
5226.936360477236 101006293.35023203 109974.54332490763 
5227.319863073992 21872679.915341496 21683.591750873522 
5226.937849823648 90201796.03370748 99712.72790961212 
5229.193613207779 10061006.510309268 13538.813604551842 
5227.004728591224 37701743.581588276 32132.528061052166 
5226.987181881874 33946519.24206024 37429.11633123762 
5226.965914534859 45812978.2770194 45439.13307875549 
5226.95870912747 55370322.31753658 45861.364863557865 
16885.787745413832 375212.231219604 26.790600083634242 
5227.141042392308 25437962.690399986 23503.618897912682 
5226.942082721089 194288894.83808386 97130.9235690656 
5226.936619575268 95676806.78644079 118242.87683086604 
6224.269907776493 1309449.8205064132 404.7983597876722 
5731.947836480556 2216745.607158204 1260.6807309447972 
5226.93663751165 99603985.6175925 116773.7349058342 
12024.61253192542 233324.04465899468 18.706001273956126 
5226.939587088082 75566488.23172706 94206.29481200196 
5226.94969013202 72154633.8281652 56304.126153256075 
5226.968312979874 40615952.247422576 41265.2511491187 
5226.940241087894 77402645.32421032 87074.20589463694 
5226.938822647371 205966206.6405761 130508.67390591386 
5226.936349242763 105344232.51543407 114222.17100748325 
9409.528330161518 244878.74887616615 29.214987728931487 
5226.945477374612 68052890.24427912 62682.30979729558 
5226.9429417753445 179777070.33266783 100876.76740264297 
14070.48841834886 212675.4631672098 11.737347097045763 
15058.00134788143 212794.52659262894 12.862878618481682 
5226.951142766613 61696616.53760501 60639.289369816295 
5226.939562446739 81284633.56769359 96519.49251859666 
30632.988633496785 176156.35202560632 14.59704317047738 
5227.534413853763 17529413.62039347 15531.884107904458 
8503.890619007865 276911.9876217338 26.61940175218816 
7055.881952167822 516633.1269559416 257.87241615669507 
5231.874007834561 7214190.374565276 9402.043822344229 
5226.955396558598 52395285.402364805 78241.67150352849 
5263.927207635543 4178249.6417014305 3532.0310223507413 
5226.995225143315 32214128.220315874 39544.971839280115 
15728.939635675426 200918.08664626966 16.989130611885425 
5227.013354191664 36348552.093906276 31043.785976335726 
5230.677657180878 8725069.84615674 11919.039338186185 
5234.587871574938 5570414.182730452 5589.677889537943 
5226.936886607483 93606069.59966949 107785.35094835148 
5226.943765353119 73299102.13141637 64864.05758553584 
5415.854981971807 5239466.609657627 2171.6615190058983 
5226.9768997486135 38932169.0997665 42771.70872992654 
5226.9405413260065 82327877.10666947 83307.52170599064 
11394.282531816167 235142.98603472405 26.477066215367017 
5226.959310259601 57684921.935776815 44351.179239631994 
13318.828435496398 219238.59432823036 11.596661211763578 
5227.354793502123 20884230.623493522 17704.857835726434 
5226.9458359116525 69202909.03648466 58846.37891688473 
5248.66000689119 4204788.475676039 7275.588227957648 
5226.9376953673345 84645746.17235604 102428.08235367785 
10282.121864584018 243922.6081779917 43.48613412233539 
5226.936355326395 104572947.22233514 115162.5556834497 
5227.041725511721 30201640.07752113 28979.72457114468 
5227.907847610488 18987711.26246563 10402.007112655603 
5227.602264009226 16893183.31192351 25061.434559210105 
20425.017512209713 190465.7444869819 9.430366783708807 
5226.940773761456 94805017.97589396 80617.85804533305 
5227.066958611381 40331593.27683646 26563.975352862853 
5227.01923771265 29199936.925485663 40810.42214704849 
31791.940601953018 178579.46839228555 8.410361531356134 
16616.896290011857 205951.86791122667 7.462026655880234 
20788.10542314508 189254.7702227461 8.433485545422482 
5226.941121816376 91034632.95010416 79364.0262836748 
10660.006416033368 251155.84210516466 28.507377662917076 
5226.953101087045 53230887.98231314 50903.51789848129 
5226.944146735483 70907436.45388868 61288.32749380168 
5226.950230077186 62409573.72260104 57949.4103601674 
5226.947449938187 64946549.65793225 58161.73892214497 
7727.324854431619 671398.0168752442 195.65347046406288 
5227.027242356487 26879369.6849648 37963.85596479318 
5226.943364401795 65840541.91819984 77856.15662779518 
19376.220113337266 199617.98355850327 14.167943507204562 
5226.9406022790945 71357433.03753053 82916.5742158524 
5227.0358151933615 37052557.80808559 29183.55273060988 
7822.0102542927725 424141.4782411518 156.81090009347722 
5227.14902611434 19895521.718669962 24813.13891681144 
5226.938103934453 206109112.10955787 126861.85657289176 
5226.940025470847 81438524.58856234 93110.716470508 
5226.93680998443 95340794.47992137 108012.15788564588 
