40022.49133976655 171862.85847325108 8.421649583327032 
5226.936395075036 96298139.75306371 109675.19742168945 
5226.936294577339 97666023.25778106 109444.11733181492 
5226.936781499329 100413813.27290498 108378.36932330206 
37012.6941609973 175741.46680647583 7.328939185585277 
5226.941219487183 83811204.9654495 76864.57000372437 
5226.9433380405535 79007627.04090196 65823.01121046653 
27127.790104911597 177375.3172413073 11.559084324193439 
23512.28001266929 184773.69992075118 12.607617177079721 
5226.940492064983 67607716.26418506 87119.97558210809 
5226.936990499293 93614962.26745033 105950.68238504358 
5226.938389793204 83022143.48316522 105823.23077497291 
5226.950046354337 72672313.99707547 55329.826851750804 
5227.81698005034 12108183.053461187 13237.821153081859 
5226.936670758616 89355359.35893674 109127.19456361169 
5226.9636171810225 42933715.01350909 45210.11725263136 
5226.9395721424835 75584119.63213272 93842.36627642903 
27906.829050477038 180529.4409794649 7.438674288944763 
30693.581842938638 176088.12463493083 8.376806481999497 
5226.950918795527 58488227.812739775 48966.766617504065 
34960.27580517856 173164.95128674232 11.566113316285376 
5226.937797130894 85710509.54253858 98751.74695222707 
34293.86792761202 174846.41056081807 11.645326290783867 
5226.941096703981 65095617.606508546 82889.91434103076 
5226.971775260252 49188910.27673258 41492.74358032126 
32346.88748692509 177045.372934111 7.328939185585277 
5231.8705092224845 7656855.051311555 10381.336309275544 
13333.589191089202 215456.7823383532 14.590483417527246 
5245.941084218697 3678551.4437826136 3402.8086774925987 
5226.940202404448 73738522.77156967 85073.40452281506 
16599.22117584991 206000.06323094232 8.473262075342596 
14996.651487063034 203605.759048208 10.429771179019308 
5731.947836480556 2216745.607158204 1260.6807309447972 
5231.617457930399 9439550.082661502 11800.323386285043 
5231.868024127185 8456118.8098154 7328.346666404983 
5226.943855358705 71210106.4257556 62439.99117640881 
5227.15913031224 23281811.915611774 26528.47094443746 
5234.580305372662 5510452.835744592 5578.663596321752 
5226.939512795629 81151981.27541238 96385.63948565621 
5226.964889799221 54464792.89748466 42892.21806769656 
5226.944045402351 63022347.236729905 64992.21592591266 
6994.709773198549 1002243.3081821754 406.9153831311679 
5226.9506561907265 60781926.31183745 50560.307569704615 
5227.535961525152 17003075.110053502 15266.94006347326 
5226.945853350723 68849527.38118464 58922.08707847362 
21606.32718851882 191091.67430555954 7.438674288944763 
23451.490534893266 186375.50876983555 11.644980849488558 
5226.987450277314 40227248.53085751 36586.11272796116 
5227.100917650613 33439226.57240317 24754.187728765995 
12025.364174688726 233305.214561365 18.694134961996266 
5415.907086837073 5247529.464316456 2171.5375077513027 
5227.080915818744 31446254.33528289 29998.576906965984 
9369.092211640931 245962.23563662684 31.391220986447976 
5227.606467910823 15073407.67098 20800.364013082955 
5227.027242356487 26879369.6849648 37963.85596479318 
5226.9375200863815 86077191.45095462 98577.41888696268 
6224.6039450894095 1310723.2823814505 405.0124391371123 
5226.951007795015 53678284.76289186 50686.38490985661 
14378.619361306544 223222.08139442344 13.582149561959467 
5226.945205296031 63651934.85674472 60568.7301751173 
31849.015363752147 178816.42682149666 8.362078632060998 
5226.940912459708 70627219.55226633 80901.77565110712 
5227.02411721094 36308681.382868856 31394.568047256642 
5227.045643272946 25272416.878862206 33807.48998333186 
20204.31172368222 187904.7163425739 10.561036568365335 
5226.951007795015 53678284.76289186 50686.38490985661 
5227.357834362074 20668001.795200042 17421.741239941384 
5227.3300676999 20010084.912474513 19158.36584403888 
18661.712092176105 192354.6930554617 14.699874927460996 
5227.143818394614 25165770.031553317 23219.206990432704 
5226.938744050061 85024435.85869424 95135.48505211991 
5227.035870752768 32758231.696653403 27954.88402436444 
8493.484240357473 274593.90088846855 24.785640667012984 
5227.510943739605 17943317.52756015 16357.80286505113 
17600.01141420864 196377.0593869687 9.426617301020823 
21559.63148817898 186571.7194675766 8.469700635750874 
5226.93902534542 76537644.18729992 97172.7750405778 
5226.941890727519 83593198.11210258 79521.04860397628 
5226.954786053666 45922240.78303213 44073.901674465225 
5227.0048245019925 41549710.42498589 32681.405403221735 
5227.314387729697 22022764.345731676 21662.310143540562 
5226.950815689468 58562396.40473177 49442.260462943406 
5226.943246122289 77605573.15976995 80348.59577849129 
19138.546877391673 191004.93042704996 11.643958906564482 
7727.446558915039 671345.9416524582 195.63264035369792 
5226.995981674569 32390248.076164864 39549.88093704915 
10841.948533741417 235147.02526134386 20.56823360692639 
5227.60485077952 15165304.699283602 19375.60127187664 
11501.456041814627 232947.42032443435 23.724479951030347 
5227.517338956491 28719687.154071376 16226.390751369046 
30713.694042524927 175225.59384157747 8.421649583327032 
5226.954689381957 45991815.796654165 44557.67427694398 
5226.943761617823 66987733.26094891 65685.35820342883 
5227.305167508677 27685051.754965365 22118.324861167395 
19955.149378705362 189175.79888264925 14.658997524495538 
5227.023440451363 37949411.56551871 31273.46977223905 
5226.9457439127145 75472263.74912764 57866.52617290149 
5226.948652134884 63598779.91420533 57696.688003300274 
5227.102952535377 30086203.95693658 24621.990321179397 
5226.964951397394 48158322.94072451 42522.7777769504 
