16152.887837718432 222530.33931660058 32.98047330010969 
5227.0172302170995 65249504.38125267 46551.799801277964 
5227.572237543766 152746390.36757898 11167.984271824138 
5227.024359213065 71581364.94391061 42355.157316325356 
5227.024359219959 71581351.81413148 42355.14323430023 
5227.049381939917 35107246.75633148 30832.085792921673 
13372.723773765341 249777.421734296 34.31943811244347 
15848.715453117278 223781.23263400822 38.57834837157409 
5227.047009639014 48938557.24451749 25345.209823722977 
12486.967548883169 248348.82554992722 40.80497558517056 
5227.06368911991 40528758.05839295 25870.63086002238 
11831.06479579347 250916.70297544752 40.46884577708577 
9315.196815895244 345057.9233195209 59.17716167515252 
10552.344150237195 309669.88011122146 64.49864717328965 
11166.183906496737 262645.9718470631 62.44892666658811 
5227.075488766648 285109986.8837893 54538.94979927314 
5227.042592326502 38724203.45767171 27971.32217162646 
5227.054424068054 34923734.11074207 30319.81501415253 
5227.078555408189 28727977.920920603 22665.760366019716 
5227.025893687923 39197935.27474314 28314.073012251833 
12856.08531338972 244075.3539509347 37.59004315612212 
6476.6710210869405 523980.1652309828 243.50464634897236 
6266.148838851461 572645.2262412912 312.70036974265224 
5227.079468566562 26836390.41127891 20567.581022429484 
5227.033100497309 39908398.97538483 26245.50012088449 
5227.0644207996365 36067897.33819674 23846.973555648692 
8367.657325377033 420307.3815152411 116.44764138510556 
6980.507048981334 452953.8653834846 184.53045315319733 
5227.060348445393 34273890.122550264 25971.87599648523 
6846.449566454889 585936.9983498021 237.98416263188886 
13276.270652184983 241396.78353782484 38.54881622509143 
8022.451293004408 387684.56940636015 131.6129613170874 
9767.54655410301 310552.8953417617 73.05614646943926 
11237.588558292413 270620.2280884902 49.164047191988516 
7381.116060376476 565686.5807773499 140.55898843702948 
5892.229958756249 787656.3934061865 317.0710926343055 
5307.745592562881 2044774.3597279622 1346.6417903851038 
9049.755100818382 344506.2306498921 78.01541321911677 
11659.104828802638 259633.57618134783 43.43605217659648 
5235.285996875233 7425653.543328326 5068.916647774702 
5479.844238429312 2550973.527546071 1189.4810271492272 
7689.236792072112 438011.0915477006 187.54030044508454 
5238.168776153244 4941665.220148386 6124.11159383591 
10464.197559388407 284917.5604136777 55.52935806139057 
5280.304819275558 3485559.9314549775 2019.8653175182003 
5228.737408090234 9362867.729377031 7865.77738056188 
5227.867540995086 10702885.677613154 13223.913690920424 
5227.27401314785 23032387.48299233 15180.576241728266 
12648.279844133684 247068.6099830255 40.54880260561948 
5254.486982059445 3267192.350043386 2657.240599139228 
5228.041164967868 11405087.08634534 10543.637619349749 
5248.224312578928 3093523.3115471406 3270.9618162840384 
5227.272682239098 24069707.14550644 15640.221925228872 
5234.345371416586 8627945.806216834 4621.7950224669985 
5787.219637033593 1061917.9453412541 534.9799028705648 
7853.946166636208 418746.8415541831 150.25944998921926 
10160.0477003573 288619.750910628 61.271185544243025 
5227.221396913597 25495775.972109612 16954.811992807117 
5227.2149677899915 19462471.89966664 17967.96188292737 
5649.929451364513 3605465.4972486603 671.3497530972169 
5230.684183118942 8007100.135359014 6997.797936443585 
5227.323017993741 16856812.538454264 16334.158143873157 
5227.371900334285 15197241.362490833 12619.174067969272 
7458.56042053054 452793.706099651 133.54164368736787 
5227.0753495903355 28228409.74548798 23357.544428487083 
5227.288363328022 18771429.170617387 14067.495306714418 
5236.62504120704 6213384.429762067 4010.795179500198 
5227.16293282232 19223316.351263337 18806.195871585525 
5227.253755726421 17502303.979004554 17254.955848768106 
5227.622875125369 14432450.984116323 9409.139406284552 
16083.234971074386 234658.55504004663 32.98455234005748 
9807.571109941757 307701.6976836119 61.29950349256038 
5228.0535227411065 13663606.593422271 9802.546248429933 
8800.196630357164 382698.18937806855 156.59327357459512 
5227.116878995456 24513010.362996675 19675.16869685686 
8565.296386200973 425197.2760605116 112.78960493595575 
5229.009738645306 12531206.063900668 6415.756699507813 
5227.483976875687 15578026.250746679 11920.530283543305 
5227.710121346643 11045415.847257791 14973.87292356506 
5227.854089171182 11877889.842417026 14271.464798867362 
5227.140791157653 20243718.198811363 18310.23578219506 
5228.433361446532 11844267.465958854 8117.775960304449 
10044.976125399495 318266.4060450306 44.325388730191634 
8883.58149891743 377808.26702734 72.58452140378127 
5227.1339752060485 21081919.96286745 19793.92019853403 
8616.502325648547 441024.12940540427 93.43332637375565 
5240.550053091505 5310594.30710122 3862.7954196214064 
15873.406350738334 236298.9235779628 38.04685245044419 
5227.875039408716 13829110.339363467 11625.284908508838 
5227.428726346039 17805945.43471278 12244.260133306576 
5540.084389709491 2169417.8584105745 847.3048201429058 
5586.4789965177915 1427251.8098474413 828.8281588389577 
5229.03891472128 10339851.168306146 6740.234944184682 
5227.0978786500655 26539746.53614801 19865.78118064587 
5228.31021020405 13682387.874726575 8824.647420408011 
5227.091286248386 24452396.70809688 20258.748364328716 
5227.32011974931 17540246.801174834 16204.249813309878 
5231.514710829457 6975652.886856419 9709.220131473845 
5228.246259804455 8114617.7151823705 8916.548359438208 
5227.972350400917 10496160.990397964 11065.28867242397 
