60219.5545989875 17636.475530805736 0 
8016.941925625642 60298924.29197381 2005.8930714508724 
77461.85700027793 15256.610284244147 4.538509379376322 
69562.52008681062 14360.190503220754 17.835391007221958 
8032.813003795998 11387836.674488178 613.6503191689217 
8016.9629866835485 7263582.689896205 1390.170080799301 
59210.249283073135 17720.26503501442 0 
8017.4978689507625 5863891.818721179 1268.9421865077422 
54454.99362494786 15750.601226298144 6.519244229550708 
73465.75946324445 16430.96351233685 3.292423513274428 
52588.50967963448 17778.673014574146 0 
8071.521846532822 2040701.9729787966 494.1043592604823 
8021.38734250472 2685876.3240198055 874.4890599316095 
8017.116821846876 6233015.589584541 1382.5573205435144 
8033.051856815279 2621415.3727450417 582.2640382774414 
8018.450587876743 5120838.919038524 1206.4385737074358 
8018.552855968821 4184766.1260411106 1149.0067193870016 
72332.47922851444 15296.444006603539 4.491731867086922 
63188.19261707656 15737.058566509808 4.848627820116153 
49152.96044621377 16374.773287804952 3.4308199243362436 
22613.836582413674 33909.85022077 5.372698716703107 
66631.88283684009 14441.05066631013 20.24745430545181 
47377.04920722433 17543.998147319828 3.6214087206419334 
27271.863941201187 26703.608174936322 5.142932266082088 
28796.785941372505 26003.192382181303 3.2887055899295703 
8021.008075570891 3254541.4829987013 929.5804563310826 
8021.972767866298 5111288.503056191 796.0771293477085 
8022.310595214123 2806251.3709470183 741.4133667349383 
42938.5768486935 18916.301757992922 2.098019967697534 
8018.873171591012 4283986.289499639 1088.4272684943228 
69147.09305656876 16360.788848959588 3.419099165531981 
25451.584654489954 30531.529157437628 3.1429125922312826 
8365.66272132401 431431.1530943733 149.73817621216762 
34335.34897794315 20605.598319066128 17.09611009931757 
69848.32032710843 16578.541745267543 1.0823869774860122 
8019.507219443978 3641665.1263369625 1028.9812483763617 
30568.95664238269 24663.295820557807 5.804394876137572 
20528.240497682615 36832.637579240225 12.967778282837308 
44863.52303109243 18211.363318941294 2.128106549925454 
45602.845578985995 18029.08273120436 3.2237688077949924 
8017.914755091406 4487621.015736068 1250.2970192909154 
8350.63082681533 871026.317264744 180.36505862322406 
8026.569612330413 2901628.86276222 644.8107434926592 
8022.27483904753 4838642.730051236 794.6457415406421 
10481.383477070955 149078.1644447464 35.552926321438036 
8024.868453312756 2733740.2290245173 676.9729172024604 
8066.105260992854 6498832.9176868955 363.3327924994996 
8023.350053027056 2778125.8232618873 710.3127769607638 
8864.083692949871 323090.5167080353 59.275085829309816 
18374.68689621275 47818.53884573474 15.319583812984416 
8221.804369707263 1285192.0999946091 250.65231899749594 
33080.56583007675 21647.466155455873 6.7700301253371995 
40923.44439370466 18086.043530021972 3.5682050063635953 
14222.80022050601 69822.76361454878 2.031346088301224 
8067.6182051202 5933578.354621034 390.33689345673514 
38139.97663693408 19566.685545809803 1.049063938801539 
8018.541967129206 4274696.822571228 1108.1607543986875 
8770.872259639484 337238.8310552291 86.89501661973496 
16130.605683844831 55948.80727559934 0 
8076.81821179596 4697952.783946287 326.1721998334592 
41859.28787949153 17826.50663400123 8.67877764940568 
35879.297063543796 22809.97882189954 0 
8019.18321865878 3822476.885103043 1022.0420516987089 
12735.11600587265 78956.10505858678 0 
8048.665172125588 2978920.0922219185 453.63455376351845 
14873.367010059523 58494.764763504994 0 
65060.572509966005 16271.724865811359 4.752214942954391 
8531.097601020205 1115213.7441873834 119.4350538472618 
11250.730379089122 110257.36338417142 6.540618658801731 
37016.165901841254 18693.789733871203 9.672480491856955 
53970.51960950628 16367.16679454165 3.5574414684307354 
9293.252492290394 227271.90486675018 29.934288534959997 
49017.88069771197 16681.108751041513 2.1890784617997596 
8250.042255379914 1806900.6710871428 199.7250261543643 
8020.601349078498 4472825.192090042 958.6306351859378 
39606.541143583796 19436.77871800702 1.0012566116768047 
8019.570817858462 4243059.789493542 989.9101682683585 
19288.31062625098 45068.61711685582 2.058903047703144 
24008.105086751104 31756.261641872356 3.139066203466541 
8689.68595248047 930694.0082594224 112.39069471301562 
8066.57832986605 6108404.918828694 357.85688499129674 
8084.648467197871 3286377.308219807 285.46222084354156 
65729.64090125919 15843.408677518635 3.711441707145728 
31499.49586626208 24277.996643147035 0 
32153.12955711795 22380.25419662569 3.6172618746565397 
12295.484934186432 88859.6759130997 0 
8245.005589956178 1514940.2680251952 216.04108387580584 
8207.379794590603 2059451.225983225 231.6239950577488 
8019.744929204285 3407063.921559439 974.4494095792215 
8110.8764474931595 1187802.0482213232 309.7331975540297 
39192.9445687174 20111.11619357533 1.0379441008835557 
8102.492597523786 2286050.3394418745 425.0187313296009 
8048.846205847396 2326051.181977855 450.2358455985466 
17133.9687044162 49274.046205105275 0 
9247.894794736603 235391.89868499062 37.19846016551809 
16993.511716666002 55235.59342957011 21.32162927576381 
63817.844332607754 15157.60703795465 8.63263667835196 
20081.863124279207 42575.72971179841 19.515716913456032 
8198.512999330922 1643684.6201030277 291.56771605959636 
8071.699617283214 2723834.2134799752 418.0546489440015 
