8032.813003795998 11387836.674488178 613.6503191689217 
76432.96647851531 14783.663665808137 0 
8015.769155396128 10507248.244922444 1552.0439907407151 
83030.53336450146 12766.043208522415 7.0794594151992 
8016.867542949207 9479026.894407919 1380.368626800559 
8017.068029622954 9201987.899747938 1246.222469097951 
8017.050793985625 8283670.562581584 1291.8749126578334 
39961.97906109626 23594.865593887534 1.0117817682430412 
8016.244061638354 9354335.103892507 1513.9253099654363 
8689.68595248047 930694.0082594224 112.39069471301562 
8016.921424937833 7693482.331085407 1320.112258986007 
33833.50355174088 25369.239339019103 1.0150277451043177 
8017.346950228272 8213872.267147206 1199.029446025697 
8016.684039125155 6760091.552041766 1420.01322843152 
77145.3175002616 13922.537310301312 3.4506747111896154 
8020.305645544399 5539879.064381447 921.4077651043349 
46985.92219399884 18386.86968124973 10.142916724788577 
8022.27483904753 4838642.730051236 794.6457415406421 
8020.4095899226595 5143777.474122811 877.1872985109856 
8061.514677093146 2328857.1190375322 746.0589307748073 
8016.9684648333 6684453.610548276 1342.4698976349991 
8051.549862151492 3226436.328744257 521.7250587508139 
10491.683776292242 148631.08476591442 36.98904887384259 
8072.862513882762 1967023.7639656826 347.60618824178 
28872.325118326095 20795.30060124573 21.970471618594708 
8019.125893186832 3548433.4721637787 1053.0188316456358 
69324.18107906156 14853.804953484261 3.2365362374284503 
8018.453155839546 6802548.514565786 1081.2470930442332 
8021.350249285602 5846443.58978178 814.1871402874513 
8026.569612330413 2901628.86276222 644.8107434926592 
8245.005589956178 1514940.2680251952 216.04108387580584 
8016.507605181679 7077697.564395804 1387.585828548176 
54884.72195868828 15618.998019693818 3.3852177516865787 
8018.131372674657 6138088.095912851 1156.5336842385354 
8017.821067781891 6329451.5990729835 1220.195263489052 
57608.93784069268 15441.268732772007 4.982498622179747 
50946.19133282175 18867.66401815124 1.0398047273781694 
8350.4244602524 507069.9639517421 161.81497036383303 
8017.562052608288 5353007.136857638 1266.827015269624 
18879.833022844727 43157.08715249154 17.940496200457048 
42938.76647979132 19850.735512166037 1.0295476748920138 
8059.501354731368 4694568.96656968 428.1805926116595 
8062.135627143735 2091837.981368436 504.33716572256446 
8059.7479203682005 3886807.344863587 475.4123895150434 
31112.1576311258 25178.807434826667 6.130489236903868 
74045.04532397055 17584.642642944593 0 
8033.051856815279 2621415.3727450417 582.2640382774414 
63013.98291789653 16134.381739810706 2.059985501730302 
49018.07881372194 15583.746104524223 3.6372731327974632 
8017.720921703468 7475124.196425993 1131.496591640755 
8110.8764474931595 1187802.0482213232 309.7331975540297 
53256.44139326758 18792.183218849434 0 
61062.806865505525 16164.047170643365 3.253187529109728 
8639.78028763914 542538.9737699768 126.27322995761014 
8020.741866049912 4467105.095204055 842.9385800146206 
8060.191031082474 5965783.3782906 401.4008871031143 
8044.979266967546 2378740.042769977 713.4598877617376 
8020.378062808274 4718488.63187768 958.0625179154563 
8079.314436614873 1658530.8105082046 273.93836830786205 
14222.80022050601 69822.76361454878 2.031346088301224 
8232.852935157976 1635129.8073901706 183.46301962021323 
71735.52505700458 13498.475353214342 11.112327186432982 
8018.63121455608 4507604.185120052 978.4405384429772 
16130.605683844831 55948.80727559934 0 
8033.945998268696 4012771.0607435806 567.0200645855891 
24566.044471350917 30675.02279770181 6.995940230797276 
8047.517931954375 3470747.283526902 550.5026746564749 
59123.587751356965 15521.74892254168 3.581959883390195 
8221.804369707263 1285192.0999946091 250.65231899749594 
66006.19180124959 14904.843013022917 3.384435756575723 
9293.252492290394 227271.90486675018 29.934288534959997 
8018.621942694697 4390372.58833336 1000.1088660632265 
8748.235747277467 305156.79348336195 62.527623742264474 
8019.18321865878 3822476.885103043 1022.0420516987089 
26882.157041361505 27507.286586521783 16.719788382368854 
8032.476423898495 3764679.9309192244 632.6404792772607 
8075.100972634884 2458697.3764241864 279.67529377007065 
8024.868453312756 2733740.2290245173 676.9729172024604 
8065.453956124766 2383289.073795303 363.30410854306507 
8864.083692949871 323090.5167080353 59.275085829309816 
21523.48064266808 39456.65674497884 0 
8018.541967129206 4274696.822571228 1108.1607543986875 
8094.097138803549 1303480.0988583625 318.9897068849398 
8018.552855968821 4184766.1260411106 1149.0067193870016 
8020.289704032799 5885277.161107328 893.4333328921231 
42283.2500236954 20791.991710361217 3.582890494528482 
17616.29219686127 50452.89683600141 0 
8071.893003125817 1468128.8985644008 486.6753426427377 
32890.48258127285 24225.492696198864 2.0696990974328573 
8059.490499187101 7319093.655234692 407.394506878512 
12005.310843158037 91450.33798187738 3.4227280644867726 
21485.757592088863 41646.131350937016 0 
8022.37112784701 2784323.755690584 667.4709083571383 
8503.280169653295 1222160.0389696227 130.49226750021612 
8060.327248248423 3352363.473366646 418.58787172404254 
70726.07247353255 14767.99837366389 4.842118436525984 
12735.11600587265 78956.10505858678 0 
8018.068090035125 6253328.622938843 1116.90562154823 
65110.227400858596 14862.616873487501 14.681523512811005 
8017.4260219255275 7188629.423291238 1229.0928233213813 
