11909.561496490058 86498.71307882361 0 
8033.091126150798 39039318.73087607 4738.871464244798 
8033.091126150798 39039318.73087607 4738.871464244798 
8033.107124454252 32864599.517502822 4623.517335082818 
8033.2779910320005 18404465.869835816 4282.23785287261 
8033.396412216278 23676483.46692526 4177.905103372968 
8034.119157152669 28416654.5929606 2901.936741176934 
11120.966102927094 88012.46533160389 0 
11561.252737097433 87527.09479235024 0 
8033.396412216278 23676483.46692526 4177.905103372968 
8033.4403338719785 30295053.604334567 3882.0258233823406 
8033.567452921099 15609117.339370904 3601.454613967938 
8051.192798910701 6168569.604222224 1721.5385231473088 
8051.44866890661 4972544.4167386815 1546.4623892833602 
11845.020290381575 86649.92052041512 0 
8041.777093191103 11137925.558393888 2349.9337161773874 
8051.502784601194 4054603.0089037223 1440.938876335592 
8033.355918585372 17962847.105485637 4197.828568102911 
11613.395235579557 87130.86800849054 0 
10547.63914026458 90914.50977351563 0 
8034.071461823983 28831597.251753803 2918.374959282401 
10686.877862610036 89169.90627236033 0 
8033.366722837357 31408880.07301892 4081.1384876752427 
8043.666163654039 9844818.217015537 2623.475060192323 
8033.627693124425 15324287.619577868 3177.9199535136668 
8034.656287738064 12320682.992230117 2513.9824788881247 
9620.828186273311 106116.89959770122 1.0010140290539367 
8044.1416266738 8664521.319004415 2235.2754122877222 
8064.619581959628 2042628.9012087502 704.9685906847884 
8047.987280183373 7863453.272781019 1633.83452597382 
8050.3319913089235 6777717.572948282 1914.6104822613643 
8033.517116911359 16361606.608447094 3535.872581002749 
10414.921624472974 91919.03150574715 0 
8043.881275104909 9431111.87264876 2850.4356489816423 
9211.16230186907 120846.35929084923 0 
10091.723464509396 95352.29764595263 0 
8057.94648973145 2813580.983499187 951.7506951901789 
8045.392489764904 8120360.555115959 1843.8481406031399 
8033.517116911359 16361606.608447094 3535.872581002749 
9478.656102406012 107877.28168593124 0 
8054.831492643507 4273568.0319491755 1177.5519132416375 
8046.9099156051625 7241130.945965036 2288.9180188440623 
8053.299087749472 3486464.3063713927 1290.035991199 
9310.268882017095 116779.6353763793 0 
8033.676471304187 15026706.867914574 3351.5939111701477 
8063.41631002627 2706932.3244981566 1074.3009913885287 
9943.562829880615 97421.12682615849 0 
8074.837528748179 2348319.071083665 601.5930585153111 
10991.24725612911 88349.99815788967 0 
9720.950259988429 103620.45623479808 0 
10843.718121990365 88428.62501313904 0 
10322.57189972691 92376.06952599133 0 
9807.919266992543 103234.47511932343 0 
8146.006997514955 1158160.8566088679 472.0487941114559 
8034.377047891783 12739680.844774222 2703.1939791298028 
8247.331733287665 932863.045633994 145.53594728673374 
8122.577307106216 1956178.2888112585 299.4207231661805 
8107.487224274887 1731924.1533706249 413.8381280174274 
8033.569413303169 15080637.94317976 3310.65684802402 
8807.701751571281 175212.06186891042 29.66220412334144 
9411.473377736627 111808.23072246482 0 
8967.876418584514 140311.05596608526 14.815027498491297 
9091.526660189162 134161.80975593458 1.026626932269257 
8036.021733497015 11856336.929834567 2099.92453410916 
8290.819460200846 1318035.1536900338 132.9865862875391 
10231.369520911458 93246.97382236215 0 
8033.390556553222 30863351.51858372 4058.684784116839 
8034.160900978168 14469559.112153742 2774.061885671226 
10804.164419300287 88795.4998420492 0 
8035.189559336952 13549642.592176193 2392.983922508747 
8725.659041006282 203155.11228471168 50.15926847104694 
8351.372461461682 1709506.35865298 103.72660759921541 
8101.082285949835 3496305.131194883 546.5910993770119 
8033.377932564874 31289766.868351404 3976.1040645276466 
10163.069589474022 94054.08691581115 0 
9901.043966788007 101995.58182858872 0 
8178.9702366042 1259591.3933099625 217.74821962558735 
9050.957746599928 135183.83920188542 7.434387044269247 
8053.375534233726 3105742.3580669384 1215.363076372628 
8033.412893504292 30564065.67198012 3952.8302666829277 
8575.196691279962 271671.8858787715 36.60087790877916 
8033.909091196841 14234037.672651656 3055.943070394772 
11031.254765181799 88087.98236365226 0 
8036.156083464308 11917067.240152853 2047.866136822895 
8619.169773763184 258128.12405929615 81.96826411604162 
8386.325031683029 999117.3668130132 106.56769427584013 
8082.137221974188 2170108.0304414206 700.6110580167115 
8044.513221503789 8103731.267011442 2407.2845152048726 
8033.742590416654 14912164.282467166 3073.927767939066 
8683.715146534658 204504.65985522766 45.76663097572611 
8178.457498137806 1814287.0195384964 276.24356943473515 
8532.752896444434 742232.2308703618 74.19264661397077 
8266.773318702348 784931.252172826 214.02072092264513 
8034.5621047343575 13036583.03091632 2604.3775367025387 
8437.79699923113 1102979.2525769614 92.09883267731423 
8035.775626732437 13172549.610397484 2153.4881269981634 
8033.92580230013 14415017.116894 2987.951411113203 
8889.341916501977 163421.36334781424 31.71102775348216 
8086.639744331078 3323374.089449158 556.3111785261382 
8493.406524190972 599002.66532199 76.87963543106184 
