25631.63362503231 2067706.6145349336 92.4853739298909 
9587.586509669636 751281.1979979773 110.78833657633083 
8696.482307046796 1385774.261464411 280.1143774433038 
8259.519632233969 3989335.320167322 523.2998155886373 
8534.422328843886 1815830.1608398485 316.7901848411675 
8801.609918503356 1294545.1400969506 225.18620788143159 
8438.342062207063 3676186.141797357 333.05108016813637 
8660.51458151162 2218493.9933099514 270.36811810062716 
8348.397948723694 2801379.444585431 433.84929483785703 
8535.464395901436 1437601.456495081 390.1411100945495 
8504.312471380275 2805949.783968769 328.7336425232186 
8887.333343331466 864176.5536889168 164.324483441058 
8401.30037874218 1769311.3056254433 356.1977032685429 
20683.619624053033 1291318.9630392203 95.01855412301222 
8344.681168441623 1619696.5397131324 475.4974844306618 
8503.53808833237 2189714.0179600483 344.0389777755016 
8807.714171276244 1087060.5769166923 168.94752881864378 
8540.96099668893 1829420.7550923235 278.49879035476977 
8378.387462636087 2225148.270047128 431.2181202536678 
8288.252589157444 3758050.5391128166 486.1449847195041 
8688.831922589117 1960738.0087749334 272.7709017897674 
8753.559571219574 1520633.2542102137 247.00030419090064 
8533.547473310196 1384199.6923671993 400.974599233404 
8295.663840365904 3307578.229992409 517.3757787949706 
8283.72043082589 2788435.474590754 680.4197921905367 
8758.85035355457 1601030.1026736423 203.05552699681226 
8632.005245444732 1543885.745682652 291.839395842837 
8204.689174293482 6140498.2965300195 606.2621933681722 
8307.481622833293 5859802.425122681 438.9948113325422 
8236.080028483128 5046731.85265583 619.4449407231558 
10366.741223675072 728987.0784928503 109.5730242705915 
8278.704406444123 3336703.683891284 491.6630008864539 
8420.608079350484 2505505.1651933417 346.1273125691513 
8296.420949723995 3607210.444699033 453.0348482013716 
8212.36915576551 4835213.253599637 626.4387390933757 
8366.825326954151 4405262.405313441 395.6953652594317 
8558.734645496601 1684323.3695330545 287.0201934139306 
8240.220926023883 4319837.08850093 477.9251067339469 
8557.35247978216 3585219.215949934 260.41997530914256 
8224.364965357512 5418089.368685561 555.2752819082345 
8298.588790922113 2155468.311865689 444.89060844300565 
8379.680674287236 1564921.0729056762 359.16737496085517 
8609.689189734487 2407668.5021003084 244.65057473083968 
8751.729463177871 1891622.9007665985 270.6901472493311 
8194.957936767581 7836269.969911892 685.5553702344673 
8369.286652624629 3063324.3259474477 398.136853906543 
8656.967000079927 1796805.9804517343 284.026008053242 
9815.019200762348 787457.0317029245 123.39998182623104 
26259.38402546182 1340352.1988991804 95.66483051562194 
26259.38402546182 1340352.1988991804 95.66483051562194 
8282.458659502809 3499643.311477848 693.8194430191668 
8214.286357857518 5066062.616416464 658.7626905290956 
8290.035524034378 11305515.840835745 530.3667724867837 
14765.961383914717 1178247.9924150403 110.04444030932243 
8249.118837420316 7553421.778296895 613.5822244915715 
25407.61212734095 2033215.5451414401 102.46185723159749 
8258.25683759306 5518674.472710628 606.7233076737975 
9608.458624621697 1271645.2703316482 168.98539176743466 
8982.200900385802 1436911.6930242244 183.70888876446583 
8290.082340969551 4201197.627867123 489.0761416102147 
8276.76793213101 5089267.482999711 542.8267551978539 
8303.78998131057 2988575.334755481 454.93474022341263 
8260.367005061013 4219032.783948764 558.2594995500922 
8874.962891560535 1414171.0625930184 215.83627688627956 
8689.773823384232 1914130.0105514743 481.95508754780474 
8553.526430984426 2411011.867692695 324.0043228580544 
8295.214249064136 3792629.18644413 586.9904604524269 
8669.382800439398 3743965.1189354546 277.8860770019799 
25433.42546033307 1995037.7632674077 96.74207677261762 
8818.968722099165 1368388.748438742 357.1999131117292 
8447.914060597797 4503485.631948672 391.87131702354804 
8761.789841229518 2262523.7180103622 235.84111089417496 
8393.314976870977 4735254.222784479 389.53273045203366 
8280.21732372052 3910320.1730378605 571.9087621406684 
8403.79116650372 3231416.3593046013 409.55704827192835 
8697.481977330172 3218723.3633690416 265.3953113985142 
8626.003518455407 2411129.1197140836 317.24867471799087 
8970.421093564579 1119320.7959700618 229.48337185437794 
8464.291559982656 2771573.174456781 425.73619611225456 
8694.58414970109 4095465.4105357034 261.1099081669659 
8537.263117511804 2634903.510560659 429.33293311983834 
8598.645715861116 2061629.526110327 372.2183291159262 
8732.863334952806 1714350.126162806 358.2338234054938 
8596.200019483518 2390139.077134585 376.1030926541581 
8461.582910326539 2229961.6315431325 434.81548533335217 
8287.343172592186 3467403.2431462826 613.3811769147076 
8607.483608609864 2684697.167764073 288.08124512084754 
8747.580184716662 1748614.1081371405 290.95353544511306 
8757.059671835275 1596629.445161267 261.27915497021934 
8650.768266678744 2019913.8029254903 297.9396290910402 
8504.701958817754 2827752.692629192 385.72850148874693 
8583.654879897054 4067869.0679144803 307.3918829934678 
8456.159513034327 3853335.7864300953 400.7548553760282 
8386.99442817543 2837512.42427035 446.1403249420999 
8442.975179238114 3977755.941311964 402.74583592507867 
8682.212446458621 1925798.9741595136 309.15827443920193 
8330.916793644576 2168366.6588492887 448.7948472766437 
8963.93912564844 1141383.5619643694 222.56499163883927 
8440.781756205684 2910470.694321235 408.1132320586847 
8916.581334554478 1236463.3571833814 224.22182411373348 
