10686.153117315986 436614.208118436 14.711867971339839 
8119.120434572105 3550477.839325273 560.3056899179031 
10686.153117315986 436614.208118436 14.711867971339839 
8123.820758687043 3820335.0729228375 435.1951993929097 
10125.642398918517 228832.54874208436 36.372740023859656 
9461.844682376892 353657.56356271484 24.324197109975778 
9932.630142051506 248377.5118412504 63.387527562674165 
8132.01644236062 2782436.387357261 497.25967084120805 
8123.9794927467465 3229987.5036264304 480.0791206758793 
8136.771801432476 2569273.392430066 402.7901765452917 
8132.345996533857 2666538.743058181 498.89206760782594 
8151.851571009218 1559151.554903696 373.3543263321509 
8120.872167699153 3349033.0940451575 537.1338050577249 
10263.763654333035 252966.8913965436 22.011254210641017 
10445.961388034808 412005.0458647472 20.94935125867994 
8135.841726132776 2344911.268832982 451.9963236493751 
10489.600280593393 398978.6938388985 18.902350683660643 
8143.308398314039 2008780.3916909853 448.67218531315575 
8122.816348320377 3359809.855116117 461.80451664063304 
8179.1058919483075 2154104.5363330375 252.87162615435437 
8449.275308468697 1393204.056658163 129.68387554807344 
8146.960620180286 1930388.7461605193 346.57075413010125 
8133.211996618812 2417502.4058128 451.63834993444607 
8121.191201696339 3327953.5110684847 477.4481770542156 
8511.404256521597 473691.16961913323 152.60162775187854 
8588.127805625321 1118254.4006379177 99.80015046191394 
8182.82831355963 1751503.5740568484 298.4819081879995 
10200.631452781869 233876.6101829987 25.652487279675164 
8306.026978474696 763034.4603167302 274.4550690004217 
8156.65212993495 1765932.9819298144 272.60792261876526 
8179.247309980929 2131021.521937137 239.22632978306393 
8156.928787756934 1477724.4429445749 344.0656399543003 
8204.062059492659 1683673.3937911445 303.6129481004664 
8182.723189583216 1899077.4458427313 228.64524375931177 
8246.169760561974 977544.5530426532 312.4575262067365 
8242.968151856667 1280373.2216701866 238.72112742003753 
8316.753001287598 742117.8592444723 263.8399328522762 
8404.600720804861 730918.2824017456 130.844078763748 
8992.968542364037 289412.95413251925 87.82908602513977 
9380.150620524893 376458.8708871885 24.977819132298887 
8751.526409666178 837569.7335311213 89.62409660225957 
8176.852799967086 1408081.1410076297 325.780940367743 
8257.729895533343 1187124.8076199254 225.10059361820853 
8287.388640170648 929444.2516002228 217.78771170014483 
8188.764524680504 1088751.2297160649 321.10385795920166 
8221.010844478118 1060650.5318794562 329.93313408681314 
8188.606103044007 1637969.0250251244 308.516200974865 
8620.131116353083 647805.7027608383 115.8549062609649 
8281.735772925853 961045.8410650727 201.0249480326946 
8638.491525139243 588213.6653510116 122.17562533789464 
8356.9289832449 881301.671401971 183.24441555790727 
8359.870370711044 677614.9013158467 195.09296647831258 
8814.54591289051 349668.98863729567 96.2517412321273 
8771.870002977552 379077.14600829245 143.46419312328874 
8495.073658961977 546180.8943623026 122.25973799626628 
9169.80635761939 252794.13871790215 41.42960241817646 
8839.193180193008 311370.9075562454 72.28597199245542 
8471.768335082768 573552.3361131386 145.94460499917977 
8868.765312428499 307601.38943119824 96.4859957593736 
8935.559515236355 290507.60999562836 109.9571372521246 
8920.670001410665 299575.68164519133 71.39884380885455 
9010.333912681675 281645.5641423501 78.56033798135292 
8295.143766819296 767951.5416280836 206.25436798122556 
8217.724790266617 1568075.0243152 249.76131066262195 
8492.05583980152 481271.55526288296 154.46301819040144 
9325.784729632433 278417.0841924211 28.88147792352002 
8697.910908013811 556710.8438209122 106.42110055252382 
8226.481897393414 1947546.4347761779 194.79708742510385 
9264.703138709685 267545.26719264605 34.24437775152194 
8775.958218375214 332823.6790378902 111.02361731459646 
8421.064055425637 628884.9508511223 161.7271410742408 
8485.900110673594 1241781.377191784 114.74197719446732 
8296.180162346993 1488731.8107432842 173.19600391406183 
10114.187476299678 237214.95648511653 37.76071162533168 
9992.966213726158 239048.9271602513 37.01901589988022 
9039.392156893768 273824.0597525769 53.319865402716125 
9290.587718698376 288168.30124381447 31.723309981585647 
8380.531660149467 1118933.9000101248 176.8826808673277 
8253.173631618836 1051578.9436051254 227.30746255458675 
8722.780330162988 613173.0376281478 103.86076359006084 
8240.597704371456 1581128.815182576 208.44380690077233 
9095.525897078722 265208.61327305157 45.96614132078323 
9961.688386263599 240556.00745147717 38.147054984037375 
9013.949807155823 306029.6617944479 56.30598080643113 
8321.819777047898 1257490.8891849774 191.23417064731154 
8753.067850926589 418958.52220535534 165.48301885750845 
10042.672555430043 237942.6683147776 35.35711182485545 
9123.70835825809 253324.99442637706 44.67488683415723 
8331.5610300392 1585299.7468474272 160.0183027039736 
8677.1065063416 617489.9255833479 115.329081330165 
8391.77188617933 1167531.3437073757 172.27565016614508 
8729.411640732762 433831.86262598715 170.75926598347064 
9358.825725341161 269082.8039814726 30.067810120839038 
9117.143636910667 256703.24405172924 67.78718944182108 
8401.778723352281 913985.0135604343 159.76671690531947 
9209.872658512062 270884.95621531503 41.0252507563587 
8330.653816161364 853652.3245788872 186.19236254386814 
8257.523441934605 1738653.8820761987 186.07276812348962 
9216.769384099416 282819.3896513784 37.347196799434 
10486.850242231068 398958.93296688405 21.201530301117366 
