8579.82010930311 1302606.8335242048 162.83611826357162 
8250.031589427594 1823004.1074768277 452.3331087583499 
8522.14039842346 708091.049838495 176.9847193866357 
8400.692303464053 1060982.0316804205 224.67625733169007 
8284.889563204597 1672625.6836442205 386.542172791411 
8203.872878727978 3551972.3479522746 444.2825345947539 
8344.97170867967 1348486.6272320936 356.2444496440144 
8213.085913697769 2036522.05586414 459.6495036966461 
8250.637439912542 1794521.3337194244 487.0544919157628 
8199.708868764514 2288539.5277023083 467.88944278387333 
8306.90907954154 1370174.4523007793 362.88899986075876 
8251.020138760618 1755184.2619920743 448.5693214477009 
8388.432893723057 1305468.6637049778 292.5716058461705 
9296.571848037584 354349.427012831 67.70300197762717 
8298.620935174931 1710373.1185274497 361.4150067183675 
8225.787850251883 1904600.5907812314 484.09128317796115 
8246.411654692714 2304148.90558148 417.1209718067169 
8309.134803528857 2838255.906324937 267.7573448060948 
8280.212789898767 1999168.3540290468 351.171567236701 
8352.766331547304 1308819.0311045141 242.23725729389133 
8302.496595588835 1762794.8754024107 301.20013824502394 
8856.447666228683 847951.5811922838 154.17378767365153 
9091.914234510901 482044.3621637664 110.77952000678142 
8289.800087036703 1570121.6763170457 372.6219032605412 
8256.421900982394 1952286.248908474 378.9467720479423 
8301.38807351541 1551988.3820181508 367.57568975992814 
8291.494389752554 1807761.71753281 303.3725849832416 
8221.30423241077 2191692.147186851 445.41984532498526 
8969.058608619249 450788.3318156868 130.64532467339396 
8350.686534552053 1424639.0456612576 351.4058739480409 
8301.608229508718 2532255.2037269115 280.37792959400883 
8166.877226144032 3444875.1510517234 533.5259817018384 
8703.791380330424 2164887.37689482 148.33883870584975 
8456.61550470953 1025861.9718624543 230.18822356098838 
8229.195674593406 2479049.152819006 435.2329608774796 
8209.205015228716 2960002.582114427 399.2668973626888 
8354.387691757014 1274153.2032377226 295.8412414590277 
8232.552244394588 2329140.6533102836 324.4506073211115 
8260.515300506908 2049684.9793633916 363.87751195526806 
8254.73431845546 1811899.439566393 447.04598092524316 
8388.432893723057 1305468.6637049778 292.5716058461705 
8388.432893723057 1305468.6637049778 292.5716058461705 
8192.256203646484 2898723.4789098133 481.889775309879 
8250.83781269353 2114751.642465052 434.4357731006823 
8453.846841660825 1206114.2697665265 221.1417150486604 
8258.317537654068 2640336.6685973727 277.48343357705085 
8275.07609271472 1733117.2377033182 412.2065662116543 
8279.875943206343 2030620.343400438 358.1438030615218 
8333.294986673027 1976433.7323169548 241.97243104402668 
8325.942030325132 1476564.7475612764 292.58515560572084 
8184.923295906966 3345150.88672555 486.0299580861664 
8595.905886984468 855787.6372599031 159.99658544638598 
8856.447666228683 847951.5811922838 154.17378767365153 
8305.724177948538 1737481.7895891431 323.13276581972775 
8264.66450989551 1907861.755027833 373.3875800387947 
8312.946125408384 1721611.3825533332 298.4419193379624 
8391.084246468212 1259985.411010743 303.88009332126995 
8326.070248393178 1460768.705360728 321.374953978046 
8999.502921761625 487246.5317116431 109.8951184769059 
8410.487490470721 3851410.631569198 185.85303927062412 
8216.788644719163 1936336.4599876227 451.2228277612196 
8314.80949663672 1617226.761200347 297.95694417283926 
8783.675722321484 1004564.5684610824 155.18742049893967 
9720.435634973837 727325.8520183684 73.03500784207392 
12026.639749657854 628776.6845001407 91.48335108840455 
8183.183649996086 7365737.134751813 669.2215538914987 
8203.631751931129 9692472.285858583 506.95581649175034 
9253.5961938799 606349.3910271658 142.8168497124435 
8190.031767933095 5858742.381455142 661.1960622696453 
8203.631751931129 9692472.285858583 506.95581649175034 
8241.808956275017 3610175.904452469 350.2061039192813 
8200.07318573186 3296611.9127397547 544.5411219376931 
8218.745814195063 6753200.2893357 447.9849542642799 
9631.058285267365 650112.0307415905 125.3911274551792 
8204.920904957336 2624810.646056385 472.3908459629376 
9346.383215245249 712333.5736667435 107.75362546585009 
9438.74571632617 763135.3878196722 82.53532954274112 
8279.594335487865 3060161.213117153 304.4507322207185 
8192.67593291486 3453636.6993087027 515.6095038798504 
8204.44526597266 2714222.971574953 533.6023382019341 
8524.92723535641 959096.0520081474 252.96037237427043 
8441.484263147879 1252009.1064633052 230.7000776143056 
8484.930035617452 1069004.1341578404 289.58954122881795 
8220.454979735792 3273194.5027279747 403.51432984796537 
8971.699021542001 1027257.4092987236 155.17619247059446 
8272.563648174411 2848860.967181717 340.47172106075107 
9134.24905292804 792083.0623847648 130.10161006877655 
8742.595478183113 2530852.644481922 152.60865444687136 
8240.798770232841 2402169.732947155 367.4291378137647 
8268.924375505254 1941147.648387516 424.525273302166 
8537.462931887765 2087481.6549205328 196.46422717598523 
8228.634815570107 2154977.310474208 463.251311178445 
8267.519064721833 1907714.8709828146 447.78994492173206 
8256.469140769614 2215872.5844415105 423.3137094804506 
9064.94032883867 1020287.5058885512 163.4513817213035 
8432.925752841067 1357311.219388568 264.52987908739175 
9430.746417116974 671447.626059317 140.96058168410866 
8566.944424684745 2197667.1459951336 182.67350728978556 
8355.090046533529 1319902.8553275256 279.35562233118196 
8887.333343331466 864176.5536889168 164.324483441058 
