10946.247671245956 103797.46900786256 0 
8062.820811738933 15768925.551798463 1781.963790450856 
8062.868263636778 16794350.524779666 1740.1847646882566 
8065.018717063064 10930426.001462713 1391.1101096737732 
10205.353285803436 110641.96059343545 0 
8064.995374397158 12358875.780647019 1308.4079589926455 
10709.981246367628 108113.87851919617 0 
9415.724389814824 124160.35984428543 0 
9861.495152262361 121984.08329220262 0 
8063.359254778721 9185054.333634425 1457.3949243818242 
8064.88979938801 9992839.562695337 1419.023052202896 
8065.656468643736 5437406.687023022 1206.9222031088975 
8063.2999162475035 14574300.4871301 1574.0863315637835 
8063.2999162475035 14574300.4871301 1574.0863315637835 
8063.099511935979 13118265.131590184 1667.992655426173 
8609.7623994053 332318.6788669844 122.76920693119426 
8065.124870561201 7251142.744524291 1239.488551987673 
8063.228483567017 13983513.181398507 1625.276310212863 
8065.280146425038 5329602.638079635 1282.264858021865 
8067.043412957318 7593695.949123815 1015.374823381532 
8067.099335019604 6137745.525028267 986.225783492278 
8066.2307699527555 8344129.450043939 1111.8470710397248 
8071.457458273722 3994297.5760445334 800.2821258978802 
8084.070873889163 2123369.653981311 520.8968568231508 
8063.13373725756 13127020.486238088 1649.717617726262 
9261.881245501729 130515.5841661631 3.182992796136369 
8067.082751844623 8182764.6497088745 993.0275019340932 
8696.787078704712 274879.71519161813 98.94641211076926 
8087.962485416458 1639521.4004939185 455.94308050602353 
8535.374564385169 428026.8093967262 169.58415391422287 
8097.556340748224 1456545.7771106593 410.9194333016201 
8064.035285554868 8952047.388977082 1427.7088633539454 
8065.8351573694 4853333.591244911 1119.3392141096424 
8066.750296517392 6853988.753181247 1071.4197419428185 
8071.2910702053605 4325994.982406856 779.917628431604 
8722.43973384302 255600.1673148259 74.53520275811101 
8085.648953764365 1871814.5734215772 498.4937420511325 
8801.652351868217 238130.05238227805 83.53563133247405 
8214.190712199186 798922.0954892947 338.9477397393441 
8100.69664558795 1562149.969902718 364.43288938135396 
8068.115928582752 2912356.073542475 881.9950725267561 
8070.018083703833 2448140.6717064474 851.55754797621 
10819.257716015072 106071.0857956807 0 
8074.492930413911 2537255.6987950765 680.1926740746444 
8063.228483567017 13983513.181398507 1625.276310212863 
8066.452935424526 6229923.406191201 1088.158221202677 
8079.858596808149 1896608.913220415 625.1475845498685 
8075.243245026298 2241635.243889557 644.2425891930254 
8384.622066888282 620041.5076076619 165.78096162865717 
9175.764366486248 136799.07698220052 6.948313341738735 
8081.866702619673 2200396.8322190423 573.8558989363605 
8072.338767547952 4872826.985654039 751.0473996733831 
9336.229120703167 128221.80585448307 0 
8498.636598023193 552244.7945292748 93.27601939049215 
8121.815745661361 1303445.453213944 255.2548311193012 
10897.85657293002 105307.96477185425 0 
8230.894678132787 825360.3569163089 309.14540034348687 
8905.529176121618 160118.2832125746 20.71403388364202 
8193.673399823294 853103.9338829305 297.74155799689385 
10134.337697137373 111850.84884725462 0 
8066.814161557563 3279926.2147031375 1024.1158196665085 
8264.147425519372 992043.450386005 244.0118626928685 
8072.438615260744 4841318.118934037 754.8360353923442 
8455.420373403136 1034222.8880182366 77.70688464025751 
8066.597556973547 6824959.938893969 1074.9293240509742 
8110.553979330854 924121.3336681959 273.3263453775402 
8066.791080913404 4457338.508924193 1075.3783795041622 
8413.46122275679 620656.5650750105 116.1441326742239 
8069.689802494725 3085808.05187741 824.9269894034218 
10755.7574181329 106554.00278178649 0 
8295.947018986932 1290456.048222753 194.18904082077688 
8074.187047851689 2621219.7856832263 715.1109813466361 
10083.275602508365 113759.79705694936 0 
8166.026288031333 1080152.4122431744 222.9972372194799 
8068.03080498903 3085580.4395721056 909.7551692751272 
8067.745863055504 3700928.625241862 950.660738888845 
8344.248584653596 635682.2394268143 234.12626459878516 
8868.097275016295 219394.5663309099 26.10626456184106 
8092.853825828006 1524078.628784711 435.5615047654622 
8067.863180458992 3239078.8974894546 927.7343780535139 
8162.651889823017 1197974.7077494594 204.65205943245252 
8081.127354100749 2601356.7900037086 588.1537818779946 
8067.617970681039 3639063.7757522375 953.708513203964 
9111.357889189658 140654.57920694686 2.022805175143011 
8966.549936521296 149495.50331872216 7.743681186758206 
8532.010528690513 628845.4874062099 51.518823933410324 
8064.0351027654415 9165639.346960856 1429.9290922169366 
8297.924761454387 677105.5764569975 122.45874909185201 
8958.813330486122 151186.79528642836 12.221492864773557 
8072.696724825759 2783974.928267279 725.0310994965697 
8358.128126985652 590484.6837854115 206.1528087866451 
9390.754637594011 125445.32602558183 0 
10030.04070122352 115366.6992051611 0 
8843.679342006753 210770.8732984148 42.13914964421653 
8067.8543792563505 3472057.2405282957 1021.149538400891 
9041.397977467142 143662.13273215143 0 
9041.397977467142 143662.13273215143 0 
9136.483628249756 140128.96868491275 2.022805175143011 
9916.3158512034 118999.86114112471 0 
9972.272692570541 115932.11619246227 0 
