12065.604520218682 45308.22501533916 0 
5256.451494822594 2243558.6108724913 1491.5829425075242 
13187.893996244517 41786.58858642854 7.20931613135929 
13006.342938224858 34767.38626343301 92.8271430282802 
5260.110170253065 2968569.793049533 1186.742913648233 
5257.264250318679 2525206.7965826006 1424.8094304009767 
8276.531611638378 122734.03962210924 131.4058013392567 
7461.0868486724075 135077.53348081646 84.41144848024295 
5262.4338012204735 2441441.498188849 1153.9576370593552 
5258.58054228234 2015342.488558999 1264.207353637326 
5257.7706380065765 1810210.6105997935 1320.7785468437867 
5259.303713702772 1833731.7575798498 1195.0329789038815 
5274.62385209427 1358707.8943494577 928.5661610370572 
5714.252916677595 421152.3800357311 343.5274871820063 
6544.892877984372 188326.75553086228 114.06768520406783 
11197.820147574485 45209.41587656447 40.301765773292786 
10793.531672338535 48683.970437140924 60.52621043823301 
6883.1005165718825 149591.95162592077 154.01449857189775 
5267.543882453903 2085644.5024176997 1051.4441813824847 
5262.676407921959 1633930.4478392347 1086.293523430274 
5572.59394222688 560629.0484545672 482.43255945702987 
6050.943767286908 225945.6723189957 254.9333812538569 
5271.986955021928 1226079.8495505296 962.6943446924722 
8818.776500329814 102037.78475693143 91.55053970970049 
5258.398363092369 1791054.866061456 1295.7611796089423 
8501.573807427836 121625.10042046577 115.51436280277613 
5260.687926211807 1733878.379766051 1233.9435218322965 
6187.196007079173 198587.81132714587 164.75239261721228 
7181.604679731824 127521.48137259248 96.7318907752175 
5284.431569743849 1266866.505509331 899.3279529854103 
5259.205590241196 2143768.6132149193 1263.8645345787431 
5262.124417993372 1681281.7566934186 1173.7496806503766 
5561.441494817157 634596.9927910218 508.7805900446129 
5259.191112926037 2196835.290885487 1228.1285292887233 
6133.322182202654 243752.58906658774 202.64817204190354 
6372.887035151116 171014.79838521802 146.33758580735557 
5321.252119664838 899146.3312796879 764.2298354281277 
5267.34295537028 1460283.998147129 1118.8412478310552 
5270.098640986692 1402239.6432027165 1012.6864593016837 
11762.17213474277 43639.10031175356 20.767184543475025 
5307.607762903357 985379.4215965689 789.4084255628414 
12323.7921346722 42662.97962980364 35.26032643692746 
5292.10989562123 1071294.902563449 812.673134695337 
5269.049587649077 1544732.4583522705 1037.2719316494295 
5461.448076259982 656667.6567654301 564.6925240794028 
5289.981480326881 1098506.2248249925 845.4823681483256 
9670.637319325422 84449.01628708903 103.54809831597476 
9516.629141949299 100582.38123119102 45.89450279477033 
7402.023786005606 199058.81435074224 75.15801277792312 
5906.413155161124 283773.4810117144 221.0010826179651 
12889.467425985316 39958.58875504718 51.71069259723125 
8648.56783305555 113063.80794692421 102.06638035309722 
10396.759748434926 55855.17234622237 80.25818206639019 
5328.848222601065 820528.5133193665 757.1738132171347 
5287.748221726249 1209004.4239285302 907.6016109922666 
5673.405529167161 523616.5063857457 389.73484343262567 
9329.786273287542 97732.75081619169 65.16549447175406 
5488.3196033857885 603509.9088799767 650.4415084967276 
5590.258734388727 491981.0423971178 533.9706629706868 
7016.201730059041 147896.44752552191 148.12959069570405 
5266.542827620982 1577581.5951492062 1072.3294642466337 
11689.730731401174 46565.568209805875 39.30850133194963 
5785.341327437249 348462.69506824494 374.7003746836378 
5425.7078544419865 745745.7872454072 619.2829493713477 
5292.6869452430565 1034373.8631122523 878.0974328076879 
5369.855168419982 790335.686670481 676.8374352121821 
5270.98019111174 1467720.3675453307 995.2494792103586 
9948.835760321954 68207.46896399518 69.36629267929469 
5978.60084299799 274508.6269410562 266.5676438606996 
5606.210045220758 489411.54252902896 448.35377302540553 
10191.06097522058 63642.085318194986 44.511969093703144 
5858.350136853331 291943.0549867179 297.98242977264226 
5453.10294160772 729003.8320576592 590.5501032534731 
5615.570105937521 457183.7014209711 424.7431034739362 
12696.910030604824 40045.99755567753 38.48953732402065 
5664.043211757612 451077.9204687487 402.2124247352901 
5326.100108682782 924493.555556908 734.9576168259628 
12038.330652043376 43434.01167371862 7.206330695037167 
11409.667250668248 49228.2976617546 2.0499077599507745 
10525.04311900612 51372.89590248318 13.75367500006006 
5319.635946856429 1124889.4135517385 717.7097870370466 
9090.253716402152 96418.63128595802 79.1385884172444 
5278.984598343733 1494993.3549557233 889.3257241470752 
5819.55065551665 341093.2667089014 437.7861238686891 
5730.372279189267 377062.8436202347 296.3937730270374 
5301.182463101832 1007461.902309732 831.6579285033789 
10647.101673956528 51277.53621258783 19.882053630473404 
12565.335462291374 39524.21869777343 92.94498821770146 
5408.177017307104 780146.3273668858 657.3238069453768 
5937.447543395617 303397.38491253287 205.46006701801537 
5510.954554676949 588468.3428977439 605.0547667047321 
6320.795193294576 255228.51505722094 152.9251056543416 
5299.777387820934 1427231.5534760787 780.9146977911621 
5447.062613221265 699078.5027558806 614.549780829498 
12423.58964228705 42902.22796860275 30.536134100894145 
5546.685198417841 814359.1226530126 555.6132480547878 
5289.47009041967 1144080.0768055732 880.6871288657776 
5330.846276733501 785790.2964357162 696.9618773097887 
5265.011190909083 1565809.7790512675 1143.0558945873418 
5854.509289267422 353421.79616394674 286.3494264604044 
