9015.297185604146 202.83459227769657 71.29675876123167 
12845.76718030986 325.3967982274721 0 
8097.392882333726 4910.026334281348 394.98202643562126 
8090.903551929872 10260.06365760664 247.5195517243351 
13554.033988901661 274.03309595895354 2.0659851125443436 
8097.635874820631 5096.4458998998925 310.6385509674178 
8091.484579516546 9701.634137473004 264.3792068110747 
8092.508113164358 8108.321330153344 234.40885963228135 
8091.068086256447 10106.884268948003 270.05533657053945 
8095.207973005854 7450.530444829243 224.28924628783324 
12396.742806177686 327.6333003540315 8.723784824695741 
8096.428094614633 6268.06614108816 214.8177073089436 
8095.979028958508 5174.285440942127 285.0422678785738 
8103.875704057051 4578.733882448003 202.76249737839782 
8095.991141077737 5399.888798455197 226.32314746759363 
10303.047039032343 557.0736435093854 2.4682919274961153 
8099.538935147168 4257.314456659656 241.95369714358736 
8092.051010861338 8087.515742003436 263.6173209928945 
12085.329142477298 340.28212886404697 2.0383738960389697 
8095.960246692148 5805.275686219814 231.20253329613482 
8504.28199097083 353.2222876817822 129.76667385206196 
9593.281851548876 874.6547300221587 12.940099130020908 
13274.646413595277 308.7107520931438 5.916502782474471 
8757.256855519732 246.22851800316866 44.707110921427706 
11142.031000650537 410.5989119560252 2.159627464925884 
8126.986767269152 2361.9372074820694 123.97995894919137 
8110.183637347358 3683.526187047572 153.29754540243363 
8108.248208020443 3103.4100461359144 208.18497961798403 
8101.49881854925 3956.949705663422 262.2035070367375 
11962.808150539528 342.60758833167984 3.4432993943709267 
8095.373780864957 5782.001831679095 249.26096457599223 
8846.336395963102 229.669014778276 59.56624033194764 
13483.65949198408 303.2015892346248 2.1246837538031165 
8632.619726796482 452.2997832788268 105.4443513218092 
10071.356774093167 586.8443499410748 7.7532293610314635 
12546.671092209672 318.81888081158763 4.258210394055055 
8119.249272047878 4133.774239862808 135.33971121891173 
8430.89269386217 481.54938889375404 62.97283956535725 
11341.935924261927 365.0180212966386 9.862781572152032 
8265.061397614028 1444.4990635221545 85.52099282252536 
8381.582077339053 1021.0646582461239 47.711972416053854 
8267.889524275013 1647.8238702680467 79.31270185924883 
8106.718828842368 3461.5758660068277 163.331469817811 
9214.512415608404 265.5663071119226 30.152622339938347 
8812.262599621168 743.5864053877664 28.011252380161427 
9223.429134649687 285.4808158357374 24.876550828197896 
8134.8982387237065 1882.0533541625807 140.9702644474408 
9019.333986099966 350.8199363411889 17.62416647327744 
8953.420260427576 341.5485641503496 31.9944450167858 
8093.485027270157 7219.804293109065 236.15912311722258 
13007.234700835423 313.7640450974912 4.935751063176378 
8095.793566234441 6674.684710575915 219.94583233041513 
8098.886565317272 6845.5990400971805 198.1328897309517 
8336.754303407204 1119.4980097756772 62.290825570597995 
9524.214597114145 234.70281472316 51.801520514476735 
8098.227038026096 4850.206243325282 297.0137584611376 
8194.585258091309 1278.804583378739 117.65392747319265 
8122.26967259313 2054.364704812452 175.31182727948354 
8094.651892446684 6518.997599691724 234.1920676060921 
9708.913945886161 241.65411063646545 45.346398305527984 
8248.175463938873 1322.1526872945558 96.13453155924628 
11755.760889105492 357.4510375824856 3.2956927389745063 
8951.729280239344 211.84801193776445 52.570912316419566 
8142.218772135229 1731.9183365924537 150.13918737126545 
12659.264398944264 316.45403663060705 5.861400190256399 
9349.89028831089 260.940355401842 31.322005328012843 
8160.812550508636 1840.5404850797763 145.40203687996535 
10478.480467207262 543.8184142888172 12.264396187054828 
10902.50071893969 404.31189870834226 5.564465688396407 
13174.326814524 323.46263942485314 3.3568264202743965 
8104.243274916445 3590.0643171758175 212.12593601081252 
8103.211661760342 3316.2523774738074 220.16534657646918 
8160.148564019543 1604.2778390255023 167.5176217186139 
10661.896504802302 450.5400842963413 2.049982099914998 
9779.173432668544 700.6811478987988 8.768919689344843 
10599.611112677769 520.8905112627497 11.202522937650144 
8117.2330359321195 2591.3338223865876 190.70186510094942 
11549.098135016513 363.6622093366386 6.516821704169173 
11660.294986887493 391.69392089111864 3.20325669934531 
12765.225662430441 335.96982949914275 3.871660726278078 
8092.613806710371 6983.32831702541 263.7344282665244 
8116.294978693337 2565.7977913277336 198.66791150243688 
8686.6294371459 458.62972654400033 90.74298635601897 
10832.710840913627 432.23683509567206 0 
10420.72639874092 544.8040063776748 3.145874574545193 
8102.379809133525 4786.045740883641 215.6370262957561 
8179.237330586282 2170.449159107901 107.14312956260041 
13066.772361486803 307.95787557833256 14.021028730524293 
8126.848760944636 2031.696128158249 184.36018747917103 
8292.36059510724 606.0008817746484 108.58378046566466 
8110.7866969461065 2813.389114554487 252.50413320490946 
9913.13366741352 639.3833845734772 2.1575226477357847 
8118.075828056004 2295.2824094348293 184.06153705745595 
8108.014889400338 2850.949510989005 224.9292628461024 
8217.556084237069 960.3020276213617 159.66160609548655 
8686.426898583259 304.5854153198561 100.18533412512599 
8098.543474486454 4799.001371764923 289.53647617373804 
9863.648748258609 660.6087914895393 0 
8171.327869437695 1596.3778272831685 178.48874899569796 
12048.08437416538 337.5385126636212 15.930792760591881 
