8490.310355195736 253.06455489082336 0 
8010.502586127373 318739.14758438536 500.814289808592 
8010.263117600959 292298.30607036094 680.45375663865 
8010.458084064963 233568.27640884195 744.8278509076887 
8467.445588417806 258.78589307606313 0 
8014.089736833993 49998.00246349829 282.84843961065843 
8032.449291401979 10833.046055602275 55.09440308408204 
8013.99733156511 68803.26043272541 373.1426279028225 
8312.876162426735 329.765340698489 0 
8014.142001453245 45736.57916329559 261.73603910061547 
8014.058054354872 55033.48851486386 310.2004369285114 
8432.536816926797 260.31095051261457 0 
8024.184798726099 17892.79516581455 113.47839655213309 
8264.091393483923 393.93361598300913 0 
8333.022916606278 311.32087096117925 0 
8223.956900123354 445.16861560791466 0 
8029.065361712204 14897.225443312414 95.79513392029358 
8010.278489238794 284777.10215387505 653.7450303053074 
8292.165857252758 351.23315164425304 0 
8010.637228040427 150457.39074290433 456.2489700987392 
8010.504637546793 184673.3001829183 583.6523623221186 
8010.474932758389 205121.25695098727 725.2088351464688 
8077.679024636174 1503.9082668380026 0 
8014.274690227228 40783.719267801185 241.6274803537291 
8014.047330549029 59592.421499918375 323.1743191934358 
8100.571966917425 1271.6592487009827 4.937020337317529 
8010.547187342787 169990.66394344496 492.45305562947885 
8010.531204290491 168071.2785389903 551.2345143986887 
8057.441414964393 2227.7730895017266 2.046662305101658 
8348.378903340728 296.40737273908024 0 
8010.36223163661 263752.98629592336 567.3566768678281 
8010.5227990443 179664.87770282387 546.0331615374832 
8012.349821420718 92391.1329126075 343.4370910197451 
8278.205386367332 359.2347805407521 0 
8012.511703958263 80549.15463994977 362.357732900688 
8069.402320754817 1875.9446462434175 4.937211769593738 
8010.470370767237 255250.16966247975 510.9749899198232 
8017.889810225108 36569.47321677414 192.014152502221 
8172.862755722579 582.5692087130677 0 
8402.115397898398 279.8154836893644 0 
8010.396327462331 261799.81725047316 592.3429449160537 
8010.829043384913 105423.47058412875 396.5015590230481 
8184.564483603585 512.318178845335 0 
8021.652066386115 22504.49695047585 145.075563671978 
8015.97962829571 32519.053056202654 219.42232942839735 
8016.085149501656 34674.85393142008 199.104732559458 
8010.409352084858 242909.09378963176 638.8473822164839 
8010.2742298522635 289625.0815930957 670.1097750618995 
8012.166701420086 113196.3328928073 351.70399263512024 
8010.5032241387 191586.41469205875 675.4775376064841 
8116.8685937157115 912.7647031215851 0 
8012.22913651795 108551.69153818695 328.1571748466644 
8206.296258380677 456.31378798789433 0 
8021.523819286822 23642.24154093095 128.32704741099099 
8010.295864317174 277130.86684140674 619.270304401334 
8383.253711161973 279.90938917907755 0 
8018.208450307962 29780.6551183277 161.79509142917036 
8010.611129540828 219485.4240569178 451.49236961848806 
8017.930906720014 31931.97867071668 167.31613642976433 
8010.654565712626 213999.36769407755 441.5760447323683 
8362.155356823378 287.52502588103397 0 
8010.493825060467 196899.56866813384 690.7687550346286 
8018.266215871539 25489.945368236462 139.28884273365733 
8157.7453480011845 646.8632707629401 0 
8010.514987467246 210956.51018239703 538.0577347780584 
8242.127346436924 403.83639256766577 0 
8035.60398847678 13366.539805625294 45.0717811758427 
8012.407768297796 84990.45657228256 384.77837703512796 
8010.309742701906 267031.9987880306 605.1311447209079 
8014.32937282085 37836.652560809984 229.92244247764364 
8149.722784162956 675.6825584515638 0 
8010.480342132649 202063.02578380017 713.0695072869012 
8199.041516760859 472.3962853856847 0 
8010.28778691855 271500.2205884197 626.708251492522 
8010.691779109948 128586.18722440547 434.4563329711756 
8026.290828457956 15081.119303081074 95.84601275284601 
8010.459796111008 250673.22156040007 525.8265623995112 
8036.771370623863 9519.244948995738 36.16117163300912 
8011.082928999528 89227.52235691206 407.87730258066904 
8010.547004922368 199495.7831902064 473.796019653043 
8010.756330039783 142956.46508794653 377.07567194980476 
8010.848906239796 117153.85134898504 360.5404963546771 
8010.662120694857 158679.82577964038 424.0615034059186 
8010.656458610016 132674.57542678082 507.6762585288353 
8010.746773775995 121736.57503919168 415.1298481663935 
8010.401659519548 241660.8686987443 645.0434260528293 
8131.758381937763 731.5250014930963 0 
8010.462175307979 224332.33368026384 541.0794217736274 
8010.580353415131 158772.34693775844 501.34433822443714 
8010.490247398897 197066.09177602245 704.1507423041635 
8241.284799603101 416.31504876641253 0 
8010.571051328108 223618.72917773534 467.70606414416415 
8010.625019844943 137388.4761804006 495.3636860843279 
8135.493201268244 707.8034860932536 0 
8010.566028572977 232688.39112435962 473.1389706406481 
8010.300700743643 275685.5710062557 609.1278978623722 
8046.281411006874 3883.8818341969572 18.59552798789083 
8010.418487307054 236561.35448608143 625.8176822246639 
8107.00257965615 945.1441503956459 0 
8010.9045837002295 100862.14421759089 381.97554751688233 
