8010.088778049532 230064.79513671185 721.9607883461745 
8010.081616877167 145189.49905959237 778.9997254578634 
8843.468871886183 169.64624729124077 0 
8010.083236890422 151738.37847544142 768.1898239170334 
8010.089032207974 229274.31109588995 720.6305510498105 
8022.810645882478 7105.347373072356 148.83634769758766 
8016.440985627116 11263.936826043033 109.24271071023163 
8010.105897647383 110327.57562245241 617.2839402234088 
8022.360356626295 14414.033362225588 77.17543311367722 
8010.097354890217 118557.28084736998 676.9255643512731 
8030.533732614846 6320.1917619313435 57.46380364109561 
8633.30709212237 183.50097414480365 0 
8089.917683712609 1384.319797267251 0 
8808.00780521095 169.6779501616841 0 
8268.562357885645 377.14024081933246 0 
8010.42298642428 58085.40612129225 296.2208575739172 
8010.135710634232 85030.51899444794 534.7228494468665 
8010.08526575971 147995.03139367723 753.8108262742462 
8366.096745369196 286.0327813197474 0 
8416.206495040686 242.1844298964648 0 
8066.867538589872 3160.5843026007533 17.389884735131893 
8290.288302317113 339.01680234646716 0 
8128.918123268659 824.0729028868772 0 
8321.300704684121 323.36818128233216 0 
8010.087284602347 143042.8226237148 728.7200862198827 
8395.24723025006 259.07621896020765 0 
8728.979284774989 172.28748130744992 0 
8010.361636382586 34762.418435861466 361.55935516763304 
8010.228418282908 51980.70149384927 406.93460991075113 
8234.565001111065 402.11748850940455 0 
8010.100478226888 105080.6261663208 657.8462334055105 
8071.820658193294 2352.637329234449 12.224545856647946 
8010.350924002907 38855.59144004997 314.5983638838941 
8010.301975618211 44456.988980288465 332.9553341385447 
8163.107743900378 703.4441250527389 0 
8010.085669710179 131485.92687123182 740.5936472980244 
8012.2311825738 18771.92619750871 173.1916173771438 
8010.158864750614 73422.32812729364 505.5187410397418 
8340.738048873252 298.5560596192339 0 
8010.137883838009 87296.17793317519 524.4780941144501 
8010.174456114468 76376.8416111249 481.10078797668865 
8010.089410530959 136110.47569337094 710.6735350378615 
8043.83788630508 3760.3759807223237 41.67322776369042 
8019.523688478476 7806.730790725376 94.2565063203192 
8010.156916012507 80567.45425038894 564.6880689164708 
8010.715433527423 23788.345337055012 284.13386028257236 
8010.289620474362 40209.7053956721 343.5196666550772 
8010.089737213446 134426.58354875364 707.317436710621 
8668.431676294591 177.73701061315205 0 
8112.23086215988 1157.9261084774178 0 
8610.197319482486 187.64919696174616 0 
8010.193572130733 69697.46479832857 457.14121601593473 
8010.115704010004 93813.3066803865 640.7197774655467 
8010.44619057327 31871.368119493825 271.74283785789083 
8504.518030948639 220.33672542308517 0 
8554.009047649393 195.77601835517856 0 
8592.05224536436 189.67257903790656 0 
8014.045500835947 10979.059765371636 191.7057930284719 
8012.3372418080635 17424.385607983066 179.35594793401395 
8010.24946919427 49649.78560757486 372.8967711337611 
8191.988980837092 487.8117471442969 0 
8010.091205734088 129280.98404767532 690.1551051373915 
8010.709556437563 25381.10269369899 209.09651947383958 
8010.222953168375 60472.03452309413 486.74243148155756 
8010.120297419644 89577.89244489864 594.5091424127027 
8010.196985055697 67169.22185371089 465.765506704715 
8010.109006701057 102584.18301983105 609.5743732848981 
8010.606706452783 41926.59529798999 223.33243182829764 
8010.243811782868 51490.52669591193 385.8519236011734 
8010.132666294731 82515.73464059926 586.106038962519 
8010.112166115625 97180.71515718236 596.8976649941567 
8762.73467660006 171.9606062148355 0 
8523.044604756922 206.72669457733508 0 
8010.218336670112 63754.703783696576 426.45620433892395 
8448.860282959275 230.30969197326098 0 
8010.09481933254 120111.2281911197 682.5259745033557 
8010.1082092340275 98763.66503145716 631.7853386406475 
8010.089966870977 124769.90466144003 719.4856010433783 
8010.257601837924 46433.210772151935 378.7850036075286 
8010.117733571591 100776.91763386352 577.7084689783837 
8010.7818597487985 21023.55449907868 199.74508710017278 
8701.705940023647 175.7358129767253 0 
8028.336226644951 7595.002117314039 30.888110267791674 
8483.645071615 226.19383831586555 0 
8537.847146179003 202.04566091173956 0 
8043.293034175312 4179.321614110844 41.66176199947138 
8010.407420762266 33851.688928828175 307.02528440290627 
8010.752538776187 20497.067631484242 226.6579584596504 
8174.617657876633 698.432855514998 0 
8010.524302399154 26811.810644342968 244.1676634319712 
8027.333944330896 5299.875798140156 101.08975734382334 
8010.137209346798 79526.62223249082 565.140728968234 
8010.462015123304 29946.17802376308 260.36767388481337 
8010.198735890242 66385.52526477375 433.1124385998148 
8210.13089453812 484.8213748690566 0 
8010.1629845058 85869.19635887383 504.93652398436836 
8010.1022511130595 106993.3362535629 635.4233074624506 
8713.017667041422 173.76097813792117 0 
8681.047725458315 176.65804152121555 0 
8010.226143285563 67141.20607794222 402.87681325616586 
