8717.257165250407 177.76624477293618 0 
8010.1531345560115 87770.13999324664 521.4264262704166 
8014.958455094564 11873.39665000942 130.68601296486253 
8472.618835078647 221.4522364671681 0 
8010.33560975993 37651.556874918184 309.8409029611288 
8010.304916559049 41539.80453899755 329.4676491070782 
8417.288221300485 243.89086655542195 0 
8025.268651501475 8937.013724505205 42.59801575919148 
8443.087191923432 234.78443642904224 0 
8010.288022074186 46289.69489960506 374.6354282291196 
8671.210974500827 180.9818558447988 0 
8010.1599897155 84204.9586014493 503.3531266273208 
8023.984759638493 9671.58403314549 72.84537237961513 
8010.186207369423 69245.16521004817 441.6681148389695 
8010.242254698584 57736.241294884574 381.32963360201705 
8010.170171789372 77554.84338549519 476.6752571101212 
8539.576574300447 201.5194518489193 0 
8010.207808139472 63584.44226048583 416.1300770725798 
8010.188454568497 68179.32549203867 457.52898381022203 
8356.104269519685 288.18091947854447 0 
8010.608164452703 24029.687017897137 243.13832956561663 
8712.36036064666 179.96445122262514 0 
8016.227495711683 13756.022135350946 97.25444147838219 
8010.235407668131 52407.70673794254 400.05325798437974 
8010.313527440181 42979.058927895836 326.93914093738863 
8010.666558391978 22532.549807804506 232.1252190747149 
8010.4034092199 36407.2681838531 297.24118494956946 
8034.17314557968 4699.095735711571 61.23505655448062 
8624.151251085968 187.14356899467126 0 
8219.116617499963 419.91976116857387 0 
8503.977618803106 212.31320755167656 0 
8010.164839850326 79917.38124795722 494.512071122846 
8010.235085968165 54640.769696434596 390.65762258098874 
8601.016000861397 189.4404202710677 0 
8010.1783402404835 75164.7777581099 466.24396847873516 
8022.344346390961 14723.71220772403 83.39598068825768 
8564.411449657153 197.80564390846916 0 
8026.815106651875 7442.311354930417 34.62666442916462 
8164.735738938125 621.7729363922701 0 
8144.099886886049 700.737354543691 0 
8276.00070249732 355.1140000797927 0 
8295.267703175525 340.5269160979833 0 
8332.310874604325 302.8387652397828 0 
8014.501788817349 17689.417529903294 114.6144644954195 
8010.210732469142 61259.17093111849 436.4748603816388 
8386.201305786286 255.31744899718598 0 
8049.664179046691 4469.545219789885 61.47728524279296 
8012.988732566531 20390.89026924139 167.31228910068995 
8010.196179200731 64283.093694836025 426.6465940720884 
8114.453021649211 1046.1635364118818 0 
8012.877653475383 25351.14913364068 199.4621905987256 
8316.022008885664 316.4678745451254 0 
8010.212593224448 60156.20744520641 432.7300439640161 
8028.763044031601 6998.059442063807 26.155591441967953 
8580.96476506141 194.1586484145654 0 
8240.259409458567 391.73205030987504 0 
8255.18741678327 376.52881975832105 0 
8057.956297947027 2765.3868762043385 9.980838874220058 
8196.899485958382 494.62218521837644 0 
8010.278639274613 48019.41775053388 343.9851766482122 
8012.95297299202 20053.40514123334 178.32082628016622 
8516.597119963139 208.61295075109103 0 
8055.516341263725 2942.0220002322626 4.763607299414587 
8010.259697749995 55509.92469149432 365.144472096672 
8645.63671785383 183.3698054542986 0 
8010.380830191634 34384.39907698213 305.7068337200594 
8013.408073416527 16922.854035112985 136.87752615408468 
8010.307394101583 48654.06404177359 324.2784868239211 
8091.651823635407 1248.3471310264679 0 
8010.273852516946 53296.74187736273 354.39262762178 
8017.745349607218 15467.711106052853 95.82049367350228 
8010.286475265028 47008.669540320785 337.8414022548617 
8010.264750802376 50244.30320088597 355.74982555994603 
8184.044600753095 522.3009775504203 0 
8125.93913173327 834.3979592862779 0 
8010.437987158849 33331.77393569413 273.74252831470574 
8011.937227263097 31382.40697585474 216.72752419383355 
8010.476070194058 29740.903832170334 267.613515380792 
8378.490359867874 260.07109135529157 0 
8014.54060363423 17158.191581282037 110.76736279843199 
8013.025784194336 15844.832986679456 158.30259702712632 
8031.620646203621 5538.3910456216545 78.97001837829264 
8010.222008236722 56768.143124469025 409.8732335098253 
8010.158818777201 81255.40711639472 509.11625444867855 
8012.920215292162 23478.33833650883 192.54477756655584 
8010.220016712108 66142.32421302373 406.33012575996986 
8010.170098553137 73574.0890084677 482.6513462344701 
8010.423820574105 32262.039446755 280.92411970809684 
8045.15926308441 6514.041488589202 16.57644581910155 
8010.183364081811 70824.1661939538 457.53206834542823 
8010.1557986777325 85318.6433492964 511.05721467665217 
8010.153487972959 86732.32478461979 520.8998672172104 
8013.038163347066 18650.651980940507 147.78275129745975 
8012.865540014492 34187.31518909748 204.59963546813952 
8659.23529365973 183.36428779387202 0 
8010.265883093358 49431.34543428228 361.4208218970922 
8010.38703481231 37250.62504476239 289.8096787687057 
8013.013000240274 26689.77161981625 161.29928718210715 
8010.482558653966 30383.69357389712 255.6841836310677 
8010.570298070665 28680.492793285783 229.03016518880986 
