8010.371834602618 255813.68677390364 454.7448327737334 
8010.243202624173 200165.1992656322 577.8975887633458 
8527.457888903658 237.0755993397321 0 
8010.279084362886 186679.3353946646 522.0297081422403 
8523.953610896431 241.59124437881258 0 
8475.942182289451 246.6057805907707 0 
8443.325579501392 257.00830847100997 0 
8012.860280415756 108126.08592220137 319.58424201710324 
8411.799756202605 267.02072115931696 0 
8322.775325199676 316.0651677853281 0 
8010.266035298271 192067.38077443806 553.052757571337 
8351.43508933283 297.0747118064956 0 
8013.054957175036 82732.96927068495 368.24095334327865 
8144.075136709777 673.0832719714649 0 
8013.22919543205 79150.44020039726 302.7558020842979 
8010.970250240603 100486.91198688201 378.71224637566087 
8011.065367315177 93684.0295720895 431.7972879967372 
8018.260911939045 26173.227082281584 143.217310222435 
8183.488620954611 554.8430895305852 0 
8216.188045453953 440.308792289236 0 
8232.643843389797 431.75316516282277 0 
8046.8489465035245 3482.0591311041953 11.763082204508642 
8031.592635218853 17245.560702723495 63.98536949141423 
8017.623795647044 45480.08219178536 176.96276851415473 
8197.569351744592 485.0004066091685 0 
8038.08251724695 5223.184659261392 23.892160666365907 
8031.408723827493 41073.23654865632 88.2769066537111 
8458.840276579607 252.24676877776614 0 
8277.11187500491 390.398517404327 0 
8010.844123951407 128186.14499716186 353.6911169978212 
8293.85192777076 341.85428518175854 0 
8010.674033048167 130373.97395925749 469.1045045906129 
8010.490753115999 154634.05184362637 436.1951072243635 
8251.129650366409 413.229545300756 0 
8307.819041639137 337.7440763188189 0 
8017.790499782914 30302.40227093903 155.92144302448793 
8013.601354685397 64947.051419352014 262.06492290380976 
8012.792603512031 111216.06106761497 328.62662724301214 
8363.023724937671 287.1846419424864 0 
8010.812984204116 141564.74047834336 367.4148494248006 
8020.804087743414 18694.74788606886 123.87982653601482 
8018.9565810203285 21591.113775989706 135.54002417991273 
8013.712948934083 54899.174137560774 288.6617205686342 
8017.661462259504 32395.49557502978 161.01086599203774 
8017.637295820797 38198.61222782408 188.14239956974467 
8262.19938838361 394.3873239572628 0 
8013.4794072512705 72404.00415703555 299.24780062610273 
8010.804504261811 145182.95037580287 361.1355134331635 
8122.292577886195 779.5012971912447 0 
8012.296245621575 96716.53162936305 343.4523132905542 
8066.877192222861 1996.1426130569514 0 
8010.743365963929 121163.0917777208 422.1351665491507 
8036.292878737908 9443.178522710637 37.78157997651665 
8010.663414159122 133263.98276089845 482.6467948553548 
8010.374483140594 170761.46076466897 444.465959672688 
8010.534653265391 148092.23479816315 385.4851564749055 
8032.799477681431 11104.301108919246 48.2196110404074 
8027.022026823303 15682.716938369984 94.03156569919622 
8013.923064742293 48553.795040534256 267.98243599204125 
8378.583283280192 279.690332727692 0 
8076.604327950156 1401.8834315925485 0 
8010.766164107574 119543.215569008 413.25126687503564 
8017.14307645685 33953.84569793625 199.93248444719822 
8013.0773073755145 65539.62671294659 333.06721998732445 
8162.400414805607 622.9735442829124 0 
8010.756134378827 134950.2804044791 384.7623053861536 
8010.314292056522 178562.12472331748 505.04466513172326 
8010.503370295126 158002.25746449872 390.1250369389648 
8010.397716817497 166533.45634159967 427.6548728701804 
8037.7979633755 5307.411745989482 34.25233944918982 
8010.3110003299835 183152.5139153972 496.28171064995433 
8012.782308866463 115803.46936269001 342.8523329069012 
8015.634456485202 37443.657043540035 249.46009931457235 
8013.89535514194 52552.93499027735 284.04095468948543 
8015.428472444952 44095.037350256425 224.3789773380682 
8010.482022169205 163844.14748169738 405.2754911524248 
8013.867937255654 59850.05859675772 279.60742429688986 
8013.999714650607 43286.210397780655 243.13067822724858 
8015.927391609145 35622.41636350083 215.409159269117 
8024.281512090266 16358.870092113093 109.22157294280962 
8010.254860819854 195522.3381288172 565.763742235884 
8010.302513876668 175381.34728642442 509.5317742320114 
8010.435449765205 158107.01162031147 400.991641150202 
8023.547135753152 16614.625786144366 107.7928914375063 
8010.26301725601 196251.12122621998 563.5612405059726 
8028.978684235777 14525.008297194245 90.8934027312132 
8016.514242124357 36276.04921770974 208.44321514415356 
8161.425472459325 628.4526864247939 0 
8019.241373653715 20643.26764352714 126.90317922664961 
8057.023093376776 3241.1488272925917 5.682814166462536 
8013.5373060249685 71366.32451307749 299.5540947091326 
8475.574793223004 246.7806153577896 0 
8087.727493962637 1173.104487924204 0 
8385.609328341448 275.6222540664832 0 
8092.931216650283 1082.5508580175394 0 
8398.959720993691 269.2890140643732 0 
8010.264347159712 192908.5003922908 555.2631875032934 
8010.328322170323 177263.3386252912 482.7639944491292 
8104.049293869108 1008.6915404683936 0 
8108.549189746065 981.9607450001228 0 
