8724.110788542075 175.6016200396739 0 
8010.135310668552 110909.72703678656 574.8370429676431 
8010.145062951023 92380.16159355512 592.0318313815764 
8010.143706836666 93526.75388177439 534.8588708226853 
8010.15384539285 85204.8791674652 509.8743087476762 
8622.798350812496 187.46444511288865 0 
8010.157279807558 78834.295754277 542.4703775033358 
8010.136784762962 106920.53015172818 570.6966210226786 
8011.879992915593 29275.78055927683 215.69341167487988 
8010.337146708111 36214.022469736825 322.8393795452952 
8148.190653545729 704.3826530710378 0 
8015.798736891335 14739.78241922628 98.76602254492738 
8010.150594575742 90726.46136201819 523.2035228808651 
8010.5154360279685 26982.56093197973 259.8069745674716 
8652.107478562826 180.59862374900382 0 
8177.722971544646 643.7238496078608 0 
8010.191045823773 64472.818600259016 470.620092663308 
8010.381509184735 32725.54400783468 302.80402914919284 
8561.944584458528 196.00989810026016 0 
8010.14292097747 99077.71585197019 555.1932160982643 
8306.047451232298 335.02238903427843 0 
8010.2438264375105 56891.587764955075 381.9565903943405 
8010.171436523226 74744.16704170303 486.06076407868255 
8010.142013534365 101720.99960038823 557.6457787946795 
8690.195062692648 177.08928597408433 0 
8010.3477055972735 37539.89165932145 315.19218136061494 
8332.40873546437 317.207743626396 0 
8057.931494875789 5850.279409934478 15.381638508288376 
8010.258989734519 47914.61960452737 376.0513012898357 
8038.6207321105885 3544.6334220171675 54.772049275757034 
8010.1847626635445 70757.58583346763 444.47051766497077 
8283.06472413121 352.07588147078803 0 
8025.271311235209 8934.898474366946 42.54954672584411 
8010.162955967903 88624.88115559866 498.36324468787626 
8012.172891996082 25949.41188297586 195.90931215683165 
8010.2120794535185 55231.818160098526 448.53681256964546 
8010.271861677928 45534.679504266154 364.2257035019361 
8010.156144227332 82944.05124765921 500.02400606557285 
8010.325456324164 40355.01554501774 342.8675901385867 
8538.259429926917 200.96958476890762 0 
8010.141988338306 108416.15831980386 562.633308253601 
8123.688240244447 814.9270481627107 0 
8198.854586550147 518.0070034821839 0 
8217.162035459492 417.93391607450604 0 
8010.226221461287 60541.792146676526 403.5755010404964 
8262.059702674936 378.0652468561805 0 
8010.203687218416 61230.83618322492 433.15681116680287 
8010.1689888132805 80646.67094241646 493.01645268728527 
8674.898370644867 180.39817902347596 0 
8028.368357427802 8169.014057073561 28.77644095582209 
8010.180448096071 66727.7581814424 460.8449421137282 
8013.187720852645 12047.60379022489 175.04725004901752 
8021.849916930971 10238.586276097143 122.53852048409453 
8013.866542159933 11244.864913197163 134.53870822076325 
8010.455165463987 30136.981213425683 270.08870834984367 
8076.63271636412 1521.83795651966 5.2758746371385 
8013.264948186843 18517.651181319758 154.20534539043067 
8496.755601077759 213.16587618403906 0 
8065.704322556985 2386.4268607811837 17.51139234880788 
8010.556952690863 24300.124600834424 244.3614902330798 
8010.1696058622 74459.19025925556 488.0897694015204 
8723.581463699678 175.9720774214125 0 
8010.343868769588 43281.218879998145 321.94704439835294 
8109.730201868661 1090.299044860454 0 
8010.650751586645 22620.518948788398 237.29496034506815 
8589.899408131943 191.56848584083286 0 
8024.845545332174 10236.911939060004 86.43299645505009 
8010.436231384094 31906.162139710435 280.0809941542154 
8010.1433763898385 100701.39050025775 554.5738982348364 
8010.269305925471 50364.72287217471 357.3614718614525 
8030.557390875193 4430.56336619804 72.02855267785546 
8010.411063520036 31070.08671224358 288.08441885720566 
8092.09106340689 1151.1500811126461 0 
8010.195919047483 64824.45349832089 425.32738360048177 
8087.014040082316 1297.37564147505 6.337514700727581 
8010.285522377202 41722.49646693685 348.9668022378145 
8484.709431498646 215.77232983335446 0 
8373.950276172609 276.1377733378705 0 
8013.283460151249 12951.855399511467 146.69261631989932 
8395.089071556175 253.13698591854816 0 
8010.733714596674 19338.301702427085 225.18243644312997 
8010.307603152623 40036.90262901576 352.06220232659217 
8438.21044361854 233.26582779807126 0 
8021.858012332596 17415.818820205743 89.30342598128647 
8588.965775097142 191.89995655101433 0 
8010.250406077035 53160.47204090876 369.64369018914505 
8010.397466122845 69533.94282929802 296.02587958306617 
8016.46933143311 10644.87948605678 122.61680510880677 
8467.292333575675 222.40553827854447 0 
8013.296407478707 14463.091605667663 143.07351974169967 
8238.755386806282 408.4003946917041 0 
8047.484576029292 6927.095320886396 22.482607723919443 
8037.050161550142 4050.0309352257436 62.8611642174053 
8012.717634853646 16836.239884319566 186.77446280727878 
8012.730062380173 16358.726732298665 191.9704003737303 
8047.705487012872 7140.032952480729 17.545056891519458 
8010.214026460369 68009.69750317468 409.5642452963081 
8419.629893674297 241.1013198105949 0 
8243.587816792657 406.4458154325353 0 
8010.189194457732 69266.72376028169 437.3296240217793 
