8740.695295525074 175.3839526650217 0 
8010.12859552245 102149.6481470772 594.8548994709848 
8010.1284060136095 102179.79820224232 594.4027677601223 
8010.135830553748 106985.40896240094 572.1395329060759 
8217.903221606326 474.08832635959646 0 
8010.136782265217 96967.1192197516 577.6450039096503 
8511.851490599862 211.4825506969244 0 
8010.144384647719 91010.28556038866 533.3088046062512 
8031.628956712686 3940.533026837 62.927529786643206 
8283.991916345625 355.78838475909504 0 
8596.301753480768 190.95173703996187 0 
8010.546339945109 24710.88343443873 249.6016780376667 
8010.732386864822 21661.890097978212 213.78464833698908 
8010.2520968107165 55128.54224756887 380.13902222138904 
8329.853316960553 318.5291970699154 0 
8010.652738663624 21111.360398136305 235.0959835924803 
8255.14779691999 386.01624280287643 0 
8010.138765195907 99402.37359548196 567.8706048536627 
8010.364151204836 35645.12001162485 305.44219828425736 
8010.527780847438 25966.960081281868 257.350051544819 
8088.164387187923 1100.163224752997 0 
8012.671003547332 20236.994670481297 178.0067144865907 
8114.536964326389 1034.7187760851496 5.147593779271412 
8552.589615682069 204.24391531279488 0 
8175.4704657499005 555.9607489961892 0 
8010.274822438218 47361.18040894156 394.9023224628965 
8010.2253369399 50971.470130357055 418.9042400571831 
8010.455165463987 30136.981213425683 270.08870834984367 
8010.202434524563 62562.79065156458 484.21495129511214 
8015.301595019071 15405.510781544923 106.096011083121 
8019.486127227114 11362.645461308137 131.84917149359194 
8010.155883255269 82069.70057225328 503.08600824651865 
8010.395287813764 33165.791583077815 287.09812240975145 
8148.197404430818 703.8919818645145 0 
8561.424717629923 198.78852475207523 0 
8010.226613675246 59105.1644160951 395.66044664759943 
8722.521514790062 175.736290988507 0 
8362.428979584889 294.58953355766533 0 
8010.161433391839 75549.76097911125 496.7636759733505 
8010.166114598926 80157.3183748059 477.63528750295745 
8012.818396642893 18995.652072510966 155.339829366814 
8420.962509730352 249.5101327402012 0 
8465.245426463985 222.38503658013812 0 
8385.161517176644 271.315786317249 0 
8010.278601213539 47889.10759445364 353.52020320505363 
8012.765122001809 15983.999609627392 165.49954524344014 
8010.282807787711 43591.606904137116 379.6320635149642 
8010.130508860381 102953.25399963892 583.2851154012972 
8447.018976614265 231.07944575108894 0 
8010.145554857124 86015.89684126357 542.3563925686179 
8030.84688476016 8301.675012743959 42.585122951902086 
8010.172072033052 68666.85432806515 471.6856253533612 
8010.206546491277 58195.805674122035 425.00914473293204 
8127.527643386631 897.575174274081 0 
8012.623370357678 28673.612011250905 210.7365237760002 
8010.175648277756 72138.31937634853 453.41074029909123 
8029.286169430048 7697.498484881099 87.70773614400315 
8030.045403277438 8778.847292345514 76.05675517857102 
8010.4262698308075 34779.89263427541 275.8915896028771 
8010.178030534492 71149.59696548172 450.98812217897523 
8010.179618953558 64111.59329160585 460.21037832614246 
8685.179800184796 179.486397100647 0 
8037.032024514758 6258.900841457706 24.374960842078018 
8010.3257411754175 43015.6189689484 328.408873199572 
8074.628222805587 1811.3722912338842 4.927958663423389 
8659.428550516617 179.96054639720697 0 
8627.960350080335 185.5737298654891 0 
8023.468076855111 7861.944384851369 113.73576125485586 
8060.944010061928 2568.5256464060244 17.48646613462969 
8010.13656980026 105011.22142625312 570.3844822293793 
8337.785121217774 309.9094676573195 0 
8010.270619645136 52255.674659124714 360.60892864418753 
8010.155870054832 77595.49053669011 519.1521209801464 
8010.146876358831 89774.74695257696 530.0838284806559 
8010.154189169123 85041.66743206877 506.5782237035454 
8012.681271024024 17222.60428280115 194.5146791804585 
8010.165307166572 74699.68356489131 507.33692782222136 
8010.326591303589 36979.19859490514 347.610344107243 
8032.274266404862 7136.13511695608 37.280242201029495 
8619.09978004677 189.6142100409954 0 
8652.057007158588 180.53962639307937 0 
8037.584029018869 6092.684120031729 19.40343565287601 
8010.1289892335235 101678.30710031519 594.0999880282681 
8010.232482382177 53022.39040023609 409.96026504422707 
8055.460226299027 5593.749600392251 12.325321513873718 
8010.188153700891 67210.07139820668 438.62572565802196 
8010.321220096329 41399.638171121536 336.31282345062544 
8269.8295919294 372.2758833587027 0 
8012.681314887669 17220.05810136799 194.44246603332283 
8697.874146295502 176.52964387751746 0 
8010.2531586732575 52864.37897807975 369.616211235576 
8169.485567706572 614.8284308270115 0 
8010.155931424553 77461.3239488139 513.6843211341325 
8013.275465900249 14103.509177711821 143.28632539845762 
8010.327985189496 40366.02299228702 345.05581394529634 
8010.334607662566 38798.285528889384 317.5761064892549 
8426.179837673644 237.5810630257796 0 
8010.20109363133 65865.74603435052 428.8069806656067 
8010.139834646603 88805.71284308485 553.3109920308743 
8010.153002532983 87117.48085035042 518.5441928270442 
