8010.152962565238 92637.58052070686 527.4170504230793 
8010.32523518315 109310.9361615599 330.78546396968454 
8714.56471292596 178.28804867979318 0 
8049.994337015179 3446.0622971661455 10.990533973849697 
8025.216084790011 12686.516519624496 57.40566668670424 
8014.475246943706 17516.958688143426 114.49589155061489 
8012.043292133702 92470.48837810896 218.66838295949069 
8657.167969874154 184.75347456459144 0 
8012.088886495561 27015.30490611775 193.6398350845264 
8010.154991448409 89460.62739294885 515.3009269311193 
8010.192156930103 66020.47249725233 433.00984374258275 
8010.17142276679 74562.55950018084 475.27500205061824 
8010.398667842461 37129.42771111087 294.64592159351093 
8527.19740332726 204.68159549227934 0 
8394.213328074104 253.7242298108322 0 
8066.071281559672 4301.115695561734 0 
8221.456599534273 411.0084299391152 0 
8010.654357021478 27757.079900659064 244.54530572020698 
8429.872294754503 236.7908484961587 0 
8010.426611804234 34407.86099448003 282.1227840747603 
8010.205955418485 68559.09520234277 417.91080424003644 
8010.325235184138 39285.69664321678 321.6770239038044 
8010.1909341505 73036.64749659011 447.2507010095161 
8362.00684472662 280.61890096120624 0 
8258.632976654026 384.2957745905517 0 
8191.814493922731 482.71512556657166 0 
8039.443128635976 5726.6298509883445 16.895142079025504 
8010.222157929479 56814.14520409425 412.22729387091 
8010.200952523974 61530.10640778246 423.27030475761273 
8013.06649990953 21699.290754483023 164.7561701927727 
8010.260787024545 49931.02258689074 367.3596395063163 
8029.574711820914 10118.950340693327 26.775742059547465 
8333.622697020433 302.4789808257764 0 
8010.160139307356 87655.51011648579 506.7660060669401 
8321.316502035439 310.1489351456991 0 
8013.226504194128 14216.84897179326 149.0987713424944 
8010.228922255384 58082.761053556984 396.5074954750671 
8021.1601164204185 14469.526947682738 79.13929873282024 
8597.325672645404 192.89617262273373 0 
8024.161486810725 9504.376086239245 69.03845152881868 
8561.568552973251 198.84176880074847 0 
8035.847866852311 6938.440515368415 20.533000910897684 
8010.275509507898 51438.49548570705 362.3272135250085 
8010.300385635457 41781.74815821499 334.6585037012738 
8010.283210036767 47635.42277940179 354.9088081157994 
8141.04561959853 701.4780137053697 0 
8010.1849913006245 71080.6914057437 456.18929764402446 
8010.3097575486545 44618.77399804698 334.36124951462136 
8010.498049540727 32683.95245299576 258.26490495187596 
8013.914453879199 16925.587894505865 127.63405482508105 
8010.614361015723 29971.077995654872 268.4753852722812 
8509.773188480156 211.52827959896922 0 
8442.418405448201 234.04514560275146 0 
8124.895428410864 829.58729792374 0 
8010.33451816307 42375.77592612759 315.59487959120816 
8010.342628050928 47438.48072773035 307.2271670387049 
8013.031861663902 22068.919367258375 167.14426195486118 
8017.743944490097 15482.020203922695 88.92975167243374 
8491.90905325356 213.8556338999325 0 
8010.2887920298635 54881.5588153517 347.2762206960358 
8293.46475596386 332.56954189495565 0 
8010.164155445972 85049.4143285998 501.2696796000312 
8464.819592428914 222.46008616554093 0 
8167.65623769826 667.9407069970931 0 
8012.174858777367 25359.048202706934 186.0565458361242 
8010.167496311593 78292.10641455045 492.4818254000394 
8378.500872575525 260.0681551972072 0 
8011.262280090676 25122.17346818683 231.46533856743864 
8584.509692776404 195.23216618370788 0 
8010.197642205534 64163.44099728686 426.6866119231422 
8014.885199221872 15191.84724816251 98.13761211830993 
8092.879894622703 1226.9112066878308 0 
8010.356092759247 37891.68109332007 304.302431439596 
8012.922756419535 22600.604475460925 186.11723125433957 
8013.181983647955 16692.513325714073 136.26422906217928 
8623.583623084385 190.35995091764278 0 
8210.211073550528 441.4842541514941 0 
8014.591568013522 15605.971788375307 105.24519038112754 
8643.827476653269 188.7038488652141 0 
8265.629794827113 359.620679046414 0 
8010.437365642169 33747.62654946221 274.9644112795455 
8031.956821946458 8312.350426690327 32.10430398108834 
8011.257700117372 26099.76262133316 236.25811487268845 
8013.09505154681 16672.713974926774 157.26812306358534 
8287.754317914802 344.18939349021827 0 
8010.220941639387 59346.58661499763 413.7009814897251 
8475.752243268136 219.16624029470216 0 
8025.310621906809 9231.801812580117 42.03739540778731 
8160.181149618105 692.1657754874432 0 
8010.165634983294 84089.06182337113 498.53112744287205 
8010.2435452690415 54982.47728969312 383.76125971063027 
8010.167389731598 81705.04862018111 488.152524799898 
8010.232634031057 53902.25305206272 393.3648465071625 
8075.188920225497 1564.481655831512 0 
8010.189589500895 71557.76642973664 452.37513851562477 
8108.562562326882 1071.9511827909341 0 
8012.041356014034 31353.42415222274 221.57400871298947 
8565.186899676519 197.0330373015019 0 
8010.170356893115 79358.089170391 480.72269071258324 
8010.550207407083 30721.171655866507 259.8277904172654 
