8010.414272640696 260813.13257402196 677.4662171886569 
8378.701428017763 297.4267111433436 0 
8037.238293968475 14950.045559836737 94.22052171308948 
8038.341831242232 6954.2300137228485 46.9638910625537 
8020.760932790079 32213.22352704275 223.75511902689817 
8022.525502053172 21181.102255221973 141.60984166534737 
8028.814673807061 64293.72716365724 115.30850523366738 
8021.060575449901 28111.08913867575 173.38386263744425 
8272.657969771893 375.3383580432937 0 
8017.475035231286 38560.32254931488 260.7999341714195 
8097.576322294266 1238.9452445484244 0 
8258.843818408888 399.3313313366105 0 
8079.880391028043 1428.210538716669 0 
8343.38819858181 324.37069336969836 0 
8021.7889394970225 27579.007885556748 171.90938932559413 
8017.319910857442 51400.60637309558 313.8999184977454 
8010.430690501582 241538.76087648357 657.5964630218712 
8014.404683544781 113027.9430850832 350.05622886625076 
8240.540466360413 425.6404745582318 0 
8010.432088199126 252518.139753399 642.594255828895 
8191.197923960413 512.7359676828584 0 
8010.448061820498 234307.34510812323 627.7494038643449 
8160.778623330145 653.7081824897981 0 
8293.847072655912 363.7929783135454 0 
8324.767112837531 324.7273532522575 0 
8010.480595541616 201251.98464287937 612.6984172213835 
8010.429345161674 243772.71081536415 669.8755973928868 
8010.771985420597 135687.7239351559 432.64508936387006 
8010.485383231213 211296.7110344863 587.0138651086522 
8010.524395851438 182205.3050178163 548.6464097492423 
8306.032829330776 348.1546468721728 0 
8027.9469680623915 206039.57058122728 115.2910150842309 
8010.567969923122 171599.15421193308 522.0485303596093 
8208.387584978955 492.01752050789617 0 
8014.751439126983 78795.95919138912 328.42984088297294 
8010.584446276933 154737.24469305435 538.7230237476579 
8010.925393933016 99016.14291734624 401.41136404953556 
8366.14543087205 306.51645422055674 0 
8113.458144742706 901.9006869346821 0 
8175.333238535001 567.4695582762533 0 
8014.351909447319 127437.22838277889 371.4616586487051 
8012.0303900151475 102785.24147728106 388.00030561854703 
8141.726161071199 736.82101738464 0 
8014.510761041267 93611.55234574346 321.2154138794938 
8011.1242062539295 90610.51446619382 415.9903649466186 
8010.746102696289 139158.60173262117 452.3320936106273 
8010.6471342204295 147750.25372243553 511.2460291905817 
8150.159621731904 689.0568381799453 0 
8010.491291230449 225126.69823694337 581.2345591306406 
8010.4385003832285 250650.24498810273 634.1871526295198 
8010.491924066084 194705.98511860773 602.5895474711267 
8319.471566712014 330.62707507953576 0 
8010.568983379877 163963.563222352 572.4540285902469 
8016.435583794919 74664.34499783485 296.71357509680604 
8010.457821621603 216402.57792283213 630.2953189523564 
8015.698676084697 80638.4156239722 277.23153681571546 
8016.4865422449975 72565.68395470346 285.7846233980354 
8067.531532872554 1833.9546254076429 0 
8017.5689197326565 33515.75356278433 235.0432210993037 
8010.7162290197775 126491.75476345263 465.95808976414924 
8223.466604236213 463.5224820817858 0 
8010.846248009491 106471.62241302917 412.8839605079478 
8031.755645894323 15824.638644052246 104.21436665567896 
8010.49870220467 190173.57543921718 597.0336337064846 
8231.271845968082 453.70669575042746 0 
8014.094619171476 86861.44145347366 404.05173876639 
8024.023938322315 19406.523404117826 127.57649086373088 
8041.330700409959 6201.276230097144 35.60821595057146 
8012.806669663743 105169.87564841741 383.25168830951725 
8010.682319251502 129455.68227447753 479.28170616558737 
8182.160614647939 530.169292755409 0 
8015.654357071087 84176.94190266098 289.564378428768 
8010.476731065581 221990.05305924584 597.8217280228023 
8062.2830590689755 1842.3308810898798 0 
8211.86896510728 477.5403550921041 0 
8057.1964185366 2603.725562071258 6.966143533615552 
8118.6524215078125 811.0996893617037 0 
8010.545189969896 180140.33047731593 533.1593971241522 
8010.5014860137735 202864.62931764295 567.4288677423531 
8010.671251687423 139586.35319979358 494.61207451525456 
8010.5729918395955 160188.1455818856 558.1633508127487 
8010.791169159953 119139.25835763848 473.3879239156688 
8044.215967906808 4503.808065268859 18.20626637321218 
8010.604832805894 163107.64795739186 508.9956205515769 
8045.616063176202 3773.437502480083 12.948416361897195 
8010.667756981615 143860.69432886894 482.2722996041158 
8017.326392772606 49622.77436425991 306.3451336619221 
8130.102879544868 737.6969091983641 0 
8044.127763436867 4407.096541664367 31.175891352437013 
8019.10888094059 34592.06073766824 234.28971267559666 
8014.423493555668 120934.17570982923 344.2898530844821 
8010.792580160831 121234.71850416926 440.02896511588847 
8029.743613967363 16040.656352761227 100.0791529652482 
8378.264875796565 298.8634254292676 0 
8017.380751894689 43891.69619463156 284.6330877198251 
8029.414454336062 19259.25696736002 126.34516464222224 
8355.601728942034 316.1311511354264 0 
8296.62566827866 353.37833314537755 0 
8010.463534743447 229911.89340617124 605.2761415766258 
8010.598425322792 176264.54107488363 516.5067237814831 
