8316.74945090745 1765.0033834342605 0 
8010.7255828944435 139911.1699447921 554.7079754322012 
8388.467565877998 1168.2239633781603 0 
8138.924437379525 2049.4378303566987 10.758565378965024 
8268.747735756813 1579.583791696294 8.718830026553503 
8010.634008553052 28984953.108439125 740.7080044143092 
8046.403928697261 24331.76572771817 149.90201652055623 
8027.593176384832 48757.786531499434 296.1080025458186 
8225.715319382163 2187.927473971559 2.055945661170946 
8102.151007952469 4202.4359233155865 10.203637972795583 
8027.724816815403 69428.2240111472 293.14663417944723 
8523.42892392888 950.7167466556651 0 
8031.328704718812 44330.94403218144 280.8914212561462 
8010.648310665018 160065.13655590138 529.8303052362822 
8010.976509794875 153595.30535358458 537.3959164407308 
8062.149477346061 299679.213157001 79.3705161750279 
8066.149581076892 4659.761640003979 29.81279156460777 
8032.589950497301 42532.297910669105 263.42126686291067 
8027.757670532345 65728.66514121268 294.16494561300794 
8061.623453526011 331284.12267582316 89.78610187928258 
8100.468176631073 4515.635941071598 26.193191365806882 
8189.231289229632 2293.312168223121 0 
8037.699494377941 36709.45234443789 180.801784870733 
8542.426729325913 550.2502118789498 0 
8076.06679141392 4037.529274579962 33.462436721874255 
8368.325903137615 1653.1432963331124 0 
8061.92089990425 26840.09367938006 140.40676342511568 
8323.393321661659 1675.023347017709 0 
8046.401442439795 24332.546751984584 149.90560304446018 
8061.559761078609 525185.342972648 100.6998759167574 
8132.159836428776 2262.1584020417135 11.774673270720267 
8038.967026344884 24691.662947300912 152.66299669366808 
8123.044733312158 2981.622993032981 30.178936926567697 
8026.328850840768 72124.93658479615 293.4634701470976 
8023.014049326906 73429.56622529065 309.18714128997647 
8403.620044766481 1445.6890765877745 12.172246580116214 
8408.105711492412 1617.3885816496127 0 
8444.36361517238 1286.6842542564368 0 
8433.876106210113 1257.6040253128801 13.21304646567321 
8481.036707229272 1274.5111238322354 0 
8403.620044766481 1445.6890765877745 12.172246580116214 
8403.620044766481 1445.6890765877745 12.172246580116214 
8027.685430141893 71241.52625723956 299.0532858754096 
8119.785789712246 4880.970023575574 19.82515567973058 
8010.746348662844 191736.97628296204 554.4767824546204 
8010.705072485588 202502.9112392231 573.7606444002355 
8010.894758314697 164269.06675902611 571.4468852708585 
8010.872187570063 167093.83685976051 584.3416605996103 
8010.883343039119 165669.91260995992 573.4747642783033 
8010.780414078494 176152.18989808887 594.6059184321041 
8011.955094293653 175117.44968852273 549.995551705471 
8011.95293633202 178195.65023948177 559.6537520642772 
8068.323466092813 5040.588045233357 31.493685928019325 
8034.130352217683 44067.5713539696 279.54587729729576 
8031.443248764379 70257.58875833251 297.81062162075546 
8067.963796520749 419556.266001976 90.68313449150955 
8100.9280554194675 6513.147305545371 30.78534700350124 
8197.6782544166 2821.899518433714 4.12986945769809 
8244.12163432742 2295.9586140440347 0 
8222.341621262189 2709.0870045210663 4.042895513065172 
8038.511545646406 106964.63188538319 219.48578304166443 
8656.348508864467 1247.1774357213808 0 
8544.762504066277 1097.741358036893 8.657974531586483 
8626.04766431253 1271.2125717478145 0 
8076.441069289683 4858.369887634003 35.413133121940575 
8064.236980478946 273578.1432655566 142.44023569203085 
8336.996533419839 1753.9517251379257 0 
8136.647801833574 3167.8326957499503 29.083746303171466 
8194.64097710426 3120.2156637105754 18.292227177684243 
8153.459947253683 3160.521390152425 18.326751516288304 
8154.929878745894 2709.5824062708957 29.107444050245647 
8041.749817859633 28189.540831893813 166.00665327588436 
8042.046515536339 24929.273643594614 155.4624933876501 
8042.046426814635 24929.40041403006 155.46257845697198 
8048.62652353696 27747.305382583727 154.570937545368 
8125.771255751015 4126.8538114680405 32.17564957816613 
8027.160735937689 79137.53440630429 303.4528162961932 
8026.305912795338 75184.83359215502 309.9937196552688 
8496.975450121063 1287.6083828814499 0 
8010.710496131169 412735.25908828055 602.1782574359524 
8010.8842445163045 186252.032264299 621.4493074291724 
8026.408728117139 39527064.6438203 524.3845563241755 
8070.638150848689 3461267.026781151 105.76009199643771 
8027.078970956488 161070.0046982113 434.3858742875085 
8361.029951707544 2162.057581527221 9.526113528330125 
8036.208413942952 46052.32239835736 287.03901914082394 
8052.522074592042 27557.15217115963 172.19132810721766 
8027.65033817927 93894.9395158086 340.73795880226777 
8176.653884607265 4342.521331576008 40.14685915720774 
8419.380169581418 2082.0163640238525 0 
8090.684747719135 5289.2768274652535 31.72020283640102 
8297.973476282825 2841.206844632358 18.381494661314356 
8223.677783394198 5550.294671098577 6.924832141909042 
8450.331920335766 1346.4229784050021 0 
8306.962174742772 2534.263215801153 17.480803852544167 
8027.690656789674 71657.21587518351 301.9887431574148 
8010.7241185782 862511.7844560153 598.9817462954235 
8187.837098556498 3883.7009760753026 35.37563845474256 
8219.935696270117 3617.057907141003 9.130438653930284 
8079.015722898577 24516.907265123788 146.31866493676833 
