5226.943720804342 79520509.90105152 134114.4321802957 
21201.77388668333 250095.47857025935 12.76108814509829 
5226.976455152136 140495006.03147605 35600.406636259366 
21156.377504123015 254216.38688595232 10.461334219079948 
5226.945480562425 138769565.82751122 100108.40032345487 
5226.946961070279 117936459.32593125 95356.97137545435 
5226.946956184139 65744209.796145 71914.30766581315 
5226.96789908476 35714872.93094927 36297.73634748091 
5226.947320662228 69488178.65926152 62793.90768171199 
19151.703463146176 254271.97179324797 11.130890032654428 
5226.973822625305 25360384.506093346 37821.744966281665 
5226.953119174265 43659240.69351865 57920.47662328374 
5226.987975282525 42196747.6849162 31170.55877654208 
5226.957355536396 36512237.60429649 51246.328384600856 
18595.595963069798 257521.78110852116 11.211092309975877 
5226.9623266370645 32337119.50298239 38241.68559617056 
5226.96024312288 40573464.42007245 45144.07685523116 
13156.840533893293 283919.0188579523 10.954538303082476 
17657.71249748305 262094.1246473671 10.582987644728375 
13383.159851748193 281266.2479262481 11.522895749726866 
16372.14989156393 257305.12364444567 24.60826104899023 
14532.15112846094 258853.62752502286 21.96696545164887 
14315.175598380498 258161.87738165812 23.329607676621915 
13558.33951461365 262957.67222331173 12.88984983811973 
11296.875397159352 271663.71866491734 23.230363399046528 
6090.606064194847 694900.5217047116 354.4448128560842 
7501.415117641214 340178.576340743 76.42324414096423 
5226.983293843154 35890024.01555488 29633.388243289104 
5227.088009721817 17323991.810040686 21914.96687357926 
5227.037895719128 24801087.296610095 26841.48757667263 
5226.995522820063 35287385.52289854 31287.959381322522 
9289.886456613667 301456.5823611877 40.02886581325071 
5228.121579313729 28950226.349052954 8399.894512593712 
6506.612729610537 667735.0581461075 272.69012228964306 
5227.441081409264 18470261.646158427 12054.20360251142 
18662.415074628716 255622.46973977372 16.208825336722278 
5230.013218347985 8896352.980732443 5208.037104967356 
5227.186486442026 15246878.181352548 18655.030572060565 
5227.287340013262 16731737.650974074 16013.367037292212 
16708.59002308595 253154.9936148693 15.90589605364252 
5227.19817299752 15849867.032364758 19776.602602314757 
5227.052720244634 20854114.007469244 24179.97884163434 
11686.845948059343 276213.6508445643 18.21536550057184 
5801.642294391452 906849.8280904876 456.3740020094858 
7976.9380255365595 362411.57083302544 64.62377639659607 
8819.733416548337 309273.2278809173 40.13617965018648 
5616.840804998959 7239542.422850206 785.1114664460442 
5227.915336963872 66318732.2440221 9637.888457551304 
5229.076592553298 6293809.842532669 6590.220093889726 
11877.958696896601 281424.0688218694 14.08662334589648 
13506.970032445157 259109.66561168255 13.736456454389941 
5241.545888903158 4856035.852254724 4164.9924489368095 
9486.42065501194 289731.8564692078 27.890112184183746 
13069.267667591554 271163.1389179976 11.349970683060794 
5476.385686951927 1298059.8339753528 894.7823132545851 
12529.089461596917 276972.9854288982 12.104808378770354 
5276.052651312711 6967388.527056331 1875.209153068593 
5227.023841093291 23308326.525693633 28101.829311271074 
5228.323316687657 11216670.68936129 10949.337848554025 
9873.289299640788 295329.2975155988 22.686315198006398 
7259.887549360776 350148.2584904221 95.8260181361748 
10930.484916742847 278669.8535009077 15.76049662030573 
5227.047243793257 22401190.85731749 24653.84929284442 
12211.098494949798 271832.7631567432 14.661202480532596 
5227.294357728258 14830043.395350548 15638.76146813175 
9645.614998820522 295407.6056267735 26.754319797231133 
6943.580731078365 395392.6897608283 173.79393141400516 
10658.804811043425 288252.47294986213 18.758776697633536 
5252.506613149698 7073960.111379544 3543.7397956195978 
17333.936374600144 262921.5808240207 10.568233238978975 
5345.710118074874 3257820.474976184 1173.09513620389 
5229.0318084105365 14187238.382221978 8061.810434812767 
5227.015228389374 27902449.299464133 28818.677010028197 
5227.140434007783 16579021.632986357 24148.2088469772 
5348.745511835348 2597446.842037952 1164.6840847210735 
5226.982479828774 32763938.967193868 36059.39585168097 
17579.031279614217 252661.08424674426 16.779123209582362 
7087.3323398759985 364327.7967747804 120.18919562505889 
10081.746935033134 292835.5735658385 27.666707514203495 
5227.489620131479 16095341.096078357 11438.011087969715 
8613.043377830792 336538.3940385308 46.246139967870505 
5226.9560488506295 35300586.03039781 45915.74047452392 
12277.364426999713 267715.7000925457 14.622320496076748 
10365.049397587773 277745.46163663 22.13769147196615 
12785.080762811764 275388.92561410385 11.289309617625172 
5227.874944508338 22291059.90445638 10056.813066115048 
10513.021442597186 282392.71907026746 19.94246088530011 
13039.48121210984 261758.38058681996 23.076612351226856 
10200.638476990507 276575.0940673003 25.75979712539805 
10888.092869000255 269952.1218505233 24.475491265815702 
6723.897397283072 426596.6200994467 197.53771909610677 
5227.199548785111 26387552.21032936 18238.051171389652 
8625.57269456567 318407.8097102296 63.26223270926013 
12739.686889973302 267377.8997033445 12.843735253639116 
6705.6318746328125 638839.8684242816 359.0969614776784 
8068.130741509489 339934.4855636002 61.4870698932248 
8356.858998152684 345835.61693552503 50.12487381136508 
8204.820729400744 343190.4690194559 53.49223398848966 
14118.797803655872 264532.3026994239 35.67045982846366 
16510.743467375847 257269.62891958357 20.909679643609223 
