16046.79237123527 266068.3292206429 5.641333399191072 
14971.156453615435 246699.3513990414 17.705320340190795 
13922.22907504947 266208.4937425268 4.665844042552405 
5226.94479851816 2057646707.7301035 156898.90212810435 
5226.951864417294 121950013.99422416 73694.12279858282 
5226.952679338498 90905171.2747159 66872.98196855049 
5226.959993943744 43316262.995543264 42751.33531881106 
14180.858894529458 247178.96264069056 10.408858932181616 
14761.640428699764 253445.7180528617 8.905119462439485 
10338.014116694747 272085.9159167086 17.55490171866327 
5226.985278513383 54306945.359900236 38624.043695933746 
12944.584778932853 254606.39215140915 10.735749653293407 
7908.613298439996 347861.36154617317 71.76525999140098 
5227.040813481566 23114030.77440412 35199.69112893668 
7560.234159046875 353892.276916121 59.006115152586595 
5227.125193191985 20142768.34324513 18188.909594055945 
10005.834911238093 274052.2215187362 21.34899610598147 
5227.07672181318 29859484.569615867 22616.610301671957 
5226.990010489882 38943587.98323777 28459.491502456956 
12611.077435471778 258592.9370416523 7.952762571993391 
11026.9576592876 263310.1080393099 12.35199711408249 
5227.009131141081 25028914.87960137 32062.61278983678 
7102.084583521429 392016.6603558542 115.373000896844 
9309.734080731407 285628.71724060684 21.673807328135208 
12456.52988576172 262227.49543956213 7.670157327817331 
5227.106146997117 18106973.489237953 19836.074880458367 
11309.731343418585 293191.9299425149 9.393432460875296 
5229.092671642804 6960694.725911268 6486.006349964379 
6862.246237559356 363185.0160020738 131.32293211703242 
8867.060622789517 296621.9218948837 57.36221567765955 
13183.843943616852 249431.4157415888 15.09580283432775 
6528.632470353287 518194.2669330445 266.81162560269223 
8158.684473223962 325799.81835355767 47.20467568299371 
12096.213981747807 254311.5210590867 11.376398817171353 
9555.397246301232 299152.8931698745 19.619726898837342 
5227.209730119471 10179188.11848498 14845.800426117125 
13405.57452749364 249366.6306021101 12.371095058635 
7483.597874442998 345391.9119664329 80.64940777554486 
7273.614429846031 358522.352333592 87.84264601557778 
10948.375403692819 261356.27372712584 14.159756404962838 
5343.128344125931 5352367.925158024 3983.055445864729 
13666.276431076423 249617.0611923607 9.224454403255692 
8327.078155953586 325650.546186698 42.72676785877561 
10744.788996211983 262433.594995401 16.261012374851582 
5226.994970584786 33462541.5184163 32981.10659011624 
5227.058340435899 17071769.50215392 24775.01243255879 
5226.968048930177 35911367.646894366 39818.05507791223 
10664.45075655523 307275.4621829655 13.4125527074479 
13549.912363662503 253938.2658886459 6.727703575586424 
5226.961703303632 38789641.05481692 41541.06433430278 
13932.192156053608 247025.90590618516 11.459283775492846 
6674.462538859053 417929.4868018378 203.78806304718375 
5228.724129263225 6898154.87281636 8247.558984816837 
13827.055173843599 248645.6692869078 12.72626285693045 
9386.351691041507 299553.6423577681 20.693023474650275 
8577.033441233196 298927.4178699145 50.94550796444401 
5227.384131810248 12483307.893825933 11180.90000541293 
9013.048890927868 296600.6118285359 45.09682597641804 
8025.871077999549 346539.08655515546 69.3875837110943 
8427.691696527438 308073.16887527436 52.40906411817933 
5227.2669441307 10907872.416134581 12952.374981919713 
6371.932964606069 584449.5723363848 301.5652796501313 
12247.19248215458 303498.7244848873 5.78596035612754 
13261.180910272353 253715.14368463896 9.176078843781282 
11476.644748127366 293519.1132110581 8.261860653672588 
5316.707268535733 6251073.118106201 2035.716806813758 
5630.750104579964 9810441.930900885 824.0883310276446 
5227.040436461344 29069021.922825195 27163.702395195065 
11687.934669526188 258173.78184403022 11.367405070828429 
5253.000864938505 6753518.490070316 2622.5271482286894 
5696.172110846899 1972459.8018152586 696.845329110845 
6184.025046720439 600423.1461837199 379.26096740484854 
5227.040682982336 28429918.168786455 25828.122813709695 
6292.364171102017 583140.040060627 315.2146201158536 
6776.275583252713 379197.0560518777 143.90101438889727 
6100.599966372663 795318.7354993225 388.71748163220275 
8695.960381507512 302937.8434943778 45.32605191675749 
5999.211977529427 746054.6854049655 474.0198750015278 
9119.069552446364 302673.66282208834 22.431430214302296 
5798.901497117143 949357.0972590533 480.8198473145636 
9944.625568881616 277066.4246307067 19.785756572380773 
7201.554483153801 357959.20116467075 103.8025266475075 
9300.859812612209 292105.1096514714 30.557144492084486 
5410.32943744793 2643379.23313006 1137.79792440455 
11355.360600744758 259704.43233307125 19.616845653550005 
12582.403292349649 254179.7586125863 11.530908227314166 
9680.279963264225 291505.58966264303 32.422289662747225 
12228.384016077958 260881.07835107404 10.151098091182792 
5916.006286141508 835916.9290486453 452.48298386589977 
11794.790681144375 255580.33659228694 12.335408422221832 
9706.633526310317 275962.6753051906 23.905300012412177 
5227.188025305913 17321076.343166687 14397.918354270803 
5511.761067665519 1348019.9512259173 873.0053609733743 
5227.4260038355815 9262355.820957601 10250.893655150901 
5367.742297490303 2329537.8353999006 1185.1534949279753 
5239.684607734587 7499850.037334639 3648.561393066397 
11834.689927648431 268741.39006704226 11.177420451244252 
9825.054016735685 275694.2515867915 21.906594559036087 
5498.8154331118 1385536.7348497715 892.2261732423783 
9832.394430370896 280373.8841225461 17.79043289308395 
