5226.948477838201 1300507621.0914404 99350.74095093185 
20811.842078614278 250752.16481721844 10.32412907405579 
17565.580088138853 263409.2931612511 5.759886023235212 
25160.435899977954 721582.2054770901 27.785192167143627 
5226.956550985261 293204528.0834259 56260.44946125876 
5226.9518901520905 61878039.63390653 69272.6561959097 
5226.9714968069575 34873102.35643188 43203.91497057039 
20091.64886323583 248355.85562457624 11.903056800571953 
5226.9601600901415 47773972.183222085 57273.39674511009 
5226.981221939486 44587095.475711405 36489.354262434674 
16028.266413008369 260106.1775410961 5.801136625216953 
5227.049948605521 24486821.145255495 25520.927848764022 
17062.600447060417 244748.7892507921 17.373711996535334 
5227.009857350813 41090101.95852475 31401.3039835307 
5227.044286211972 33635493.989202484 30997.6425103195 
8563.328005684067 305249.9922207308 46.37806792736117 
8340.271811613089 331393.96314444917 53.68228784931993 
18226.500877820225 243640.38794182317 16.040469550274132 
5227.234060144916 9539313.654928137 12995.846485456863 
7806.976009680775 338907.7050300606 61.344940280888665 
9106.460303307636 300866.5711477568 30.48383106787382 
14565.388244471622 251657.2721493535 14.447579911286667 
20554.864139409285 252666.89483612063 9.317423971469484 
15080.160339895629 250966.47895340034 15.287764062885145 
5227.114654798043 14301476.147515744 18901.35838374444 
5227.184579675902 13800845.74238273 15532.428508020514 
5227.0904904055105 47816908.32630503 21829.529476967597 
5227.064701591008 24106206.822988328 24265.107329619306 
10809.321754615346 270839.21770188963 18.729018546852757 
5227.739062539659 10535675.580404283 11050.11479360681 
5846.022826891553 1403204.875169808 425.6760394449001 
10426.886028819275 297349.98482830956 15.459640655168062 
15542.573804547195 248984.64437122535 16.912601154802225 
15832.428498452167 245630.1454332646 16.691359120870825 
5621.104211117649 3756792.498611393 818.4914815838919 
5230.335589625744 6022538.068318191 5431.930572485854 
5227.076579442702 20465345.542661402 22110.965641601015 
12695.481600201016 257153.9104580964 13.782654983909246 
7121.023359532862 364976.28761548566 138.8586499179883 
12040.113554150785 261350.73693796396 12.658367174565225 
5227.619751460994 12176888.069318557 9734.983942765748 
6371.289497166203 669974.6492372768 267.1762052398226 
10062.297989706123 278200.4679557795 25.28348830814622 
13320.456436901215 258073.82068265165 13.230739472228343 
13649.260332942267 285696.3548638608 7.300159979468826 
7325.688487743651 355742.62005562155 121.1820097242099 
5230.039931878631 5148225.800210069 6628.9041251840645 
12460.100226189796 258584.3116793187 19.20191649315178 
12899.622989564601 278599.0243208294 9.646239341209284 
10322.092065060024 274199.01773475047 20.478021346572188 
5228.739239058524 13597497.168120407 7815.244380115506 
15345.927688007288 250705.30410746846 16.084461381596896 
6907.252735204615 377407.14967933024 123.70660236935181 
11074.043418748643 263677.71697505936 21.728709899113582 
5231.600147046958 8519415.74616777 3930.0706422129315 
13067.208848797402 266018.73518955335 8.422150538861281 
5294.678162132589 30387540.24624542 2336.5312016876865 
17514.701869708744 263267.1356874781 5.764228186672574 
5228.0764998397235 8771902.806781795 8686.323414428845 
6090.874250919497 776392.376553298 389.6275360835132 
9780.467628324064 288917.64506273676 26.396264477581454 
7618.268501199347 340951.32813410804 72.9341802006876 
5227.152117047854 21494888.973481067 18022.81556943621 
13916.5173182319 256420.29617872462 12.606985603604123 
5227.154521756581 15473597.634036176 17195.82750863415 
7497.036897302569 347297.9010686857 81.30105530061616 
5472.107879170108 1341231.144074396 903.7474114583182 
5258.557591921738 4425026.771921745 3530.618016652633 
9597.565881967146 284278.7472858889 29.75131793680426 
12245.910107435524 258995.55462487772 15.007933218329686 
11321.286143382764 270988.91724710935 16.824905929715996 
9916.600177058699 279519.1186019304 21.713262661448166 
17234.23633869421 253612.16693451547 9.921111182186852 
6140.067492388355 771699.6608758117 419.1179020165715 
13706.297826105128 274103.962280321 6.999648124418498 
15187.439810317257 249931.94948087982 17.55899839003324 
10976.898845618492 265176.8205138337 23.490217791225206 
5368.255143660023 2020369.5743972207 1052.0851876126085 
5227.168225494235 14026132.982935514 16532.276351069147 
5324.2921147011375 4550922.176960643 1470.7674126153695 
20743.37985821716 253350.19674662192 8.848535195784375 
6605.04548584966 728925.0827801493 233.0158510581767 
11660.503656011055 264816.18429142534 13.106567054880681 
14151.231432027955 256049.66803522076 11.711288934335863 
6525.501112681164 539765.9307328037 266.4453223833738 
5227.008461418048 55393670.85206606 32271.382483333342 
11546.630208681114 278938.9947775274 13.195582174742569 
5317.691762035733 4787954.088648115 2523.8110362800185 
9492.954082054606 303053.73828220885 21.8370545221431 
11827.394502578707 262608.3947010768 14.63455202836401 
12322.93615195115 265976.87201423495 10.078933039472176 
14336.962116937182 253287.33744899806 16.58977697466489 
14423.424880459874 252557.20925059568 13.379888789075432 
9379.65871839186 294281.57735945395 32.36216355154295 
6778.152008151906 579650.823358026 207.47501909034844 
11436.238803653774 304921.66716195963 11.198622922724711 
9225.279424002307 292854.5626616872 33.35262890047066 
13234.951160798219 254373.60499085215 14.852184813644998 
17133.328502492826 249474.10705367062 11.688968871589015 
14016.256514822348 260116.0791438543 7.237465271205228 
