5226.939383921077 235032745.42448616 140903.08320958554 
5226.948383851037 1251235501.0669804 80379.22689756517 
15803.017862551007 238131.9653239978 5.813588776553507 
19818.41255523176 278579.21635715145 3.124666972543439 
5226.9408578121875 423560126.128604 113299.40447074968 
5226.945432901219 1009163312.2134361 100923.72592238664 
5226.949335724408 82250755.6130873 78863.26049174278 
5226.950432725558 66699448.74792931 59687.12871132026 
17642.12832610531 265101.9658337958 4.1581339473981505 
18211.240981638744 262002.59486745176 4.174837058906528 
5226.946308942056 120132629.93974866 90322.11693019635 
5226.945595408503 150301216.76902828 78731.83966431828 
5226.9487339763045 114264071.73464876 86916.0422092512 
5226.9421045788085 159892391.41652504 106741.70701981078 
5226.967366274662 50811937.444723286 45087.09753014035 
14828.783989371275 255049.02300320982 4.333760404276443 
5226.974114679236 39651393.40423572 37449.6043368291 
12168.27893511357 258140.05501801395 8.262809115050612 
5226.942650263906 147240546.4552687 103575.72301143604 
11151.309257752724 259688.63314152474 6.730674856841862 
15483.605163031036 241720.63396192747 5.822059501880458 
5226.961591047591 74360902.49028757 53623.2124957083 
7781.415282094636 334421.8953462199 76.5003444807122 
9148.128282199079 298576.88447523676 32.29433073313143 
5227.029442076639 30168181.41936456 24350.864435528816 
5226.967347822699 43518549.683921956 48023.59761005893 
13790.073190405838 242635.56576352337 14.667616970528082 
14271.154532142158 239354.69099201265 10.285907297965728 
17882.689190845667 243776.34946444727 5.457025459449429 
5227.318380178096 11190352.900397273 14777.079530814082 
12527.109437510791 257125.84064482365 5.457536244740329 
7435.329750196133 353002.103630815 82.5391242788427 
8200.033905525277 312771.58708133677 65.78130806095109 
8782.50691328027 300881.51145874156 41.40252639465627 
9513.49233367338 293456.6561223427 20.60910055577974 
9520.724832496731 281455.2586955271 19.295003987985428 
5227.059452556511 14815711.933970723 20388.90084756406 
5227.00359244468 34605786.63273997 31351.58219906444 
8663.737870422467 306206.5003180413 28.437607052414446 
5226.953231472232 60332527.57652736 57501.25675193044 
13409.993075145632 250314.40833109317 20.35436797360522 
12939.22612537787 261000.47877037013 4.464281189268032 
5227.041380458411 25574232.242247008 26719.99628775094 
10562.639627587141 269973.87618538755 9.73449539310791 
13119.3278995766 260290.85191011376 5.412270706642609 
8333.423873250442 329276.97629486665 62.433150905929885 
5227.151927390682 42146201.995138675 18745.39607943762 
9786.200293906173 293985.1817067175 20.212639491628238 
5227.039356987673 23734583.223117862 27722.915502077456 
5517.036204808536 1237854.3159906573 881.0890405407 
5227.014631412228 39680991.48600262 29683.644295331746 
6994.808151101659 360625.0709151099 119.79059295863374 
10320.057777842105 278975.76768823306 12.980446033375845 
5998.740539890999 876638.3827432408 466.0389622049903 
5227.3335144699695 10271792.977986362 12712.68122956211 
5226.961409679115 60964604.04982634 56497.93262763896 
5254.158827746884 8281544.612162219 4094.767427746321 
5228.101375370154 11301234.198154226 7840.004587694653 
5369.017065433983 1849356.2672622267 1104.9353184762988 
10719.159558885847 266514.4320098065 10.879791338326761 
5228.7142235658175 6107410.498898381 6087.909611222037 
5226.984188060941 29456210.365215074 35842.29036094205 
14048.174872344664 241189.6745611446 11.10735158161216 
13341.873308332124 250887.96475090756 15.482973051521885 
5841.273104497081 829147.9730629547 494.4651413834204 
5227.078629169543 14704602.793223765 17486.77303287932 
7163.856982153534 358848.01837716333 97.02870900777492 
5226.993558393671 42383289.34121642 33518.06383329414 
6619.503825211985 418008.3596321348 200.87948658414606 
7272.789230524547 356731.9305594326 84.23899430357163 
6172.441756937877 587440.2364715216 353.10876331495984 
5227.064736321462 13916925.105950546 19730.592573481114 
5226.955084341574 42849477.69782825 54622.72186049563 
9730.208424421331 273645.21234971384 17.984181785146337 
5227.004282081443 32706426.35546082 33641.63633667136 
5699.223004782937 3318794.7858373662 744.2597411590114 
5333.964001509127 3751996.360673715 2340.999781300118 
5227.425731325191 8605896.409022843 9131.914416541033 
6396.212623251889 551501.0650915694 362.48437462953956 
6494.59383294891 616199.9070047947 267.6852175024905 
6806.31935270669 447087.7735237127 149.8723509707898 
12205.085018450216 253033.879520917 8.896494906913688 
6262.423732370847 563961.902555951 320.0338021783524 
5228.372096186832 6922376.150714548 10083.769076824345 
12403.093191714424 251482.21502872393 7.507778541423478 
5293.887971984727 3977271.055673902 4788.285456729049 
10868.168175517732 261382.57012933068 19.017602697132574 
5227.001060511752 23968199.41739131 36088.13289545383 
6758.163259014967 549071.2885557176 158.45601707801055 
5292.246364607127 7607872.904791157 5378.070091216579 
5729.41832463562 2332807.583397714 648.5678288261369 
12951.617465206511 260939.6562740516 4.287546420610666 
5227.422835758786 12832195.58991264 11204.859245574955 
14216.113859669416 240218.443408188 9.41272475666241 
5227.412021836123 12415261.32978725 11691.082199666835 
9605.360330710959 278978.0358459295 38.20726026118945 
14084.695294683783 242931.62399636977 6.620097945375065 
5355.598104703191 3538536.2099645063 2270.1060512362765 
11007.071881590256 266423.6944152815 15.766396790017067 
10910.115789387579 258394.73633263327 16.291524238595297 
