10998.97605237076 376470.9316127049 99.99771904860475 
5228.018070182788 54906157.56452544 9009.585949965285 
10936.031429049304 386028.1148009746 94.77203854962875 
5227.177686123046 43398733.02449253 23824.528489766366 
10321.89805122123 375699.88575422065 114.2709540005867 
8050.406938420859 391770.5125471883 111.04198840031043 
5228.201731875459 48880460.96075125 8313.108196293659 
5227.181524862457 43777779.68589826 21796.364262844272 
5227.238029519457 31572377.083045024 18528.739538879225 
5227.3079082435515 100976057.22872192 15028.450633781791 
5227.234841672032 39553958.718594335 20497.606805366813 
5227.226916597869 47367956.13391191 21787.442351831723 
10644.302131017772 387798.14699443954 105.94477841547373 
5227.264875517146 23248641.165983938 20023.4848772538 
5228.286368859221 37143756.91070967 7901.437404327157 
5227.4160038985765 18193913.043351125 12877.607733757519 
5227.397301799306 33496590.323872097 14455.703731357231 
7831.152395179675 395374.24175356526 106.67807529826246 
5227.320539173668 42710314.70645487 17395.145954520565 
5227.330737707315 28792466.227626655 15638.050785794157 
5227.346782548568 25008083.170486666 16780.622658314926 
5228.057570123037 14409559.39350858 10856.644227713085 
5227.488138626603 25357999.998093657 11468.28746348562 
5227.764411689363 26524346.5205043 9343.89606107412 
5227.37559921325 21535141.467265334 17998.223573698386 
5227.731903965883 27237673.528636087 9497.013708724573 
5227.279026584755 43396991.167670086 16523.425955297625 
5227.320525998234 35233034.93430459 15098.185149908706 
5227.545393500208 16594039.991759807 11889.673487656337 
5227.404674796814 20421446.21061509 12763.590022805203 
7575.974564693696 386974.4410347794 121.07148732800167 
5229.9273557557235 10032020.04774353 6467.105100846218 
5228.020215063182 39204976.57137659 8985.058247985191 
7401.167388169919 447027.4478856577 208.54204844291158 
5227.4030197431475 30045264.31909538 14673.46603975515 
5231.304716937055 5937808.617510355 6008.600111711736 
5228.035002605057 33793482.30723939 8477.106073847122 
5227.269456086073 34445949.684763506 17321.52935687102 
5230.177686720119 6778704.1231226735 5431.901201231383 
5227.550827334047 20453227.707846202 10567.755077001408 
6303.263315546277 826744.6726327494 356.0712213158076 
5232.7555040737325 5005966.875609174 4428.7704453189035 
7022.5889477700875 613143.2444823409 184.52368105837513 
5228.227097532449 12973887.062706137 8923.389542351897 
5230.087922918393 7509833.4420049675 7502.063914337067 
5227.494834523135 22009560.18109432 11693.208049768227 
5232.596014895203 5426979.874505038 5085.1002212216545 
5227.368067614873 23510425.942834157 15161.35153949533 
5227.718385303523 19231137.63155453 10169.346700258435 
5620.205897138434 2498298.5971139213 831.3652822283034 
5730.148790072327 1585050.3198912716 643.2570194298135 
5229.7911799586045 8507880.841659337 7694.741550695585 
7234.817217323497 500719.2029452077 278.11817872966753 
5322.816954254373 4230545.705475012 1766.3820817280152 
5228.206367172122 13712720.423031239 9126.667248151398 
5231.143752961942 10404618.359854463 5268.094554653 
5236.038461509938 3261269.556954555 3764.651674238162 
5228.895754058139 11909518.018903991 8571.259118899445 
6431.1909340794855 776161.6211221243 350.2635382492849 
6034.8141524684015 1102471.617941148 530.4441878714831 
5229.303072160241 8183933.7347159805 6888.164048864877 
5227.80481205827 18214844.508834857 9665.097530877181 
5936.993141229921 1349894.3142077501 511.4977282238269 
5246.897286565279 4943784.452756673 3416.6199669879015 
5282.368041126789 5910449.452324869 2306.0462018282624 
5229.242722912266 10850261.510385029 7281.621491200832 
5440.443109755799 1817426.769747776 1686.084554475728 
7513.603229896709 430469.71543565433 129.61758880127866 
5843.612960804106 1113678.1973952008 551.7474262454571 
5227.466610701651 17147733.761725176 11909.71921654513 
5235.513940322096 3698953.2605986167 4119.492172106882 
5565.875807893436 2910746.921800224 791.0610920986674 
6693.594340924212 642259.9004109456 391.83027770902754 
5298.945916189226 3752938.568991125 2580.6322069869075 
5227.844147909182 15335783.41654798 9025.510359107095 
6601.764166338132 776465.6091789556 340.70882062029654 
5294.721400095132 6052376.758258758 1989.067612665403 
5251.822813831107 3479885.396395918 2924.1028117320316 
6179.129848892121 999978.387972424 432.19342842620796 
5228.205111506557 28904237.21686075 8309.129488436214 
5227.327311677847 34631681.86151035 15248.676133036448 
5353.656735306935 2315665.939193087 1281.0216530635926 
7245.453576344495 515246.2403247195 187.56131058363258 
5229.6743109682175 34913091.582928814 6635.12274697898 
5777.023530215546 1576382.0240846307 974.6983027128169 
5360.569605070723 2077604.8744628015 1097.4461155895085 
5462.915135291187 2712258.2027694946 1080.6853162152315 
5228.238805680409 20344523.79852777 8428.115909081065 
5247.1007457146225 5199610.978553038 3329.1534477437417 
5229.278519977326 11338255.343031675 6744.882905679665 
5227.481234431631 21263322.23791051 11787.693421176009 
5228.102895559935 29242152.51808306 8674.862304045313 
5535.654185465294 1957595.1096025112 941.3766380020129 
6181.503677915609 899052.9347550457 425.59086162534766 
5228.9713586253 10931659.87250327 8299.061778522791 
5268.6275397760455 6254191.540469531 2729.102827587045 
6990.109757298563 508804.296314422 258.6258492632777 
5227.702186158392 21628821.486692607 10170.721473741574 
5335.9869052511785 1984820.911443232 1540.9274500633828 
5227.407152493007 19165456.43134027 12805.051459408181 
