5226.93842384121 174561038.6196283 111919.28644411878 
16969.34367487714 254838.12675342138 2.0227611694966408 
5226.941965923505 235042285.43862355 87439.44699317895 
14206.120313501913 238337.65049806307 12.323734549180607 
17197.240375668465 242383.9577916845 4.248650195055577 
5226.9745239030435 91549636.84543437 41786.817206120184 
5226.949459937916 60973124.527221054 61520.51694994869 
5226.943381548094 76434619.31346145 79257.11295682238 
5226.944719430624 57784622.39617805 70932.49358048663 
16624.678305651487 238660.40477735366 7.5347437975115925 
14761.611632754166 240786.4758438373 4.417286385502348 
5226.943352430859 88294134.76214777 74565.34700787177 
5226.949849393624 48172851.60029678 51576.88792689818 
13497.296400182222 246588.46636379356 6.825351651562443 
5226.985765193525 83146483.73734373 39454.182631171614 
5227.065974674379 33406448.476682 22033.667678888014 
5226.95836280759 43051661.030198626 54468.82941514492 
5228.709024958165 6303647.545739406 6143.520332226616 
5226.989627746751 38600128.65959392 34660.714194526525 
10619.913617908735 267153.4325152674 20.119515830858845 
9887.795324939547 273144.7572639001 16.46285446431509 
5226.96516854972 44611474.38447981 46314.6421404488 
10956.41121952968 254137.11594814624 9.985246850263046 
5228.442132182602 10591049.797302026 9057.849151942228 
5226.961281167525 46951461.24802165 55096.725609269975 
5226.961160920311 46735216.24858428 46719.90054871042 
5227.092717265696 12874732.663327798 17492.36086200823 
11582.520498896616 259605.62400230317 8.246390530149323 
5227.846060394876 18058629.08340422 11036.205485231376 
5227.037777569059 19234226.455535036 25953.97093580715 
8111.188374734833 337288.2956071115 62.25422723355305 
12008.199084435306 260444.66571385675 5.25226316119735 
5227.067113740324 19078715.73439109 22709.18690735564 
5227.011238563738 22613994.68260203 35894.71793086111 
13187.172902815328 243513.0521946713 8.30083565714863 
8492.165504564633 372420.8036527012 57.69447665253309 
5227.018727547271 25742031.751722675 32988.265438938135 
11416.479231495177 258470.33106895792 9.35536567528979 
5227.335791066029 9913977.179908285 12913.419630223538 
14323.36964565927 240065.17486605892 11.188683346530043 
9845.653827875154 271932.944530549 22.349806557992345 
5227.227200540532 13056660.888338216 14115.567559818104 
14656.112782211254 241757.3941704267 5.561844883621273 
5227.035921868087 30818685.02522413 23678.78758903396 
9441.896486051617 281085.5127628491 28.67288880976497 
7478.412800299031 344943.47387608944 99.33537268225074 
12997.526573308181 249136.83036887442 16.403003460031364 
7779.902151521406 337046.5018511506 65.8582905149627 
7163.866004288602 360534.05444504006 96.95456257596129 
5254.138821239446 4721235.0366267925 4053.7030739034662 
5227.157537710524 12208026.112910021 16719.68685778232 
5640.888512294935 4556637.942398052 795.0723428003308 
10695.376850907616 260865.04213460884 14.66635658963381 
7984.230595728999 335357.9467921463 71.75940314207502 
8957.756176674548 302284.08779469767 29.620695167175867 
6172.509167277522 589060.6080977479 357.72672218425816 
6364.076968261626 525217.3487671727 306.4553239886709 
9124.568274319277 293267.530339328 32.57272089799375 
12451.977803377053 263097.8752344153 4.249733939258866 
12783.66286600256 247350.9662387518 19.02915978070813 
5226.990164054476 23274592.346013725 38451.83446809887 
5226.988616443499 27291325.612975143 37437.56145821516 
5227.001901591371 27717147.88702311 30463.423810415345 
5227.02182381338 24927537.856628515 30093.501012822104 
7579.2308036985205 337923.18419833155 88.12282289202308 
12766.778519690224 251997.5343330974 7.884014350343861 
9280.441484734361 290714.5811875091 24.118052073244414 
5368.903779546691 1864965.4204540942 1105.3413736381078 
5227.121211262241 12907749.448468432 15279.909553762021 
12245.417930525779 251750.24537038102 7.905721986087591 
16752.473982007687 240360.32886701322 7.085249277515581 
5227.0362580442625 27724754.328232422 26311.41368337764 
5227.033697738497 23032149.31793149 27733.722364439527 
6488.732801084924 494244.1604301983 261.547890338322 
5516.821156956781 1214714.7268213404 841.7953052959243 
5798.856033437975 1012704.7452460688 544.636654466057 
5858.510225080635 864984.0260725793 480.99923999689923 
7028.223992512174 421230.67867105297 134.4699832272419 
5263.544237407672 3178746.567132896 3904.7743534130777 
5445.2057892454095 2127407.662633902 1003.7112389992567 
5285.8209616942695 3894266.0364668714 2680.515911101324 
5227.021748447917 40212369.273097456 28793.7683203539 
5227.014632564987 27275311.28655712 28705.53165717323 
6811.174749033101 389540.3518389072 173.4755109922019 
12084.541084353616 254481.8608454429 4.522029346643435 
8792.444651592896 300460.61031713366 38.93981069313414 
5334.965548048405 3765485.439327179 2296.0062620420854 
6870.049619611744 381270.5380802455 143.79619111075542 
16908.210973876325 239452.90885955072 4.796050455821472 
6039.68408772885 1016691.9410749534 478.1183040743008 
12370.347053042295 254113.8182666148 5.322914721092582 
6642.854855396915 416396.57454149466 200.6261574054979 
8723.836174468672 299285.77674690395 39.73725786703784 
11426.357949751316 260035.91720226037 8.981266607357545 
9424.420611665804 286643.1483326013 17.85462308123337 
6617.040444668275 421026.6210618333 203.4901127860581 
6061.352023031557 825584.2741211497 428.15020162021773 
5227.081375334814 26302417.107160088 22301.971223638062 
7112.813543260866 365680.02774649864 94.05928597266772 
8620.233232981602 387892.21119281335 48.46965622089279 
