12475.561340848446 268065.2252577225 5.7128234338124475 
5226.951792301165 49249088.92757167 54600.99400437294 
20323.965958737193 240867.27382119957 15.440464803763767 
5226.961235187689 58691240.01781461 49375.197066981935 
5227.0046337316335 37972513.456005126 30227.809262796065 
5226.975829321106 54092372.176124886 42161.244219457665 
17522.380908326933 246961.58201133556 14.220010842100795 
14603.011923892118 248212.57803054908 14.86222352041949 
18296.737744089678 243122.16199217038 15.539106858174183 
5226.961496017537 45278576.13515411 52533.46674591903 
5227.004044848427 34773506.65058332 31012.44420145912 
5226.972496746891 32074033.646761067 48111.083067195745 
5226.98454956562 21768494.612762254 33403.84442596666 
5226.978200649849 26036013.434290547 35430.11578223845 
5226.995019255852 21141333.488689475 41191.838715965285 
5291.156962401012 44490669.69702219 2421.3678986149466 
5227.07790919597 18615683.046656985 21332.0856208835 
5227.0064470174475 24441351.135556042 25899.49471840757 
5226.977065985187 27469239.956363805 48819.89513651729 
5226.9766146652755 28255350.704251185 38622.294200845725 
5227.124135229962 13421324.409540674 17158.81216401009 
5227.005180039293 24631643.459655736 26984.19177371873 
5227.053142422374 17935314.668762468 22476.186624626735 
10209.169016523265 272628.9751642216 18.689301755525673 
5226.967208777244 56729810.86733052 44469.3832369048 
5227.117080579903 16216364.973487627 18072.0244902607 
5227.691673888754 29387921.277193874 9053.35668018553 
13119.033548648424 258076.97278352836 18.05529281989227 
5227.143386370556 12777598.081389818 15225.369111288961 
5227.106251173462 17906626.14165129 18601.83267919541 
5226.955782747722 57292778.242694676 54523.4855405166 
9399.908679859553 297383.2794875086 35.65322645818586 
13700.265019506429 257775.0975177593 13.46261172565794 
5335.960522603368 3076768.6067702323 1432.74599731052 
5227.300274756909 12316933.00632703 13373.868298651427 
10912.413598808129 281236.7350791606 15.25848974803943 
5227.350458216157 16894466.154614944 12151.587882206148 
5245.467438993427 4513573.126835067 3610.632873062992 
8427.910250437535 321098.7628793427 48.22981012193605 
17818.51301930402 248125.074916152 7.919484545534857 
5227.538492342864 11134691.083574636 10876.693513762857 
8889.388250901236 314975.4627879574 47.516345909108686 
5228.733446698007 6605182.514539225 7794.912782778045 
5228.049862051321 8447920.061528321 10541.485111393948 
5230.3496141369005 5639696.641077092 5455.525874999846 
5325.033937140604 7483232.380338024 2079.539439997734 
7617.588749151022 336693.8106490208 64.84220289828633 
5228.388296386127 10839183.121021992 8791.0077409644 
6088.150005272901 812724.9827037025 399.7790179731901 
7251.261855665903 365037.9576929209 103.17291378405704 
11503.4171615144 260990.9672640269 15.52337617282518 
5227.454101847128 11584372.967997069 12989.350165190684 
8227.894096529053 332724.1255235686 64.75353654908336 
5230.942093865416 4087548.3486683825 4350.794940283437 
5278.594610712674 16641009.70939666 2690.378960769527 
5230.044025111581 6806095.97490625 6928.148258568039 
5256.00034848889 3730476.3613524507 4237.466384618604 
6523.114753964617 567070.1562716276 239.2882571761545 
5728.554041543617 2180623.001854505 727.3599693944726 
5470.522232740252 1637805.8346947057 938.9623111048058 
5306.130110799166 9727150.503582763 2866.5585917883027 
5590.330524737843 1258304.6023164594 812.6251463935245 
13876.381393310929 254045.6493489457 10.667611063692009 
5850.6201694603005 1496069.4650553167 427.19839151024166 
11207.891074341187 261220.1018793958 19.29382521913484 
5229.812517419255 6627870.146720039 6501.683496537942 
7928.596631970172 333868.87445128657 54.78508148668189 
5227.595306699639 9181266.072436418 10366.445243466245 
5368.5365669197945 2177327.114397719 1064.6868985576796 
6767.613164194266 509185.4456439729 242.37566560291503 
7120.002116210842 364234.4608801252 139.9697230001745 
6883.6099687350315 443820.52931984985 131.02433020007294 
14146.8097693472 266289.87738776166 6.793349272987571 
11962.739571555068 273097.02070037305 7.936239933139765 
14257.110049023659 253709.9243629194 24.592082506308458 
5229.965395738844 10061451.807967212 5740.55967689302 
6360.341343256188 695728.0968360887 284.38408141137364 
11740.881972465857 258142.02842037907 18.36442455320302 
14505.335089647127 251197.87172174823 15.912038124607884 
5227.546502474165 10449345.15638581 10151.727917285161 
6244.074433998052 663291.2688729624 380.54739038010473 
7807.422103855588 338926.2219230324 62.138201567180396 
5228.246000432236 10434269.850598851 9816.113527500369 
17701.299968717045 245538.5452662315 14.142787675223916 
5228.269404858383 10563032.383392204 9883.869598359726 
11076.408471544837 261932.8061760318 16.312529982314302 
12216.89887979371 276825.8840188669 7.825969907376892 
9266.323299661588 292248.9995426631 45.30531381067361 
5754.7210607647185 1353226.0727315508 531.914334304091 
9132.939897262357 299588.2665767841 32.895568183022206 
9006.543200647002 307688.0991094702 47.39664467836088 
5228.758407299618 7160582.520143462 7678.574194537445 
12413.292932062035 273441.2437519827 6.727788311365856 
11853.899956270066 263803.9243583489 14.987030955994548 
5230.295599974752 7000392.6927468665 5552.029168387198 
5229.671470346551 7403609.124041038 7241.482514034735 
12248.989914671409 265678.2037328414 9.162437186515973 
5228.4761191778625 9857795.434002027 7219.419986490319 
10915.220764465397 263876.71505612624 16.473979533793603 
5230.889829356705 4870644.974922079 4270.88620877191 
