16354.637389110349 236212.16384463242 11.978105355229129 
16912.73523532108 240669.87334519453 6.935108178651227 
5226.941555532543 137949875.31085774 114723.27414981167 
5226.944763201931 148797373.7884937 102552.42231077231 
5226.948431539118 247796936.8738719 89177.18908981465 
5226.954250488982 75032511.06276967 57976.036419376906 
5226.947610046431 135969141.34231272 98321.76786762803 
5226.94578663454 119477577.25143825 103071.47945058177 
15557.543098523985 243162.89937136366 16.31737736396868 
5226.953302816385 62965025.17710267 66486.56484393467 
14280.326094799551 245335.39052596226 6.784033871407988 
5226.950065818055 48700358.79558533 68044.74167170617 
5226.949185624272 59393791.56837392 74540.2289276556 
5226.958022265994 44665817.379406095 55433.124373632265 
5226.956936133345 35522557.65045114 47275.68642040665 
8261.371803083377 340779.8712299062 55.56566165505964 
16110.963143863071 240581.0406622508 8.547886185329876 
5226.990031281795 34769822.78248258 39449.91919666216 
5227.0598517865765 35194551.5274342 21922.52478345808 
7756.997354432716 344823.95222394087 94.34298131795674 
5227.0335337783235 18972926.203860383 24056.444513051047 
5226.96484407876 43992448.32445059 45962.40701333308 
5226.993430932574 39184590.94166208 30357.0226638918 
5228.71029378638 7698184.611877315 6142.495988497362 
5228.399379738987 10199782.463328192 8367.531792007978 
12722.773608414123 254198.62583539382 5.548399361304193 
5227.012710126732 26678126.259435367 27695.534354459138 
16926.863791898988 243839.67625942334 5.4197564034564785 
5227.440888832889 13699249.917964322 14704.637219104288 
13140.072341043955 249712.08934571125 15.777922434753037 
5226.9773041196195 38962965.04040481 36456.55573446905 
10484.161604830086 266907.8901119796 9.839550259390922 
11464.832167385888 272377.3678210124 6.489390472816701 
8555.003011494755 321434.35885520227 32.02759872552787 
5227.002443308251 29999357.018281266 38643.10009778243 
5228.35242407179 8122204.930552983 12463.689600105152 
12917.185969509068 251648.18378375666 7.82211122708851 
5226.9645285272645 27693134.534626875 44087.61641727184 
5226.954711256843 41728975.443579204 56016.691793371305 
5227.063226175617 14994672.296715176 18825.21558322728 
5254.127928811047 4445400.671306006 4201.939293086217 
5227.096049152175 14728284.975386146 16815.778451463822 
11121.064724751599 274664.64723367937 8.82772807788183 
10191.728204722864 282674.70113207254 18.790892543462533 
5227.017068708633 25931959.98248006 26404.614000829773 
5226.973754649938 43832001.30840014 39311.94639386054 
5227.428716257191 20579283.259630136 11828.369496525105 
5302.513874682542 3911381.4943283005 2022.6685239705537 
10720.479286594791 259426.48423886328 19.5633911452028 
12058.011606958706 253066.86821800232 18.04020303310582 
9147.771749975243 292785.22029296105 45.374371414974945 
5227.493299133628 11982454.059083207 10362.885516077942 
5368.938346947725 1865394.7522143302 1111.5946240685407 
8763.281664869384 305811.95185283676 20.31991160256819 
5226.954486751387 71604690.23596388 57598.26300190445 
9543.220040469798 285869.8212535374 16.531633119848138 
9778.88541405285 284311.7491482166 21.342265194933198 
5966.884854494197 887044.2703197651 528.4378182413433 
5227.008188825289 24878850.677450936 31267.71697935314 
10044.853330795466 270629.0775355236 25.357118960193915 
7587.127303303978 346136.16162513784 96.65771317390455 
6491.359992043709 615992.9681394721 268.22050632009143 
7437.035678009635 352766.42702682805 84.57615391352121 
6071.458524666474 951184.8691527627 519.5977377990239 
11644.8546084959 263913.02349708154 8.67753329602154 
5728.0224565266435 2512494.667133662 656.56283952891 
7156.91666308632 357410.97035101114 98.0686156338996 
10867.087911652527 278345.8728553966 9.740948060460225 
12289.73419314293 257081.32416283173 14.493444602387797 
6769.132590843969 402403.1274934552 218.59328069139684 
9279.918264904103 286975.76423435565 30.305401229823268 
12776.946529668188 255567.52505154072 4.349935749017354 
7273.251615673646 356688.45030340325 84.26683900757558 
6617.011164504389 421295.57708928693 205.60547404973516 
5275.288518038404 4054952.690148268 3524.0759353500634 
13844.971383335096 247987.4994389555 8.83438297550027 
5574.236627167088 1180373.4839740624 727.1491603644363 
5487.453870028232 1294462.5348754637 876.1584982212295 
5757.845976031938 886643.1122144692 551.0531443834265 
6976.825866535716 363665.2410149484 115.61268490126317 
6262.570478838355 564032.1547789074 317.13590586819674 
9873.71719354812 282045.03447358223 25.473825368289447 
9438.580331544945 284802.8809922153 36.45382843660798 
11768.492563072465 253849.47688822218 17.551587185993707 
11016.546440900793 272149.0853920984 8.844922442935017 
6324.52826632356 555538.7776977782 384.4018927018855 
14008.207730625463 247645.00530351975 11.513668291913882 
6899.961642156399 486271.6260802847 200.53495853885366 
13010.118495475757 250388.64335354362 6.6931055075020325 
14089.133950440159 246010.23954744736 12.083807336189418 
14212.029480798967 245282.91689363233 17.28687803047267 
5227.393339002234 24973218.67255331 11263.832070277998 
12446.090707198251 250078.56630340934 14.340692875612959 
10030.630901705828 280359.87263441324 55.14316969719219 
8768.046164297248 299942.2824843504 41.58046826293845 
9345.821673071125 299787.05408695515 26.96878197922675 
8396.431774880813 333803.52978633135 54.103057922744966 
5226.96319281744 34090824.40376128 48046.38024301334 
9829.198880371678 285698.3348066806 20.279890889715652 
16955.67091796601 238589.002899161 16.010150167034197 
