5226.950360071404 1067055917.7587419 148185.973030498 
15578.89501986051 242327.62077245637 14.236377308509555 
20922.834665691607 257481.454949054 4.671015028644277 
17906.67985480355 277965.1485836005 4.671011389259807 
5227.000855199305 146726090.83961678 29894.31213662447 
5226.951611319675 60141764.618587464 58521.26994756733 
5226.954486636081 41033575.36424324 49320.14371156203 
16838.285692391975 271248.89995719714 5.543292304632693 
13280.97069680788 251536.29934818638 17.984275829877202 
5226.958641599904 42379893.59456208 53377.78025403073 
14284.743398873883 264928.5792152521 6.732816311253657 
15924.65307115366 255634.23662583143 10.090217641106765 
5226.962948579712 19757028.87323361 41999.96892350046 
5226.994370721854 51878133.20449786 35562.33566375146 
10094.851778698652 273979.2584896994 18.630675502137095 
5226.973169518578 43694055.54566416 39625.03477510052 
7612.003294647886 347579.94305695244 78.39173586566284 
5226.997550436736 25660934.307191517 31374.869230689743 
5226.992634318134 34699040.67892515 35964.516897979636 
5227.432760910082 11698427.595614124 13771.089946407146 
5227.083809352588 16340160.678451031 19190.482448740433 
11529.543376077763 277052.7727523033 9.366026280285139 
5227.028289086693 27929953.18307645 26865.334931012265 
5227.480511738831 11879373.973271426 10771.115322243291 
9708.188813800909 280492.9798328033 27.880150593231416 
15183.297901073689 257646.35638999334 10.502151602008594 
7249.554262631821 368226.7332403856 106.30120208923843 
5227.031415894303 25446156.187177725 23184.098722993625 
5728.625788992813 2256355.01837584 726.6368295413254 
17496.413604302303 259585.19349700614 5.581128008330167 
8265.709534882903 331827.2235950011 71.07211689682512 
6670.405249333893 545423.8935400628 221.69248914307295 
8429.361847914144 322182.87699094217 56.851646363808015 
10435.584126635287 283946.0458298501 14.03576625319565 
11825.975306012993 268967.35315308336 16.97756654993729 
11292.748685353212 279964.6553535582 9.504355477578692 
5454.556625750294 1445322.0589327551 913.2034409861246 
8995.639152455258 295052.5878009707 39.22922269863433 
5227.1653457236625 15557390.774780387 15848.199053053619 
6364.7841370961705 734093.7546140666 303.4689750963362 
14578.265621696566 260410.9289991568 9.436659212630524 
7924.40219362319 351645.24010512815 67.51587521561873 
6960.609813481526 527198.0918153715 239.4404854577075 
5839.889109151705 1502269.4770936535 426.3197373910847 
7976.593765622587 339317.5719782853 62.45265246867716 
5229.971982205832 7411540.181098716 5750.623285794187 
12521.393936198638 269603.9458284963 8.91514558567535 
6151.353942481184 721827.8864261674 384.0699350908301 
6040.656659507584 780836.4712178998 380.9234566639168 
17447.445215968335 250980.08020535123 6.828255800812018 
9470.629022842899 285001.8558522124 31.888215126851385 
5227.011946295515 30417143.57959298 24741.97141150663 
6522.480891964304 568879.9975976797 240.92624765092978 
14949.47703678344 251278.27663918398 14.679338021983328 
17119.457434061245 260995.99355152957 6.719824353607849 
10808.167424994848 284169.6490712527 9.864835849715767 
5326.342700706118 8872716.27773079 2086.019742508979 
17174.9952970818 260717.8800965424 5.7321605741919495 
5229.666447356612 6482589.690089977 7274.641425760218 
8708.60958565001 313234.00128909614 52.18863248554373 
8726.894094670164 313313.3218120757 52.09797110702383 
5227.034329466082 23098531.64141651 25698.066789388715 
5230.957619551736 4108746.058549553 4376.477419531304 
12111.171849143368 271307.2233603194 15.907876012478296 
14369.944708395675 256251.56968326546 12.259181832984446 
11961.152973532562 273226.43749096413 8.948491795978496 
10641.257803916269 282112.73898688785 13.481328792723382 
5226.969882959482 28214132.56873742 40828.654291157545 
5227.120366957654 14049208.582885398 17897.660242498863 
5227.9976219309565 16901902.941468515 8302.645552085023 
12335.87386394406 269024.43689649267 11.749130093591155 
5227.688000421887 9182366.76822721 9466.194366417356 
5368.306716364159 1953348.5673723686 1055.5362467201637 
5253.729922424948 3649151.0011818996 2547.089775453117 
10948.43737249702 278952.7685810167 12.12220598575692 
5249.482771262554 6497866.4235138055 3485.3677015557846 
13150.61996503628 260505.30132757206 10.124033164110392 
7150.966138712698 370541.89512555697 140.44532534933933 
9605.602699810512 287165.58249962435 25.393366222653377 
9129.843381707518 293228.140173872 41.90009393126948 
9286.565936526049 298497.1016140277 33.991276160055996 
15101.863306354904 247016.81555496657 14.31454712180655 
5227.107479041634 16015751.271304403 17117.41932439544 
11113.404958026536 271979.5287360356 11.082008557722329 
12249.872877136624 278957.97384512937 8.811990063436514 
14737.54263197899 275142.7995724256 5.4915336596964 
14782.749723068744 249978.25184562712 18.140793949446753 
10530.393502540412 268688.3899535207 18.856623817196265 
12822.70544836928 252353.8814053601 13.957414318734479 
15648.46424508176 247851.03383560892 11.844496069767764 
7024.738460023011 514122.5413754882 235.34328063509875 
5227.034052640871 24891831.64835246 23889.397915453963 
13036.644562636819 264631.67220717814 7.889642860218879 
12675.360170929114 273951.5803506765 6.844491940113348 
15780.309913283585 242338.31277416332 14.201913685632428 
11065.531514173086 281919.11222623277 9.06897624523545 
9236.570385404977 299602.46562892845 35.413219976096016 
12701.12066843619 270838.2030041298 7.893746646805063 
12907.140538238822 283179.22236824536 5.723003893838716 
15820.954294663996 256775.95109238487 8.979101892461191 
