20325.19807940881 240915.0626345474 15.43302734940133 
12471.565664748305 267897.2667709195 5.705082893137806 
5226.951944939006 48985573.57208065 54057.54456069829 
5226.956270305633 45886637.48888902 50145.02142216228 
5226.971308469506 60875481.94595059 43648.846853807925 
14479.85161351614 250693.84322645396 15.927341365193485 
17701.775930777345 245468.70278919904 14.16296977436507 
5226.967702971491 72932092.88514167 46199.18010610868 
5226.978605419276 26157404.61198304 35729.293856927456 
5227.056950968877 16650580.07175429 23566.625979531556 
5227.004315095884 36371003.48879555 31291.332564841417 
5227.300137264316 14713600.881411217 13575.75798744803 
5227.105899872789 21582206.720853202 18841.908427654867 
5226.98454956562 21768494.612762254 33403.84442596666 
5227.077310301795 16541673.800188119 21105.580950715153 
14208.87238930513 264201.8035632063 6.6959380473054075 
18300.155159667494 243170.98498407935 15.526729092298226 
10797.031403399651 291167.36432657787 13.286299505176586 
5227.351091596398 12989997.442813752 12121.25376404685 
5291.158642275616 44516324.67243013 2424.2393501533347 
8426.34213079917 321244.6893051521 48.23840649381272 
8971.599670276726 309211.820280329 45.43023102474863 
11208.094951438461 261103.25529576707 19.27818358431579 
10156.575118734776 282038.02465218294 19.262219571625703 
5229.671721214721 9651241.822415337 6951.370185553437 
5228.390757782037 13278320.918505516 8864.63042122691 
8228.269957413786 332464.43201265257 64.64107439975294 
7807.527931711587 338920.6618351934 62.13918173688016 
17816.77515282196 248083.02247794264 7.936516187942922 
5258.614041767607 4690883.2583766645 3611.565279835023 
7617.96275699107 336507.75572522223 64.8490770792296 
5227.112631181482 14153588.249724386 17278.242517055383 
5306.1313458121695 9726998.739309728 2866.4373988073803 
11626.31341634598 260378.02178440898 20.1074778162327 
7251.19195296856 364996.2487242176 103.13782998905582 
5335.9614639103065 3075308.637674333 1432.9145460684524 
13876.41961450629 254013.09229939868 10.670684313470998 
5230.291955359962 6122112.264650172 5632.506431664397 
5230.35099064711 5710239.053328102 5459.417722346273 
5230.04510898529 5647081.261388073 6886.649138568136 
6088.496814403205 813596.6799074649 399.6620617157988 
11963.959108653522 273095.66014416877 7.941466650510957 
5228.27140661449 10300634.11482224 9793.875170671465 
5325.1850487999145 7978704.048284435 2110.5205532155437 
6522.969303013567 567313.01343175 241.32143508903147 
5230.94162638829 4072021.2474359404 4332.859476560337 
5368.5365669197945 2177327.114397719 1064.6868985576796 
9818.13244862581 277585.6096793394 29.016633575837176 
5228.736801345364 6469197.5816438645 7785.335567766997 
5850.4276895383755 1692567.2960865237 433.40482858008966 
5227.722586515251 10010361.893734055 10838.178942667319 
7120.300539823533 363456.1468528051 139.5718282005924 
10935.23758929211 262558.3534186833 14.459945635856561 
6767.613164194266 509185.4456439729 242.37566560291503 
5227.024103267336 25552479.54522459 32499.644586641163 
6883.861173982212 443872.43676310853 130.9749932452828 
5621.503591106228 3585897.7183056553 805.0782024270754 
5228.049837085626 8443082.919840582 10544.692698645991 
10128.184700338163 279674.58474206645 23.339569813900816 
13701.79218767638 257997.44731812613 13.450998454237308 
5767.755500170579 1688987.5937858338 555.8486116127285 
5470.522232740252 1637805.8346947057 938.9623111048058 
11742.04679342 258095.53259763584 18.355062388541782 
6360.307663812086 690009.4564745979 279.12483192610784 
5228.761031632073 7139469.267237375 7664.123123486646 
6244.0665786354775 663248.2429828448 380.5059029466305 
5227.083537214185 18456815.258489445 20844.056019389503 
10810.114997289202 271128.3273429076 18.712444220561743 
5589.302970490315 1271245.4977574826 812.8317512311122 
12217.705419160875 276832.3006551941 7.827916723969207 
5230.894663394969 4118555.1449708147 4087.8847691782844 
9132.53498940942 299637.5001395526 33.90953495334999 
9401.534595648125 296825.56210499693 35.660600412982646 
9248.641092368185 293124.6984988394 41.394984106768305 
13531.652905979086 259269.50133822646 11.221896904205348 
12248.989914671409 265678.2037328414 9.162437186515973 
5227.548854997934 11029859.48370017 10129.717976993956 
5228.075543610678 11679590.019359395 10092.925169071199 
5226.9768918486625 43266121.79396281 41799.81697991629 
22372.69630869697 239790.41809394487 16.98430644564105 
10908.064459199755 268887.4563196242 28.104849750788958 
12228.163047967326 258974.94605886147 11.889036071605119 
14577.629664760376 250590.30175577506 16.969480844625068 
5226.969871534156 74849046.38078578 42853.69845115515 
10210.907095057957 272534.78253614344 18.681261705017754 
5226.960784412651 33789203.17680507 45994.23894612045 
11630.048647152542 272737.70224838884 11.099895452700864 
5227.74200950264 9574310.31820017 11392.825619012949 
5227.006863940434 25835464.043813158 26178.209717429283 
5227.14290541113 11748747.266453823 14131.944892811536 
5227.954433572083 9107151.63337476 10469.833590276905 
5226.972581189714 36031756.93987859 44629.29152901968 
5227.056789390957 23803200.537108853 26451.693727288177 
12416.316281361813 273383.38817312836 7.724859514941858 
5226.97661007138 30598877.68788167 46850.32501802057 
5227.538351545454 11767938.714253347 10888.106907209354 
5278.588041867558 16643338.464379273 2689.699146686142 
22455.436037170068 242536.73616545947 15.778817918855546 
12860.60025934511 283922.8480979569 6.954709446897899 
5226.953025215749 84636626.7720456 60574.41280797401 
