5226.956538561202 360977288.5865419 121480.29855048524 
16173.138828569543 262981.56040599325 16.961115101840264 
10893.460382258438 284013.76494835573 16.850020204112113 
15854.879597962603 262847.0817831564 23.855302050167893 
5226.964976192082 130394686.69737545 49031.04135949403 
5226.960518507284 53119573.369188815 49704.13060414048 
15673.25072708964 263630.32003258134 21.902644164182803 
12027.39162761358 276170.56700523174 18.249787251492986 
5227.032047589344 81676049.48902623 23610.613159043118 
11076.644252036898 276164.0181703591 22.891708390666196 
11948.506420095262 269607.08819214354 21.612196495890508 
5226.97178171518 84617098.71527696 50594.898563539165 
10146.46164193107 283558.8383343622 24.79980308677495 
5226.977620818184 30040349.51747366 37336.98451865245 
5226.965527916143 94589693.49197818 49387.63235078855 
10472.872656453257 280827.1015275506 17.972514865426497 
5227.012302216489 17463703.57454163 28810.482048682625 
9308.87477535423 300610.87519057945 28.881054703382983 
5226.99766235524 34171186.3217543 35635.741823826924 
8817.009172267675 300071.97488390503 30.74676924789896 
5226.998513947958 124370839.06443359 33938.29484849521 
5227.0356748543 27147523.442206733 25193.681372353727 
9674.262510264574 291218.50640011 24.54110846460154 
10823.375872615461 279602.4772729712 32.15690674883584 
5227.532873616855 13862769.01319495 10239.241654585061 
5227.108980318658 43014806.77685515 19537.156986146587 
5227.3442712392625 15588631.205534643 12364.544366616636 
5227.105997742584 26468046.280346885 21383.610292782545 
5227.1731815136745 19562694.61800442 16026.566065088486 
5227.13436303475 35838254.721576996 19596.999758568596 
6948.932730228892 381133.52220901684 121.30673128706711 
5227.006528506039 31724529.654043928 31871.35138544569 
5227.813957288623 9844921.82495271 8544.182319183059 
5227.192522879419 21327745.166451313 15144.959556719434 
5227.516158730306 13683469.317436315 13001.65482668469 
7959.042811948688 349841.0036347335 69.57908627269995 
7147.907268220397 374199.0508215605 121.42406527304226 
8740.604112413748 298351.6114017401 35.51628969905613 
5227.06740670147 39665619.79704529 19644.138857921702 
7790.096709501016 342282.33935004455 76.35225475035364 
9482.58901042962 297931.7142946764 27.705696309336332 
7528.591128645098 364715.7425718126 83.44369581093802 
7599.065156749942 356898.01254827454 61.73933290414802 
8573.383206992436 325901.9433286924 35.71377812881894 
5471.327436245785 1737377.4552828912 1003.1104816158825 
5888.194787940582 870587.5205304124 421.3605482770094 
6261.664327384275 687835.8797369021 320.2228929210864 
9669.656668594806 295944.1154831919 29.411939893314678 
7730.360931215221 356033.6789698965 65.7925785491982 
6166.891117255141 750596.2521145301 372.32437223663914 
6643.684001046948 460944.5925965934 272.575496691797 
5227.03447194969 31418087.843475215 24487.99727224899 
5226.99492014709 31772207.924294814 36785.47018318632 
8403.959793935379 313824.76558449934 36.621545029247415 
5228.9685844007145 18150307.79350695 6982.582019217023 
5659.969656092241 1201962.1309452935 704.6410221724391 
7199.328569049914 368140.04210424906 120.91098399400619 
8061.868417670354 360666.0510290423 57.67897366760702 
5227.158686234126 30304285.83519057 16669.354265526672 
5996.684445999568 997640.7925494971 362.04737405601014 
5241.541246274168 4209877.887105459 3678.5364295006066 
9444.06185868998 294563.03891348554 29.438224023959812 
5227.1123266234135 22108825.904923387 22593.94443006089 
5259.058057800043 8893042.622380957 1941.567235549848 
5232.231983500335 6660402.347125882 5811.965927959169 
6843.511742033092 417338.9501939854 169.945278853905 
8538.584235639508 312796.78947280144 52.97702202316906 
5260.777826520461 7309020.558299395 2430.913496165915 
5489.946466546275 1284709.4275415773 835.7944966401288 
6468.62967131517 730986.8720119183 219.7579785652148 
5228.0890862367705 12213525.780048892 8160.275639165327 
7391.037021491354 357674.6186634237 92.05040134372352 
7329.306217592101 400801.307804353 115.23247974160978 
8219.085949327082 324708.66117327637 66.55866517036705 
5284.012180943006 2185488.8792903638 1257.1763266928901 
5752.587187374546 1158687.6197897266 478.3961771926625 
5267.240822668567 5092987.819986904 3285.2493914164183 
8139.24491691486 336869.9749698092 72.81844710201291 
5232.487659026163 4659953.440262727 4777.703675040356 
5577.361248734729 8216575.911146038 816.3231956469597 
5232.287402555048 5519649.212716018 7707.632695630472 
5808.6430525557425 935248.4715759677 421.3319183782287 
8301.386841702948 322107.86372377694 54.64347124747319 
5348.458878255848 2832813.7700665295 1182.4827531536546 
6755.810505581319 436762.0489790729 181.7006016344414 
5227.066582967149 23670335.078267023 22879.692568325696 
5233.128357407142 17999335.647106007 4393.522469557958 
5230.353070139842 6861788.051838548 6216.04409640245 
5227.046816375436 22591216.306346025 23705.998459595616 
6568.784335848703 561038.995495115 257.74328468396277 
6077.013281911963 718990.4293751922 396.24570776990487 
6364.617331432895 581712.1871270484 292.03794388461336 
5340.593433210014 2874154.557764863 1239.2585950720343 
5590.604918308579 1320994.086746331 708.3558469503467 
6355.556478051519 582413.1496773438 300.6154577918512 
5227.192056077043 20058881.273934748 15423.757225487207 
6526.242928579968 506682.17683821503 266.2872119364845 
8354.91521303891 321948.6315755608 41.79597697195943 
6053.904790554781 741107.1936533159 516.2287576488909 
5227.205189425973 13005526.070692789 15710.170328144097 
