5226.947023570611 139994150.84286827 91623.2882993638 
18172.426739406226 290834.01044911373 7.023622639185505 
13584.311567604173 249309.05774787816 15.744862198634955 
5226.947748284541 134421057.53140152 82038.29175726595 
5226.9538120497955 79204887.04622951 77395.23206411385 
5226.952221757752 71731454.85470754 62493.86234235636 
5226.98283363214 91664665.33071639 30528.128582722078 
5226.999771067554 41254341.054552086 27711.08952903187 
15528.940033298266 258180.46348772146 8.81968104021656 
5226.958640923126 32252814.995694373 46039.00270127435 
14435.695242107446 251665.51645010855 9.827805355081818 
13164.86078156492 251890.10067806626 15.818704288646288 
5227.03547633633 14940466.190012865 22349.082784189457 
5226.962338511874 43534043.8514956 42477.438984628454 
12487.481491366392 255972.03445057647 11.672713002024379 
13630.524913859914 253623.72494182942 11.31152945879768 
5226.959801233425 47888579.59896126 44552.209580992174 
5227.002586594591 20245769.03187562 25974.300411358257 
5226.966258856748 35115166.66508124 38424.501022655386 
5227.11515799116 18252531.879037954 18555.915939349838 
5226.999445339051 28774030.346619066 31699.682612580968 
5226.99682079193 31976510.363899022 34779.64881173725 
5227.022374258149 29139824.45211846 24815.855136959275 
5227.328100377237 13206815.71018025 14299.906586362034 
5226.968343501245 25177189.75671927 38335.74308144972 
5226.9999983657335 33761681.297710076 29514.402658163664 
9227.549544979684 289043.5109435647 20.563437269972592 
5226.965796861141 25522142.17767828 39592.18702068596 
5227.070448008852 12324167.491737157 20053.64349704786 
11959.43361001515 260320.0098313857 21.17586779599603 
9692.91209666898 288635.4299068919 21.116531116032398 
5226.987838819741 38196099.14634342 31458.175278636278 
5227.252861948381 12770464.148023587 11868.673845866304 
5226.9776382269865 27546290.244233325 37194.21244292187 
5226.972890506412 31601444.90102402 36360.394780835275 
5227.153189565597 11544234.033004394 18813.790801877698 
11499.628351903675 262579.98266362026 13.57768202564382 
6801.1404090271135 445088.1940838327 175.8581471937538 
10374.92666439213 271476.1225422714 17.381008072253817 
8279.178234261655 326474.1170569078 63.56305406405871 
5252.631637089441 9367103.306522436 3640.811216010978 
6559.031064011224 548898.2236112029 268.9067453251056 
5227.0235311773495 17551131.302495945 25774.976190778427 
10638.404705128714 287354.4544061457 14.610078764152018 
5227.425440382049 7911277.108844537 9232.763467208548 
8478.114722563947 319761.8211045515 61.7861700394105 
5230.9376101827875 4348463.484485482 4342.829538987453 
5227.22889181964 16979660.457342673 13728.212152727461 
5229.103382535166 5745160.340286594 6602.559660440654 
5253.008696473667 3890394.227622765 2483.176317193482 
12216.984868408836 258037.43754270388 13.93392618188453 
7455.414751081373 353565.24894733046 79.2228527932757 
5323.333773211798 3541171.34890554 1582.0644174720078 
5229.319558961057 5160080.321449542 5343.8118580843875 
8672.293948991752 306207.5253786525 25.082503544761714 
5635.912054710982 2232250.45715092 687.7666244786318 
10918.485633623184 278464.35692937404 10.420954431218433 
5227.017742746525 17334199.51337957 26469.139501230504 
7738.977172805564 347906.52110443107 81.88009055459804 
5228.831123552984 6690812.595213477 7275.452809321011 
5227.387356195311 10455607.646039959 10775.29382122658 
6288.2172886796525 788582.8840468863 340.9503572136843 
5368.29032080115 2024298.8107899618 1055.716127644839 
5308.883576504947 7068293.335277086 2000.484171910236 
8025.920451990572 328889.08800013544 55.057941388727215 
6128.496339434198 610640.0563635604 383.8827310252332 
9791.474557335652 279060.3376901689 17.929593705595817 
7003.485000762133 436192.2505359524 180.84386157906687 
11232.055357054258 266675.7091274419 10.453258877491745 
6403.6110382925635 582333.0982657054 307.520484304708 
9052.129223791233 303178.6003610038 27.30841107291881 
8817.72557555435 301919.3077912245 39.282875602069716 
5547.381492378346 1442481.5423966085 876.267956460243 
10981.165458724015 270278.6407682306 14.174618503156289 
11495.66981375471 266279.78678293084 12.333140695203115 
9986.34031300501 280986.3047370241 17.171870042719295 
12118.168633191894 256609.80363851856 15.859590697926103 
5227.286057352401 17437503.140677925 10555.078677683838 
5229.1131049653295 8876797.419282617 5645.977505663009 
5454.26114122006 1412860.5685418677 908.4527489451564 
5801.133000522483 942953.3291159391 478.3544291251594 
6022.851401268832 865829.8162108473 381.62435424010744 
7073.340846884948 363850.1090028398 127.84863539083517 
7983.603524257416 340194.6300140277 54.34464579763201 
5227.395841248274 8784303.248391144 11059.607502475668 
5228.262304075592 8591324.714208856 8215.127509642032 
7778.208163660266 341484.66491406754 80.6791196407899 
5884.156897478456 848688.7461986624 498.288530568952 
8941.701830685914 304596.0747739513 28.187302951697614 
5227.602749365233 8322110.940248826 8658.79891174226 
7244.035714618281 384215.03335856437 113.54618934473336 
10179.766130207325 271521.3552813587 22.73787690769953 
5699.834109784973 868294.1549409903 549.8262004048166 
10053.65206653791 285904.9770522386 17.09456964673587 
11041.298648327942 280622.67976677744 11.67463362980239 
7372.576202546439 358250.96511463553 79.65299938017665 
5227.258643159445 13308371.322298948 17928.273383072283 
11163.278737926876 270755.7076754408 10.257266148416758 
7275.721902073494 352157.4183530179 81.49561335001631 
10170.011621919519 278454.19386874215 21.29397417892129 
