5226.9488460291595 85706019.94853526 81159.6152912667 
5226.9575678137935 342720213.67000663 54522.04855323723 
18399.076037051476 255812.03923228226 17.195176028747124 
15547.337252816387 261863.78581758594 14.268675663863313 
5226.953004583998 271297820.5290536 60744.0809488775 
5226.952271428751 128124444.78467825 66078.94262674327 
5226.952100594216 119186713.25574039 66944.2002919767 
18119.08400300767 257101.58892617468 18.925767105430445 
5226.9625135333545 81169627.79662083 42206.27163018074 
5226.959765285837 49309340.89416242 51892.44000111768 
5226.955327049903 65146298.296001166 64945.8817763297 
5226.9577327747775 54936982.99284371 48125.84993776643 
5226.981105239738 31292506.51307185 33310.41949596873 
14066.713810183794 259916.15572402554 23.632036804120872 
13038.782401241842 268070.6441201821 18.552708647283286 
5226.968794666552 34835983.77806517 40883.55706315835 
5226.972908877569 30197566.739551842 38548.2863424667 
5226.967743620465 33909666.37707236 46041.41446708582 
5227.0176170907125 30084392.340695277 26698.16851584348 
14709.845264098138 262070.4701855958 15.029782851575277 
5227.034512510388 20129574.704212714 22026.18882473164 
10064.096892906096 277862.01136580436 21.534313324350443 
5226.970940276435 73534947.38837923 39669.235881101675 
5227.11451643146 14082419.260932105 16036.285511967102 
5227.382153656313 15804440.662704194 13418.609689987545 
5226.992084340343 23090363.247004744 30473.914168514806 
5227.089211347615 15918417.672255743 18952.970487591207 
5241.542411029452 5087511.023686705 4148.172578880655 
5227.541243141656 15084848.380475922 9760.191727420708 
10578.841107500388 278760.2865292191 18.1304129574446 
5227.077507516436 19553875.305144783 21150.366039169105 
5227.007777688636 22796033.303558603 29328.971392785686 
11117.327209029037 275049.0752818413 16.68285573839713 
5227.0072749489655 28830055.175574087 27424.58248219861 
11494.145553200498 287641.82999239187 16.07004178420484 
5227.119352801584 17922119.573641974 19657.26928658994 
5227.459285604733 13208926.485317118 11265.376753496663 
5793.199981817999 908318.8600967373 449.63916435168875 
15608.957726305953 259371.4098041831 14.253084498467446 
12275.745224827579 267127.9538623508 21.761913036511288 
14370.216033077439 262784.31841900013 18.36993282746379 
5226.990808867249 28108359.908977166 30453.944716508224 
5259.04334982826 9634828.008897819 2535.571039324698 
5227.433382950007 28618771.960589025 12237.473943354285 
6097.750831614479 832372.6729182117 401.2237498052681 
6452.351274021472 545683.6400824116 308.305324614563 
5228.23328171924 16659331.085417382 7933.3869620517435 
10870.80470828615 283672.49127933936 17.96090824212205 
7487.337421877506 346908.1741178134 102.85446150503563 
6691.562912450098 448599.8837044494 201.74786389702862 
9101.012048803905 295050.55367336964 28.14057378353986 
11971.25235819746 266354.28464107815 22.65914817403903 
5702.254184221814 3071318.120310921 568.0416470441096 
9509.828442741453 286724.87163137033 41.2753698993001 
9797.272455514489 286210.9301324279 40.61387963926126 
8937.498400055425 307803.94310005236 33.34850615851248 
5230.73460531117 7979976.035547145 5372.432819720244 
8255.9484697689 318133.80253977946 53.125577436275364 
12416.246515819359 270379.64325859124 16.560376129338817 
7265.15841978157 349514.27242145495 94.71301976429575 
8127.039864194801 336234.42672262754 44.70418820214989 
5617.050801828359 7312935.062455895 765.5167327691823 
10716.730127893272 275767.3146452687 19.03408581992506 
9297.639946791327 293763.9442278276 28.869371732857363 
9731.937079807094 290737.76322875137 31.29174191458821 
5348.7371331088425 2605308.038051052 1165.1948053603978 
5276.188360160572 6492646.336045441 1835.6516392517822 
12808.349836368548 266138.9712921641 19.77167501352833 
5227.063294690077 16782807.98515884 21857.848234743175 
6807.188606910447 409046.38752185454 165.52277057373993 
11717.124281715161 273962.4912192635 17.778227578101003 
5229.316829364325 15396404.025309348 6613.481048953925 
8782.955366156584 302326.46998207795 33.43341880255056 
7953.042825166685 343783.0388624868 56.15287609791095 
5230.849794631217 7533612.0558169 5693.951882367591 
5229.815700027775 11014809.223070577 7015.601250284728 
5284.018768152537 2194829.4151899526 1250.01918729861 
7874.0905918811295 351644.50957483944 44.472202917285315 
5474.83254698354 1306361.197458413 895.9561444852277 
7646.586285825067 339250.1450317438 78.41775128646475 
7716.607457927553 346274.2484079478 67.71443784528753 
6943.3491491970535 397715.1780082069 184.0539440781699 
12761.495164634609 269524.23624532815 19.815697142592324 
8475.404117587595 316257.17273709975 49.63377220213602 
14504.640617084597 260360.3175438661 20.367848964155986 
8439.229161351765 334952.53026480996 44.33537859023117 
11930.926811822985 273679.86059607466 20.40188679733972 
5229.318069083731 10468055.138065765 7689.744414841158 
11753.656769546136 272020.83610110567 22.937768050730654 
9395.601981550328 293980.51368451206 26.732267385807646 
8657.861949116479 313365.3946483352 44.8621523046844 
14589.994298636931 261416.397760723 18.451977308794437 
5259.051061037379 8699476.141971795 2245.5029602327663 
7079.3212385268935 363625.6199948714 119.43487882402519 
7184.855291477691 358623.1545799347 114.1604528211656 
5489.969130503896 1279578.8819381415 824.7683147568368 
12586.055398491582 270457.4443363266 14.411479735625292 
6182.286488784443 792580.1670315837 346.4269629129126 
12585.856146613529 270507.8176404456 14.432606356133803 
6281.432657382547 769431.576214787 403.47284929003905 
