7122.808965238073 532217.1972864968 236.21312122499677 
5226.972655963404 8614261503.479593 383639.34712273366 
5226.973373838714 161412512.04005894 73463.38093665849 
6610.606595153714 558051.8077172042 263.1236552626567 
5307.632436751193 1679047.9304212967 997.5416287180283 
5622.43237281801 1386362.5905207295 742.3402928963758 
6371.498440566664 640387.4417926159 293.19155826832696 
6223.135294333217 645188.8966703408 318.18893608152354 
6304.689708467693 602065.3758775869 344.9274111858123 
5845.025926120996 813475.3402116175 497.67108626095984 
5667.652091176367 1282837.4012874672 717.9237458893531 
5928.569153062065 784925.8596077587 481.79895911143666 
5226.97896153645 104711368.85636677 63968.476064435185 
6375.805815581814 581527.8551959714 298.0779971298833 
5707.06174061867 986819.6190559468 650.5968372313615 
5996.246055968458 700361.8982997028 444.49405380700523 
6129.793671186606 638980.1707906964 348.11047692874246 
6194.229513189664 701720.8693773306 341.49566927153774 
5799.571460963641 906110.3632558705 566.9857677914373 
6028.455197435985 770979.2548306552 431.1346268089578 
5226.980534074291 85127111.84793639 55506.55558347735 
6064.003288064543 753838.6991938151 433.6049943200717 
6128.555076728575 851382.8848450886 407.4562145883094 
6334.624111535828 588810.9724127323 296.11976219718804 
6414.294599851818 626653.4457074072 286.0935748519519 
5226.978250530528 454696020.95226836 72547.3105965184 
5769.208033065686 839697.2475817836 580.1033690996115 
6083.100904317897 745535.8394688821 428.6857824000916 
5629.873952564543 1319979.1434739155 744.7743354692396 
5990.390686531307 780292.494797032 470.93511917315925 
5831.647239375946 1044755.8146924127 515.2471239645819 
6116.396420308924 727169.6904495037 428.57796289670927 
5284.347950704775 1798832.107686211 1186.631817090592 
5227.028614193119 65108849.42452299 39568.24320694388 
5723.676427266881 885929.7465535495 626.0197329454361 
6322.181955939179 624045.2273104514 312.75362084994674 
5226.979720693062 98308038.43872039 66546.35258783576 
5227.035364221478 63445367.481552534 42857.73685818874 
5227.0542464651535 55429602.69951169 35598.212574636884 
5227.000145437591 143816193.38537416 45246.86820912912 
5275.831020067267 2887663.7650751276 2091.7201578952217 
5226.989544784763 93325340.94600658 51535.93887997037 
6202.935356484158 673417.6254504421 339.51853153854233 
5227.0565862232515 47970058.560598314 32108.048584820383 
5750.006147697721 894540.7236810169 561.9265313852618 
5265.032097443406 2899924.1821875945 2216.987763084868 
5227.040604443448 54062708.57341094 36395.57925467543 
5227.174984297004 30953615.588773876 23593.121955700022 
6227.483487276873 627507.2274916152 330.6003586004846 
5227.016194680912 62643598.03809518 45864.16440155752 
5226.9993736442475 89005703.53932282 48663.51359365766 
5227.107306266656 45141045.8621873 27024.279075581297 
5239.19296546614 6507138.067092596 4921.252478444252 
5246.669061743893 4965578.723640943 3829.8252348772376 
5227.0883279121035 45423445.864422515 28835.769161572072 
6331.182955210007 603426.5161394534 298.6960331552048 
5227.282862804944 33269565.325511783 19263.627141630925 
6125.77128654674 643962.5751855617 373.5664893592909 
5243.708023115274 7252012.340501029 4856.750883732866 
5227.133643775786 36037763.18676654 25766.80972472709 
5257.0898615756805 4989555.54534347 2887.437392508521 
5762.86071211547 1079890.6865238575 551.5751685901736 
5226.994509624426 77863288.53471088 50421.533368894336 
5226.994072015817 88492945.23226728 50749.515074283365 
5227.076307716812 48776602.0554538 29782.70820943438 
5227.734634826786 15490657.384588106 12817.467727013185 
5231.213654557692 6882288.444659047 5344.601735650346 
5227.655903184907 19080455.9585394 13991.783268048768 
5250.968296798788 4217818.480542025 3393.349366962261 
5227.221959581803 34741649.27977487 22589.011797996307 
5229.231489778162 9655094.984660454 7268.56835187995 
5227.070493272358 49866040.78769863 31326.995783057206 
5227.321309462115 27916079.042670365 17857.977819703934 
5227.023211570582 92699255.60781561 44042.5632163516 
5227.8692768073 14131734.907194464 12108.587298591357 
5228.8891393235235 9550601.624435972 8253.455246620884 
5227.125196149468 37096664.206600785 26706.94593903363 
6304.957836601798 603825.5444665753 333.47297498401133 
5227.372000618178 18829562.26483608 20450.12736864507 
5624.718003111321 1354160.4575458101 782.8386486749342 
6110.3499511001655 694927.4418871086 361.2139859284729 
5230.194628611327 9439112.273280578 6312.665560158978 
5227.406902185284 23597083.432403058 15741.163402069435 
5228.296114346289 11763242.923185503 9514.39713457237 
5228.562365134853 12277736.350903418 8841.1474498622 
5228.27349975178 11893817.759098306 10191.152426658467 
5252.889622781227 4705096.039943993 3129.073657451083 
5227.242176224163 29961002.926558815 21918.162119011104 
5228.020450823701 15426022.581435421 11291.608195421122 
5227.389862465936 26779829.17894367 16794.2610425906 
5227.645304782034 19148384.565954335 14732.260870620019 
5227.553152249307 18273574.620555773 15422.381177073403 
5229.598867614202 9209569.030699452 6619.294247185289 
5227.366164206527 29244377.636844035 17652.965538686378 
5228.181712130691 14750513.508502988 11330.842046639047 
5231.1498119846365 6958945.055912785 5393.080941150475 
5227.265939907132 25912813.53809693 25697.188200519122 
5227.487980435138 22367238.604407538 17530.886793710102 
5255.7810853855235 5003356.309249043 2909.1618306216033 
5227.003031114537 72105394.30473174 48210.455903487724 
