7088.70910907853 519643.2538632152 212.35178054433194 
6721.688111942065 518613.9340915769 248.88055228628897 
5226.95075598197 170866207.1156812 89482.20649124037 
5226.954778526435 164816371.5753453 85489.99070870224 
5226.955401522113 143631499.5226176 92125.10329199694 
5226.9599264679455 134233722.9685058 77412.46749884066 
5226.9582341965515 218178023.78377485 66390.05085762638 
6305.697705665093 993668.4232341734 272.7854589365494 
5575.037935590995 1697968.9527277744 818.6201264960501 
5305.383247437383 1576320.7060271297 955.0461486482312 
6435.385211972036 604426.4155017028 254.46385497222371 
5226.962552531676 122160445.43867028 81564.49801070921 
5226.96279579102 97719358.71386462 70939.06006663016 
6077.6795459998775 618154.4068425596 339.13101985620546 
6590.529603835464 560138.1634849381 259.97409117441674 
6133.627346556963 633019.687473997 321.92089065816674 
5878.017826030246 812488.9907939965 382.80281703317434 
5226.9790355847 84856858.42111307 59854.47001099091 
5226.95798886931 149256303.36660653 87055.92636839069 
5227.018149952813 51711375.241479665 33962.16551308891 
5226.970490465816 93843378.52242367 67155.87503556901 
5226.958899485648 109916653.663382 89163.73700962748 
5226.994103779111 82944430.90449868 44194.970689248046 
5226.959267762077 104833893.27947395 88707.59752223047 
6693.826439275742 543545.9260087371 265.6361326571971 
5226.956011970398 140132213.60048568 90326.02408759002 
5226.970033522668 166889713.99660286 57101.593986042964 
5226.978273386174 105654165.52579476 55075.016207579305 
5226.9908743958 61647110.26061697 51997.64992504289 
5859.232513865973 1262964.5204846777 456.4127612729897 
5226.963095175729 103407684.0140065 70107.25813829574 
5226.988058216335 79082813.41653219 51192.57582645053 
5227.022686826334 46639778.46744986 39255.86634214253 
5226.962412957458 126202425.50135204 71744.61717510875 
5787.188418535737 928874.8082454702 499.958792122498 
5227.00806796783 65338143.08568843 40908.42196484771 
5226.995392039753 51458850.62637642 45337.654204799655 
5226.984050392154 79423982.67605789 50607.278866923996 
5227.042214417499 57029394.437406674 32298.68092474644 
5227.15044743871 43708984.64047038 23004.33765364118 
6687.431161107852 544970.9636698868 252.2837892710361 
5227.059697640357 40772373.195308186 29554.328383157077 
5226.997139287268 66233612.98598958 44335.329472626196 
5227.125770641896 37598795.378182605 25067.494465117896 
5649.880154794371 982929.4122552671 598.1014041320275 
5227.0071442290955 72542840.49055816 38098.10170948986 
5226.982727195435 80934668.5378511 50227.00670319095 
5716.277820718518 1084809.7884743768 525.2642338846953 
5226.98660680893 60730220.05779733 57896.47379784849 
5227.340817307679 30025125.119902443 18448.146905093185 
5227.010795148581 52845895.05277564 42109.90291143805 
5227.50852780528 32100319.62827795 15755.40750063111 
5233.303784004986 8517865.499226244 5554.075419041848 
5227.1184180522 58236204.16732074 25788.35277975183 
5230.588511809201 7789259.448297767 7101.661557244253 
5226.979568203688 75688346.78710362 55867.35179603877 
5227.840688892021 13237507.785536421 12680.319606758849 
5600.381584360664 1287605.9804342669 869.8517875886293 
5227.0824922501215 41059813.30338445 27219.869995845624 
5228.303004370533 12142244.975842768 10259.842075817955 
5227.283439733697 27960235.800572425 20736.461510350346 
5227.257244652678 25429565.37616063 22198.555214961383 
5227.047777288673 47835775.16988054 29100.511842475797 
5227.385099065177 23963907.379986398 18723.041282483664 
5228.039905269257 16753848.303758103 11587.830920231554 
5288.882460704694 1942932.8048728968 1196.4151865843694 
5228.433187212626 17905370.64707217 9941.60392253623 
5227.973445075926 14233315.68360617 11613.118661136818 
5227.269404308961 36079490.46654825 19712.548024051997 
5227.118461144537 34214494.17526878 28595.256154546332 
5234.168059649039 6832042.053596877 4988.1899434383595 
5227.104717540634 45719390.20996013 26830.94836095876 
5228.529623265688 11343916.019261822 9066.167807376138 
5227.390243050032 22533608.072858784 17418.173061969348 
5227.085305357009 36016169.71411371 28026.14912162791 
5238.93875992017 5550509.774587813 4297.062795184385 
5227.584950123491 21348473.993145213 16910.101556704827 
5267.7403479466975 3257597.4594347444 2181.94480072068 
5279.467494499572 2268531.243035878 1763.4048850585984 
5260.877408539867 3837314.189519757 3191.583351288222 
5227.64623338061 20779219.013934467 14351.83063007602 
5227.529438258474 24845839.485465936 15024.212939954614 
5229.49532281824 9145526.512966013 8132.174606550905 
5229.7811169394 10031422.407726986 7410.176029610115 
5227.151811150635 36502918.68637791 25398.638531935732 
5227.16983835527 31915831.500156943 22349.99761184378 
5227.654776130871 19152582.518009752 13690.61412296572 
5267.087042922835 7066216.091880204 3070.875381149434 
5227.3327739033975 27929745.039831355 21295.016383026286 
5246.8659023282635 4665447.4344584895 3656.744893616142 
5227.754514311011 15807400.99013879 13682.619909770126 
5228.9049913671515 10620932.565551048 8474.2104861121 
5227.815314532201 22062322.26224812 13268.28869063164 
5268.542742630251 2503245.43208836 1860.6502668128687 
5244.467746621532 5191653.247413604 4155.658942663344 
5625.658942141478 1378558.2220020192 671.5157904903701 
5722.353526738223 864403.0818775333 544.7372043136498 
5627.999754865278 1207364.476853884 646.1726475262609 
5742.570898839625 985675.4709683956 541.2201933903507 
5227.064729754378 34508253.57706297 29199.50478453809 
