16397.198559498687 590798.9723683896 124.54909590225132 
5227.496656484391 1608752259.131437 46602.78872490123 
5227.52337559209 516219421.2313274 33385.58846722288 
5227.594100074963 183972013.79928038 25104.658930513855 
12689.715707464002 775669.5082924253 182.77764963571875 
15744.375601644806 947695.8538181711 149.86093035317222 
10107.093001568719 684635.1320834722 203.29066499750107 
5227.598266118711 73232775.90936175 21162.03475601937 
9481.944102410638 1404238.7472349845 277.6790550407453 
5227.60638773555 57442590.9481757 22040.582957196566 
8634.132252226602 733795.9283337622 308.23948635377064 
8807.22582200413 889503.5331505877 294.9386840487067 
7794.343085868852 1049653.9702900257 323.8040201937565 
16255.464296216076 831742.6723168408 136.65377822562803 
5988.291538296218 1840212.0868694545 795.9956224359257 
7647.71866676026 935672.5297030803 372.7312860902644 
5227.651132935155 52006897.96169976 19930.376237450753 
6346.158056228202 1902766.5022929832 603.4177970290319 
6520.804805910247 1311220.9737390643 624.3051087681528 
7409.539922609555 925508.782119822 378.0238644965091 
6202.995226497518 2982345.6080942 697.8243908046361 
6887.048562083191 1175377.1033877907 502.3595595049258 
6731.031009362375 1226135.286173837 544.3934653783845 
5228.170168437293 24444457.109652087 13232.298071071647 
5229.3509605132585 17544944.939975776 9242.558797783684 
5740.052748754969 1918893.1998105198 836.7814692593698 
5755.7779822512075 1567291.1445088955 832.3656076343334 
5228.8716555854335 19584560.303503867 10077.09063915132 
7205.184502463343 3557900.800572683 378.56614354929815 
5547.850940330956 1780128.9417542552 1184.948902043577 
5227.810530146933 43411029.45538371 17545.9158055682 
5534.730585841595 1953567.5160987873 1089.7762615717795 
5231.26621641169 13966265.51859419 8370.937551592839 
5396.859054000999 1808374.4673041664 1249.0742923289765 
5228.250023508352 22775520.653380938 13907.01135477357 
5227.734175228539 51050762.189034924 18405.36601863914 
7077.453177747567 1257787.2283929826 409.17779931314845 
5231.672431955501 17216597.685270164 7502.178169895493 
7330.80314994251 1482235.6269574752 365.03812090943944 
5232.522976781112 11691035.143107126 6820.942830429385 
5241.619480195553 5249648.297797453 5019.5585704317555 
5228.050562801058 33792627.20508435 14400.905758044188 
5235.378688128428 11057709.384889988 6161.784890381486 
5228.019310165368 36654547.334156185 14840.267609495124 
5227.695108709703 65242266.92314561 19210.96106969315 
5231.822370725464 12428802.350726359 7949.421656340088 
5227.733194525368 46918517.48832202 18819.612564811832 
5246.608845570554 11529913.239273109 3967.702041244828 
5251.450830177882 3609171.5783462934 4238.126550417312 
6268.424555160732 1599230.854929267 644.5770000183147 
5240.565589539312 7056381.448247767 5591.306799108192 
5228.278967350104 22175374.259719834 12713.452210342606 
5308.533671130848 5765150.298261206 1605.349681089966 
7803.867014746972 818007.9215531982 340.24405133223905 
5239.59746193021 15276814.148545055 5586.524332721825 
5229.840844192078 17505806.54973189 8897.411081650562 
5228.3600380664 21321377.625301324 12171.90902903577 
5353.321089994006 2523860.736541849 1933.5528178544128 
5228.080789175674 27691774.64647415 14088.212431743435 
5252.745100047276 3704017.3431990156 3622.2793432889703 
5259.706481971291 9501306.901471104 3187.0005944248 
7000.958544225999 1263466.633329836 452.31675092499495 
5227.891851154813 46024816.253181264 15893.863589739365 
5227.744509006703 50203796.78194165 17232.792628469702 
5227.893827570305 30410321.28974146 16896.80488159991 
5245.472568996411 14818145.94648521 4616.72180797217 
5227.665668682428 64939469.63684506 19765.921399617702 
6674.185154822447 1185120.2721599163 548.6092239377682 
5227.918758908871 42230847.19340815 15605.811116268676 
5228.628250821325 21599361.445383362 11322.302168057273 
5230.970540387836 14052568.47217858 7667.961970627342 
5293.786542532672 4789326.233026883 2430.330731221993 
5303.951773341762 5428790.906701769 2294.9515254989296 
5228.686021328865 19122227.558451787 11074.979694923211 
5228.446749987419 25968482.621911485 11619.65938951284 
5292.421562115365 7796809.512841467 2730.777803598782 
5232.143900081813 11968045.745070882 6606.259342682132 
5326.610188176855 5976761.656011689 2083.4266508805226 
5227.851438924754 43568098.61955552 16443.775790932566 
5268.119863671047 2866353.226612558 2895.0383634024697 
5338.112996858692 5376934.498117838 1391.8600024840916 
5254.880070032034 3001433.922949259 3385.4210168628924 
5228.660865188208 21362658.11229333 10826.34271584395 
5227.963682874197 38285921.23683544 15131.88393445052 
5251.245592061692 6396342.730523329 4751.277798404705 
5228.946841405403 19683728.155178428 10304.54758585032 
5227.744310073757 47919313.06425641 18513.94366941173 
5228.2647171349545 25997258.36936326 12494.589690604143 
5227.822775456052 43665005.11285366 16791.825933268545 
5228.449510544224 25133633.80323328 11900.239419793597 
5232.503823885891 14886009.630633043 6355.718704102296 
5227.681573222602 50864932.52776507 19385.83104093503 
5229.811057681382 15836563.992178993 8974.342872030174 
5227.983891585576 33656172.11373635 15419.474402314632 
5227.855297716703 40955556.07800803 16508.141140614855 
5227.953049015171 38566260.998556055 16097.526449332141 
5227.713042546307 47817259.777942136 19643.990887655134 
5228.726953621511 19644987.563406944 10512.314730709246 
5228.436923123488 31628718.22624681 11783.15273094671 
5228.174393080849 24227839.378892254 15264.28777836941 
