16435.13573232125 524186.4054090775 103.337892147997 
5227.747961428865 61068089.66070827 18589.250776487737 
10567.051077911445 1638883.4576426176 205.63756919677044 
5227.81010933591 54025128.70253439 17843.21988523869 
7549.949205900185 967904.2455402516 374.06749035984444 
14345.822638499138 1007940.632715923 192.15486200160726 
12486.90742149949 919326.0894872354 352.56612777047155 
15707.428318729915 1846258.1811602272 139.83683832406405 
12792.800360523412 805162.1636085735 199.37721281579414 
5229.891168497306 29281211.18093382 9300.43217301418 
5228.0087294996565 29556322.222761743 15855.977497773974 
5227.818196586873 47653612.747179456 18079.968358100712 
5227.948333056146 34860099.08220467 16581.917834753236 
5228.046462803181 27390698.917365316 14185.536331966436 
5232.085277749114 13051308.692406725 7482.631875170789 
5227.8496004244025 45705467.70671166 16288.901834459119 
5228.095509833851 35567820.39367722 13846.750328333954 
5230.255508910746 18866654.322255105 8461.478606754867 
5227.888268874088 41593563.68373736 16071.928944519903 
5228.017967833259 40530591.30782678 15510.658648967747 
5227.994142367529 42141207.21411883 14991.040131656204 
5235.4813480049825 10971303.942751015 6628.561432731905 
6740.680338858447 1192654.9140077336 544.1173658726533 
5227.850889791906 46509523.01540426 16988.061063464687 
5227.996335441533 35051206.02301829 17858.27762838915 
5228.200574982324 24802168.381214965 13059.255871747228 
5250.555485114781 4069025.975498474 4956.483532103426 
6505.443786752873 2393033.8909200206 629.6979216553075 
5899.502493843864 2109912.2515374576 844.1357272662559 
5259.649151482207 8365772.962643012 3131.3568479785317 
5227.981172724998 41465856.597712934 15820.457881440441 
6990.558767478295 1343666.8769499224 488.6056014597852 
5230.414339476561 16461527.789471092 9027.955771393568 
7211.446342709002 1112728.8863181272 415.15993930284037 
5231.820755350798 12441016.438965108 7948.710832243372 
5252.19255937673 9142806.518480834 3555.457817250465 
5408.472091434834 1588740.946080344 1187.9984100458712 
5228.18421412017 26565220.483683478 14696.42930999201 
5243.687873714646 10034726.693274735 5268.013386343805 
5228.266151346319 25865318.310187235 12541.132269495773 
5228.3040624523555 23143637.873813476 12375.770785411483 
5250.691716238351 9122773.130053822 3869.486518730126 
5228.5786216723 25315035.722686246 11310.510973611334 
5228.72241920947 20320422.27874277 10542.577054649848 
5242.5379444143155 9399653.25081107 5974.122749286485 
5244.1992344505725 6406111.621637792 5731.204248162547 
5228.653555439702 21654910.96938857 10856.312645302443 
5237.974868968016 10303887.281868024 5467.7856541254405 
5338.266589680401 5360482.176891245 1390.9939044278367 
6258.318044768931 1490557.0776485957 648.9432327623646 
5561.024013313504 2230728.9326273086 1122.374987336775 
5227.879520196008 44366906.50813845 16505.53732920397 
5349.883665848547 2904195.833066475 1895.2804252994154 
5231.2505673921405 13767941.329322126 8318.619741668843 
5275.501445016716 7546814.68977878 2280.599425898271 
5749.753316502028 2074666.8733512235 971.2217256753852 
5249.788766997217 4875829.802154291 4325.843054087494 
5227.97854575063 45090295.5452846 15403.997192530513 
5256.507188648619 6793863.103133058 4105.210061637385 
5228.298613921093 22343608.212918676 12946.007673068094 
5228.361427868573 21286127.4677778 11898.235327920289 
5276.547949152587 3073251.235474379 2649.2210522318906 
5227.873602144462 46946997.78559483 16379.544219051852 
5228.183846833597 35026789.50721448 13386.727299475648 
5228.194670582348 26302992.99198955 13443.74374151208 
5228.30789470935 22531333.133991946 12241.505117001434 
5228.863867371866 19449048.744327597 10100.623688933574 
5307.602940330479 5751180.499718054 1607.3973826438478 
6096.185428188737 2985498.4342504838 770.3003046134269 
5235.422098347776 11513705.685900105 6222.552206589514 
5228.775364616909 21883261.80603944 10234.844078638245 
5230.227423086382 17210033.792860504 9608.694137072962 
5292.199432584523 5928544.762880309 2482.991994442643 
5228.554697925484 19751946.407203335 11891.2123165391 
5298.602468708031 7089355.562420177 2026.4555070234055 
5234.649450370396 11301674.272502583 6453.515127804918 
5231.891114698279 15252585.365342384 7631.8531445454055 
5268.64099444973 8094160.066344367 2789.924281918771 
5229.97644464304 17565917.202716254 9670.13410138034 
5228.991496124218 17445322.979164638 9776.649603418111 
5245.525987459181 14644938.730377471 4565.631825397721 
5693.145311152916 4575666.22518743 1049.2759480906043 
5228.454224612095 20606525.88961149 11647.332610159378 
5231.128356812444 15385459.372001965 8196.31988102343 
5231.834373569069 15297827.264431154 7726.061199835485 
5269.874028586628 4373698.101434493 2918.812787403338 
5228.084021366266 25921587.574429918 14827.571005966562 
5227.972320003504 35537201.93628784 17005.491229470554 
7101.975173323652 1143762.9294866554 451.76462820699487 
5245.175089491036 22347759.13125539 4640.32182320668 
5228.698880748902 21283917.741212536 10737.822987208281 
5228.514703392763 20228003.14273254 11423.220104208254 
5229.961758795176 22980200.596870847 9089.249264500948 
5228.119705492936 34669931.20877236 13997.61822120339 
5232.144074979611 11686275.156596027 6607.600984237831 
5228.006922785955 45393051.7021364 14970.42274955421 
6160.4468178889065 2921402.608470151 735.8523490953121 
5249.722503649441 7327971.670836561 4548.060809804767 
5230.184870253711 16717400.155636227 10106.22965631355 
5227.9572080658745 44931984.45062616 15635.384967449536 
