6875.107733754212 563784.5940261568 211.65981036489123 
5226.952549431262 173156632.76477143 107313.06887137447 
7120.374977587675 499067.63985313225 230.85712340767878 
5226.949693736376 165511789.25706315 113555.95083242228 
5226.955635621963 138960717.367585 97527.16820361004 
5226.961312369404 91721961.88680032 80195.97844467129 
5226.95937101917 118656200.67354548 68643.19859361643 
6942.799178955698 495372.54469848546 263.8981946998622 
5616.746252269681 1783212.0457083094 740.3594674010412 
5305.4659589143985 1597750.683956474 952.6514760412654 
6971.053769210732 513458.9729955242 217.07917875180283 
6879.946346076057 535683.2438753515 243.1207947445183 
6625.261898339328 667838.5255315496 258.5416134946676 
5226.960590680272 107046310.0121094 66355.2719403973 
6250.097171300614 787736.0326439114 268.2331599914364 
5226.95612508528 95788340.36017297 75087.35175913085 
5226.974831366736 95546461.42996247 56075.584426629706 
6341.321879009432 676216.8040303398 258.7004974217384 
5227.01633417375 54291357.5595934 40682.569589346516 
5226.962851669559 123839199.71147425 64860.437647485676 
5226.959978153058 101594786.69915843 66480.05388308511 
5226.9703301804475 95768537.81847668 60352.56849971972 
5226.973789297103 77831039.26927553 69911.51308786882 
6135.341745844753 886411.3767716314 288.3627746210458 
5227.020887872685 63569894.15808822 37092.52037530154 
5226.988967087196 58871263.343691476 47935.90147550912 
5227.026125281746 46665892.93133768 34970.817611738545 
5227.023212791163 66397717.81556783 36919.686046010225 
5226.964629208686 144017767.57801855 61739.01839214481 
5227.001193903152 70781040.1723352 44702.913197312635 
5226.961538657042 89888655.38805142 67516.6439449859 
5886.7324909009985 1027218.394936919 440.97017486761854 
5226.970440596668 97647533.4320516 59340.76939888122 
5964.743113930627 1155477.855024376 408.9540879432811 
5227.083538682089 50692695.52767015 31016.963945915762 
6540.711131942629 595868.0452475108 309.97702959834965 
5227.018638245716 61221122.266950965 39619.51691543354 
5782.417263227183 975125.5458448285 501.32357554842747 
5227.16936012186 37190935.14664611 22377.859305303824 
5227.084183005981 40275984.34504546 29777.156388074392 
5708.739745228335 1040927.8979183069 559.2263039942341 
5228.041994888331 15928383.144419199 11559.220965163102 
5226.976389120953 76441174.2283306 49846.118437132725 
5228.902692628826 10233105.451710952 8363.44760007594 
5227.640190400704 20045255.518859595 14596.471727929242 
5227.289913945395 29694715.265649892 19151.87580317362 
6648.071582625757 567325.016094368 304.2233055540989 
5227.062593109562 41202699.510920994 32021.3940589843 
5227.013821370789 60771200.66322482 43273.04714878418 
6101.1477106974025 661234.0597407765 397.30656599528606 
5228.269622883249 11966698.19253364 10278.448223132495 
6454.203633095262 635780.6694676096 277.85864921442425 
5229.877425885186 8203614.976529039 7180.805096849439 
5227.103794233629 44128096.890894346 26970.19663635806 
5845.273115278765 845598.8153548926 518.7771363960372 
5227.272337592354 34380123.63398059 19611.850779188557 
5227.575551236547 21352311.232083112 16190.938675389803 
5227.840307459006 13152997.46480716 12645.113160267374 
5227.115925346799 46165775.43381719 25259.017424765938 
5227.764871242265 14915874.170351716 13464.923810309714 
6032.058403470989 1332238.4357115775 319.820282285469 
6509.608060401602 617421.1870244476 313.5106588036631 
6832.6104385003455 526448.2303952494 239.49393929547927 
5227.46587697434 23777458.643950734 17693.740655579168 
5248.313450616461 3894137.546619083 3062.0697038808134 
5978.417671867585 805798.3157556556 411.0211511222181 
5227.056949602278 75951398.4659406 31631.182029423562 
5239.428555704716 6077283.494523468 4582.431461033824 
5226.984817990137 61100268.07424484 47305.67246078216 
5806.017025467501 899633.6725293387 502.48499151434834 
5226.96519419995 85734602.58658615 61297.30674741469 
5227.1091193539805 41021108.49868792 28070.968876942155 
5227.619617426075 18706881.32240556 19466.460530129345 
6046.354619642909 713213.0907073336 494.5889328557008 
5226.9880905760065 80912961.85513085 45515.24330698108 
5265.633141001912 5041709.299684216 2692.544116936556 
5227.4699808137675 24849212.34201598 16292.333874652073 
6470.123269692092 580635.2422289395 431.10494200266726 
5227.351954104236 27221070.021385968 18334.16013732847 
5228.719724804935 41638539.14053445 9389.875022486895 
5268.169722673999 2760688.9026192278 2122.6695766602134 
5688.573752530266 1090891.5704289025 598.7054252625799 
5279.363611162875 2169886.4818641804 1742.3970557643545 
5245.703260378471 5364262.168729322 3742.468992868338 
5227.2820516280435 25772258.166134804 19978.376342593565 
5653.576718604981 1647989.2228098444 647.4355929926262 
5227.1366582867195 41122242.50649012 23467.95909516961 
5227.245838418476 28995259.97085401 21809.517250389552 
5227.16096164412 34619030.38373344 31262.52094866509 
5288.839472892068 1822406.6389123306 1166.1490420807525 
5227.042648254388 49155563.31958376 31711.31794427643 
5226.9905571803365 79288378.18021917 45479.925599488146 
5227.207750093988 27906384.38403377 23146.405057087326 
5234.1007443468025 6710966.485755872 5707.474017498908 
5227.134836266748 42804658.65893494 25123.676514355742 
5660.274745557257 1311255.119960504 621.7102171543967 
5234.084858122973 6971090.268737951 6196.259288446625 
5227.1146168346695 43015681.29327369 27174.99966395847 
5227.249252670841 23927400.280049175 21019.32487371378 
5230.659477835197 7541336.869988578 5927.256277350633 
