7282.2138485121495 521337.6996196818 226.57273015058013 
5226.955109612906 193251339.58127192 105470.29294268956 
5226.963339646382 207247428.04823288 70986.51577887453 
7199.210582041206 491223.2294535289 243.38484203204627 
5226.961540918653 161451036.36073568 79868.92546286013 
6559.644875467752 540795.9327966304 246.1152305649586 
7144.942851451154 527272.6734827389 244.27118496441526 
5226.956131574363 108233980.72910242 88712.08641487801 
5226.9598605603205 139811415.49966076 83542.18986589962 
5305.4489213717725 1534059.982840266 945.7765407808402 
5630.6677235904735 1791967.7764872145 729.4010131506983 
5226.975797718086 101959159.87176606 60043.778406500845 
5226.982932448502 79888516.50316328 53067.661796533575 
5226.967366449868 135865214.99785557 68145.74458040697 
5226.975246834736 96299328.92739081 66235.30685754532 
5226.965651445219 122642316.57063267 72975.80467161232 
6393.546969624938 568752.56705372 302.5181409731163 
5226.973136892547 99111730.84203677 74941.88289165538 
5226.974993747128 116808694.26901534 67485.53538760627 
6507.820405228749 553470.6155625554 278.54962868644634 
5226.985557198674 65330599.28627921 48004.89476836093 
5227.0144155106 75948297.51446988 40883.88646809418 
5226.9919761634455 91769764.26582205 46790.341024289926 
6434.746295722679 558634.2712008338 315.48643287384203 
5842.0953323205995 773750.7745179308 471.9829002566986 
5924.004102779429 1507072.2233840218 430.69410361439225 
5227.012663774545 76371223.56535323 43378.20946254311 
6545.860217356194 544630.8871544364 242.61949946178663 
5227.006352754471 84103139.95456778 43771.09144751139 
5227.052603535047 59857240.77324558 33567.07862643947 
6294.414884002097 593627.6561814379 300.6527281075711 
5227.043978368807 52337510.012419604 38256.66627559272 
5227.045873048802 65403299.58478366 34643.77642014025 
5227.0920875879 40267572.272527196 28087.043927792336 
5802.881142522379 809692.7890037362 509.14054152669473 
5227.0673146931895 61473794.78335741 32316.04004486552 
5226.967315263972 121706204.08373861 67192.91316094887 
6130.204771082009 936134.7295786415 316.30216811786744 
5672.980555877881 1184118.1969084593 611.8017501735162 
5227.078993394347 57551429.661633536 29991.236597737443 
5227.096266374217 50403387.75159711 28357.37396953967 
5988.55821647695 725062.0395082657 445.5944776913803 
5227.147046902599 36412045.62143119 22635.44580062024 
6216.116547791315 759362.5946983986 311.5534158845337 
5227.079440324058 32907357.477439 30916.53353707562 
6042.960392604132 1244862.3820282714 340.1999778004897 
5226.9962615949635 100480555.63236083 44913.610008854186 
5226.992300732537 78159571.02859016 46690.74163741956 
6214.9851571966265 707060.6218090291 363.9411414531489 
5960.113322632772 935457.2243038218 408.0779566495718 
5228.265853189982 11903918.038315259 10161.920568663254 
5728.065549321052 1199186.5061340304 554.2878525233167 
5227.010684725807 80732644.72999147 40855.892328112364 
5227.216204701326 28345002.807377856 25206.28908862407 
5227.134123533385 43359935.59750461 24148.57423255549 
5743.744619546107 863821.0668144212 525.6010034177302 
6280.363695243607 641028.5469193636 410.6841035221545 
5259.158993692925 3181664.0993662165 2708.0148626026194 
5230.651455864213 8395593.304635655 6044.0506493401845 
5227.027334664872 52909045.690875985 37728.81763339504 
5267.029257829672 4096125.7525496474 1818.2156326856566 
5228.569742508872 13663480.139891913 8992.711651470116 
5227.016010879062 56669358.555814505 35784.09783891352 
5227.638753866303 21648753.938916795 13356.139618579708 
5227.885524668266 14275482.365394467 11910.60178162971 
5228.064605094552 16567390.631707657 10994.23172962719 
5241.602945925356 6099620.3374016 5642.6399716471005 
7175.630662169127 501285.88234376843 224.9721304545484 
5227.318735752675 33928982.12837529 19247.447490812203 
5227.504691535733 22021967.811013788 17987.90231143561 
5229.600249576455 10230981.28118716 7048.035543645894 
5239.232418794767 7172633.773563419 7524.405605703141 
5227.705849814816 18617377.901583392 14621.029301140972 
5242.628747265062 6740930.055347886 4391.3276718605875 
5245.668979238153 4473758.419271337 3735.2870853525083 
5227.277156096156 41564373.72492811 20168.810304176382 
5227.246800011008 25753453.590017825 21076.752284294074 
5227.335724398183 26331656.56561747 18444.37794035626 
5647.765665710044 1304786.3971838353 737.1238742801445 
5227.1678317522355 36274615.08655313 22001.95762035269 
6112.653916759782 1474628.7601971452 311.80312167990417 
5227.602610725824 17053206.38215662 15224.94645494439 
5228.891226689695 9690324.852090076 8305.892787424315 
5227.11906433691 47338735.37141931 26727.880671293668 
5227.072148820047 42031208.071075216 35593.51887674419 
6072.438860975264 733721.2531183298 376.0324863645169 
5227.396022544578 23955596.55763474 15996.169534664634 
5248.3454801558 3825670.0032611163 3049.0645925719055 
5227.794234827992 25084355.02846624 13201.655525668177 
5227.013307937527 79852002.56917538 40494.33940946169 
6082.358014752145 852377.734370382 358.54548890388895 
5227.1269711071145 45364953.64705012 24358.414482719803 
5285.145534892821 1888289.8255211567 1112.4626433309534 
5227.116042106292 53648274.40565591 26886.860548316414 
5227.077268201734 53016985.52076729 31744.553088836743 
5227.216900298608 27979954.26658258 25080.5295579113 
5227.345936908406 22625093.51024928 16683.279185658197 
5227.013063735401 64796357.60410799 40772.90090699108 
5284.402609914369 1804810.5731824446 1184.788036777771 
5227.1294810894 34030560.39347391 26252.840437449686 
