16424.61729054351 560734.5972796745 110.67614335138983 
5227.672068989215 447250696.9762244 31883.170352817702 
5227.6812895204175 76227415.38710608 20373.023819082773 
12690.47492226226 775807.7489380548 181.45286578326346 
15871.194177796991 850989.4351660676 131.3302885478399 
7481.535581597651 952814.8893004131 376.29494340166013 
9609.7971519461 1044283.9060430028 334.4156826111792 
11057.52941516583 1238969.238390085 198.37740358024786 
10710.768441559809 1228219.8918973294 203.84876472699048 
5227.710005639802 76525554.51841019 19638.680896189686 
9594.622161828462 867934.3316239739 314.9138399082801 
5227.750461328524 49266173.95079693 18003.226206231157 
5227.806100403018 50546533.8966472 16924.628699196528 
10845.898184479009 908267.160959512 201.67188790934722 
6698.495875492498 1211953.4475560747 545.7644709440337 
6270.216656728892 1558069.9810047345 673.2108385617252 
5987.348441935507 1722830.1101844495 779.701865760098 
5232.144866272468 11699342.16183728 6607.684708905616 
5544.362038169044 2382303.9029093203 1166.9820032884434 
6981.655457108818 1341854.4993092236 489.09029810178674 
5228.021521877026 43995421.56470561 14923.630564551606 
5229.96355459507 24423271.483861577 9199.178469334667 
5231.253462100747 13761336.004909525 8316.897604191632 
5228.04909435769 32738406.068275865 14389.674348620023 
5694.9579291104565 3876177.654022715 1032.1564488732445 
7205.717271062549 1590625.8874266874 430.7703022159966 
5228.411523265125 25588788.000186052 11799.084065924984 
5232.0857355630305 12712362.229974499 7467.844975124867 
5398.076490582835 1701098.7629009713 1182.869505565034 
5235.612992597856 11778054.240968699 6251.144775285932 
5228.171406942851 24041169.894537542 13221.795529221521 
5228.093261984685 28064956.79059294 13755.288227491521 
5241.243506640946 5306614.023051658 5045.5841711176245 
5237.8982164379095 9845554.045208968 6256.077239729384 
6546.255450605668 1495840.502803509 589.4343250035245 
5228.480068213509 19451241.43061053 11022.767423345724 
7024.938983737785 1007237.331154947 449.6244329437284 
7290.6926537924055 975945.7253477135 388.77599209130705 
6377.595559676111 1481949.7283512503 651.6880896475403 
5901.946997480214 2127051.8598898565 842.1242588124077 
5228.267406731655 25950328.240139898 12450.470230041392 
5227.868454336522 35680600.40595854 17034.96379367385 
5307.752243998867 5750136.783508396 1605.9489670840612 
5349.364286812403 2674617.3787735896 1929.0596637055226 
6467.93875845083 1415836.8596268506 617.9240429845745 
5227.8184563424575 47480024.28539266 17546.12886103617 
5227.837640092577 48675781.777207755 16575.6675249622 
5227.95195668127 34649872.711927146 15850.352517791316 
5228.344495018448 24182983.992300544 12181.464634188826 
5227.827954582126 34808070.18344485 17514.009378735384 
5245.120800375436 22587630.20526896 4693.226484021416 
5228.059336211677 29021707.323313836 14038.44744437606 
5259.835254353992 9691942.940223165 3189.713731806102 
5338.206189374742 5360467.981674088 1391.3839053257157 
5228.297935192935 22010637.63337116 12947.88200293735 
5228.279400352204 22289521.518839527 12714.943448911885 
5798.037271983372 1745871.7467472549 883.1505936660335 
5227.917105030381 42328754.87820533 15616.504246292538 
5227.896036013784 39754138.34676266 16111.252771991569 
5238.072027263601 10036846.341071147 5914.192239113717 
5228.775629243833 22885888.78203622 10272.001357245495 
5229.899737901098 21139446.671495978 9492.7587185347 
5227.850221321374 42126858.337372005 16351.87624982599 
5261.709766910417 3264517.8387174327 3395.1567281586504 
5231.3086341285125 12774875.613216287 7764.347437075143 
5251.521568806342 4059261.8325588303 3939.2008219000163 
5228.723213577218 19542390.61280013 10526.359297011122 
5247.041970007459 8596274.58179432 4791.603623247267 
5228.449504644995 25103960.752829913 11903.91837051805 
7306.013164327831 1196901.2089368145 416.3365143319974 
5293.759428146388 4792215.861311598 2430.9630081135097 
5276.538585767701 3070439.452422604 2647.893357034471 
5784.895481090499 2150139.358845557 973.504074434054 
5227.967389968999 37769074.17027641 15081.159664291756 
5231.073643662656 15215044.81269185 8129.0878939572285 
5229.976512324819 17519676.044281576 9751.764436776853 
5246.110392622931 9056886.57754501 3871.6786872820476 
5231.825050155532 12439295.268776935 7933.181988003037 
5237.9319489087275 10445067.75724068 5508.562210124552 
5228.867024576086 19187760.604644045 10091.187707307792 
5245.497266538307 14711208.071603866 4533.022854737717 
5267.538042376542 2802275.4040151006 2906.371350838208 
5227.989281687984 29203051.866787493 15170.333954345022 
5227.981610589177 33569791.43594865 15361.148129164792 
5252.740019114375 3691910.9731735587 3620.0965507705314 
5227.944889571894 31387559.070153385 16508.67198775291 
5229.889543970886 28395046.9269645 9291.02191976803 
5268.606084154151 8764892.62823607 2804.321674904238 
5231.63901148017 13031764.893442396 7481.502516137523 
5228.702078501362 20933445.28087558 10700.639442887914 
5228.654083192082 21040325.828193795 10806.623239852424 
5304.4951175728875 4515862.390557753 2228.879063375496 
5326.521426716152 4088583.780802183 2042.7335771831463 
5252.139319073336 10522590.480274592 3586.0181428401565 
5229.739759809866 19315252.527827624 9937.603125436546 
5230.256143390427 16480829.437779812 8279.778767370823 
5275.352683322921 7363585.281713727 2307.225167538106 
5228.517737631777 20180850.814852137 11008.37956172291 
5227.96398302228 40053949.72746743 15443.892908735179 
5248.492300182423 5066239.071256217 4333.947990147359 
