5228.785077627044 44723877.576531015 14364.938479103977 
17083.73801669952 3403667.4837621446 146.68185612891656 
5229.084657396845 26903416.364727605 11984.32495490001 
10630.103531697894 862854.4427017997 286.50331259918505 
15361.01644522185 863915.6145015766 222.32468139401215 
5232.713280577409 14469152.710729143 8793.701906234599 
5230.96167938382 20638190.4956503 10097.892536963987 
5233.208186301311 12780383.822824828 7573.644821985297 
5239.125225454802 14809666.736822236 5773.279846906589 
9081.316106397311 973328.7766155617 338.0876176326242 
5229.146156740043 23422291.233492773 11407.85832985459 
5230.475055907947 26004514.462379556 10562.432495157074 
16213.056820492406 1632136.69567339 175.83078118115992 
5233.50392043232 12850772.083610378 6737.498138853736 
15733.67554608808 800339.1984740242 193.6707607405312 
5249.974735468173 8825431.806664228 4184.196801051597 
5229.493922790089 24676697.31673467 11290.458764752577 
5230.305127432424 23965335.33919664 11166.765882302616 
5255.232207595242 14935295.84847449 4217.361427120347 
5295.120713695207 7368715.522906106 2248.38771968946 
8690.83297574073 1088947.1762710179 347.65867777117745 
5265.386002163246 6222939.5250971615 3088.627508149288 
7774.445894881129 961110.3638516584 372.8883116840443 
8129.063118710948 1001653.9872046987 370.08572849542475 
5970.484909460347 2051597.990809502 899.4982319092671 
7668.564756154871 940208.714604062 396.14486712918534 
5260.868042019802 4089146.1220066333 3739.4432190206594 
5351.116795704273 4598817.249892921 1933.6539038405738 
7423.004246866272 1120281.7881940703 404.6683299209773 
15480.40177895478 889363.2667988708 203.64211817779199 
7140.966100263435 1084222.9435646927 431.3563557367514 
5259.332203934151 4420911.185971618 3443.293283872486 
5234.109242973971 11598530.82202602 6375.559949472339 
5241.04765451501 5714201.722530112 5779.343414418388 
6213.297738242769 1919781.4716974609 824.8732483285837 
5229.337727418904 23891347.134801958 11239.87013980975 
6495.747748826968 1423274.513979728 685.2061354498343 
5306.823159007121 4423092.141022978 2634.6900293705085 
5807.834719564107 3197530.9787359694 815.4401611939107 
5328.40401312211 5039436.272394495 1774.3068689164259 
5249.029754952484 12027953.049492188 4312.9443475455255 
8908.300141253238 974254.531965924 325.0854697702464 
5267.050311441833 3408647.314541592 3131.344452531864 
7294.905385275408 1159594.927808568 412.7489157795049 
5249.9886040815645 5211690.569110616 5142.271728011327 
7041.9471804064415 1091926.599571845 463.6497887098637 
5267.252208776766 3573450.1003409554 2918.058685143983 
6582.846921536252 1464597.5191223696 643.1572210335331 
6466.157883779853 2690809.6730065066 765.9801316223519 
5261.397590260152 6038586.216644971 3293.6790368294664 
6829.627240502574 1319782.5184581315 549.4939642102842 
5268.473806478095 3278587.6492770696 2805.3993234791456 
5388.61575069893 3698186.6178378435 2426.277805946104 
5373.159026813675 5726233.334692183 1592.2798863705236 
5319.102142350808 6105950.485175839 1922.2472183948648 
5243.882003870563 5792783.840330173 5322.26134819762 
5240.031241356938 6723693.427958123 5718.0587404513735 
6416.665605522999 1717762.4661558522 930.6652596492265 
5677.283914911023 2834421.93073802 1011.9822827290942 
5420.791528521678 2833282.7052983805 1396.7217182272705 
5289.778396650235 5963996.513717202 2538.0607348724725 
5698.839150908697 2349077.5343199586 1086.541264508481 
5246.819175365552 6675810.367829035 5184.314189927156 
5248.402746088564 6042189.908156961 5096.490562489857 
6312.7355746711655 1836435.842965782 878.9893486971706 
5734.0672721819665 1986261.720542807 1214.1549194500458 
5293.301776600899 6084649.289355751 2294.7079395454552 
5599.050833159869 2294233.9464337793 1133.4781028547072 
5244.024457948444 5169012.838485103 5489.191134030951 
6811.092625932536 5161768.139058084 590.695664382574 
5252.298280617009 4206193.089999326 4412.705484931847 
5481.527520732277 2863412.333541678 1176.9104636999086 
5230.477207769365 22718839.515076842 10069.445882021713 
5408.425453099905 3294095.6400967767 1626.1936260914613 
6357.995264059809 1775821.0209044816 962.1762218717815 
5246.632255435687 5058156.668191707 5365.118690186521 
5808.673505484266 2211299.7354149404 952.7628165207032 
6885.522942886417 1215099.734898128 590.4334986376423 
5752.514583988304 1882022.1421425615 1017.7138226756256 
8429.778955478949 924361.1941933704 347.3446974633857 
5253.911973001787 3957554.8845753074 4424.980948885598 
5548.980093966914 3970162.608024435 1408.7457288971952 
6654.1511945172015 1801977.7488690307 623.1259584612031 
5585.907925649971 2317344.2524258625 1317.7003310482562 
5580.0960824338 2607851.4361790405 1194.7022367650272 
6777.417933537087 1975389.0249983785 582.9358919267215 
6304.665657990438 1898424.6630685616 890.9146985868776 
7307.930894384841 911060.6422914565 417.9221674535115 
5242.359657470373 11141099.62555801 5465.410765102276 
6238.545840310243 1790675.4895086521 956.9117609085891 
5256.1052317300555 7491494.436602974 3882.9819963138775 
5228.984292442169 29257529.300917294 12562.064349756094 
5252.982440936987 7786263.553901739 4251.144932545279 
5250.268974876381 4214770.25084589 4371.769681785905 
5285.324378488488 7665037.595511178 2508.5422495407456 
5251.477897623968 4443034.5531553915 4332.074218765081 
7733.1953176890975 1076909.5895676515 372.6634979588375 
8238.583468736355 918439.0933473189 400.1848504246532 
8338.503752040602 1053275.601267367 395.78337020357174 
5229.000936948084 43802454.26492831 13982.447833345474 
