5373.407410840301 5954481.043743937 2161.4059003851817 
8469.363573594952 1614416.5067009733 375.8121450300172 
6347.299125861804 1988726.2288830755 809.9471615112694 
5775.310445620007 3080091.8340526097 1079.4532753083136 
5429.285738219447 3254017.0031302315 2034.3005241555525 
8764.176088724194 1438838.27432342 341.0505461325843 
5577.785928230589 2476246.0642761234 1141.4836265433273 
6359.602073833376 1787692.2060961656 960.4401559297777 
5374.340517900104 6035517.352376818 1587.3707697145835 
10400.56621713687 1048617.3429956576 330.0100029275612 
6283.013136658286 2690362.2016062564 823.6396076376702 
5228.788019229858 43605215.01859327 14161.598276083023 
6773.735177840953 1232497.1166413142 598.9808556161183 
8869.576735491453 1191344.186945293 363.09885189557764 
5691.562014129134 2288185.3457395094 1091.6655375140206 
6516.911923230529 2186840.2727667755 746.9074012240186 
6695.395754298188 1648036.1270476442 645.9208661210885 
5229.162874325768 24372245.47399259 11572.294341806773 
5512.288292522437 4892679.965436432 1422.9219329463738 
5517.830116538981 3384657.220376815 1354.8813939105248 
6529.467942933251 1627453.0952515616 759.8734244838964 
6114.821146661855 1904928.778899651 953.2428809049655 
5266.859724121707 5751346.614326971 3726.8542016875276 
6944.8180156481685 1350620.3645925191 541.4118809466905 
5329.834822888326 7725189.802334359 2068.686946027042 
5808.689075808779 2279654.869846452 1151.7233700533113 
5236.994270143215 12649893.548134482 7563.020156339137 
5736.012999965062 1899713.5436526123 1195.1545071799721 
5600.660940416981 2328554.8340273784 1313.7270978726458 
5811.839296104131 2090317.3616319743 949.4974165918437 
5244.476817212863 12813072.57293898 6217.430024367271 
5899.636426455282 3529871.2414250923 859.7491023525731 
5292.168093310267 7071944.177657904 2419.773715095725 
5415.154030307491 4489550.561392142 1771.1983152485834 
5233.376620744187 17081928.6043895 8519.371086858904 
6730.219353892955 1435412.9199481574 657.0282798656908 
7490.437865843792 1108159.0827476473 435.1995652083637 
5261.576548887382 5370448.433129044 4563.083853471269 
5312.429188662211 6609075.092171207 2236.2943404917078 
5233.287805995746 14794781.581362307 8638.16137191017 
5235.784603210922 17059677.555459984 7737.697163115334 
15503.47956192739 929762.0144433513 242.07821739441692 
18591.88730203536 886271.7222492631 215.05179747378116 
5245.919467234915 9727288.90594729 6290.8817797065385 
5246.270155090172 14500708.319833837 6088.075723759182 
6230.403347781989 2426349.049305234 884.4800011435378 
7485.064462911217 1116441.9972032679 444.6275144685575 
5959.894543671891 2106197.320030939 906.4567597522062 
6751.510825730085 2163148.686891865 616.4001620034252 
5484.622149438792 3328750.701248841 1535.482523426925 
5261.435554516982 11914809.122362934 4517.187935732009 
5655.530290013261 2791164.1785982596 1287.7094662331942 
5246.324815570095 6651290.082550721 6030.275470229398 
5241.6283323312955 14308827.268300036 6439.905763249159 
15906.340643463229 837857.8645153379 236.95464721260282 
5241.156754721402 15024058.648570342 6750.003724214264 
5238.188008831735 16698642.526186967 7316.077491668263 
5245.723705204915 10704756.914650008 6742.017533667273 
8272.108896219768 899497.3076502323 382.67567711542193 
5275.110089365328 13779391.747667365 3503.3849133356825 
5252.533919338475 70206821.97104502 5966.837469919283 
5238.087824500657 13293080.405582175 7423.668398900787 
11168.829279568758 1445428.3726284467 313.915873567553 
5669.963010572592 2036373.2888717302 1219.551497212814 
5233.247434630965 18095956.82983959 8912.197514416745 
5232.400250735387 23382280.123274043 10375.218007684147 
5236.810466077287 15413545.941761816 7979.83437814015 
5437.864719513998 6462013.318400629 1538.3866865747955 
5266.465075294747 11876244.641729156 4446.650336044807 
5238.147688962559 12566223.441638647 8046.672964138943 
5465.892167775926 4331064.742527042 1712.851616960168 
5275.676326169158 25581100.739784904 3396.108463338252 
5252.60840351953 5254416.533351605 4596.040061769839 
6584.388552685034 1341218.6048090758 669.1340537825342 
7212.384456550763 1185958.787000496 474.6067235125625 
5265.451861551161 12130774.495923266 3552.6255929884933 
5293.7689237342365 6400346.338293678 2831.3003466391087 
5229.107372106118 25827221.731172573 11955.037393181019 
6524.805584480472 1635760.2849890238 683.9034933739753 
6434.120006168909 2993736.008539042 802.1122032264165 
12234.74165924506 1129184.3047858276 291.4877171415288 
5228.865295048966 200716751.5399909 23095.46329690876 
17998.54276279 1003059.1682778747 261.3450767261081 
18337.015008387032 944308.5739085965 267.8566311840008 
5229.153825138818 33160712.440014526 12376.962251601835 
15598.911437128221 997362.1735803515 292.5869376366009 
13954.479316059804 1283442.4605592235 321.5264351105566 
10048.271716432911 1143326.4295506089 432.05660327730885 
9592.85479611166 1342598.6102029593 365.712677677702 
5236.134105070681 22502756.60411936 8039.332483070994 
12130.327016418376 1641003.1024414655 342.76949184804226 
7472.000192608785 1251702.6812915115 502.38746650771884 
5234.645160402644 24137710.84865172 9226.565675789723 
5233.4453961077 32855469.59880843 10991.47547124864 
12336.540677935394 962258.122955627 597.9623796304858 
5253.346206580883 6118058.239521086 5331.613203328174 
5229.188108752962 28146350.467511036 11969.124117331994 
6603.866664549882 5201972.022562726 788.4541069015164 
5963.82784598434 2112796.5289917197 984.7294376990059 
5382.594851616333 6441329.588849215 2612.9591332829455 
