7087.620011228035 560963.1811975122 219.66422407929704 
5226.948252828437 342064983.7421524 132368.35835968444 
5226.957112578803 104703286.68150501 71681.07168643881 
5226.953913516052 117956170.78972039 82172.60076841053 
6679.711216549418 525736.4618003712 248.75669078573117 
5226.973206557995 75396690.04753926 53356.08740569958 
5305.427548839425 1575975.2079665998 955.2044591097917 
5565.241574561507 1749757.8188017989 883.8044296267184 
5226.98823544823 65412041.37080057 60835.721392456726 
5226.982681409704 72271286.0953875 47170.32718114229 
6243.779390403288 788049.4997699419 296.6585858703798 
6175.5240132789 617720.26867849 289.0392804011272 
5226.96769604661 82134285.48488994 58096.20611507092 
6582.350350543441 554983.2619821386 269.4095566883634 
5226.98184795116 69443576.83579594 49989.86439788577 
5227.164062206904 31810113.13756319 29962.753987669355 
5227.019655198361 63575334.01340413 40772.712400609074 
5929.538362584404 827659.7517305872 470.41126288608785 
6374.833101771972 829408.0310767902 301.9349622582771 
5227.040905143361 57275570.56631873 34439.35469410113 
5227.145316506357 43606507.12079554 23113.708385242197 
5228.047501571426 16074620.464848578 11514.557860897046 
5226.995472928254 49884737.573309965 42159.92317643806 
5227.104184588691 46911534.53245101 26957.46459062593 
5226.992895019378 52138396.48740728 44484.2983089529 
5228.903987644153 9891678.052857729 8354.493808334111 
5238.960540392914 5546078.30566229 4257.812496803487 
5229.875162266009 8235245.83184779 7097.031382508042 
5234.098339276674 10894468.409810623 5664.267560132151 
5631.155007101155 1374334.922431811 642.8131273673929 
5706.260052368118 944737.5131858605 549.6045204667989 
5227.249509738567 30482783.426263247 23576.91814492841 
5228.276687035955 12255020.747448387 10287.848566109204 
5863.238706139167 911210.9623761787 424.94605208853443 
5227.255322003884 24761971.509509556 21291.228852489134 
5227.348828244541 25807609.659054257 17909.4372337476 
5227.030223820558 44444735.071989626 38073.45687563855 
5227.211734389232 30648387.447346516 26416.016781876897 
5827.316275697494 987128.931570476 436.0191259691435 
5245.707202838326 5183891.9463226525 3739.100727824853 
5227.839089923693 13188900.059639977 12675.521174721996 
5227.133173536927 42567949.1673902 25193.652023278915 
5227.1248683385165 45398528.67052632 25944.046595718148 
5227.17023080828 36705896.499443844 22705.121835071623 
5227.647867268881 19403279.92109768 14561.851891296486 
5228.721235669545 15885924.453313846 9260.945122549136 
5227.283285563249 26766065.792207304 20033.564104753128 
5227.112367498157 44361942.51749235 27986.56217702505 
5248.230698297908 4397766.889186533 3092.336500453096 
5288.912953465795 1921153.2137930018 1189.8086006823391 
5268.114095998639 2958346.4543107008 2128.4358878880207 
5227.127787326899 36356408.7166563 27071.742272023184 
5227.7556121569205 14796037.703503467 13535.331930949422 
5227.08959549348 46708750.64877254 29734.971187837436 
5653.269184999945 1818615.304247864 639.2583442205008 
5264.242118609053 4782454.2532825805 2577.8361549938236 
5279.45331950671 2246820.8199979775 1756.925869656466 
5658.901790825997 1047284.7204500493 625.4859825253029 
5227.491173298649 28746144.790594995 15765.28680227545 
5227.819250662428 21963885.860644754 13013.326520356804 
5227.516241724433 23929252.6343647 14817.366704466247 
5677.018261571085 1008431.9129937965 596.3135356349383 
5701.948185612517 1588309.574018582 564.0144876150857 
5687.227164564557 999744.9581946022 578.4756911329214 
5268.54751236731 2523282.4242156455 1868.9860062768298 
5227.135377499922 36669754.70298773 25153.640344521802 
5584.262702908619 1669944.0574643586 733.6735255298087 
5750.686055948168 939531.2375284885 516.9697021166444 
5753.228369943632 1067146.5997698698 432.72888291402944 
5227.035080392227 59484059.41916258 34043.48617701919 
6477.400141761683 602446.1697983169 246.42102170481746 
5987.530356945444 1118178.4277774177 369.2579646117525 
5226.951549851245 1108874315.1864047 92898.24482185044 
5227.046715987496 79889661.56860748 31272.39768142591 
5879.205908088483 1009130.8382531224 387.02227957787665 
5227.109739361369 40088019.960951224 30689.380037181123 
5227.32879565781 35707619.59445709 19400.10409755035 
6692.054685510663 536626.6212959004 274.3210650288808 
5227.189158927599 34808755.73637049 23374.428099366713 
5227.112332176855 45980081.3155974 26246.599455204567 
5230.804400976573 7898966.909618308 7304.804499140734 
5226.960727535127 111449637.3206718 64682.231876413505 
5264.392992201179 4684132.993179867 2630.4849575899343 
5246.868276686651 4666789.951694598 3659.6303573146633 
5227.324147118734 38032291.76284884 19738.41707844863 
5227.388951486569 22079044.5686303 16640.301874061246 
5227.042404410069 41973883.78665823 35178.92683112623 
5226.9719610248285 117567118.2342445 57654.55675781447 
5234.187108639376 6922646.416055866 4987.0612192041535 
6426.087240262229 632653.992122438 243.9389347114349 
5226.973969254249 84617202.89836532 51975.21967331073 
6009.7721867347855 795813.0466644657 473.7740081200003 
6726.409882577268 521915.3687895081 247.32414090980689 
5226.993622552679 60355010.329654306 42556.67768169217 
5227.0915300860115 44651851.40820317 28589.42901711743 
5226.956418634003 1194783947.0773122 106150.85842464172 
6517.7194931779095 620688.0316375929 266.3942978005618 
5394.651021435382 330947905.2374336 2721.127971718546 
5226.969453093408 121977053.38113256 63377.523767291066 
5766.930452494907 14487757.137443783 1254.9262193724812 
