5228.784729104355 44654641.626838095 14329.112247671244 
16993.926735147128 658571.8499773683 115.04920386047962 
5229.086187185033 26331837.60519816 11969.486159018663 
5229.021210332985 43911999.34671612 14007.238060718464 
10544.930770136478 895235.9102383417 293.1113883477004 
15361.01644522185 863915.6145015766 222.32468139401215 
5232.712933140613 14459589.36963105 8792.096763452726 
5230.96210660466 20460018.41609914 10105.12271381254 
5233.209165601586 12737825.762684561 7566.433428563709 
5239.148257592836 15725341.76273556 5928.01340769016 
9066.124340562319 976555.3070883962 339.42891417929417 
5229.146350478088 23264106.504723035 11411.392511189495 
5230.475940763945 26062592.589382395 10573.17352642231 
16223.908658814957 1667591.1509728252 176.04215640428117 
5233.504913699795 12819872.599444425 6732.206184544203 
5231.882420003119 23796021.983280335 10104.362287437762 
15733.67554608808 800339.1984740242 193.6707607405312 
5253.165278747946 14692425.716297254 4417.790603024967 
5249.976881394163 8813692.505414546 4190.105621623333 
5229.493627064438 24668691.73238596 11288.975416210082 
5230.305127432424 23965335.33919664 11166.765882302616 
5239.841809275574 12235856.67553452 6816.403474349896 
5255.207390089024 11059356.323602257 4169.559793095514 
5295.046455653397 6765426.982237204 2231.182667403793 
8750.333620684247 955536.8763057363 340.1158169393547 
5265.883428574474 7597078.388548343 3045.118698095235 
7858.2297293976235 945482.8401691873 367.9473869391031 
8238.832446559332 925593.5394727738 395.8839393109113 
8236.313844978631 891669.5460110884 360.15330125534695 
5974.7871567546235 2048171.9349728096 895.8320766837718 
5242.613170002272 11470555.682678921 5531.765701380202 
7751.879723710917 945676.9960643692 393.96896186183875 
5252.091344871148 4425126.360926754 4791.619998505655 
5313.9575316879545 14146054.0019273 3836.919193871747 
5260.868042019802 4089146.1220066333 3739.4432190206594 
5351.116795704273 4598817.249892921 1933.6539038405738 
7508.348994233935 1082328.5817272956 396.09534663858454 
15390.301325106597 886031.3847936661 205.82365127193594 
7138.06218686545 1084216.7304979607 433.2781937932265 
5259.281868017511 4491225.661585914 3444.7813264257984 
5234.096123253365 11592739.815531665 6372.546699108497 
5242.389779586161 5709087.687595483 5736.904422481269 
6218.277382799224 1939989.1470370092 818.3410582812143 
5229.337181757344 24120682.237830613 11299.108082609724 
6497.070398048861 1322580.5435109758 681.3914850794638 
5250.3222545128865 4413232.840323178 4448.990675482684 
5306.823159007121 4423092.141022978 2634.6900293705085 
5811.720829503408 2972553.277995637 800.2640093996008 
5328.888528194613 5055635.545997545 1711.8325270879918 
5248.992402338683 12024578.08564882 4315.914063403541 
8862.363645010113 977038.1697752976 328.5746668114403 
5267.205478254433 3415780.196424152 3133.330338494494 
7359.545841697996 1127312.4626200877 407.3467751473841 
5249.998976621158 5208180.942130967 5142.615058511801 
7039.085611846234 1093459.024156061 467.2355706495397 
5267.262908170804 3576133.9126558644 2918.692061792165 
6581.629026635339 1480893.14874832 644.4410849417058 
6466.799948302529 3273536.554244089 776.4648295325508 
5261.483976653105 6065726.805237738 3307.561294671156 
6830.490242415028 1319805.4258417708 550.3455655344084 
5268.629649404733 3287665.790528915 2808.2637411583987 
5388.61575069893 3698186.6178378435 2426.277805946104 
5373.145213190867 5726954.22211756 1592.0266705945467 
5317.18803775617 6759694.444177721 2346.9452305140176 
5319.621152552214 6064413.911974497 1803.2243636247513 
5243.868998121747 5785630.627236516 5321.9468682822435 
5240.033009623833 6749036.81282356 5713.436463170809 
6416.665605522999 1717762.4661558522 930.6652596492265 
5677.495230375353 2806797.3661035686 1011.963953727964 
5420.791528521678 2833282.7052983805 1396.7217182272705 
5290.231206063589 6071375.328290924 2481.3952254615488 
5703.534120096829 2344993.3196804007 1080.5542111061202 
6506.9673355075665 1740716.3010193424 781.0477775658866 
5246.816462627478 6692881.212974107 5181.359849923211 
5248.484957341071 6374174.512882648 5087.978214503753 
6312.7355746711655 1836435.842965782 878.9893486971706 
5733.934809881687 1983090.207174881 1215.916533512137 
5293.301776600899 6084649.289355751 2294.7079395454552 
5599.050833159869 2294233.9464337793 1133.4781028547072 
5244.010732464949 5155190.595031625 5487.29883951958 
6807.984437059675 4561472.734371556 580.7507863947535 
5252.298280617009 4206193.089999326 4412.705484931847 
5481.527520732277 2863412.333541678 1176.9104636999086 
5230.476261493662 22732770.6382785 10074.144247738779 
5408.425453099905 3294095.6400967767 1626.1936260914613 
6357.995264059809 1775821.0209044816 962.1762218717815 
5246.637239956226 5057095.769962883 5365.0320658330975 
5808.673505484266 2211299.7354149404 952.7628165207032 
6885.522942886417 1215099.734898128 590.4334986376423 
5753.2106612471525 1881035.2653885118 1019.8470314481733 
8347.080463322125 915470.660115783 347.72931741098114 
5253.911973001787 3957554.8845753074 4424.980948885598 
5548.567144101264 2458306.7470833235 1338.192652940328 
6654.001376921553 1801692.6913157066 622.786352830889 
5585.907925649971 2317344.2524258625 1317.7003310482562 
5580.0960824338 2607851.4361790405 1194.7022367650272 
6774.096656947141 2042141.2936406713 588.7347214360335 
6304.659858049502 1898453.5667636676 890.9436130718582 
7379.260052666892 915989.123514944 414.18995167236676 
5242.359657470373 11141099.62555801 5465.410765102276 
