5226.989413122446 1460672057.167166 487108.2990911812 
8358.772532317194 475348.6450123554 200.84992175810046 
8742.508464909484 472552.0412140088 174.02478708528295 
5226.996734546316 127980664.96730569 71276.10199624453 
7683.641040129277 489447.60438022896 206.8796539821203 
8254.140566920012 477604.7685528952 192.28271888742063 
6858.581436459449 565734.3776559005 227.98811641279053 
7245.3103687122875 564208.1232303516 229.82667838813921 
8632.795095588854 511095.6917278752 177.93605953189385 
5611.895418374656 3562743.996178778 1105.8325258810844 
5304.960394770137 1653302.4931868205 1086.4910567004592 
6067.416583703754 690805.6898811442 393.4931249653523 
7490.3242038705175 518778.18995720183 191.44660611582393 
5226.997421943921 124759569.10489535 71094.15648490754 
6696.574585933389 540921.9329385735 237.58365633859796 
5227.005206307413 103748812.660955 52126.526999745045 
7324.461152152115 566066.9665504692 216.94361828536915 
5925.395417050605 767521.5356824487 453.8860491840927 
6178.167484833504 950508.3926751076 378.08467287297776 
5227.0181465178175 98326045.94440204 46295.226635171246 
7409.428688911097 508094.4641353116 209.06099080430445 
5726.922850940455 1372089.8305161523 719.0373278962821 
6185.639286318495 789358.6642500304 391.87935325403873 
5800.722225370534 1860577.9057935136 679.5838064289616 
6529.077198961388 613066.2916902818 281.96038241343115 
6603.094136567712 675383.6824331961 256.95128417241733 
6254.167498947217 720599.393141942 377.02012142214136 
7489.858961639886 544609.6789275951 199.67439147502154 
6412.781105745692 630738.2015084381 288.1907091746417 
5826.275553443506 1659065.237878428 676.5912079671466 
6330.25006011454 634113.2421716009 312.4055577520558 
5227.030027944509 73762026.04351969 41403.29112639156 
6500.44458125869 597108.1095616668 284.6299866196703 
7185.182606940432 550923.4840430283 243.82315749207228 
6336.068355718899 777437.4619258947 367.34189545247955 
6287.859457559084 754385.6596597346 377.4570062499009 
6637.186135039854 592891.0822385964 259.99010680833464 
5655.6492842046655 2355958.263529281 1016.7536339210365 
5227.015189540118 71761896.86597712 48090.69019667086 
6650.06322025791 574109.5698615406 247.54117043377235 
5869.130198401379 1349589.9258419024 588.208581426805 
7410.236373583698 502582.6490826805 212.12168554565739 
5696.947995746703 1425433.889637148 722.7517794607782 
6475.551023016327 611337.9939394193 269.73717955016764 
5916.204878100463 824467.3494925502 522.4953093944669 
5227.008737970701 81548943.46134928 47843.92089791465 
5227.027953782237 91815086.90796505 40660.329929034844 
5877.618699116792 1317050.5988173252 571.2987398263992 
6444.34738481158 592317.8202316137 322.3113502237554 
6644.330462923487 629921.2151228418 258.05876701843266 
5680.73429801256 1342618.38593372 778.9595963928834 
5227.047337433687 51666442.42392754 36920.00564428591 
5227.00624572432 89547012.44894674 47170.65928913198 
6454.412803392001 624547.4068091883 281.0325144889592 
5227.08140683712 54571933.38201899 31248.842079463844 
5227.054082138856 61421423.85775186 36657.65956523128 
5227.265458830236 31773400.53244581 20961.775743804017 
5227.063490606235 59809235.592030935 32199.553879075498 
5227.615756402678 22177925.027887125 14655.395378506812 
5228.278011523646 15051400.868314484 10444.857303298975 
5227.379398053202 27520301.567787036 16529.38647588707 
5662.961953172481 1355626.3833724775 748.8860453375978 
5227.05344208585 61957209.82262676 33723.12838585298 
5229.602269972564 9297116.192802368 6631.681079742442 
5227.1322174875495 38077263.29429152 26107.868246205344 
5228.217932587684 20262749.40250592 11617.461516964522 
5227.523928286743 23116102.618267357 15645.342046344433 
5227.103480723618 41157083.93102534 30572.179895360256 
6350.836987872528 612401.1013651434 316.5983697903112 
5235.110868167946 6694493.97171912 4992.617619472962 
5275.839670320194 2882484.6247360627 2090.355553199237 
5231.316509101241 6339048.353034355 5325.468502615966 
5227.089910866371 47826029.84316574 29554.869455371605 
5255.76052713543 4883563.089582698 2900.351838301711 
5227.186544627676 34655862.90703383 22881.701666213656 
5227.292191617326 26580306.815972794 19345.181248786525 
5227.201526976954 29927866.617197067 22448.17357093338 
5227.327269963982 35634341.42272958 18312.48461442826 
5227.816924702413 15482290.077472111 12536.437300703274 
5228.55010669154 11785201.038213054 8742.033040080072 
5227.115754338832 46666926.11436996 27496.67807867102 
5227.667022877088 18538036.04532307 13981.458832617376 
5227.189915032817 33474762.099435262 24818.609324038283 
5247.391212957172 3919776.6894292636 3227.31027556341 
5227.097864793525 45116388.86200361 28872.954171549696 
5227.06573846145 53894873.81974249 33574.733161355274 
5264.9800200587115 3508087.620973677 2248.544141919896 
5292.675200245076 1759753.3199593758 1087.1051493076711 
5227.180122770296 33809603.45349347 24973.2883917278 
5281.2734779469665 2118817.914737294 1759.5164641541496 
5285.520157057921 1804258.9626577822 1224.0420403832497 
5227.032839542435 66864197.5994971 41001.87568609904 
5228.398344012153 11469048.65670287 9296.719128666187 
5227.083773781275 51168638.21817538 32185.918527083162 
5229.223770253372 10251104.403005887 7352.614779441787 
5246.703048279728 5054654.174916941 3896.939669555195 
6345.479057878868 704499.1759443306 294.30898352273914 
5227.108813585999 38947621.749086 28035.389782723694 
5227.764922853265 18571235.66144917 13059.953118452668 
5261.031745035392 3760987.289160501 2256.627527567405 
