8010.466008414252 56430146.96160083 4263.936122772677 
8893.05264240066 23983.268029527113 2.1382197142029726 
8020.9896283910275 121994994.79818283 1244.9273163128723 
8737.890257645166 60095.8209730485 16.889364529128393 
8248.694673176302 60766.6201981527 44.1135102177816 
8014.67855373779 150638015.49971843 2411.953688102596 
8502.72732799643 88819.23724417278 20.468551291999706 
8507.032972486022 68369.4373912487 20.531028008998362 
8840.577785813945 95120.62228645725 14.49478496995308 
8021.323424496208 9373018.918826137 1052.8725464010308 
8099.747882962283 106365.77580580591 118.87258900402315 
8046.367595417385 16969145.169837337 479.2368196558331 
8172.135235289658 958081.6167966853 68.27868263966413 
8178.278913299638 52967.51382493553 50.535205202421466 
8014.691867387363 6038526.650620309 2205.2883486507008 
8010.488378261356 6581958.456986845 4002.5924503129972 
8014.758151157866 2571738.165121257 1896.7478438736946 
8873.993908553106 57755.036300402906 43.7291743679622 
8010.53000311076 5817498.079083433 3672.6190583215234 
8010.590303416432 7403825.7243907815 3364.8990387887275 
8010.567324750624 4547114.275644627 3421.370372541893 
8022.042676634284 826682.947473799 928.798056252625 
8015.311294765038 6580010.94582608 1663.702242733707 
8010.52124425478 6426321.673290722 3799.1562535276357 
8086.697720761775 108882.0658281312 125.92279540655264 
8027.287731898589 512331.45612586674 829.0173060504828 
8010.730830806982 3666153.2990024905 2820.9242029837405 
8033.6701127596625 1836230.3106555804 622.1733725141258 
8010.619723003764 4219102.957074306 3183.418193238791 
8021.57899475769 6235323.25621598 1003.2896509197499 
8018.542925719201 1507933.8770743632 1533.1284063581866 
8048.55513423478 24967114.69526788 660.656483681039 
8010.497969980799 9297984.06191357 3888.0978513308746 
8010.566762587019 5249815.555750499 3528.3763845985145 
8010.493998980213 7360846.922467062 3926.0882574128877 
8010.9590383310015 2930581.0850552446 2298.5463453724196 
8020.9451428485645 974854.3679443921 1300.1171358712604 
8014.877943631997 2314543.941860064 1728.5540336012775 
8010.706933215014 4091476.271994044 2937.370390336973 
8010.944628321929 3036053.2790997815 2387.957284894411 
8010.548925568102 5329048.98889636 3566.307625699097 
8045.456701645094 424191.22659377987 661.9226998815454 
8047.200787260743 3839062.212598589 390.9829031456656 
8010.90720004766 3092075.5293860375 2442.5461246341365 
8057.841875696067 1330070.0043520876 335.86491857756545 
8010.903526945645 3015843.512882737 2527.8476469340276 
8029.899709365544 558448.0631884295 722.9589437360053 
8014.866625805117 2772649.0663566645 1817.679201420912 
8075.1338303062275 595423.0901168508 172.26422004213308 
8010.679186011081 4030595.419789567 2998.3841383509816 
8010.810169901773 3456647.2939394675 2674.0752104063818 
8020.903506998462 1072339.2903398082 1376.2201295966217 
8010.839339767656 4844077.167499605 2640.3021779255187 
8017.533692665494 2043439.2241892102 1526.790327194726 
8010.515135533937 7000987.93202876 3853.490165718128 
8010.797389404319 9965690.748059312 2744.605778618238 
8010.842578399439 5556543.5873807445 2579.9654894560417 
8010.830813717625 7518846.100127715 2653.6507271135542 
8068.226561657088 104476.38636534168 282.5741996762118 
8027.292699992174 453753.22741936176 781.2238758743106 
8010.519648272781 9471126.113437388 3830.7189188528864 
8078.172658005069 290577.8416665665 195.10482509688927 
8020.270922817571 2271860.595324514 1384.4393354711738 
8010.659082019304 5087103.4266359275 3168.5953965867457 
8023.0363284052 715897.229990453 792.3357504456945 
8018.731267018217 1468303.1301565948 1702.7775105703672 
8016.696154707528 1631341.7466797964 1879.6767488255969 
8018.84785739642 1210212.3705288016 1424.4810577644216 
8056.8902642332405 1877486.1670164992 375.1368926718466 
8018.753501120546 1233618.898021234 1467.8238389181115 
8054.89931977808 1069014.2846210746 381.61646764852 
8010.658362486762 67587256.10551602 3346.073126616844 
8010.8084481386895 3532957.5145473853 2791.1462628066274 
8010.692187295597 4005696.879066947 3051.7851024498996 
8014.876213901017 2682544.979563105 1843.3363289760819 
8010.713027431887 3938934.4357358795 2956.772123919697 
8066.532995571582 384808.50780104677 240.99422057475374 
8011.0441746951665 2857121.4220900415 2266.003791577667 
8070.4448812777355 233280.88189538135 176.75923357962293 
8010.795838197473 4303261.721812616 2767.552905995677 
8010.939361899425 3429597.2233506665 2421.5696689157594 
8017.872476954457 4220086.831938132 1442.913913874785 
8010.659201518698 10209903.675219493 3114.8228685060553 
8022.72555950204 1239027.5276051369 703.1473542091682 
8010.84924243992 3418957.1842655838 2543.8442880032812 
8059.8446650817295 967417.7489858747 206.97232368016597 
8067.921346286079 185541.0077140011 237.32041741510534 
8011.256258136854 2800804.286945932 2247.2749067067352 
8010.843639003911 3272303.7378127594 2569.607440136483 
8048.520787118042 1404584.847655173 589.4993566408136 
8061.923358291415 495354.95505292434 193.52922662624496 
8010.554381484925 5307852.432117683 3554.621905903691 
8060.17663994144 274986.4633073303 261.8711216888618 
8178.17754423867 52980.354548959556 50.526634510543545 
8029.062849970712 716732.1116421382 674.990634561775 
8016.705289066427 1580635.0858903558 1827.652611711671 
8010.661086629651 9929599.388083661 3085.4034737555503 
8020.792806672206 1189959.858978571 1466.5133856560608 
8058.984692073318 1024067.7339349024 268.00451268615706 
8010.6734392765875 4118119.965229689 3056.46195323557 
