9042.44446180969 5510.5015309752725 0 
8009.975524700922 7322596394.134046 4501885.170861165 
8009.975666428341 20182608.510852735 41103.96748943709 
8009.975730509599 157742866.39184186 31733.701044002104 
8924.001179880335 5711.963381041219 0 
9004.31127464648 5579.933157175681 0 
8191.47906546328 19623.58086334675 11.593012784802704 
8972.16298721653 5663.73501732954 0 
8750.53450523523 6310.314815145888 0 
8151.712585995708 22282.858532684866 11.714804590155152 
8716.71692571581 6367.992031036401 0 
8805.649730336027 6027.931488924584 0 
8865.862575524365 5818.930539820292 0 
8471.361909377532 8213.671083815534 0 
8896.860493130776 5774.878339137127 0 
8037.539724338674 45269.74180008253 264.33605280033146 
8348.626536298469 10442.09408137184 0 
8128.256887208459 36268.3212675865 30.525163146441493 
8975.91381520349 5638.417923248009 0 
8247.08115806188 13349.314438454323 0 
8099.997419605839 48758.85266901029 76.9346552674356 
8331.337307729395 11270.059632424742 0 
8763.603578459784 6292.832571141556 0 
8777.067162351645 6198.468294907947 0 
8209.764778697841 16595.96458962716 2.089931625006977 
8789.855426976457 6186.105850573614 0 
8900.620194048015 5758.459529993142 0 
8232.662354357199 14334.176114241875 0 
8663.946882638626 44016968.98887293 220.47099183731913 
8392.143925161037 9341.154837097896 0 
8277.53453614555 12705.866623678668 0 
8319.183383888527 11494.2368937232 0 
8061.8211405336815 216655.248972945 150.22543355649137 
8637.252357653211 6754.007349777616 0 
8825.686624856393 5925.937728839275 0 
8693.131208845083 6543.021235405059 0 
8363.974839964472 9892.282107460796 0 
8651.91745380151 6687.079575930294 0 
8080.627578969499 47751.1578606074 67.74980561189405 
8295.252441012477 11923.959419455088 0 
8263.853287375136 12996.858691036854 0 
8220.2796523535 15767.387768444123 0 
8598.514270751319 7146.720365468591 0 
8489.051816125906 8116.353136476053 0 
8451.353044828174 8346.337242914527 0 
8847.433895122787 5871.365928005014 0 
8098.6441576146135 42114.75703929398 361.3282246269522 
8533.118057795731 7624.16043634933 0 
8372.853477634506 9663.73125605426 0 
8520.226212651527 7651.235776742482 0 
8618.425410416388 6927.6170920484055 0 
8306.524745923583 11543.165146095276 0 
8585.82172956016 7147.521124776885 0 
8707.200091249233 6516.668266498894 0 
8836.133913256144 5895.704467222926 0 
8549.198664689575 7409.8517332028605 0 
8677.924102743875 6689.087638035124 0 
8559.665458615355 7335.773129340238 0 
8442.363868693963 8508.977465892012 0 
8137.3768352638435 24962.92870903567 16.38844366661119 
8573.176295245568 7253.4533152064605 0 
8510.960879803373 7831.921349548002 0 
8643.129677868255 6738.067677901908 0 
8424.631117219144 8931.230239426248 0 
8683.232634230837 6598.151522768741 0 
8148.00374083818 23214.796102930603 12.956284401238191 
8856.782508593253 5864.295121372263 0 
8498.85970090264 7849.708095302221 0 
8270.038569564857 12829.987288219114 0 
8565.547570649913 7280.271199414571 0 
8398.857868234736 9224.98244110802 0 
8062.531109321192 216948.58650537735 151.36572661856962 
8074.229077941148 57634.01632658993 81.7412375667611 
8580.627118730985 7187.456795351429 0 
8028.030052702469 122450.09369841569 404.7896944558448 
8009.979501814969 43718010.01105189 17827.776495421203 
8300.4935418173 11844.679201205507 0 
8009.994479704979 81112409.94710827 9642.752929442662 
8414.21867416998 9022.808636714368 0 
8830.350374739566 5925.24072587309 0 
8493.577813664167 8006.907075448206 0 
8608.503154716595 7000.868855808963 0 
8020.439608188514 478963.69157433516 771.4121723071173 
8405.607761396928 9216.193070291472 0 
8617.894582576646 6933.502328111568 0 
8434.219776643171 8676.48914670505 0 
8710.721370454998 6437.037559265975 0 
8540.00153500096 7541.20638159241 0 
8015.50305490778 30640350.023169994 1529.870577996236 
8608.73033879539 6989.10540917624 0 
8010.321114366903 5155079.934284467 3961.1262160664764 
8513.604251023226 7731.9781754442465 0 
8542.635159880208 7442.997807775234 0 
8132.387557179172 37088.32814153474 30.439781993177412 
8861.411720643137 5842.482337819027 0 
8009.975578699166 122902337.6693711 36891.58297475842 
8450.531469189089 8453.223778006428 0 
8372.427669433848 9668.062314123948 0 
8025.656396635229 170863.54568174592 1748.428331382224 
8408.914680372698 9041.89061463645 0 
