8929.380291145191 7442.571898479783 0 
8009.975752131293 17439325.820387244 49569.08700616732 
8009.987545488345 1262091287.2220378 24334.239951333027 
8009.9755140805955 186406486.3452899 47389.47052920288 
8638.304645109038 7764.173170185835 0 
8924.833512958852 7736.650138476767 0 
8503.755043061714 8669.775662915876 0 
8573.69423612452 8372.92031298648 0 
8009.985014613602 47792730.873837814 26606.855265893155 
8442.608741351301 9194.264142715569 0 
8009.975911797604 39141585.7151995 42348.32532149895 
8009.9761607995615 36245057.84009845 41495.49220029699 
8009.983345545548 113911759.031291 29215.948444191057 
8009.975783147016 35078119.10550019 44720.26919806161 
8009.980184069396 29282624.23248832 39194.369767103824 
8299.691980369393 12811.039222630632 0 
8009.992354714143 49986868.98070076 16522.70308027223 
8599.041337776041 8359.00467183942 0 
8009.984668247073 58202318.06621133 28931.858875098544 
8009.994675407139 27594251.359930277 13822.782476394525 
8270.41675858984 20111.088619795613 8.389831596681015 
8009.991366419503 81531958.1772187 21217.261358732972 
8009.987553444173 43933184.34040994 24704.035158777064 
8206.376657916846 23230.64303676328 10.803944059674484 
8010.292663813343 4382807.039329886 2283.7190475695347 
8009.975542459557 157845800.8649019 45238.47008636128 
8396.283185651846 9854.960977322353 0 
8252.527847750735 20850.751381403137 10.630772146294028 
8009.975530405158 26427467.86109026 46093.51911078988 
8009.981332206424 40462561.283130676 31406.69000437449 
8009.990606754548 144504357.81983578 18533.043993040752 
8371.453040347717 10156.015714623205 0 
8627.038466319555 8079.050091257419 0 
8156.197942728631 36273.9058688238 29.17098491595197 
8009.999739223984 33053333.90157419 12409.711320657341 
8009.985687991979 37141128.33361667 32628.227316985216 
8357.922813549048 10759.158420055594 0 
8009.982686840571 30534955.75168593 35906.84134347126 
8010.014121795386 120837669.7991385 9953.62655321678 
8334.85420114123 11165.692942114334 0 
8010.003664695069 59581474.48253309 10946.983990325964 
8322.604610475919 12534.807709419147 0 
8009.992116842962 144080052.94398722 17411.760304205338 
8009.981075788402 32257887.193334565 34692.13324780106 
8009.9876249259105 78274076.05867681 23141.87460115175 
8009.978469103082 94364164.51236337 37003.20737859994 
8127.430641010881 36815.662480048195 59.64420070598136 
8016.874980427625 6306350.793380046 1370.103965915211 
8009.979486172202 46574755.03172924 33297.481294047415 
8010.014724873061 15405647.580422558 9378.385130141189 
8066.08809435674 138445.57127022484 208.37991664956587 
8140.674518988509 41619.27800866285 33.2519904529797 
8424.59872030559 9491.725002884934 0 
8009.993144070388 26499090.386530288 20325.071483723754 
8182.362175342403 25417.937775624778 18.207774351459456 
8010.001314892714 34196492.95700254 11790.565953656205 
8009.978408018777 43138802.78119393 38251.22043782768 
8412.94028372251 9812.520997238067 0 
8079.16058212102 81901.68044212562 92.47101786661312 
8051.6299465492175 215316.6946226471 5033.528804774058 
8229.492534520303 20005.195092753187 13.786793575705541 
8010.061538473401 75328347.79693809 5546.3351239435315 
8009.993909315215 28893606.305635106 13751.224584537835 
8009.978496457174 50911737.06234494 34183.07158200546 
8178.089618835424 31770.423777654192 24.03538611683914 
8010.079595299719 15409796.51226798 6598.054818248999 
8010.176167301672 4555267.792825427 4007.0781931447586 
8010.018623048004 14923833.530449543 8310.116593066907 
8091.462712596886 47182.10678125871 77.1390347819167 
8009.993463687031 24502675.06473569 19711.64684185763 
8009.978688200175 38802205.70543401 36508.321676489395 
8009.9827547690165 46056543.70492566 30362.950150551977 
8009.995450792806 22951188.956652675 19105.67985994456 
8009.99964353553 18968988.05776444 17583.301052982773 
8009.992374874898 28167141.513850085 23778.606600649622 
8042.494619439797 407957.9235919778 728.7204039201906 
8108.478876794756 40608.795258120816 65.75636197066436 
8225.644439666097 22454.89902827549 17.152956089980417 
8010.169774547917 51479111.99993856 4604.929299436168 
8010.085302113566 6200902.624422293 5740.939813968337 
8009.975517442161 55494080.66593546 45321.756938617735 
8010.246404079304 3305802.442942483 3267.30734928159 
8010.0742501032 10217646.797460191 7114.082418008417 
8032.716280095337 1426614.0010834064 411.92548961756785 
8009.989564514491 33105252.04840415 22231.845127831784 
8009.975869805993 43386411.55113356 38626.58054452449 
8010.003711990637 20784113.87063805 10574.77128592801 
8010.020526389104 14452497.171457067 8029.167264302805 
8010.023705995403 50477257.24676404 7445.844530801813 
8053.679728640732 200932.9054004737 359.2925973581713 
8104.2130855590585 44062.82488679416 72.18788275138346 
8010.007304266788 17476530.690787364 16673.1066764619 
8027.86243072174 2184107.387656319 866.4499791875413 
8009.981278433463 46348306.50651472 30608.030900547645 
8021.718621730875 418401.33983605885 969.1107965139469 
8009.990923503219 36754198.002732724 21608.614562133538 
8010.196657537983 166006238.14434353 3526.1515601997326 
8010.057112175099 12600263.288483936 10097.758156365584 
8009.989701299868 49824145.618092656 22157.728925072064 
8017.388783686183 485215.07134104765 1079.985834929718 
