9029.417641389837 12407.358217589273 0 
8010.014015109724 111345213.41807309 30990.239874450566 
8010.03172436916 441822781.62878233 21293.733156536986 
8010.044822586729 67019296.6267225 18540.94226655427 
8794.410974625845 14058.338494343208 0 
8513.532128477123 14467.316750228745 0 
8010.027396189803 68061480.77001937 23288.043722219194 
8950.679929428763 13338.655775478828 0 
8206.439053917884 31328.033243628965 32.36527742516046 
8388.84224430628 36817.85101597426 4.150542895185037 
8396.231256921083 19124.525275360662 2.076048342897132 
8010.128428020467 18035738.307717424 9328.406124084306 
8010.109755849303 20709287.01752476 10253.149449415287 
8010.033214095196 57108878.50181022 19918.934217207563 
8010.04104356826 57825421.35638882 19167.921354092417 
8010.040998352983 55105769.393761516 22163.12055969719 
8010.073982263943 112941671.93898438 12944.25060312552 
8014.328689889235 1173393.4717289344 1450.5431843112472 
8010.031787413558 68741624.56047657 23023.020801120132 
8010.049339642865 52365686.131729715 18058.99757632157 
8098.953631409915 58120.37203930254 93.84310465914861 
8027.060722694043 3147105.635535617 842.69617946579 
8010.052275309396 40165059.106788576 17159.45335320832 
8131.173692242519 161784.62399978074 83.25748106847762 
8010.0496529310985 84714450.56934091 16243.799841678378 
8010.053993329884 40413344.507469 16880.373936754164 
8010.152956739591 19207396.9229112 8283.854748773994 
8010.055202478896 35266112.26512111 15564.213946664464 
8010.1636060532455 14584238.986161042 7728.947369211992 
8010.05211731461 43135694.07821637 18316.665805603057 
8010.048441924555 46670029.96612773 19245.976355997933 
8010.066962666595 29001080.605295893 13609.142416758543 
8010.135861639422 18932051.860604476 8975.259484881699 
8010.05734822857 33061947.064906616 15275.869747375651 
8010.13630764292 17701232.247650526 10007.022980417103 
8010.240891558207 36036114.65204815 6229.8098703245705 
8010.142481457838 47149399.23348072 8690.818849723526 
8010.050365780868 48149287.758031465 19183.97914784018 
8086.912031087926 1514389.2035544186 124.61339692602152 
8010.2905333085155 9488913.999101402 5482.810044567663 
8173.41021560835 39170.06358208393 42.68687889964636 
8011.221480394381 3255462.3249962223 1899.2938484008932 
8161.541059491766 51180.95174179984 64.91603360634203 
8151.2410449448635 241940.22111243778 66.27619091300701 
8191.066981107317 43767.80802105032 40.83924257385609 
8046.376626862009 3098195.4633976747 335.36453126181766 
8010.080755420302 26362257.913002092 12078.243369653585 
8010.360523995863 7353022.456163406 4668.060542258909 
8010.093702692866 50818368.39894399 11423.150518834696 
8010.041572180795 54247974.66800938 18699.061264826894 
8010.863205444107 4708166.889242992 2474.5814313391184 
8010.07995176288 27120247.915441584 12457.682688801942 
8010.398242228543 7412217.585855035 4288.853942585835 
8139.589072667847 292926.5930104732 78.48350414379388 
8034.832782911753 2792277.2592054824 738.4983856169705 
8010.1163358864815 20432431.84603561 9807.182204772067 
8010.58721404137 4558030.738038985 3332.3761462880793 
8010.205975574496 13769975.585909221 6793.513784655463 
8010.0598065276245 54455929.39760265 14948.487625377733 
8010.0656062264325 30195585.20617224 14009.560746794936 
8071.233391079473 137811.47796712766 188.61535035230625 
8010.190086307397 13543599.960926173 7147.656951277791 
8010.0614739876355 31564978.09516878 14365.348790904656 
8010.197236793395 14911074.982325867 7573.228344301952 
8077.56385478132 483923.930055164 136.08530521240192 
8010.752881582414 40595844.26182275 2839.906263511015 
8010.26726034306 10704118.382958103 5824.559829150747 
8057.368614849824 415235.0405096336 299.8570406939673 
8184.344327710196 63115.40561706505 41.84863612581067 
8010.054063642322 40311417.476390384 15980.175139188003 
8011.008308581426 86887284.98703171 2410.1160056331387 
8061.674872606842 162199.56095282492 249.2943794586385 
8010.309791106872 9979359.054710547 5169.58221017781 
8013.965401207738 1878267.6818188007 2038.0315391667968 
8010.247335260735 11301725.739345912 6008.570338814524 
8035.686793510388 3606799.29590375 510.9782228877706 
8039.142196873441 224931.58463340483 401.8474860885834 
8010.221185570983 12408009.357296934 7289.564921637453 
8010.558614083922 5815408.58557184 3612.884356336928 
8010.086408526789 24801703.650920715 11850.988128880965 
8010.097247423083 23596429.106215905 11032.586494738356 
8010.070473405591 30302795.102067895 13302.244093200265 
8010.358037621021 25544009.08066055 4871.245695283509 
8010.443105372397 6039764.317107281 4115.90546357087 
8010.106657412025 20015873.298096158 10644.302940387557 
8010.224388012572 12199335.478474908 6437.162505268214 
8010.074091126568 26597508.080605827 12668.979441258645 
8010.142809815906 18489929.929307994 9616.830533423015 
8010.078343867577 55658322.484794304 12644.631181189934 
8010.09453313109 24651383.980951276 11603.143398833148 
8010.103195750538 24060075.97708533 10834.841693062175 
8010.100154577502 23410135.270754892 10995.958400950318 
8010.050585915165 43582047.881639704 18561.475358577045 
8010.320516945103 8624429.953764584 5033.601196564181 
8010.060340266922 134726367064.14049 24300.858191899395 
8010.0694135193535 29286062.7149385 13338.905517368397 
8010.486480885431 5362576.453193858 3932.596126085601 
8010.500594330326 5106716.694791356 3778.539785025874 
8010.0634224368 30378165.9354787 14160.384816620754 
8010.061074698242 32791772.763600957 14588.428647460838 
