8621.451384505279 9002.939580511633 0 
8009.976129723767 107234918295.8834 155776.04649823502 
8009.978331629709 126253394.68183337 48560.489422261024 
8009.976314344088 17387266.631803058 70110.01425181038 
8377.367464535258 75186.88479258612 7.343050844467908 
8199.006245985496 28453.532415179332 29.903634406232502 
8483.858001035915 10473.644840670859 0 
8537.05822341428 9326.215101832902 0 
8398.134544214436 18554.697723378737 1.0079968987581147 
8009.976237722758 24399579.237570945 63202.57400525219 
8078.374318618394 74968.14557907799 94.72586215797133 
8101.084030531378 46950.69285877591 82.50041405807974 
8009.983729286005 57105419.03926952 31568.57198325102 
8009.976230200302 27106492.574231077 59079.701362773376 
8009.97669020978 20779046.268050678 57777.10203196546 
8157.029773294924 103634.26821677198 41.01567185508808 
8034.637881018053 10558516.905491034 466.5744511845252 
8114.2624673140135 48757.822406322186 81.0419286445203 
8023.116911898851 713688.245987523 805.1672732646333 
8009.979475040756 37622633.520866245 53737.5007106564 
8010.006989653446 455647787.24744856 18431.136984565735 
8066.187551326573 186743.43785774958 134.0894864964828 
8139.174669626092 46921.759863199724 46.46627321153474 
8124.500187005424 65427.91785512412 74.01463251480759 
8009.97926026992 63094715.18538827 47786.634894706425 
8192.174122623892 30328.85836249971 29.729256505253424 
8107.767870431835 56851.79124618641 78.26183121912567 
8010.144262536748 13788239.211300015 7172.111454296248 
8010.129104597646 30560589.466747828 7808.727647598896 
8131.137167724046 77128.02151373705 45.52095553647387 
8054.711696812639 1205250.4352944724 173.28577318012213 
8009.997810672662 98073536.22852504 20016.658258945936 
8009.985607598395 48236474.40178615 28965.524511121246 
8010.014060310518 13832384.768158924 16313.202656167925 
8010.401833471339 10208514.64356474 5141.948417239325 
8010.044058467924 7850126.209248716 14538.719682744819 
8152.357153175889 40885.65902765604 52.53048385572951 
8009.988476144697 20570653.216235694 45768.19050248522 
8010.6491519446945 1633013.3700204282 2307.5424413297324 
8009.9800773152465 72596541.21266937 40327.6251579477 
8009.984166044435 56240359.45043702 30290.349451150374 
8038.369727445908 617705.8591888293 415.7355418356742 
8009.978609221969 80084753.59993759 45432.564220682856 
8146.559032367521 60151.833812087025 42.83884195637589 
8059.827692188359 148985.94172023935 186.22310231208596 
8009.976835165336 47596808.117910676 52033.576925590605 
8049.8364367564645 509746.4083546664 258.4522295309303 
8010.123272511584 23020896.832173012 11009.166544966607 
8009.981001100391 75022502.9388815 38544.458258306266 
8010.5845869224795 4567508.271236893 3333.773094056746 
8009.980012179007 39002206.975665346 43685.89951586168 
8010.066004526158 33256033.05639111 13821.088325712763 
8009.981958947174 69095356.72412407 36671.866011235164 
8129.024814096296 41629.86036884646 55.81715602140276 
8010.08096415704 24590379.882890154 11754.116317494427 
8009.991921750892 36201616.42558708 23874.930688638266 
8009.979994338861 34373095.002489775 52733.711261425284 
8017.846542631577 2797408.8277775226 1129.4142421130055 
8009.989607818348 20024585.80395419 41335.19500896924 
8010.484953075863 81853555.84376283 4153.653271364334 
8042.629922826278 289147.657240668 409.5788211211727 
8014.132900364684 1306862.078838072 1520.7012514803255 
8047.6773042694695 167076.6598248171 294.2244344196546 
8147.354646322694 41783.59651733787 52.862907486800296 
8009.982668420928 56553776.55692549 35744.00125073768 
8020.51445817817 1394373.1476087798 1337.7782744336985 
8009.9810662819245 28129430.83873065 50690.9003128499 
8044.282426615968 4350559.390904834 340.5580276337364 
8009.99346166672 33145254.359513767 24751.74098681833 
8009.977244169262 48523919.95293052 49341.77845802375 
8009.984011764599 32902242.925948527 42424.796928974996 
8009.982155438709 24170548.677299045 50642.327913300986 
8009.984826989233 52962302.15857951 37506.50878990627 
8009.976517066239 40387644.92950192 58176.90055283106 
8013.787696534118 1908772.583005853 1902.7086398761066 
8009.9860613262235 48595809.570911095 27699.80847995567 
8009.994703965225 31783901.629477244 23061.045410497238 
8009.987452635301 48202253.718523115 27810.38679165062 
8009.98995866865 46439253.46891512 31117.536486635014 
8009.990639325873 46201080.01426231 25255.26560577989 
8156.175885373714 50733.45799201832 44.2147751482248 
8009.984245956557 20752891.606566772 40844.457985385205 
8009.98044390961 29522360.41425757 42702.155658602314 
8009.979440870029 38500913.84308742 53844.23410646866 
8062.971131658557 135776.3394089868 154.7935218942047 
8010.450721316114 6835502.168127773 4837.204434391884 
8019.145355155278 2471258.928183312 992.7049453333527 
8051.869472981123 2886064.9063489824 255.68961832560905 
8009.982640446263 70669252.74673031 35029.339484586606 
8009.994362528322 25919113.201811895 24061.18540512633 
8154.759413278279 53968.221820821076 46.11268011797327 
8171.261394553367 38807.56187746902 31.823474197361477 
8009.978883530632 93582066.39569473 44401.55936782133 
8009.980951397868 80709346.67696632 37874.38416933561 
8009.981934996335 99558363.69674234 33977.503300454366 
8010.0265987832945 10803537.373943958 16888.33865924394 
8034.856404853669 780178.3435379902 792.5914572645736 
8009.977776992809 176682659.05639446 44746.63775054535 
8009.976926171517 19386566.320486568 70745.34097872893 
8688.016053398362 10486.729623429956 0 
