8627.893412941565 9016.384242853348 0 
8009.977240502703 63166774.48734698 112464.65033576741 
8009.981191114881 991988953.5438184 41391.32097273278 
8009.977416599094 269031013.7244725 67783.5711581122 
8488.646007416182 10163.442201093605 0 
8198.968383695928 29799.049600432594 29.975153482568842 
8391.92509476163 22156.65399928399 3.2195322250145204 
8009.983167337617 198686548.45394495 37773.674568187555 
8398.754944917982 18485.90949303554 3.2172620543064268 
8009.981628802705 123389165.30000444 39001.339605835725 
8010.381506164564 249454115.75921398 4788.771590406124 
8009.987180395711 54491194.31983241 34289.1034485618 
8009.985911077321 70405785.92082728 30344.413036031496 
8009.978287912895 101874508.4396474 52419.16874980234 
8009.977651196465 122330768.3256345 61508.33139426108 
8009.990895525994 60171237.32213022 25857.892989636755 
8009.982123988746 41188996.488103785 53936.12841186664 
8009.984029043248 57168156.555543065 31588.496408557425 
8009.982393434852 82861484.21911141 41176.11240090027 
8009.9805063201375 107541151.86065765 46283.50038629062 
8146.561311126778 60574.80159115867 42.967815719994746 
8009.985490020219 26613712.36854986 43791.64480087331 
8009.980845778111 48707001.848558836 56897.847538199436 
8009.97742449769 74995483.53076579 65014.3877230925 
8009.981411171867 43703903.12541916 60048.012677703155 
8010.000589863009 23817639.62072213 21930.088724952475 
8152.354955383097 40886.86667137684 52.531568606328285 
8167.815994888475 53779.90133825155 40.536153738092686 
8009.978618993756 46967716.0765046 57718.087958738906 
8129.035399814963 41618.13833175296 55.81662224732259 
8009.97762274952 74703029.55823922 64417.19643495075 
8009.98315615114 60884859.10111276 50576.98220541628 
8009.978702064804 110442703.12046349 48348.93017120291 
8010.031171460516 30542911.40584044 19261.480328981645 
8009.982501438446 64417841.575279124 49194.01601599291 
8115.099241152389 91177.83972306877 77.02175983248922 
8179.957549353004 46750.45759537565 42.19001623660994 
8009.998614817497 29307895.930991266 24063.158051159746 
8009.980606501992 71553567.24620864 42391.24569455233 
8010.015773808544 31948957.820069514 20386.7495735651 
8094.555656900231 77737.2405718076 96.28438177877763 
8009.9853209616895 53023832.64407037 47340.62393652431 
8107.758085666163 57119.8160368282 79.3385814868667 
8009.982455240588 108955435.97100106 39968.91060693913 
8010.034119243945 17213185.21000706 17457.17321334018 
8030.145486770292 546262.3720549761 760.2080607072965 
8189.9188056350795 29255.45961364054 31.053259113881264 
8083.978993077091 283346.6137442222 109.75253061036426 
8173.428040961448 39129.9771482306 42.687005568856364 
8010.584304949961 4568469.401334484 3335.4885566699336 
8064.387951691617 148727.53807995858 178.7529687924739 
8124.490237030699 65426.58951254912 74.01318231002632 
8010.991895645917 2605690.583409281 2360.538845424043 
8023.714920927401 3849317.757855272 770.6317738123569 
8010.049688686242 39340239.432577826 16065.542009828128 
8078.082715763077 83754.9908344164 113.54868287712276 
8034.649251943924 259691.3385298068 416.1826522505731 
8055.086497717532 199151.5689984659 238.60639811046013 
8192.492474040479 30230.37548108411 29.60280297598122 
8010.3108582111145 12444890.498610063 5166.3184789904735 
8010.508555669047 16657837.036336266 3916.9897133674745 
8010.13799841691 18706751.866063 9036.203840570299 
8101.078557349265 46907.75640848113 83.5192387107129 
8038.369038306717 512533.35133352596 408.4283044907567 
8049.837147592745 664444.9858347813 262.10890487242585 
8013.482422383456 3078220.815986533 1991.5287197738912 
8020.736161360032 655115.4316119426 919.3710521330544 
8010.267892490042 11697572.89491662 5843.919512544201 
8017.842967132714 20813754.107670303 1212.4262353239824 
8042.634303727516 287505.3330706344 410.10993496306486 
8046.241497519343 182811.12425772686 279.10433050697054 
8010.045675511042 44371191.01427622 16882.600876521803 
8066.680731477207 189283.97655945495 130.65217243020885 
8010.147567160734 22156688.198057562 8591.334561224863 
8010.099127870837 28450936.92255743 10861.770364466962 
8014.155150528323 23212282.39866562 1558.302180817518 
8010.194567133744 15462371.383976066 8034.241767344339 
8072.191747738657 90800.48256476846 136.22928109940207 
8010.074175111202 28701698.66802553 12713.143415127226 
8398.070541137795 18514.65787184766 1.0080331579796296 
8010.053601596477 34126251.58082262 15498.29323834558 
8010.112549490736 20255982.40080846 10152.81982536842 
8010.120770230156 31918095.085263435 9867.074322240542 
8010.073145368714 34498109.607061096 13475.853887637046 
8098.977618195577 60179.37805609553 93.85129775803568 
8009.99346166672 33145254.359513767 24751.74098681833 
8015.904659058655 1063418.5501898213 1335.7716078944757 
8010.09504500096 28738036.161512498 11364.215910746938 
8010.206830226576 15852509.224130929 7200.4054925889295 
8010.260587963248 13413734.095243677 6562.66719993266 
8010.0816304031205 25040920.41464297 12258.674710212705 
8082.378646584525 73855.53676716899 110.39360523130244 
8010.290626374747 10938978.109118916 7532.029275197896 
8071.348277061566 122450.94072499512 161.20687373227264 
8054.707397042325 688502.9743838566 166.99778070716454 
8010.045340749319 49112485.19556488 17133.272144724797 
8010.041201880438 9718683.59860394 25239.136169122183 
8010.061292019996 31521401.120071493 14196.069884512845 
8010.23920000263 14138334.098372364 6376.700752234555 
8010.056575172206 35997599.878206804 14998.596396320201 
