8966.939391879565 5689.787506916194 0 
8009.977616023103 134710133.31210482 29881.393782515097 
8009.975596717599 68685820.67433771 41277.68979396076 
8009.975751458881 24618291.54706852 57934.49177448153 
8009.9766906086425 105628799.28061119 31797.57405904795 
8009.99772182012 98594209.58540161 9314.616237615284 
8009.9759024071 14888965.598810501 44716.265504000534 
8009.97887596438 36055412.21022917 23464.042623272853 
8009.979954209903 49904684.68611549 20859.939190050067 
8009.98295707574 32310373.924406286 17940.256661897878 
8009.97638219414 60630469.58137276 38336.817801068864 
8931.805348604117 5847.4098776488945 0 
8009.976015311467 42331489.186177865 38398.697371176124 
8857.804466853053 5929.072957081857 0 
8010.008822849581 54775788.156115875 9457.176351039654 
8009.9812249409515 20658239.155927528 19840.25112925777 
8009.983869908104 27974207.643315848 15545.183921804724 
8009.979819895854 171977133.926723 25404.978760259208 
8009.975847974122 15400946.094439851 43207.76853116191 
8009.977203811908 64029805.09675973 33782.521755433845 
8009.979671851577 26352760.16771507 28135.95221388428 
8009.987657103754 24727631.149563115 12651.429720320642 
8009.992062160747 28643634.06161696 11073.263554683033 
8009.976205302676 23028591.83506109 41083.64093720373 
8010.042175893594 9472127.175099453 9458.913502411868 
8140.972482852021 23361.51657188447 19.05415183629706 
8009.980807910839 40025408.43459928 22924.444128688257 
8082.322189970646 225895.7550165441 84.41925685792712 
8009.9771605685955 56395753.720562145 36206.79456213008 
8010.068054016892 11300379.923795482 6288.944455506451 
8625.146719506829 6996.717887921157 0 
8009.984331779924 123002359.25948337 18718.106427855982 
8010.060278694111 11196485.169020746 7720.499231672081 
8009.977873797117 42860745.43618009 36084.08487651795 
8041.660199801823 17549017.419465728 520.8564511831024 
8828.136715045994 6051.837338465622 0 
8772.588618667189 6202.175013524201 0 
8009.977232522695 40417907.78796197 32035.984528454243 
8110.572691560273 4506056024.169045 1226.2085364048023 
8688.368678503297 6704.847190118736 0 
8175.107641833885 22835.81566499667 21.20077945053128 
8010.198546845256 2426887.9591453755 3097.2474461645565 
8797.5290043251 6145.142607093971 0 
8010.04670497694 13391364.281562306 8443.534184800992 
8009.977620294236 38710793.93371476 30575.105112084115 
8009.97768038054 27874708.66086059 28570.301413179208 
8468.581222090492 8474.641081467242 0 
8009.975686940542 37082125.068392046 44065.59698555569 
8009.977259713465 27140222.32345502 33512.256719851626 
8601.575537469105 7183.019824605418 0 
8491.211109266093 8002.580988621923 0 
8373.186094091154 9794.918730410394 0 
8010.022313521978 19716094.84493895 12194.039019482309 
8659.563004878111 6752.560983828224 0 
8013.91412166641 2377613.7544638105 2300.7110914714667 
8122.775256167112 15721.209160543267 348.88647481645705 
8010.070589774219 11526728.066916993 5078.965087380808 
8937.004090614082 5840.932912218447 0 
8722.414994199004 6429.447447624725 0 
8009.978096664988 31551508.363090955 28143.839572005276 
8234.993764859091 14387.74836838441 0 
8651.951700113777 6917.186511982202 0 
8587.568430454518 7227.287282698695 0 
8701.913353271455 6523.620570194818 0 
8023.843089405063 606543.2892873439 734.3605967216205 
8754.412872397876 6298.87428841373 0 
8520.788930881252 7739.7315687003575 0 
8009.977847617322 22840728.56484457 33921.97697099916 
8009.982936477074 18024742.894524068 24314.574439984084 
8736.882175843897 6418.994115079785 0 
8010.028969433805 34882115.43657311 9343.984740931173 
8443.418683464764 8670.40016833143 0 
8263.714223304714 13417.616115146488 0 
8812.821454303725 6138.963195894435 0 
8321.335419899297 10859.843751467155 0 
8856.063404182692 5990.669501262326 0 
8010.068829881033 6251500.072114717 12378.616304159777 
8505.56571183871 7842.9152967402515 0 
8058.567356196128 1248179.860812061 234.0265654277652 
8010.01161282197 56782635.9158146 9400.09696397544 
8539.409303931341 7682.7747142118205 0 
8249.30591600091 13930.937366725737 0 
8010.073719701507 4959218.861328653 5613.442409869559 
8419.731088257724 9154.243080842696 0 
8192.765057055009 17260.210155860812 6.573644613925503 
8387.55584117891 9583.716752239026 0 
8401.106493878531 9385.574736211132 0 
8569.66798313847 7331.782769684721 0 
8351.004967535875 10228.258231211132 0 
8063.58954019541 1321017.3460376856 190.24173596781992 
8010.160454414618 4087129.9065753845 3846.919278216853 
8010.147195740848 4371369.018184561 3981.4881388497447 
8451.668670526633 8556.85122083434 0 
8214.984250034337 20410.28383636053 2.1455667386016892 
8336.851961060987 10555.33796380915 0 
8301.662309442616 11546.86194989508 0 
8017.209215019836 1338340.3064300264 1441.9736844680774 
8210.437337049878 16380.489789031182 6.592103916280754 
8009.98001146726 37610938.87452002 24791.468582511985 
8284.00585760677 12007.013271859189 0 
