8912.562296004584 6087.280872809716 0 
8009.975443752008 34339104.89966955 56018.70754733008 
8010.026172466157 261509730.0036217 7132.121262448967 
8009.980150833485 109582530.81022719 29699.468230463368 
8009.975622772405 17040400.639764518 48790.3892310139 
8009.975539474635 86846618.73897684 44814.8757401028 
8009.982587082722 33275806.444469586 26495.954483749105 
8009.986381798801 25096599.16474872 23243.21843195296 
8009.979533998358 78618774.52764152 32395.462155544377 
8009.978250360177 73472713.83972944 32899.12014895658 
8854.977658241361 6177.78876247377 0 
8009.977699246623 56530515.4095802 35634.371327237764 
8806.884228239287 6306.022879260366 0 
8009.981919475756 29382188.39659576 28358.45272111871 
8009.9759161298225 42751035.30350265 43408.61676302742 
8009.97593281857 31676604.05325958 41192.10143400815 
8009.990168079129 25184604.992520075 14119.766181170158 
8009.985340020888 62757310.960304834 17031.7819921333 
8009.989002408711 59411644.91898235 15478.942909933925 
8009.975525725742 33914217.21973996 45702.94744336573 
8009.980044225649 61202960.17830458 30869.818866484064 
8010.019027328025 40831403.67651193 8062.210731661875 
8010.00550330363 15082641.843800321 10279.048818226898 
8009.978738978084 29800605.130092602 37682.35772765342 
8009.978519879723 55766110.74882025 33850.88285521207 
8275.251579405378 12894.741688949473 0 
8846.398847662613 6292.330973639493 0 
8010.019056448047 12434189.649877409 9507.396531322045 
8652.41942406914 7124.08039103209 0 
8172.2033371229845 23288.563824626748 15.138355296032348 
8531.185292662833 8011.0648346336 0 
8009.982863979382 53487354.936856575 17842.182938287344 
8098.979420508505 39301.84363716227 58.70668250457172 
8477.973929831405 8561.903418630807 0 
8009.985919763358 25441136.483873177 19335.040564949664 
8010.001474577284 11519680.763403932 11835.541090624843 
8009.977023020832 41521030.84745676 38217.14754472954 
8242.253967583943 14244.73572399778 0 
8602.232936860097 7319.486829276303 0 
8743.941988350643 6556.83396616601 0 
8048.511919943901 230472.2703472497 200.45150595307024 
8676.55538354601 6885.458627654485 0 
8009.988161910689 20551723.772300296 16822.948938885766 
8778.294592343886 6419.693251396517 0 
8332.211904542146 11142.673908118133 0 
8009.98077434635 46826740.18329372 21468.71305147344 
8029.052787896039 257363.46371810083 515.4473678991665 
8455.740597082917 8584.39137141431 0 
8009.980417638819 53173232.45335464 33310.734833211354 
8693.63693027561 6790.705077465789 0 
8364.748955403697 10168.289449931659 0 
8009.975633514093 26550913.855448596 44246.21797109491 
8310.627776720548 11398.934007950536 0 
8075.5754650122835 95083.85315039044 364.12181791843176 
8552.890620154807 7765.428848389277 0 
8010.114663040991 3984909.041461041 3716.736592648124 
8203.172735098422 24430.303060431608 14.612171564641027 
8579.367560385926 7463.25079529944 0 
8439.675431620775 8708.141167910202 0 
8010.029375573495 8486613.643411726 6849.406786057416 
8421.070183398486 8944.779236442791 0 
8156.331901515773 23632.083569465816 16.621937799636207 
8010.0360340339 6964473.706450286 5820.560003007331 
8349.328235524508 10844.267570862476 0 
8010.052578576446 4954505.786953633 4605.313654639345 
8120.579843934065 38030.59229801607 60.61221829767774 
8230.947448104342 62081.60092782123 5.483743223090145 
8018.0662876911165 475192.69579816033 802.0385608409387 
8009.990800364781 21811708.61076695 11732.767711874318 
8386.678293019033 9800.121540400218 0 
8009.982808207811 37465643.41738237 20308.739930312193 
8009.98101418255 44832196.57717559 21744.79461549344 
8014.204702126006 5628579.116511185 1326.0206579338162 
8506.013522535715 8196.003081457631 0 
8010.046746278105 10656784.149675496 5409.348599960027 
8629.555614576977 7146.508169887205 0 
8068.2130168566855 144368.1335419241 182.30603386299282 
8735.183504779568 6590.004699702043 0 
8009.977635435388 57014806.71389882 38692.89729706511 
8783.249842874158 6414.7279110772015 0 
8009.985017267034 37049210.61613006 20978.754385561424 
8500.491088605508 8355.139238040107 0 
8622.51046578753 7190.53320934887 0 
8139.235438357925 28788.152241147578 29.295097143944748 
8010.240435291646 1993840.4255950372 2365.004190356007 
8009.976641777284 44083827.37074178 40378.02351274801 
8567.208724015272 7614.404045393409 0 
8013.232567450732 1506981.7929612938 2118.2052590810317 
8009.9755640731555 38541017.94469622 45430.84364301402 
8406.21904321237 9313.367006936769 0 
8010.1889785864105 5484979.851566885 3054.1552456164254 
8210.186766148643 20435.30085036218 7.249805831603265 
8714.361341447235 6719.5953459561115 0 
8714.812286489843 6687.361511604935 0 
8290.980161282183 12821.677496362883 0 
8296.032275426438 11845.834071061596 0 
8396.648007423446 9387.597151242506 0 
8129.396447513549 43846.40053860244 33.74156443739983 
8009.976753318617 44148912.62119596 39563.14774328709 
8009.975540730266 22546121.496065646 45629.62205309917 
