9059.079365308586 5515.622747889587 0 
8009.991647028932 11630750.909906548 9213.53163867258 
8009.975711238925 31423515.64369495 34081.787959327594 
8009.976093186179 21025504.099457674 38545.857757382975 
8009.9778816943945 76875251.1334869 22345.19261315314 
8009.977571606253 61346608.67662351 25202.370415782447 
8009.976089308915 33237743.50889578 33007.467330738655 
8009.976302888793 26814330.183900893 30678.078921206194 
8009.98149888666 36840155.89709483 13841.147185495098 
8012.496707578937 6544598.001774501 2996.4752630140947 
8009.976516031307 23964422.917002175 34913.714149034284 
8009.981775043892 27111591.72989274 16247.48197362047 
8009.982377305635 19963619.85290272 11756.021993239912 
8009.9795383543715 27193582.602487713 20651.30235103765 
8009.976716292387 23498752.780336548 36936.15457505472 
8010.878842834681 8277371.865628276 4524.68656884429 
8009.99764752791 10640104.652097099 8082.517072056787 
8245.673980192274 13638.760226773738 0 
9020.022035443058 5550.097961397396 0 
8009.985079837299 18540812.153826274 13615.331146584422 
8010.00511405634 7932555.546661245 6396.642990045137 
8626.537128059586 6985.512229121447 0 
8009.977608182253 48896968.04110156 24904.766805575033 
8012.609530773934 12493740.902271137 1762.8411310567615 
8009.978234111165 46232494.769157484 23053.968403987757 
8434.126976123956 8703.966378716814 0 
8876.525177342113 5901.714353331303 0 
8009.980159340583 38974705.156526595 18914.29242607859 
8009.989704541079 15384978.564942634 18088.823446468905 
8214.3171169176 17076.299246903814 5.998418106435506 
8025.864713052077 3624593.0937108113 602.3333890954834 
8009.979027147371 20283220.480150472 29547.20546651127 
8009.984885516987 19778348.898897976 10988.970464299267 
8395.015268083203 9359.396642347145 0 
8009.9771639673845 17083551.68539911 37426.13212834623 
8009.978770340506 38003082.898597084 21507.575568214594 
8843.225778073407 6129.909175418538 0 
8279.668971647867 12555.246122004766 0 
8009.980160268227 24051342.359382648 26463.77453032894 
8744.032379552957 6369.991675140929 0 
8653.907690538483 6790.9707454510735 0 
8996.26438576098 5654.710184722008 0 
8454.024238068232 8401.057424720108 0 
8709.091246157375 6520.475200440185 0 
8009.980367049206 26263692.42936285 17207.579808933628 
8565.440266763126 7355.780998553846 0 
8973.402274559532 5658.770475067879 0 
8672.840058057362 6689.361709933832 0 
8951.579233417997 5661.392850709063 0 
8010.155826011561 9724536.84977572 5311.1243371684905 
8538.704000546342 7525.308662393918 0 
8009.977894276449 53181683.67677857 22817.33048310546 
8592.533957966127 7097.078784314868 0 
8009.985682627419 21841873.431270916 9951.062869695768 
8009.979260543299 22689124.461354684 28820.370986243233 
8902.150026027955 5798.921254382539 0 
8190.622524589435 19792.32713537689 8.764358142258962 
8012.9335345625095 974231.6581771553 1342.042146196924 
8010.012902518552 5859742.963549403 6008.901397996231 
8122.171956873155 49469.47051399714 255.2186363257289 
8314.026426393422 11262.808452546331 0 
8506.140835430873 7887.719326654675 0 
8698.563642398838 6556.574980466608 0 
8143.157053851269 23006.592656362332 19.749759819891302 
8009.977054908147 43571031.27122816 26979.47003336741 
8017.0195230296285 370996.75418601936 793.8575013974214 
8792.277283132473 6122.345737314815 0 
8294.663636800247 12011.97826054459 0 
8928.849442211671 5714.0149565781985 0 
8009.991649929115 8957731.357194372 8855.197868059644 
8174.110711948197 22964.13209817384 16.35149009828762 
8332.20770315087 10754.991024503383 0 
8519.896726628765 7845.860317929686 0 
8811.915200715654 6068.330962934679 0 
8009.97642200343 48390968.12504119 27838.43259965447 
8110.103803032737 16327.205482377645 348.1785130775544 
8009.982191505018 25796879.016552407 16558.56022849164 
8824.973836681711 10765544.08639143 92.08188268639974 
8479.722924686885 8271.365142795301 0 
8156.48657239089 23019.398795655783 16.070438943714322 
8092.351499747124 27079.068588021535 388.30049780840955 
8065.971230655376 58635.89201171206 102.43392634500542 
8009.978913376254 40114108.51219727 18756.82989428471 
8009.9795507672725 20979126.239515297 28214.75665534547 
8777.326450298007 6200.4762525163105 0 
8009.980000831988 24119655.591034234 27566.601591417766 
8583.940429631317 7135.626406926075 0 
8917.250072920386 5783.950712896003 0 
8009.9766083835 41410492.554099515 27013.626304604943 
8009.979082817086 27702031.005619388 22513.635178233166 
8485.449466743912 8105.612225622974 0 
8347.548260088995 10624.159492833907 0 
8381.100821549766 9716.00708840501 0 
8045.521003723713 181891.10745065555 283.1166619354001 
8370.293099574923 10130.104868665514 0 
8009.992464406039 9651017.91054203 8588.171128850725 
8357.358295646096 10298.841680514186 0 
8072.238719248681 52530.27875816509 77.40392762310437 
8087.558578694299 59253.3838295367 70.04849549305169 
8047.864610413188 183938.58987998913 280.8020389901509 
