9022.827042816256 12397.29531301073 0 
8010.01654176696 67851661.45149711 52156.25293178146 
8010.058929340301 386475181.0470411 15122.444417425875 
8010.011511053585 129228847.01901233 33843.19494873174 
8794.391520214367 14059.920128895516 0 
8513.540702025322 14431.265745295741 0 
8010.078457556056 255862435.47705078 12595.61229892738 
8961.054765406447 13544.628410970838 0 
8010.0433532443585 34175360.12067411 43846.15674584542 
8206.424943545966 31334.235700068148 32.37204549256251 
8391.918932986162 22351.221085287383 3.219987091873009 
8010.01398232479 685412720.4134467 31513.310439434474 
8010.013420902173 241917026.75277162 31963.904584982705 
8010.02593153958 59504689.77691367 49567.21257138711 
8010.022819007871 96684312.28652672 26284.777626541294 
8010.06054393908 197628340.90058944 14795.827231765617 
8399.960688609593 18680.9755438343 2.076048342897132 
8010.043122185936 34187025.53691751 43865.20664809515 
8010.014913517919 111141088.99093775 30862.801937243396 
8010.046294900442 191871438.4536809 18664.21835595304 
8010.022800097346 124008337.7719579 25348.982835880102 
8010.023830400711 81379275.45936076 25818.472726176944 
8131.156554713674 161253.86104485544 83.18136065624013 
8010.0496529310985 84714450.56934091 16243.799841678378 
8098.961683301506 58292.66158914914 93.8469693406334 
8010.0197804202035 63007190.814071186 51212.5304744553 
8010.019358373196 69592241.4718564 51375.35490775558 
8010.025995925655 63813119.36415905 23729.733010332107 
8010.03327220274 57116113.77720961 19920.305252043698 
8010.021142692015 105050365.7615256 32583.648076322697 
8010.03315388998 64611138.981742546 20776.23208519691 
8010.064934825504 118225442.48803534 13833.042187705276 
8149.8430128379005 51279.679748414936 49.228668968175874 
8010.019117116073 105429670.48581228 32722.291415459476 
8010.073982263943 112941671.93898438 12944.25060312552 
8010.113692387336 109063078.70779492 10217.033099450342 
8010.58721404137 4558030.738038985 3332.3761462880793 
8010.752881582414 40595844.26182275 2839.906263511015 
8010.040972261915 56202266.24517773 22179.31446521767 
8010.0319315394245 66576715.27411469 22983.021455531227 
8010.053342361607 37480610.725678496 15776.21507733954 
8010.443105372397 6039764.317107281 4115.90546357087 
8010.043728947844 52990917.133169845 18990.345908439984 
8010.049956180552 41994141.04358043 18099.54577058028 
8010.030744261071 66746874.543194845 21472.50713936917 
8166.827439424504 167056.54477548835 49.10035081380944 
8013.965649464249 1875310.862063603 2036.3277619855744 
8014.327548632156 1152185.8232702822 1447.7311792412886 
8083.978589473918 178737.83487775575 107.75841814137601 
8035.686793510388 3606799.29590375 510.9782228877706 
8195.100213750748 38398.47787205293 43.09002446191383 
8025.524446459079 6552158.194388789 923.0647938185174 
8184.344327710196 63115.40561706505 41.84863612581067 
8010.029728244615 57245968.75657449 51654.60319818271 
8010.050890209627 44230508.62810263 16809.37859146894 
8010.067298319145 37018149.7654545 13486.90725774987 
8010.190224751312 24748543621.86895 11283.908981032719 
8010.048860304075 49751374.856041074 16356.054754649962 
8010.309791106872 9979359.054710547 5169.58221017781 
8010.992465544483 2605122.568699941 2359.8952834790502 
8010.061477108541 31570313.89378194 14367.422674808948 
8010.381529855909 6879619.874506371 4497.5757901474335 
8010.224321585096 12258346.637095366 6441.141890215358 
8010.267204857046 14259834.249589248 5852.804212544647 
8032.936206534209 662710.021142953 789.2422786042312 
8010.206305284844 261027092.6064115 7030.75998498216 
8010.046303252341 42852995.273237735 17675.873563600348 
8010.106657412025 20015873.298096158 10644.302940387557 
8010.152956739591 19207396.9229112 8283.854748773994 
8010.11641319083 20432188.91154663 9807.500088020992 
8010.093584718022 620494236.0306263 12085.922828986426 
8173.41021560835 39170.06358208393 42.68687889964636 
8010.247335260735 11301725.739345912 6008.570338814524 
8071.234194009303 137810.4037970783 188.61454721741814 
8010.0409863054165 54486565.736417085 21868.40723926409 
8010.07995176288 27120247.915441584 12457.682688801942 
8010.0284673897995 63434366.755409956 23342.190566331377 
8010.049620723591 44958062.14846484 17159.273351534655 
8063.358581435943 146499.34717455955 266.4629913531227 
8010.142481457838 47149399.23348072 8690.818849723526 
8010.100154577502 23410135.270754892 10995.958400950318 
8010.048226810379 46225283.57381976 17382.2893231082 
8010.05734822857 33061947.064906616 15275.869747375651 
8010.164110005002 14566220.670738842 7723.245397760231 
8010.09453313109 24651383.980951276 11603.143398833148 
8020.620514491667 2160805.5656204666 1181.2092842263287 
8020.167164586112 11211982.112810401 1355.8603370741564 
8010.358037621021 25544009.08066055 4871.245695283509 
8077.568111220822 480019.09983482753 135.8827951486764 
8043.61356673072 270666.31916499115 390.8599334672524 
8010.128428020467 18035738.307717424 9328.406124084306 
8010.066809693584 28966453.483741503 13617.112482953036 
8010.0656062264325 30195585.20617224 14009.560746794936 
8010.080703334097 26406002.87166151 12082.622708047104 
8010.060712567223 52353191.95089829 14760.091677715616 
8046.376626862009 3098195.4633976747 335.36453126181766 
8010.174266265504 16150117.674425272 7673.49491515726 
8052.76730637831 2449446.821038635 296.3117020383093 
8010.320516945103 8624429.953764584 5033.601196564181 
8010.1280493898985 30053415.292348377 9746.686461610821 
