9269.782669518938 354414.4056865281 1344.2429061021228 
9876.224532988637 408170.98169220245 1107.0153203549276 
5327.458148905433 7094943.697117041 2495.215767312298 
5302.2269247258155 5801356.793095588 3325.0262914713107 
7650.078142149732 634085.6312201956 789.5034345285835 
5312.848541277197 6822034.873386145 2537.0400350861373 
5314.821484175076 6153837.112026519 2802.833426278389 
6254.830133027367 837046.1766032373 1294.6881158155318 
6720.673119870719 785653.1492585237 1619.2124069248825 
5306.618876558835 4235102.595331685 3165.450043345552 
5307.300333512318 5340708.525344724 3123.5405218216306 
5313.417223262167 5006033.470461805 2821.412826688886 
5320.16664502531 3671976.871349769 2717.822528013614 
5322.558355201621 5354033.325503094 2641.988663318504 
5310.526272971181 4413151.159274587 3023.940232218357 
5315.836690771019 3957632.749130114 2840.853682534479 
5334.365992951933 3357388.829964277 2400.624608776808 
5760.944197950471 4706292.496356833 1416.5104004527298 
9844.364237716569 417998.9152106072 1178.7741259166983 
9605.65094892569 440798.5258361678 1106.628372611171 
5322.02919174282 3043851.3881869963 2803.128274850193 
5493.035237729221 1149539.7084044777 2145.488768981762 
8824.897728879 502581.85893656465 1077.2676982492808 
5455.764370047417 1580753.8715513472 1940.879689793875 
9005.31071989104 461758.19289070537 1131.2706478946202 
5380.63700189924 1957319.1515141572 2281.407272568048 
8457.198476855643 511497.81285875797 1161.1113796703598 
5316.847413825497 4051398.7070164126 2758.1284023373423 
5316.10038166462 2802130.4173564855 2815.3429675794723 
5506.169409728001 1430329.0162019385 1813.2656358812765 
8245.426697817762 469564.26926249784 1311.1133615930976 
8112.2722744102175 402846.25022756733 1614.032688948731 
5329.114930232158 2576911.745000174 2403.288506651119 
5463.870115339469 1741580.6439335383 1912.4126758970206 
5370.295862842424 2560735.3327886155 2114.452863545382 
6905.252156026477 701516.6779796996 933.3571893491861 
5605.207098492221 1115708.33761909 1535.2146958830142 
5342.885808348744 2133986.7364326604 2580.3190147412383 
5376.758711895692 2267593.3596748156 2062.8597398885595 
5328.475016421514 4535379.858059312 2564.8392336658894 
7566.287701648388 662880.2064703534 814.7267371654696 
9414.27906225168 446295.0137347358 1245.1036711931424 
6208.541542309266 840775.2023599198 1371.5845344070462 
5851.544523160417 1026669.8173056447 1578.0862720280868 
5329.041344419431 4334997.266146861 2599.438822633858 
7966.859291199174 470638.2514665475 1479.3891874946187 
5320.149790437242 2685370.059122201 2981.4827902723914 
6806.285305113152 753927.0632700543 950.5816949201983 
8076.296159961095 477908.8678665336 1475.2030971807644 
9176.316044772697 377202.34852429025 1417.9049075749767 
5314.533655806524 4654657.247364409 2932.3499786299517 
5884.198234563611 892805.4737837882 1731.742822761529 
5750.459963298188 963085.8356929302 1769.2285941509563 
6957.311884770031 682537.7726402669 952.6596286284837 
7343.402452246853 587442.9871927848 913.9449086503316 
5752.131598838874 1289560.9085988281 1500.6305471168685 
6110.512705646489 1015556.1403047913 1223.0526370269192 
5325.093603131255 3559277.1216384894 2645.112779812552 
5508.272041576185 1356326.7739921035 2090.3717584328933 
8736.269775189838 534631.0631910588 919.7729354494699 
9458.991167243465 421592.54621552204 1247.5448679314259 
7122.860281364428 636834.9328031198 980.305953993455 
9511.53837228705 367880.1310904978 1323.863156755035 
7441.691985359524 591181.457996951 844.8207679582652 
8680.99209221464 493419.18021426356 1219.0529914151343 
5314.556675942279 3283460.475619789 2897.044870106257 
5553.011091276504 1296010.491054806 1889.7188853128093 
7807.954936347379 522650.8790912493 1702.0446585314564 
7699.500531518449 585689.0639078902 856.0950221012682 
5311.20365277087 3529283.0616966435 2981.0662698054675 
5966.94608768896 915697.9001283753 1333.5436879793456 
5320.144014822394 3274025.363288055 2768.0201806461273 
5403.472441285548 1817435.9587172067 2209.733399284852 
5396.312721598023 2361016.3640243206 1952.6616786859463 
7085.263011193613 658911.4758025869 889.9697000274466 
7043.2284912651185 812965.2728206626 853.8451775197867 
6061.062048499472 866810.1256482532 1384.5428189820464 
7178.43506335765 593441.092668797 1013.9700976213626 
5399.481357202178 1903688.2010064994 2041.616925881691 
5658.6150701541455 1071778.3194641825 1657.388625098401 
5366.648724984738 2356241.7124301367 2266.4712953433273 
7213.119435714062 628998.5238751885 866.3116638999339 
7516.575685097779 569432.1308218437 1054.630322976777 
8525.017860094173 505824.88660600514 1079.6437471261063 
8593.13172122214 444300.22522482625 1330.761829926001 
6008.8483169805095 902746.280532379 1552.7913456511017 
5394.413469685936 1883297.6793361276 2220.8020965246405 
7895.830113740398 510372.727862242 1571.4042678438627 
5427.549553393817 3653295.3881127746 1874.2621271217906 
8329.973658970528 553395.5182323636 1117.095681711667 
5713.159899654219 1006780.5624049023 1709.623392520022 
9111.190877443825 451089.71337544086 1120.7901281251973 
5432.894848399263 1808946.095661898 1828.156238249595 
5526.079001856969 1975883.0425835466 1751.2297067187367 
8327.006590836161 437088.87314994575 1442.5130308654504 
7284.8961585886345 572493.5535024183 1041.5546393580876 
7465.293565434209 554568.0216005737 1203.9870384367769 
5672.639300426428 1067152.734169056 1692.1373467244537 
7843.992619937382 504983.82288587454 1663.1361770121298 
5310.808220338241 3622783.8817816353 2953.0267653638 
