8401.926883053022 283554.91407871066 51.91393694894862 
9465.53000404695 301821.715190105 37.09527970863535 
5255.711371474466 41758302.7060782 13357.901519595014 
9781.674146206355 288398.16231529304 41.10380454776298 
5255.8960934450515 18807281.877751224 7171.932776195495 
9381.405154890617 304615.96187198727 38.13406643758528 
5256.020656937255 15949839.278767351 6870.301856591445 
5258.546819770361 7202451.396261713 4853.309060564279 
5257.407560945739 8141052.063214832 5924.185373188609 
5284.179143957415 18341799.20335491 2054.841417521361 
5258.000966616832 14696700.793559294 4160.959871454396 
5256.060662156859 12356596.95834875 6084.7663921868225 
8146.440484509172 284959.8018480503 51.532124518605976 
7094.541064429943 344330.0634856228 122.51433318592777 
9602.050872732705 292312.317593933 41.10380454776298 
5256.2811908707245 11640564.412403869 6235.974053411607 
6857.654613310008 370120.71479388204 124.56233374926673 
5279.11854093307 7690545.72653378 2392.431821964707 
5261.283388238045 5784960.347797607 3256.3253860214313 
6573.447337333066 417938.19537509856 161.9872909781554 
5257.435349620374 9368879.653161364 4772.05418727565 
6219.204196464481 528408.3058277774 245.16278797640575 
5257.790221881996 14984012.37265632 4584.987834081809 
7577.235249469052 313955.5591790094 66.33529456386468 
5256.557642462843 10824393.03681347 5942.908690169928 
5823.518666811757 514179.3444543256 331.2284052957441 
6101.259157146006 526528.6097293725 256.77504259782427 
5295.542219052246 2723499.406660488 1765.7307186881978 
9759.784861073087 290183.3823774108 37.860564278283974 
5391.920872084989 1279322.720300399 1061.2810887197477 
5258.555215991239 6500704.193642955 4584.211788961016 
6464.848464702084 437909.98510149756 159.5190074237472 
5377.6391271400435 2446446.3877749415 1240.674273506704 
5913.244620442217 550670.5068559754 309.12609878294694 
5415.45009694733 3637723.5211362755 886.269532136519 
7343.588997602508 331271.836285713 83.48617487291443 
6664.862857880175 394812.6552717974 153.67102410328448 
7680.626190504747 307064.63558073016 69.05630782518725 
5980.545191099671 544928.6736428903 289.287940584747 
5255.941510091221 18569652.34410992 6973.662540595868 
5643.109036035901 649591.964826377 460.1879366004473 
5258.415128306859 11329243.975823628 4340.915447258157 
7186.780006918028 395921.67969117325 112.88515096645817 
5271.458109242629 6827005.874466703 2690.5862014264812 
5274.29939389368 5326725.77184345 2512.405294023951 
5706.448415975689 565745.4001526523 397.821611988552 
5763.01366846955 603420.6525924341 391.67033799247565 
7732.251373841629 304019.06903359696 58.26979152337782 
5256.905695612073 8394715.349964106 4791.0412521174485 
6293.311772912617 616968.0900939432 228.86830753902618 
5362.059971487822 3251127.340656132 1499.4558407420373 
5258.383733755355 11832694.69969239 4397.340321045594 
5285.699809883895 4059106.62324435 2969.0699917080633 
6347.418819518931 434040.20916839817 191.10044741300266 
9465.53000404695 301821.715190105 37.09527970863535 
5263.80339322265 4685968.846492963 3742.73172938575 
5259.086293295141 5556466.309122145 3649.2392933321607 
5433.816116590644 1048053.174283032 767.7536871107667 
6411.511876405467 410728.0451235557 215.9007400190315 
6051.27575303917 532674.5166245106 301.01470707952603 
5258.932908251436 6841260.566059656 3847.413235814984 
5272.093402265729 4961264.811771062 2824.377879907756 
7411.747297891964 345859.49165824335 77.1440398819242 
7933.608184931767 290005.8751340182 47.804622926865086 
5567.936488813531 840302.2114989926 628.672148671932 
6766.552356750155 400903.7495063964 128.99959018028758 
5321.476714104325 2902624.6136788125 1649.3935751630095 
5260.486405374139 9832906.10913604 3466.701288999837 
5413.277309553502 1912484.5640389516 1002.2950419772164 
5260.415095616443 10105405.680683421 3477.1060746757917 
5338.35063351896 2260660.2163444757 1720.3551623885942 
5290.6976187233295 4251743.917013212 2162.7478750129503 
7495.29893222154 310468.4692288366 68.6219969325092 
8039.813826824995 293884.68809656706 44.00225042401834 
5482.980581549387 1049503.7792346973 758.7988642606167 
7252.02837018622 335234.3929164255 91.50556562827566 
5358.605510079 3238262.397670501 1603.4429535554095 
7823.558697303597 303167.9245995668 61.95578217098123 
5260.506801004086 9685483.44096609 3497.1904365680525 
5258.398884074457 11604568.76727876 3999.254288167498 
8045.140052418772 287570.05696942756 41.762899340768335 
6732.706850165363 421606.5147660589 122.37894552659901 
5362.3623406463685 1618427.084223719 1325.470947746713 
5264.443462325057 3878382.001823485 3100.1330438331515 
6846.266305236914 381077.0338490377 149.25452652155897 
5264.397788055883 4333346.308323868 3114.793931833163 
7841.186000514024 292945.3838866169 56.814928538606864 
7918.32500902385 299394.7631841892 50.30524620012278 
5498.937778429972 1960171.046784777 697.9677689869275 
7462.567732936914 313767.7361786448 70.78352819106179 
5603.944003393594 698006.392104958 534.0539768096811 
5531.326676969969 778049.5857519137 675.9312198030345 
5289.754495914179 5173905.027830406 2150.5850101272963 
5263.659513112363 4968006.575437489 4068.5738619787357 
5257.89949703922 12217310.320319993 4356.293702273245 
7239.366417778596 353910.0525053162 106.48460638863419 
5510.925769920384 842628.8550310124 666.6258015776357 
5602.819343686588 701169.7642095657 516.5324045131006 
5362.3623406463685 1618427.084223719 1325.470947746713 
5294.624962281756 2870557.4642608897 1733.3061005230547 
