13316.669065310642 856883.1492829851 213.52342105134775 
6211.778390136781 1668908.0992984406 776.4143577799962 
6069.8326616582035 1737074.716893704 926.5285491185966 
5877.259975350913 1958678.3570708542 1234.7134244617805 
6165.528441161338 2158967.569163776 854.9989871127184 
5767.45091854015 2497139.436089469 1239.761791199294 
6579.639406709672 1100724.3632123747 497.5708311371368 
5720.173342925998 2488954.6306405426 1510.038533996587 
5654.443008265151 4116356.2859798144 1530.9066758851561 
5768.867851251673 2125572.8072480857 966.0041480318195 
13014.647927370183 962642.9277711747 235.21047701591152 
5447.8677592690665 5801643.427807822 2283.6091349005032 
5514.849984935806 2935218.8243518407 1942.9032179970145 
5491.233844070701 4370331.370347306 2171.4983726313853 
5661.5411223597885 2891295.881409946 1459.039135629514 
5501.452287581278 3065258.9144009575 2194.180964057411 
5549.685422981362 2446469.350886071 1572.4083794618662 
5384.412645538958 29827139.979670297 2494.47197052193 
5505.7776798238565 3954918.3522598436 1565.580266728622 
5365.2572486536055 7207154.09097814 3662.6342278185184 
5382.9343025016 7132136.197826218 3310.557892249764 
5424.21205421472 14356302.495664382 2393.537414383599 
5450.2983359687205 4936239.519098138 1551.1194460928782 
5721.419785203482 2816428.356955722 1229.4555427451367 
5760.519236078555 2885373.200334019 1056.4626643590402 
6388.573968664604 1578541.477319054 769.4868981535744 
5448.556094252262 5699402.769584105 2519.613168745294 
7333.964878344408 1571465.2257044108 497.3447027082784 
5435.399661769239 7261427.922832876 2465.2614034993044 
5342.871545783785 7565114.724617279 2994.818327352624 
6485.157092718605 1124735.6082994353 561.5676961570463 
5887.623989123786 2121517.6542531857 885.8146717502503 
5323.26569123089 13279151.532282095 5849.214372245504 
5393.396223122148 9453494.923667666 2606.5417315768864 
5676.947921342885 3672289.9729214525 1335.445120971949 
5477.5598857956675 4473518.685883628 2128.168233479285 
6095.171181456575 1552764.6133792459 1164.4182336130611 
5303.675053986278 151541065.55657127 13741.34028208914 
6139.904654149339 2707789.624154954 864.5333081190968 
7848.727960670509 765546.5961240294 248.5957993570611 
6186.029484147736 1321960.627013678 953.4213813873156 
5319.656609335304 16543805.127978873 4197.497111151213 
5550.889028150401 21253580.52147329 1386.049480734122 
5922.763122705267 1592593.262561029 1092.365323833398 
5315.842834966109 18594710.039161295 6171.900513319768 
5403.44647167877 8047914.9616739 2395.769688779395 
5643.174037222889 2609268.512458703 1560.4092204918966 
5307.7507869887995 25793703.759470087 5571.621532792428 
5387.166737202568 6348142.682853711 2976.248036603447 
5436.358067384351 6438823.352751775 2788.0284837437025 
5717.512762990576 3457252.9741710443 1321.61364569183 
5831.481098499753 1674900.5206401658 1417.1427186008661 
5553.138530173439 2437855.6252144407 2136.3803369857246 
5566.067799551291 4128092.4395476906 1411.0606652978374 
6455.845850856218 1529400.1252374502 846.0084623710799 
6200.311762776501 2600369.7754611685 835.7571489186894 
5365.26058123305 9760726.430529699 2849.897934478103 
5298.147680449587 68507749.57678023 18929.015594110904 
5326.021620097155 7623902.334418155 3593.6374840523654 
5658.882783223397 3550699.806311752 1518.121961545567 
5390.654561942823 9316907.130649205 2614.8433429839542 
14738.173254580732 1061186.7281675327 216.73007359153945 
10139.636225485396 847602.0390452233 382.54666549788504 
5300.477668076089 754606289.2314522 48158.30299058513 
5306.589595560467 236657316.22390974 17749.419789452004 
5309.787032929546 67291668.5571022 25678.124441797532 
13511.64508638868 1051593.5593685333 250.17026685177424 
11803.326732755186 863357.944020198 271.1018609659292 
5311.552245365104 133380224.84038411 10237.201244772297 
5311.956751811545 81554820.04897323 19863.667483369667 
5312.297513960755 111287388.22249207 11884.052676051148 
10650.473619264392 1068454.478561141 355.8828955620609 
5314.148083363683 74135044.1970545 15416.700374303742 
8370.288634651239 1070139.1779593772 503.5775302889034 
9707.533382023928 1614974.62185598 368.46790661584953 
6095.042995345822 2455861.2028988097 984.032597859356 
6620.656084370864 2275881.130254298 993.8161695200797 
5460.004330501244 6352719.743475804 8442.866640109172 
9351.111176631499 925396.3414535812 443.53608283799076 
7953.404621828603 1195848.605093868 421.82453940725134 
5314.820656282467 29291060.16423675 5946.036194271774 
5314.759843256978 56848927.49391548 17215.16590690958 
5340.658133998846 12025538.125730116 4178.829695115661 
7649.975557596643 1139140.579752725 642.1081667358536 
5435.492419713392 48158766.288620286 2551.243052842621 
8963.306573590364 1186065.1092909062 447.13502198326455 
8748.312948591316 2112433.745219188 407.82719539302235 
5322.246123625521 17313440.540530946 6938.160485455136 
7308.150298191862 2222711.7301154863 544.5918634279275 
10359.975525507944 1298180.0358811098 286.1856142449798 
6833.658794098715 1201439.0933386206 755.2059219592645 
5383.681587801955 15695293.332942042 3376.8769884229528 
5770.844501143074 4491310.500038538 1672.5286925333137 
5319.414824913727 24443921.806739468 6226.703430801972 
7078.89521645807 1644431.436118713 620.9893302882417 
5891.215190298499 3689855.4291059505 1190.9436181983663 
7142.024779413888 1479396.6722490687 721.9735210377767 
5536.899489651017 3265282.504742706 2047.342473115402 
5887.437482088357 2414417.6710159024 1264.7858405575384 
5638.800933462489 3576635.5370897455 1675.7853587295986 
