51848.13592984213 396413.1945275486 17.645426902927888 
37465.40733387608 315596.6925888068 17.814360488929427 
22208.081080479176 788075.2382216135 42.61572967702563 
11075.111727474135 744959.6478378295 53.68607600288959 
24721.3800525046 482494.2666048105 39.490682937581674 
9121.806204791439 293562.6042694837 92.95484600309581 
8059.505916299084 8836849.961201143 820.9720799476057 
9063.878040262716 464224.22677596187 57.24027435250608 
8134.02329335504 1648496.0047184709 293.23891860108336 
8163.489452321498 1354100.8447681277 230.3308207905876 
53132.39218270996 291655.6677982082 10.820260121347303 
54091.1081937125 276041.9096229156 7.6240941282625965 
8154.354579210687 1300089.2649352525 253.6319452151954 
8080.994803020061 2663022.829209091 427.7537333391291 
8181.823151560954 1260782.445102592 268.6502248763862 
8090.28953451057 1838726.803421552 394.79891640547123 
8789.813855365313 784472.8150248157 138.8641663543816 
8082.42253061756 2044820.9034469195 461.49109985744303 
8793.510770756358 695374.5187519083 148.5805783098382 
8091.29823133733 1709447.862998781 411.69159129945814 
8082.917834930473 1807203.2391529982 460.1216395289328 
8375.524627233975 815149.4785951528 281.58200605997945 
8310.042807171067 689320.4671434199 362.75875503282134 
8328.28917165477 740030.085641386 350.9007930286789 
8269.51816080742 818951.1696947098 172.74935272778623 
36246.4209736146 341490.4848561328 21.63660586391063 
8064.898973972402 4484810.083067718 492.3242403119358 
8305.595741642617 6202781.223561421 157.225039360584 
8136.5175061593345 2557661.02871945 275.19532246026705 
8096.415559775128 3773846.5009339005 356.5760802821638 
8153.036242470711 1123499.895842185 289.4152675496658 
8287.630780967034 1800592.8034073778 166.4775930435103 
8356.875585480622 1190315.3877561702 123.25575003544438 
8078.5345623945395 3172858.700660603 409.98529626623525 
8077.970139112236 1617696.9614739225 486.606293781274 
8481.566276565301 683010.5230108707 219.76783811020158 
8507.193205386666 417528.0248309302 153.91768975729718 
8063.911891530913 2951017.9828651794 639.4201882744046 
8246.026465644562 873089.1476555354 176.15205675250385 
29920.553353938885 447591.3269965752 10.027160445485599 
8860.052202191735 312983.6250134749 74.53733128099192 
8221.974190100329 1312979.0535368402 209.97491305255468 
8056.408324792006 6349117.27114417 995.8583394015623 
8193.726872751417 2272937.679982605 204.31227212876283 
8089.959989198414 1844761.2123217164 423.7633561110538 
8417.491583134028 796679.4210953842 299.51295040257276 
25086.978812508776 617023.4732684018 36.842638007292344 
301601.39117116784 5984319.570235118 6.561429359249574 
53464.170497615996 228107.6909048587 7.895242649012543 
8072.172830507876 8915247.766727649 434.28617895333167 
8134.121674965423 1628627.3490832495 289.55601139641703 
8100.868944110416 993033.3592886983 312.4610731901324 
8098.007536548836 2053077.89336915 300.4620384345392 
8072.172830507876 8915247.766727649 434.28617895333167 
8060.335902433293 3322282.482678052 672.2812801599465 
8099.612908338851 1802542.8144746576 386.4122112867156 
8068.988962386386 2332662.8146952987 464.67617673139796 
8065.013246363253 3557816.669287358 597.1651040933016 
8064.850250660213 4593239.900033331 502.14414359480406 
54648.13029514144 271145.64480901306 7.081372619104675 
8824.217188868106 368728.4448697384 95.61178194441311 
8097.257369033813 1742378.3020907757 403.3609294351389 
54681.56212988597 200674.48836491114 6.84987448867756 
8077.047567107706 3813702.1217871024 447.7072679805011 
8077.970139112236 1617696.9614739225 486.606293781274 
8058.10447089175 4626449.890487611 879.3473294269764 
8232.708423397895 899612.0793230766 180.1952218083373 
8064.176001546974 4831596.792614953 594.6441641468712 
301608.0248086199 5960954.622758545 4.037225132133727 
8062.727138713957 6604485.974269017 563.8550510471794 
8149.96416997196 1588325.9065442465 264.6476898731356 
8066.447888342763 3726410.5165055506 536.6031760556328 
8061.921117484766 6360593.691734211 583.9264978633079 
8058.471848591214 4703703.989885336 836.2897978792263 
8170.704820663334 1083390.6172645653 305.7515403432285 
8084.630434767206 2048695.6697655339 371.419121494838 
8069.618849296201 4676190.091832791 454.4450843145673 
325694.21451244253 2438464.56158779 3.399584059290941 
34399.22931812557 429970.5084865908 9.234733401456786 
8067.770927291643 1531144.9364819569 563.1535888853211 
8309.02627464043 750441.1922711851 360.9106829880224 
8816.292639183666 349399.55669808044 103.03392897358768 
330094.1495799379 2361011.323187886 5.504300442310654 
8836.422385174259 332786.55892761995 111.0993850284283 
915159.4245408693 6436487.019511374 3.1603160380994284 
8666.677286114362 1035501.4678892414 140.68030472061946 
8067.690407844344 1980671.677447474 608.7291610209497 
8055.572911572164 10420034.345796749 914.2373606429676 
8075.938959909283 3587791.1794325886 448.7964991505745 
8056.0048771986185 7091558.472969334 983.3795052146962 
23837.772400915972 687904.4206264087 48.21828525923205 
371371.36420922563 1951005.9303833053 5.6826946027873975 
8132.758801551838 1341755.590725087 308.9959851740888 
8054.9865341145105 18526146.605147548 1522.9611223875077 
8066.6979022834985 2090712.2984389546 505.35364368774583 
8064.104829227019 1906809.0290784512 652.833542948099 
8071.0856133152865 2338588.8736655605 459.26975059042104 
56345.88402345848 239778.66720729892 7.609311066081483 
8055.582425391075 58191409.015621886 2010.4719493440352 
33786.96667225878 1813175.8999322027 74.39181682944574 
