347381.9101316412 2624.741205676335 0 
8011.454534243478 48611648.409777135 2895.6075070824463 
8011.547922896043 27360364.726173192 3915.747452385618 
351878.0412174956 2603.715529711961 5.994321597636 
8011.511730537725 34162493.01447284 3206.6763094180783 
8011.538065794013 43063888.62816982 3144.370714947124 
8011.599580206775 17612537.293729924 3231.222903416199 
8011.906491332113 20130971.710961543 2328.918871071566 
321344.0436754967 2700.9235979039568 6.569287209633304 
8011.729754797094 16282529.06346369 2478.5553171987463 
224168.4461105833 3484.4744004817394 0 
8013.049793911413 6222262.910907549 1319.0980768587074 
8011.927739255632 17617629.969619755 2317.2241030393216 
301441.76130337507 2802.7465927853236 9.157663569116515 
8011.79346531357 11263690.798096355 3121.2593909594125 
217959.41191673547 3587.570546920758 2.0590525369968575 
200407.4645457131 3398.5436770528213 5.618613743534708 
8011.605354787021 19661127.221510388 2660.023169969675 
246018.10354217407 3304.7239623839077 6.298604042873913 
8011.919899064997 7925692.438142929 2506.646843062546 
66563.42871348567 11557.615819330897 25.25047976879331 
8011.7231186860845 14527603.357819287 2544.636163347842 
276690.9765936064 3042.972763454447 0 
8012.011644251355 5450982.889743312 1932.1435990388363 
8012.4520164444675 4997095.939714001 2024.6393322644988 
8011.684435304543 12814960.17491033 2753.584330859718 
8011.96676293558 9297560.542181786 2184.623568708515 
91166.73176765585 12566.064923014912 0 
8012.248828405498 8810184.773901597 1825.7475746154296 
290229.05048734695 3015.9966699749866 0 
8014.214826389741 4545035.476910908 1032.705191539927 
8015.670681348292 2491679.8269713465 855.6364142375074 
115201.63029706778 7060.24251755964 0 
8044.56504617319 560914.9659529416 172.35630148166666 
8014.557332985529 3678689.649484085 955.261323051639 
8011.769843339432 12481612.34090402 2384.872645707393 
8013.379491242719 2289987.2991992515 1231.8082353672573 
106831.83996972207 7884.765816611017 0 
145954.7642960223 5187.792508408179 0 
99384.48574878916 9376.371019703103 3.0740405705687452 
186706.59024161845 4076.899512643321 0 
8011.937146389387 13967765.119914975 2143.3830481670875 
60606.300982982946 12187.665632861539 8.357231221102019 
8012.616857029883 5211026.542061445 1587.9904381387382 
51057.9529372212 34506.575162719695 15.576763087877215 
123476.79140153527 5638.446436280136 3.2155842480228944 
8023.001492270218 3934207.618355237 429.8123281242028 
8011.901692229174 10626004.969486695 2784.0918258054903 
158099.49155367873 5184.455031600128 0 
33730.408831189394 48722.81543552873 2.072197041344011 
8011.949901991463 10990745.42285749 2116.934351644708 
80304.66261091577 11528.5546917776 19.801832767619437 
8012.218513060471 9344374.133806378 1782.6980438044923 
21236.35802399391 74726.27658662383 123.16693745322002 
8012.637009013094 2879804.3638831615 1456.7727815495086 
179544.26996810627 4326.756521554725 0 
8013.4828630336815 2125829.078004529 1160.7879676956413 
8012.631992323715 4699387.517379098 1694.1732088832819 
8016.375656292126 1940019.0210863673 724.0584280752777 
264809.2700492672 2978.3106931871735 11.93749600469231 
195258.34393952662 3809.6175515612313 0 
8017.079498276184 1193478.8960494811 1098.0190392185361 
172333.4495819076 3993.699962126687 12.825834602472913 
45508.82989034708 24461.091226570465 54.93822815976941 
8032.455019955612 320368.260605991 353.1520737088888 
16219.44020870368 189112.44531077342 72.19199354415822 
8020.500269787408 932069.755718847 547.0964693885364 
8011.9182533110525 11645280.220597386 2577.8567384011612 
8019.935580609505 731294.6947267253 663.0046086846763 
8012.431715682453 5709663.219904998 1544.2721954390518 
8011.877475211326 12376772.034727901 2678.9767528860575 
8012.411491649812 8514494.710520858 1712.22619259509 
8038.156388345719 637042.7210673817 302.13337792035475 
40896.42231584914 28607.539012587735 17.160181543444878 
8021.679122594967 3922166.9712460563 476.13855295250823 
8041.567952286379 675815.1100629237 223.19904294238424 
269926.8925315306 3240.8274183285644 0 
8019.393558245621 850175.8348245963 594.0240469130742 
8011.773485344812 10606118.012284894 3213.1956500836677 
294791.99838019355 2886.4073024052104 0 
166633.1938131316 4516.588215605629 0 
8011.721882858819 14182922.822275545 2599.9078579983616 
80724.39207728664 12653.108741899588 1.0137548556937983 
26118.479571676733 53495.47153985627 37.44119449523707 
8012.911563002259 2793087.846415909 1369.2543820196436 
13600.82800049316 313010.0855117421 71.11231028260843 
130365.2120627145 5742.68468737284 0 
8015.1415584213855 1752691.630619984 958.3352134811257 
255285.4398912452 3354.460384388776 0 
25420.12964479026 178578.41847585817 119.99914243575967 
8016.056186163735 1460603.2814146525 792.658893224287 
256385.30488192794 3249.481003409074 0 
8012.864792100372 5338751.496739311 1411.923917414839 
246210.27822913066 3472.2811579196095 0 
133942.59160554 5351.094806276441 16.202834151534137 
8013.16124922352 2418661.5672566155 1506.6958864393318 
161142.2167933296 5137.088297691003 0 
139425.76664352353 5445.994171407894 8.07332913981121 
8012.393041722391 19899370.089241978 1763.3829144602228 
8016.646871082289 1252927.3688122986 795.5258059456298 
