8017.246031398771 10735851.706086636 1333.9895320802675 
126026.72125544031 11266.10903101659 0 
8017.417692400753 15486234.093302723 1221.6338056332786 
121411.97385382859 9071.153583968937 14.352325487306357 
8017.560253192187 4758100.411199244 801.2557481948752 
8017.734079870988 2503276.704866771 1001.4601199487199 
8017.775935702961 3750592.0180786047 953.889364124257 
8018.859661667 1922874.566820148 738.4647908751436 
8018.438183722474 3049959.3101288425 669.052392041564 
8022.571034588603 4328578.558944683 493.43313460640957 
93875.90178352766 14769.535680232559 3.526995573365285 
62397.34374808707 28705.08194002327 5.957738907575242 
30987.809481970984 51700.18095667688 69.70260630910592 
14689.37789989245 160010.0076532895 29.599094017310886 
100491.9043644907 13479.197780814902 11.377365825277797 
56160.50342237004 22355.6434531941 31.0227600710053 
24996.684776504182 55278.700358722395 38.47499109604698 
115032.7129399536 19433.80646176922 0 
8194.608887175471 151626.05492909747 58.302891367236 
83196.91418673753 16560.30231496291 10.22842368286781 
8019.131818110295 1006211.6834915861 670.4836364365298 
8021.622457902284 942605.4949462172 787.5895410234924 
79283.29725667837 16093.221204306747 26.57881186658316 
73810.12579983546 31477.26679390182 4.760604036544629 
111189.32051750596 11663.605292090246 12.956618878158324 
64751.521324721936 19712.09610159686 12.132461781847196 
87137.34093844329 16518.337297439422 23.93252586949414 
51854.724320760986 30463.67802476247 12.328610052354758 
46304.11138713704 41074.71586919255 13.887095316842231 
8023.180781788755 2774525.149790189 450.65475367566 
74839.81138051732 20449.895417718853 3.077698310446831 
103481.65288395793 12083.691281270712 4.7158194503852275 
8026.01509469992 1600060.4764187997 395.8913973765572 
37057.739790467735 43886.83100297912 50.45913810702148 
107184.12339380244 16256.404036626282 2.1654117637162855 
68595.45874670571 50933.20728987039 0 
24795.94937946301 68395.22534394999 71.55337204718964 
8071.702626301343 398852.5715359802 124.21909403612108 
8035.636991619151 1413784.0511265525 271.40469588478805 
8031.848518673851 2032665.5440926705 300.66786714816357 
33939.70708983931 50200.33610319784 52.10632947585738 
90915.82332862292 14805.372180033995 13.811152712403219 
8019.04084068544 1023549.5503960385 587.2866542062022 
8022.838066625931 768998.0219138532 627.975266775956 
8043.409056613942 273534.0414429748 194.32169754795692 
8031.241247773617 2279083.0212498684 309.9245972758467 
8039.755585564002 398812.64211382146 236.6590453578937 
8019.000409969598 1471064.155849048 622.3772497570716 
8028.959785174218 724513.8337963053 376.9922569045458 
68586.16408656702 19434.79820997938 6.56110742240409 
22375.222046580227 83025.65099335501 46.4747549785577 
118150.28220931962 10692.528828845325 12.701231064051264 
108772.79621236143 12523.350477092048 4.4129500261947205 
8049.1620117459315 217725.63137261308 138.57021227857086 
80837.5382804552 19882.15839909003 5.448335690151062 
89242.73489062104 22081.288166614042 0 
41820.68874590427 45692.561976241144 23.118406550725624 
8023.6055424400665 598314.345389071 467.35852704675824 
8024.561373070803 1100864.6216069343 413.0847712220397 
54494.10495876333 23184.29602425154 42.962611093830816 
8022.475731491299 1505232.3855475555 517.6334414484808 
20234.596267075947 111373.5530089418 56.60694860622938 
8041.612507011353 312907.33887759794 211.90541242118985 
40085.81458299611 49643.49764020451 25.54274206315758 
101751.45545215429 11621.348301804836 18.88289535042776 
8048.970729692741 314273.1085661375 166.52464343892478 
8032.036588814436 1046230.1228615405 328.1228545280161 
38817.61646173371 82810.1243652112 3.403992141811865 
8023.554720455514 699367.7817373591 538.4020539479944 
8028.759643346732 1276675.3366016117 341.6028386465586 
18589.06140786171 119817.03487416706 18.998311164844623 
8035.687427948505 399992.9411401529 229.95970444215024 
44591.850340634715 32381.60319861105 31.026509722966416 
8024.8405982042 533577.4231099285 427.82496433428474 
8022.9610609612855 1260352.9110301211 511.5308490826578 
8047.481160421673 236197.97665009805 167.03103036965774 
43291.762135101904 44179.72111497297 13.0889292353878 
119117.95614233564 9857.230819346596 16.60964545728746 
53442.475637706426 26957.439433055428 32.42335463478643 
8034.899279467581 557548.2100231692 353.4632211758659 
8035.016570873706 313119.3284721364 285.38414968092 
24628.728356751402 68641.82000281305 30.868990807186442 
16366.935495276186 141797.69381958578 34.237468274748466 
8021.233942016001 1382625.63185327 565.7458038626233 
21293.612769561878 105837.67705431931 30.26669965034711 
8023.263026400135 782210.0949591179 573.2005167289761 
17775.716034570418 115994.45442669478 31.172630877615486 
8032.20779886381 676965.7445335619 309.94295644382845 
120539.0370592065 10182.51379625538 14.134819249536102 
32793.03886875785 44187.522447347845 60.02871459410781 
8034.8131934947505 499362.2257935155 499.7039021667832 
8022.356543883938 871073.8122596018 556.7141440598708 
8023.269209458037 841039.2782275934 462.2553315504932 
32651.04853668022 58558.425220370744 25.97100800649102 
8021.429685908066 975829.0498110563 548.435664985632 
8026.757329766211 1066628.055887757 402.2971997478927 
46191.47078593691 78247.08604292592 2.0682918396938508 
16035.590255355177 151620.71126563282 23.98142406857852 
52049.4064033647 35920.44163905918 1.0790057426618855 
8029.3670099572655 501532.1578053118 441.54964579581707 
