83297.53251520736 46381.792577835426 0 
112979.56549998399 20374.993288376987 26.341952187146795 
91089.99608836502 18657.093613322813 42.214209652944504 
8025.766331122697 3857940.3434075126 590.4116368729657 
8026.3443105104525 2849356.482669634 501.0299140566954 
8025.180348128017 1732009.7772321592 709.1946744943234 
8025.29598308784 2081827.929899628 679.5987361088193 
8048.970729692741 314273.1085661375 166.52464343892478 
8027.051674432851 1033890.5558895478 561.7646547157232 
8034.063484338662 4425451.868795559 317.8291432015744 
8026.129913085746 1274571.9433959052 521.1717674921052 
94568.6283098419 21373.489306448224 24.983726678753758 
100005.21156903598 21651.705952495788 17.98673181385444 
78942.44279553239 19781.12366168983 45.07741615277703 
8027.811030778171 795068.2670927127 457.8038955966119 
103660.72521112609 25735.58619021626 11.731215545684806 
8027.233137043042 1231571.2125056437 498.0288696247131 
33971.8351731765 43295.45821779482 54.44652366042288 
97491.60534129108 29354.103581783835 7.11321147443138 
20814.145167838084 98219.14405509786 50.98369127821678 
58491.975718198184 25019.67887152443 22.601840531834835 
48384.53990556653 33286.4016855563 81.50861651887297 
111263.50630849194 27835.64758964516 8.378536572565368 
26978.01348338379 61103.09682194536 75.37026947088162 
18581.773772773253 120093.39442965669 16.502802106017523 
8035.207984997527 2048929.8968896107 301.4794760080815 
50847.63496363725 44311.477086310784 4.272663150227549 
82969.05941924441 41931.79550786518 2.093966033581533 
73678.22508824867 23910.20558098547 25.380358934806516 
61820.935052178575 34549.27949900969 7.921431981189064 
105811.37693006276 19205.414017607272 30.26373966147419 
10880.400549764503 239576.6035637487 61.66762730034134 
8076.66545420026 441038.22899373976 116.19340535695954 
8036.160883781851 1395889.9336669473 296.6720196024111 
27911.95965906767 54011.8672323115 66.85983365021988 
66756.466663103 22292.359165637234 49.93764284673632 
8030.930296990973 541233.4011835591 421.69668541264963 
64870.80144980248 29975.29781269282 9.951630418220319 
41140.4848489771 36343.11365491922 46.24830981166964 
8049.1620117459315 217725.63137261308 138.57021227857086 
38817.021302022535 38967.46193445789 33.98369429799509 
8035.636991619151 1413784.0511265525 271.40469588478805 
46712.659130218715 67895.16852080441 2.2584708126059843 
24611.02578543186 72015.23240153224 42.58302553132128 
54881.72170239903 49403.972209719184 0 
35878.92437112919 49377.49700149801 6.7913981787940845 
8030.224487449941 748857.1197590259 435.9627522070374 
8028.579184213627 1424459.8014866598 395.2217937068058 
12593.940016628432 220391.0115733279 46.72215400307865 
8033.5267302960765 1139079.5627722985 333.3531972948103 
107865.377231863 20471.729951537112 21.3542366922237 
13857.436701408185 149187.40358662783 22.195834119315386 
8076.788276353718 731179.8059643407 101.85755742562733 
75892.42241105226 22439.779597922487 27.773690926792256 
8032.374602381344 479000.4655380744 348.68017614098926 
42698.432627156464 45704.45217182018 8.11766302167734 
8029.229136798501 1161775.891796461 376.4036198838298 
8029.286520825557 751773.9003023579 408.1323594129934 
9851.76723727536 258028.29700431423 28.549048607700364 
62958.19967975385 27316.144870786426 11.397336776596356 
76871.68849484906 29146.106420190226 8.880246753377914 
37591.04671658611 38856.85755516164 44.92429972715151 
31591.79269406255 54535.16134550784 14.37974811113073 
85956.06552696094 25476.023108331712 14.644476846461881 
68659.0044417082 43191.7870653484 3.212389417574344 
29673.413193190016 58387.50046498836 21.190819286826382 
16505.68002432529 146712.2948055145 32.184821876335086 
8031.067782683857 646755.0482663003 356.8814957296587 
23169.35112535078 112936.34862347256 28.98499556364999 
30929.49223900747 53343.70971934906 87.36210422852616 
56519.62789734675 27338.503276689677 37.311633436415626 
89478.0758573879 23424.347264231208 13.654069628321157 
8030.72726757997 608361.348346094 391.49823741378765 
69763.94028172168 31972.709062211215 7.1443647067469005 
88419.43941211233 35339.2581929984 3.383393566811251 
8068.8320369452385 321880.4492192558 134.8961171521413 
15801.717487935826 147864.1163287426 32.317493122526166 
8028.554366031487 1287954.2747108196 451.6189876009424 
8030.876344964324 780632.4734134366 367.89758403287215 
8207.255312566382 178117.46058392036 84.9638960757963 
8043.07075955244 323490.46104356524 220.84547572307793 
71403.69619996368 24166.368600596274 33.069050038427726 
44525.302140012966 134826.3295669775 5.992202027478669 
44609.178628298214 38301.21937629813 18.08142952282613 
28914.292957845726 106743.07294615958 28.647357925229784 
8044.347673188146 269709.39747157146 194.52677254805948 
8074.2042319302 703121.6049781917 119.1581086815348 
8023.044321245197 4304954.044426104 620.4544968274057 
51540.32461765487 31476.040211296637 34.84740337447666 
40212.41362283942 43596.02983337225 27.050895411677082 
8027.034615251876 2791938.7195354253 476.2857367823142 
8036.169575581757 333211.2173127384 225.20124179798978 
8034.272943142453 649098.3076283803 341.5788976208247 
8030.593097488755 1264431.9811520684 374.81841416251643 
8025.886516127972 1182196.217740744 530.0417950991136 
55751.12537599748 31280.602513190464 32.96081311787702 
10952.739869840863 243311.1263297121 44.25398337067544 
60233.16165167412 86750.22933754633 3.099069237728401 
100672.49583356158 22765.49897051812 44.51396881188898 
107814.79854455183 34163.33688322862 13.623826242399641 
