114132.60454631702 3849.604015276821 0 
8036.899353357404 147244722.76147592 10519.658338740379 
8037.2116727795765 89691629.60658155 5086.374192051508 
8037.156894679865 84244391.4798922 5784.785686620204 
8037.133553864329 46116499.25852244 8976.583997624655 
91987.21584380373 4627.47865583861 0 
64255.70109146496 4947.046297701306 0 
8037.130851252261 86307369.8928734 6963.906352192447 
8037.206437907385 45438248.82246234 10464.018188473776 
8037.250472656728 36024143.48768843 8677.054609571052 
102418.7977975917 4047.744699086671 0 
8037.250250348287 36073474.70337656 8069.716393232176 
8037.213809318784 38813427.29466889 9609.895267362086 
55373.64577669932 5394.698636848249 0 
8037.336494375933 27033974.56738413 6266.411919215698 
45473.39071708945 6117.66091195225 0 
94453.16476226549 4365.386971270116 0 
63155.39746945258 5030.291715545793 0 
8037.23933797849 37752820.687193856 9160.939605084002 
8037.121458163605 86366522.35370895 6773.461387044691 
8037.250250348287 36073474.70337656 8069.716393232176 
52473.634937933944 5754.109557492862 0 
8037.430510737817 25626809.05726973 6195.239255085584 
36289.14684805607 7890.129770721334 0 
8038.040092006581 23357677.861368835 3789.4031631347625 
100344.84295266007 4206.445918799212 0 
8037.218357701034 41043186.14944331 9554.879908420766 
8037.428448423234 30316433.388737135 4567.0835908640975 
39443.64088494417 6832.56693583959 0 
25081.881067407277 11075.332235022985 0 
8073.7304115842235 6677806.58781445 1144.2405709643579 
32938.13586828595 8667.168978834863 0 
8038.610154060182 17785235.289655834 2844.6135248187925 
8038.572943079573 21833129.684184838 3437.5631244034053 
8041.251031785239 9328233.393642312 2123.3470034199477 
28450.477970856362 10809.54395358128 0 
8083.186376646434 5705321.478417042 901.5461547762272 
8037.374848322623 25696406.54254291 4885.77731938559 
8037.227565013595 38651859.07798131 8871.185968454749 
8037.537578146849 21555978.383438695 4371.82594704529 
8037.218357701034 41043186.14944331 9554.879908420766 
8039.8731256231185 12985495.50505445 4111.07200711471 
8039.092301024041 15293557.677303404 3228.1054583753817 
8110.403927064124 5257528.852432612 782.1517476971136 
8038.245794083133 16517166.279277194 3936.383123317491 
12747.87574040396 90372.0727909439 24.71486567860325 
14472.682968432016 59255.02516824788 15.579006386642417 
8213.3960739116 2888493.2608809858 1302.5268116628615 
16086.815367763034 41746.560106555684 5.63756633946497 
8119.502233287176 3898562.955852079 601.3286527517505 
8040.006956702332 12423284.466485921 4801.959963764939 
8038.932613346728 15847004.88957146 3060.852188232938 
8038.814940132707 15558011.13210507 3613.2425414989425 
21986.379530813865 17594.774445333278 0 
8039.160602210509 13929844.636931105 2706.0333967673178 
23910.577680692666 12205.88746579283 0 
8037.468695210491 29845376.249096353 4395.4478038371535 
11104.880075261917 122255.46913969015 36.56624681808148 
8044.63087412457 8848801.456716176 1660.9403044926073 
17566.394823414354 31339.92104502309 0 
8037.947323386856 18602898.643224396 4637.201794153321 
8038.997746635243 15281588.075604936 3515.7454464721613 
43425.26797222752 6333.938708044675 0 
8181.018610626907 5772367.561719716 479.2355698692156 
30219.37101004477 9640.521301607485 0 
8083.565362384077 4906446.696003717 1540.0132611002268 
31882.67390135865 9513.96515865582 0 
8040.056704692836 12538150.81553889 2560.406161248001 
8040.621285414157 11538234.46297821 2361.1898028003957 
8040.378407022549 10456384.047954867 2665.800626699134 
8038.886155838003 16964365.682078082 3092.1179683217556 
8881.092794273616 224061.60178751967 44.56517898407359 
91987.21584380373 4627.47865583861 0 
20805.776001454473 18600.67172793513 0 
8220.745661398905 4440488.280537576 240.27279251378744 
10120.90814910639 221507.05473620837 20.949314726337704 
8363.041092637894 981004.3268455645 369.1927192510482 
8043.081625101438 7144125.638920613 1821.1640671044202 
8038.064782908258 18098356.14859434 4070.1595280913416 
8041.504445399785 7457912.103857926 1946.9236984825468 
8038.038989442222 18637539.430895377 4491.052074131464 
8037.539845146188 20347118.940879796 4545.966185156038 
8730.254630171145 1595492.7794680444 96.27736232323703 
8473.131720569543 2370825.0216162703 156.56099834986557 
41311.19730771186 6596.567061216643 0 
102409.98693320197 4053.2873134781394 0 
100344.84295266007 4206.445918799212 0 
44063.8278202959 6305.803062987952 0 
8135.756632287871 2961451.212681794 566.3476763478337 
19561.48445959872 22549.599459222492 0 
8040.828032796876 9673100.326547727 2298.67497380428 
18793.40373638015 25448.82020481478 0 
8065.788686703339 7679870.0529784 1241.1220075628146 
8037.121516143938 86344652.51600663 6774.153732448516 
8196.91691100388 9954514.12752591 362.9518482095525 
8041.00814266811 8025705.665860808 2443.8564803647005 
53505.74491623916 5597.4299511050385 0 
41311.19730771186 6596.567061216643 0 
8041.554493470274 8290681.909655996 1922.8639096402617 
8037.68171758306 20633652.940542016 4444.43606781328 
