8072.209519790915 96017220.18401921 3574.274078759864 
19857.851803996626 62601.72728031787 0 
8066.259676839618 83746200.71285704 6256.18942935716 
22735.339572782384 57265.103545541104 7.251264153690258 
23103.974561032617 58776.59237475329 6.064089846754096 
8071.418730485266 62034601.95915969 4320.169876870325 
8069.2062859618 79888563.99976787 5380.851552237677 
8072.971628513902 40257899.507986344 5714.140422795616 
8158.523468373307 19406181.791874003 514.3085078712181 
9818.586334015741 365375.50417263305 76.85194505296184 
12967.392189554794 319044.01895881654 109.48804200654124 
8068.22268287006 85284823.63046426 5147.142180350458 
22229.009808375755 61444.02758169495 6.064089846754096 
19857.851803996626 62601.72728031787 0 
8067.099780641575 87886003.62965885 6014.9857958263865 
16633.79568790801 94887.60788991796 11.12151118323488 
15251.951875247954 84567.63581949454 15.560507663858509 
8078.42573506909 10858527.399496572 3811.5749997920434 
18204.84052563105 59049.047046906315 7.177710699548503 
17255.195576058988 77002.1141445683 17.509151964856702 
19428.67092280804 66642.36022504934 0 
8077.894133704512 12790639.757327558 3248.9112567565553 
14033.084997245602 88601.76034911754 22.336155807176272 
8096.955690546732 4803441.726609346 1940.5652465190517 
8071.505594824347 56495132.85989994 3719.4111366385623 
14952.85902046493 96109.55124711168 18.563283236064624 
8092.838093634979 53346140.51741263 1104.117255872772 
8086.42715807697 44923566.61200508 1733.693041093183 
13777.29178990179 106096.48189312694 29.90320116731927 
8072.430967317302 55907991.84140415 4091.153183084042 
17863.554648191097 82167.74117244635 10.872038109940505 
8085.221108528952 49735650.76134208 2360.089119920716 
8090.189805740778 40904721.01584107 2187.2095611120358 
13092.100187509059 110599.0022090037 28.409640991119264 
8073.061314135189 56109987.09200496 3483.9288910034425 
9215.719082068474 2086030.2781353984 116.42271792423864 
8085.376971463588 51758415.46442651 1311.2660036991497 
8076.619452660444 14765739.094886193 4282.5206663830795 
9649.580138693464 364616.69694108324 101.76465733338392 
8094.292374375389 11200172.12891936 767.2938554071366 
8068.485631298284 82747781.25152881 6222.193959638722 
8067.24320393728 83112814.05640258 6191.591521899333 
8067.23443352996 86542641.8922616 5875.268560896736 
9077.603249638429 986885.1835528447 133.93843870814305 
8133.40223025832 3304651.520282588 853.1390750227108 
8079.534402989255 8815925.958285231 3179.2656943635125 
8074.362018202864 47311768.34936738 3574.861107684481 
8085.345456883399 46605581.5729987 2194.0319904233133 
8079.02743554845 42081666.93927169 3028.1784782908207 
8067.212566420894 86567609.31960897 5896.371024546191 
8089.494269699779 46462598.73980915 1593.5527733742579 
8078.380813804354 42363823.02906727 3160.5054761801493 
8819.738705415497 456212.9539930334 177.30461232937603 
8083.261395117436 7823429.812752885 2697.340349471393 
8073.666611064797 45933808.940158896 3698.603420346807 
8072.193615430935 49982897.878322594 4167.333118871941 
22727.866999247108 57272.09472362591 7.251264153690258 
8105.010845832517 3996484.4285598737 1486.663030530935 
8145.592135473853 14192186.883963676 525.7601977299278 
8104.78797557638 4089864.0425112285 985.8742389353937 
8077.013170734449 51038987.18222507 2616.2760252716926 
8093.512521388828 5430230.157501478 1665.50728675046 
8086.328669625549 6719912.362769362 2532.62691922276 
8108.036693647677 4387231.135472319 943.9089666449784 
8086.143470038939 7159545.554056662 2821.583269083197 
8076.906052313654 51485101.977961615 2900.153597380256 
19821.326815927863 63496.53814516542 0 
8148.211615493856 17326772.537960142 522.8385906117682 
8071.856091770552 54909131.11527234 4218.85924756253 
19428.67092280804 66642.36022504934 0 
8166.005019572642 2646127.9871337772 664.7813749466161 
8090.248280768379 5811629.408782417 1432.3006693102957 
8176.658505762617 2543552.8752376726 587.5737326704884 
8072.812787872034 53007395.4429236 3532.9595155265006 
8334.283355245367 1609935.093608038 293.62666627355253 
8703.722268544434 725979.8664910459 170.87658990723074 
8073.235572029378 51984923.804535635 2891.363019159083 
23043.570689886248 58905.909959886885 6.064089846754096 
8090.023580369349 6872790.121933505 2491.3589809867794 
8075.692827137531 56396751.78909584 2774.2649155660224 
8151.500785256601 17363794.838933203 521.0985562078405 
8194.05783445489 3232440.1631342466 478.6358452797259 
18173.474387435424 67112.93267739106 8.515389231146955 
8072.503148097662 53045103.22848841 3602.6628444660446 
8097.178571017371 5560343.582677273 1389.6029803972726 
8081.0694981991255 8070489.521964217 2409.7113739467236 
8529.016599791785 1421794.4889801932 208.96056194203652 
8074.081025072737 51830080.34306578 3081.987373428072 
8116.800364731042 5748976.946872999 698.7500922512968 
15125.66462300631 89268.36544267373 14.82257740917387 
8071.849334969643 54956044.82895806 4237.747553544907 
8080.347334383507 8606246.640975095 3147.394850820699 
8405.877527512723 1105393.254193738 256.49292751707077 
8177.138949169957 4005477.7505912688 424.036614211603 
8075.90344145923 44960157.772819474 3032.8120031622375 
8174.067910601982 4857980.734054332 355.52495317240067 
8628.011518881041 1278676.937445403 221.85719579967298 
8235.02977592465 1663674.5749522955 282.7442624958067 
8213.22165889387 2330370.1713363375 367.4984785430747 
8075.867183218266 51688613.94352081 2607.8701435741623 
