22668.01612230691 38411.37227402491 0 
8012.156724152901 27659035.582248777 1791.1381995852448 
8009.82739518987 17913784.413649395 6409.111670035345 
8010.748885789575 21639939.58121094 2439.6123618351066 
8009.898286105439 17061360.14574813 5440.212215305572 
8012.156724152901 27659035.582248777 1791.1381995852448 
8009.979809830647 14224159.867182968 3970.4901802017835 
8009.876147291777 18492771.386516433 6342.455568842142 
8010.003346528777 13982032.621501436 4910.033686375446 
22040.346783845052 39741.26394334585 0 
20461.977152052194 40520.0963097371 0 
8010.03697213504 11137424.901370576 3596.0339303331357 
8009.901185144343 17399658.15568085 4955.309286168033 
8010.287619456914 15274628.061186438 3200.3599905704696 
8012.5305905114865 16122065.36018741 1750.665245125897 
8019.84505527334 20802824.303692285 1077.0601026128154 
9014.254356652262 1081719.4377247607 195.04349157277912 
8063.446390458846 5347971.702355808 611.3985088376928 
8068.650081022609 2714159.100718491 556.6149527675309 
8012.886465808749 14549273.21156485 1553.5530836231933 
8010.523052026809 16911016.15510359 2537.827061394731 
8024.996795154197 3692555.24980538 718.0134408384763 
8010.4510978755025 21602595.67190289 2669.3929936711684 
8013.3606302171875 9579401.80896705 1376.6397222631126 
8011.100670704037 10679747.10157127 3089.1556029886015 
16898.823531327795 54052.080411023235 0 
8010.333885774539 20095472.48235408 2935.09582315818 
8011.37474985333 7477305.594618425 2199.8842765062427 
8011.932324119137 6408888.972877795 1890.742703404454 
15064.775887361233 75265.73426976777 3.280831029214836 
8326.511591550596 310893.5858889831 211.30292796688965 
8020.9359354920525 4442865.015441661 920.8547106835763 
8010.419506413835 12237477.500403915 2776.830449514288 
12370.63414982257 168412.04581364457 46.74734871308897 
9388.381737509688 1372297.5797326074 122.175758337929 
8012.612440991219 13528903.352816032 1584.8495642177254 
8011.218402939231 19449321.04053086 2272.5709495299216 
14481.65006450516 73884.42423815989 4.592826720031006 
18388.238666508307 47819.215664390664 0 
11940.891042341804 151672.83995306972 52.872235656096265 
8127.604856599753 1957790.104665937 484.6589298558031 
8021.849430175094 5844988.262829228 826.7256010618155 
8010.2029174559475 12010241.340994209 3343.449734474002 
8143.378577224956 656460.7751820881 279.89277648766387 
8010.34229790487 12926782.081047263 2829.041850906193 
8093.634900282498 10884883.017525468 420.15815403966724 
13976.208377019935 79801.80033840361 4.188923797189872 
8011.179976514732 19023967.322130803 2296.3355487151025 
18845.473909773642 47723.07120249148 0 
8011.178725758713 8544488.679167077 3415.1344818252105 
8019.873410433797 6867620.926153883 972.8218419621894 
15978.563539746843 64021.461395151586 3.4000935058655504 
10613.898837101864 1262642.2014040097 105.07240586910706 
11706.024802852235 399011.0580319128 83.2631624325988 
15459.890829517219 71632.58989229142 4.578743553139455 
8010.784199057728 11645834.24197534 2413.015464203203 
17863.546920380217 50913.98140840725 0 
22363.932538327404 39735.843737529714 0 
8011.3000992956295 8539357.87907283 2433.283848966057 
8011.457618212882 7170919.680592826 2169.7777984151385 
12674.98537257599 139216.79191448586 50.280184995928245 
8024.620266760492 3714415.666001616 802.2350399274624 
11107.354184672984 843148.9559947067 141.75268795009282 
8015.630629174635 9131573.343057163 1202.196404549565 
8073.589503288536 2264571.481878542 464.0868539720942 
9825.49592152502 1086114.3168178287 127.67595469678959 
8015.651928607 8738544.497452417 1214.8962169839842 
17455.520075203873 53967.89703690245 0 
19958.351639347176 42480.93109860809 0 
12925.981909109625 141272.6613480614 35.43460828880246 
16122.704035819537 59550.1333191707 0 
11434.697822668157 234194.78839723876 96.93602344394672 
18086.73142149746 50632.9045481554 0 
14287.213069139072 78042.44042343945 8.322162556117155 
8020.048884458194 4336561.111196293 957.5970366150348 
20192.494483465525 41981.20572738 0 
11298.04254341288 821267.5113480745 170.48518263827287 
8013.3606302171875 9579401.80896705 1376.6397222631126 
8011.464056627818 6194597.060863279 2024.6667588317289 
10814.692052408946 632829.7705449361 196.28390612112105 
8010.901552056746 13331646.059736451 2352.707238383497 
8011.165063251336 9330682.628785575 2884.898601375199 
19649.818610641378 43220.244585292705 0 
10281.690524780512 1265251.5377602507 109.59708886333127 
9826.097075938 1084028.465440637 126.73994731081775 
8326.01042741302 441484.125359748 236.18709287566702 
13583.7930105324 83459.00425435996 6.677918839230882 
8011.464056627818 6194597.060863279 2024.6667588317289 
8010.290482975124 13125595.29713556 3073.4133837689296 
9361.208360802511 1371424.8763969126 123.84477298087039 
8010.340843430562 12079987.32168664 2983.4430851796405 
10281.690524780512 1265251.5377602507 109.59708886333127 
19077.56121636937 46622.29495559201 0 
19254.46379598155 44560.161035401215 0 
13191.353314340353 93679.47408253523 10.785681233072351 
17455.520075203873 53967.89703690245 0 
15335.315115544825 72247.96408217304 8.979237796443282 
13527.173903491801 84967.00118069704 8.948112459755214 
19486.288122299542 43465.1064903558 0 
10944.168676501205 357203.6933553729 175.02491390969124 
