18821.640907535817 185404.44683631137 24.287977811157667 
25032.138652610152 230919.9981157019 1.1274217511482747 
8142.556496626728 30373387935.331013 10596.720788553903 
8145.444796802267 204125517.68721172 1744.5867989025915 
22557.37142286029 336738.4079497865 18.02724490685774 
15089.495809287127 721384.7595360421 151.87904164480548 
13834.327195050426 798802.515002799 111.65675576964101 
24191.480702820372 256811.2169556163 19.779434047348197 
15510.027339679566 1237879.4524086332 100.04903036996564 
13178.257057291856 1347003.8169082354 174.530559125494 
8157.856260016003 18519600.709282093 1267.7540663492773 
23472.872701734937 308848.21716012486 13.955485201229665 
16095.582375839886 620142.6486336538 89.33997806802991 
17626.514514179053 522660.5291036584 65.88691295168462 
13571.566794265791 1319569.1470078067 146.62068401998152 
12819.016948816246 1148076.7598369413 230.01766886537214 
18218.933549504443 269987.8263972027 36.92676231774666 
17232.111615848644 821312.1662749756 81.61130106676899 
22852.973448270815 295755.12771716254 15.73957393201784 
8958.00895022131 3969432.2889407286 894.3580246718611 
11407.209340545713 2289070.6967672007 282.4849012597564 
24559.19971454265 335127.379155544 13.136111498300934 
23383.438995516633 303365.1182866794 14.72230159191931 
12538.312450978634 1120966.4408211214 288.42755030646083 
16297.742407865757 611346.8353587128 114.78490159109137 
16560.455742135513 869432.6358462075 63.73559770875947 
12314.389369728206 1187026.6923106292 297.1034893417735 
10735.39332361492 1937082.5255791738 341.3396500407259 
8680.81703042776 4389922.983807916 432.6575647803153 
17004.975743978746 549366.2092818702 85.85902166749526 
9171.410860965074 4256668.739948751 398.6311291341609 
11767.072383735285 1345144.774457718 257.16598369412395 
17937.100443119776 433511.99475402525 87.88761927620193 
11702.559388352418 1389784.4854371673 360.77548555725684 
12107.003861887497 2351781.164522847 226.1953060142958 
10429.470301497151 1432797.8839495773 529.1969225300735 
10994.121797449729 3136082.181224183 309.55351795345433 
9668.48899432117 3911529.7882810654 408.57573899542007 
16755.898869320135 599093.7714523462 129.48881666151678 
11999.73341467294 1338554.574991369 453.69850416326534 
22764.95299380023 309024.55709394306 20.370031224194534 
10155.833357291805 1753692.5498650505 431.9375505404952 
11181.808324756365 1813779.8042979585 312.4659487801422 
8521.821170264277 4877351.533058098 559.3371980462914 
9431.01511436166 2396275.5145539963 785.3992405003358 
16826.525212827535 843183.7509184161 79.00692298556682 
9952.485665281032 1770462.2111278633 556.0722545169056 
10579.424878471084 2187067.732212557 311.2716416370136 
18111.1540067123 518600.9746941723 71.22226152195816 
10155.833357291805 1753692.5498650505 431.9375505404952 
8162.444189276606 18139640.996747293 1217.1587108129436 
9341.105250347598 3320656.118184577 841.4055366268607 
24730.37480667545 313435.54874106776 7.979066772641992 
11077.33607175437 1466156.1247073377 324.4622724795746 
8147.762541589701 26423212.334453743 1048.7838258823917 
17992.923352941085 423474.81201645185 78.60253047648938 
8201.599453030625 11315295.850388858 693.5201869690261 
8151.769895737992 22917543.702779077 994.6146072995471 
24910.018659210647 299161.0517249526 5.359496161336223 
9829.393988801756 1916853.5070796218 526.8696093844118 
8328.643143296824 5166289.0873526465 550.6658862204351 
10490.133627579144 1673197.147732842 384.8130770214875 
18212.75605352605 714809.1768474064 54.38717112346599 
8212.36029306721 9656874.142386507 916.3968752982707 
24771.36728316184 278353.4686435259 8.945127263872783 
11155.70298045357 1465996.511712839 415.0529076618592 
12034.154003765885 1318772.7862225194 441.7191497807584 
9916.840128516651 1519145.313946244 596.884824977066 
8390.860999144881 7386621.234157744 507.74382198704706 
8167.0205966779195 13164979.073372768 1131.6455192054066 
9741.644582744608 3055908.824845821 354.77907117917385 
8440.92545145677 5870128.054550612 466.9300044661022 
24925.675225304218 197403.2081229221 6.166733567496553 
9865.535594758689 3002566.6858084095 361.0696048168123 
8278.628568639468 7744297.9300432075 575.7455076033552 
8195.14455743516 13087960.503264733 849.9173390660509 
9414.053289609205 4002857.222577674 595.9273459733304 
8250.904062858928 8421915.173119709 753.4826196672573 
8158.8132547013865 20475310.90196331 1069.8846461393043 
9724.968464328422 3767061.695415865 492.76662928707674 
23383.438995516633 303365.1182866794 14.72230159191931 
8418.939713260774 7830145.640087436 484.4100356610403 
8169.5186548882875 16226055.849246858 650.2485596003376 
10485.153140505772 1692045.9181137532 397.2706998978474 
8206.514857447557 11570196.431668155 629.5059495423803 
9345.934900288832 3807509.3004272366 788.2867327915093 
8157.984718019336 20618497.08021621 1112.788279030742 
8170.706976862772 11707703.068258354 1015.4170479515572 
8237.820479405633 7362378.50380314 770.9888708285183 
8169.066417635748 16508736.372714516 1019.5458663875291 
8250.904062858928 8421915.173119709 753.4826196672573 
8227.950618637346 15128389.5425842 581.8192266535536 
8197.855879727287 15633348.03634249 815.6306142536699 
8440.097944351757 7247318.409840854 496.552200564122 
9342.529961432152 2879698.9405738586 815.3194323171892 
8214.767159877005 8595705.54587242 790.0477386075887 
24771.36728316184 278353.4686435259 8.945127263872783 
8204.949943647694 13278812.074111298 642.1108045829769 
8213.84878205213 9363148.60849824 906.6882623454005 
8215.780886966355 10851821.047177367 777.7190667660636 
