8063.992351224031 111955087.38285913 1461.8744271791797 
21474.058240706407 109455.41601910495 3.865598260449668 
25671.711859300838 125844.9229838714 0 
8065.4178890018275 40059799.4929506 976.034914878605 
8067.892710634968 5895429.800940989 983.4870677388768 
8140.475826952506 15146868.13284504 567.3456931295209 
24807.524486600832 130113.11252154098 0 
23202.625937529112 142362.76361644026 0 
8098.029262525818 13027213.437903175 730.89237081336 
19159.23176450286 119697.04502228831 10.823462558152983 
8103.885528635282 8921370.5150649 661.087000208448 
10418.275819357092 847072.9040284805 305.80047134918425 
20455.902956755104 138249.58393563228 3.9261981121902942 
9633.295365035043 1314044.4391246885 263.1500887717427 
8382.809079471874 3061691.4392406126 361.52439361155257 
8123.283533523949 6978200.13690265 890.8472147155655 
9062.362489593781 5159661.987520475 274.8270102509689 
8124.526484564279 6956179.8267256925 821.1893311491895 
11556.726414949313 1161653.5609320812 249.98533411753402 
13137.678926264065 491092.0339589876 145.6857742087372 
8065.765803712759 14377878.518244121 915.6112236164992 
10865.682026985034 1175785.060249029 193.68050626535833 
18331.44903139955 153837.21190134267 7.190623662756316 
17052.301883410408 155811.8331437597 14.608046656719303 
20683.901964492936 119318.80142916017 3.932137884196366 
23083.883024012754 170131.82820562017 1.0085045753236492 
22266.96257889675 185872.13051917357 0 
8170.945934823959 12237649.813506568 411.74201045226795 
22266.96257889675 185872.13051917357 0 
21301.311060601627 116269.22427241816 3.8661036267230537 
17388.404693592714 145523.73435414475 15.303926258058812 
16262.254212649137 212394.3093020819 29.685421771465393 
8103.370530180392 10972578.351678815 747.5715775408548 
9514.441400684953 1378577.8625044362 283.8395501654403 
14626.762919948236 282750.3782156853 95.36679625965989 
12430.487257886176 1797542.1595076115 167.72407497014814 
17724.45412825865 133083.32198853744 10.876729976420695 
8066.4423461001725 7569047.061844105 787.5911457991024 
13362.462389187713 674878.6775917186 107.84815967196732 
8257.124753374796 3699591.4121576073 523.3616272660425 
8103.973819033706 7164674.464352423 636.0003669862385 
14022.66414107297 644213.790359575 66.20266444353325 
9343.097653464487 1523986.62156271 342.56102602101873 
16561.81865205795 169993.5501419789 22.771299309662183 
18662.21279865172 129074.94592082615 6.011926987637921 
14783.471637548528 276283.75284689874 76.88671664031658 
15481.265970188913 213489.95658916683 56.85736615431177 
9144.421941721073 1983627.93032968 374.91610287833566 
11827.777788496258 1009427.9951664207 198.3322573613528 
9102.87382807475 4989239.581257636 313.0248662010846 
12826.839680414487 818985.8530137831 116.72861432597249 
15978.040505593739 174846.94700236627 33.80735989425398 
11947.721196231958 693595.8013211164 235.9940194472153 
8124.694448219778 6653001.62005166 812.4873893248673 
25277.778761422058 126163.27110828366 1.019471795983012 
19097.014638037268 122799.00401763688 10.810484459889647 
10589.786327777723 764198.7800193615 256.55960262864994 
8121.3545751057745 9466222.680184588 620.2514524729972 
14380.213400720068 984320.3957842086 66.09752412051553 
10805.789477690438 2165566.97931396 234.51238234960854 
15865.310348197652 495970.5361433157 52.45949242741169 
8280.03837104876 2660428.3310351213 383.91390535813946 
12183.665290432447 7099460.19515509 181.0449376872902 
12737.355049211032 788120.8151353014 132.3802384253639 
10846.820409849652 1400858.8270520326 222.15702225445358 
8175.207309810232 5007246.957012979 771.585124569558 
8065.897335632993 14186019.554881021 911.5187888052704 
8158.967965847851 9752663.723413965 437.4956086900388 
13868.01307632466 436564.9797808816 69.86210716344935 
15093.884999121965 799906.4099630418 57.94826059820672 
8156.491444733014 7017343.4422104275 539.8564529002554 
8186.101175328904 9216285.502322257 461.9417258499594 
14498.235243908444 409187.8606531436 78.21055408381815 
8177.428041213929 5455795.100886241 507.85583028871497 
8125.87281693634 6072147.3679854125 600.2278191656716 
13655.428319887016 419124.0809482739 120.23775559692149 
8184.234070218148 7918673.743088435 475.15808962008055 
8140.92564233719 15124080.132058159 562.5401210157274 
13467.848796031565 428791.35892149876 121.90542059887319 
8263.65602242844 3438482.5693776878 494.53748161734137 
8153.93240966667 10890607.829867324 442.9812012203362 
8224.046363316733 4477672.966173466 481.82829257073166 
25320.743724507516 126226.75168576892 1.0187508394111089 
16561.81865205795 169993.5501419789 22.771299309662183 
12599.248795420386 352645.5552431148 171.14694924977488 
9343.097653464487 1523986.62156271 342.56102602101873 
17712.94659876376 131977.303962485 11.136030570385914 
12336.800197034467 741260.3111384118 172.4669920700033 
11751.916524840291 1196682.4594073272 181.51013655114897 
8201.790430451856 10971643.96594708 396.6634016168864 
8207.896622913588 4759142.690900025 589.4284974029314 
15916.046797937659 542831.7252594754 46.878203904359644 
15208.234658953057 281164.61670219677 62.53147212720163 
18561.96262207913 131497.55358589624 7.004339859487386 
15354.679780304534 266049.50459528563 53.867756906650406 
8142.427372705417 10202793.989809643 592.444179648929 
8224.611198232413 4735427.843759407 356.4369926912552 
11629.638488394236 929284.4164131742 251.4408840029513 
20457.767508827124 127210.45448632301 3.588520677333716 
23111.637066723877 144484.05080545865 0 
