8018.984910164355 37729163.10574767 1723.9289692525142 
20869.714984102633 56069.06757842576 0 
8024.632421362661 16915043.793076944 989.1356899198934 
8022.087417321241 11458978.466306644 1171.8003752339107 
8024.632421362661 16915043.793076944 989.1356899198934 
8022.156481796706 5387129.654943951 1327.7408028756986 
8035.381558726931 10451946.100668786 769.0591429462031 
8019.420560298751 5616718.412479489 1508.2585651964941 
8035.451037625038 6857592.851882341 738.134286120887 
14088.34662480819 206807.59809527185 18.627796554487425 
8019.420560298751 5616718.412479489 1508.2585651964941 
8022.696129418544 4541949.683533883 1023.4360053569584 
8026.0428121414425 4792633.2900773175 850.9367152339297 
19704.42883793405 61336.81000435204 0 
18285.84701919705 82226.74146452759 0 
9633.295365035043 1314044.4391246885 263.1500887717427 
14629.975034888095 117263.34485049872 20.67151328977556 
13244.940905331852 130727.51728175071 19.4978995931428 
9840.337585586889 902981.741839644 253.10872905629122 
8530.996545058295 1986330.2955637712 237.9942729339199 
8133.205079053665 3871963.8421632275 337.8978253943804 
8112.651352682704 3187424.7620333405 372.26441124865323 
17648.365553673473 82934.89057203976 2.04488650496311 
8020.124457613809 5438118.0992284 1244.1508402666518 
9031.298458309377 1438288.3944909195 196.75653050649137 
8075.704671088486 3445239.3910634844 415.97577395146874 
8358.525587018696 594440.4987191001 277.17557911166097 
8069.627403830229 2045365.5457640917 464.583763736231 
10204.34317119058 1392162.9094232298 222.2884545917948 
16043.553287936807 98793.19995715795 4.185961811922589 
8035.488356631515 6542135.969946517 734.670326382748 
16658.052751615316 99618.40814776612 0 
15530.860735962271 99935.18834731635 7.213151898580042 
8253.475105087173 1546934.708852124 593.2953794437868 
15035.511991649459 106395.76555224347 9.454681125905243 
9031.298458309377 1438288.3944909195 196.75653050649137 
8020.130009228624 5408230.620724336 1241.4485673581016 
18823.788621762593 75519.73564987202 0 
15511.374605114332 103066.56800235994 2.036838083331657 
8063.935559885397 3388497.9289360666 505.5341710831816 
8074.602894786243 2621373.9030133095 433.763756776638 
8037.491502099814 5706145.9912788095 708.0997328878079 
14984.382528588736 102444.66342417776 9.732441472208128 
13189.794479119173 134595.6899986118 32.72539675757215 
16986.98234856418 79717.17380271734 2.766031339871838 
8059.684136190724 2823807.0459301593 522.7516280526648 
19423.60786401919 60083.95584346424 3.582605650014398 
8037.796880016012 5003809.287934301 688.2533654415325 
19197.24960642993 71447.11710796932 0 
8066.772533662173 1742171.8431372934 587.9925308042357 
12364.230783813127 283587.5138004675 66.74812107833763 
11901.079505294838 266998.31461119506 81.7852850776764 
8026.777724324846 4285651.55074648 821.4200042574017 
11159.147153732096 737782.6244424529 168.1161451531404 
12035.882393229138 215647.83944110153 71.22522512225683 
11597.581569271053 644018.22272838 106.30395940982721 
16423.39543180896 84373.38430233533 2.766031339871838 
8057.591020561861 3892300.139848765 628.1536886094054 
11753.739352649747 2315932.6884699557 93.36059373891241 
10833.903732418852 1196158.4209820875 203.3665279175974 
8038.135900530113 4055579.7406084538 675.3546414404792 
8059.021326926993 2491624.208112448 552.2804941278761 
18990.65683745888 72741.41262656428 0 
10972.947828415236 1190186.9178706864 187.70782932359668 
10642.595967643241 2030984.997155989 178.93617962325806 
8057.569944227509 3090729.8849053206 659.1958032233439 
12527.017237575108 206143.43742387032 43.8663348634689 
10308.339626365896 2994158.8961887173 177.8684396163109 
8022.839027508851 4443570.280961283 1009.979127818388 
8057.206704042307 3849532.665735151 638.5762688005861 
11221.94946788095 316242.5308902366 152.2601254528979 
12899.744941041932 172859.2522995272 39.877387875624436 
12640.601246353943 181916.25466063668 37.62041519017623 
11476.609757873946 327591.9570603222 124.49905915232819 
16274.37724986787 89961.54011426886 4.808573180455025 
8163.254989575815 1962006.1790854712 272.5538438906376 
8383.066512297852 1381797.4370427663 243.07741576963917 
11328.561573984913 296597.6192538194 148.01008592511448 
10519.50377119586 1266925.170074828 192.27121148444553 
12638.259197415184 185951.5774746496 47.202316010008104 
8027.944750347888 4314605.986709349 795.114431025074 
19633.215870393553 64531.765622009785 2.0423315229642443 
10366.622991647353 1352259.9757920636 207.18725153367632 
8068.242469384032 2407519.8585665305 548.8760102532785 
11804.093276373707 321617.63445534674 111.42411209311216 
8037.429926649726 4618268.557690568 785.9868353944617 
10447.019269750897 1343608.857082673 221.12651075734593 
11405.81809909539 371868.4108440372 138.7188323169786 
12899.744941041932 172859.2522995272 39.877387875624436 
17247.09983460088 89221.38121484903 2.0467270504340176 
12185.52116568138 210345.89709678266 106.94158009808802 
11097.772919574842 621949.5106512834 179.92317102160234 
8026.239036031204 4322657.619027727 838.9667458229915 
16129.622608631382 96858.98059650614 5.88926629834572 
12269.291112164432 549468.6919344347 68.59095663275048 
17404.379028507534 86674.6587179433 2.04488650496311 
11424.00984927158 1609975.9338064552 129.62144490899652 
10909.195024802433 479084.3238432718 189.00030450961214 
8037.188157681498 5410706.047605213 710.2740608513739 
11728.843723616403 349720.6617590842 106.8939368124957 
