8051.677501882192 206286520.18567595 1728.1247362303588 
8053.662357039795 206943793.44610596 1495.9464956363413 
21199.763179143534 105954.60711497304 2.849750268042672 
24277.326845665906 113927.582373153 0 
8060.791253285855 15370164.437615093 965.592047230197 
8064.816602607589 10930847.984312607 1017.6263045578726 
19437.961125507612 194172.8499256473 3.932012154760491 
17833.605877685048 117885.3085304689 4.881883572282308 
8066.436658537743 7509664.934044238 786.8621487601492 
23577.428704851816 120264.97738592184 0 
22287.765257925123 120689.4602087668 0 
20941.7988135779 179895.8974428441 2.8467592878894745 
19939.295981699175 108909.94338105796 6.602394608938762 
12308.129382091141 1220122.181254963 161.9937010153648 
8382.809079471874 3061691.4392406126 361.52439361155257 
9633.295365035043 1314044.4391246885 263.1500887717427 
11743.059390242604 616509.6332118947 169.84373594481687 
10418.275819357092 847072.9040284805 305.80047134918425 
8079.185624164748 5408497.0847235415 860.0645980711388 
9062.362489593781 5159661.987520475 274.8270102509689 
11460.52073061145 1033227.6801676775 247.17296494964816 
8082.7065645107195 5034305.860064092 692.4936866760515 
13524.305559271328 629381.8708258282 73.15073598378021 
21452.57535804905 110052.57308354312 2.8466318307400416 
22201.585843184872 150977.54089692206 2.1394536161914095 
16399.327357929036 154364.56516252604 16.726040325719083 
8156.491444733014 7017343.4422104275 539.8564529002554 
13000.924074522747 360930.26159413 80.54538961187531 
16934.84181591124 135997.91352669566 12.31041670803935 
8103.973819033706 7164674.464352423 636.0003669862385 
10865.682026985034 1175785.060249029 193.68050626535833 
17163.87182389091 129336.70112006068 6.011926987637921 
16262.254212649137 212394.3093020819 29.685421771465393 
8219.783997805347 4321338.9221186675 486.22336080980403 
8067.501927132453 6813276.572353154 922.4386842158782 
10774.623371240648 3575345.0241391994 208.64593938788838 
23723.23494416967 115730.21970482115 0 
12641.5925247552 1030734.93199696 145.96547236074863 
17649.392673314705 196757.59024743811 2.844218493031283 
8207.896622913588 4759142.690900025 589.4284974029314 
13868.01307632466 436564.9797808816 69.86210716344935 
14365.180072679696 450816.38510037924 62.702796029048116 
10589.786327777723 764198.7800193615 256.55960262864994 
12826.839680414487 818985.8530137831 116.72861432597249 
8064.927903981916 12065857.495936502 989.2026408548576 
8170.945934823959 12237649.813506568 411.74201045226795 
9102.87382807475 4989239.581257636 313.0248662010846 
8065.897335632993 14186019.554881021 911.5187888052704 
15978.040505593739 174846.94700236627 33.80735989425398 
11590.452857243808 812673.1080687896 195.0748005287038 
14022.66414107297 644213.790359575 66.20266444353325 
8068.337418858213 7314517.291671656 880.6794033618667 
8280.03837104876 2660428.3310351213 383.91390535813946 
8158.967965847851 9752663.723413965 437.4956086900388 
15695.044316950141 171548.21522067572 34.441022036018346 
14626.762919948236 282750.3782156853 95.36679625965989 
15591.851621897102 224157.86318221389 44.7126343431286 
12932.515276972115 416096.94989643246 101.46658283725371 
9343.097653464487 1523986.62156271 342.56102602101873 
8074.531330959686 6052929.968862041 899.6777629310315 
9343.097653464487 1523986.62156271 342.56102602101873 
8113.401852260209 8591362.470409155 585.8706590551734 
8173.599617204516 5003621.830073977 467.8528773546184 
8140.92564233719 15124080.132058159 562.5401210157274 
8201.790430451856 10971643.96594708 396.6634016168864 
9270.845594760714 1953705.8081342042 688.6568337003797 
15354.679780304534 266049.50459528563 53.867756906650406 
10805.789477690438 2165566.97931396 234.51238234960854 
15484.962012419848 493580.0974601295 51.89871323438652 
9514.441400684953 1378577.8625044362 283.8395501654403 
10846.820409849652 1400858.8270520326 222.15702225445358 
8162.934737232852 9748850.704265103 450.2603376211729 
9144.421941721073 1983627.93032968 374.91610287833566 
14498.235243908444 409187.8606531436 78.21055408381815 
19583.537953083985 189196.07904870168 3.9261981121902942 
8084.783085949652 7121119.897533469 678.70098765695 
15868.648508262922 639120.7544889769 33.91786096553987 
8103.885528635282 8921370.5150649 661.087000208448 
15208.234658953057 281164.61670219677 62.53147212720163 
8258.081892366368 10843115.321434338 371.41752014226176 
8140.475826952506 15146868.13284504 567.3456931295209 
9514.441400684953 1378577.8625044362 283.8395501654403 
14783.471637548528 276283.75284689874 76.88671664031658 
15093.884999121965 799906.4099630418 57.94826059820672 
17079.315911168196 137066.5122493964 11.459232225248469 
10865.682026985034 1175785.060249029 193.68050626535833 
10418.275819357092 847072.9040284805 305.80047134918425 
12737.355049211032 788120.8151353014 132.3802384253639 
12666.664584141301 2295662.946848809 142.47655623227126 
19721.27650649232 109414.66382254602 2.849750268042672 
14837.901575100059 272858.13005594624 92.19578735716426 
8219.783997805347 4321338.9221186675 486.22336080980403 
15002.840653597614 664947.7065759642 59.29739653323883 
8066.43085695897 7295353.1034654975 978.3318160942432 
17702.053621884064 122831.06792975354 9.791012663906635 
8103.885528635282 8921370.5150649 661.087000208448 
8180.963219383547 6232954.790203506 408.0105255521326 
19821.790983786515 112155.32722479259 2.846847421038559 
14889.67837143669 688909.7335509208 61.215505243471256 
12727.284509355499 1848395.777842491 132.64058919850308 
