8020.842859029659 625185422.3188845 7070.255017241794 
19951.8463439835 67225.78361102758 2.7630589081786785 
8020.842859029659 625185422.3188845 7070.255017241794 
19117.887185167438 72543.07866252947 0 
8021.890962700438 22583890.671905436 1334.7627328757235 
8021.06096299871 9778504.484844314 1696.645516037531 
18168.494322599625 78754.31916473672 4.808573180455025 
8530.996545058295 1986330.2955637712 237.9942729339199 
17558.62814139096 83252.09667342763 2.04488650496311 
9840.337585586889 902981.741839644 253.10872905629122 
15032.452185320599 104584.83875899523 11.641030487489736 
9031.298458309377 1438288.3944909195 196.75653050649137 
9515.727859613517 1358318.2080184785 282.4154975765308 
8937.832762255457 1879768.5662447764 267.3693251085901 
14086.45260228121 148875.29411725907 39.258774342730675 
8200.088291029344 3128972.803840463 312.1947502794703 
10204.34317119058 1392162.9094232298 222.2884545917948 
15327.004622890481 103770.72916847134 11.585109482529326 
14521.796017537024 153359.83177736227 36.204964161127 
16312.68363744045 91820.0555439321 12.140826883559281 
15999.832094753721 104359.95752013402 2.0930655319453932 
18833.023978094134 74073.86681094713 0 
14013.10549917323 199849.03922037198 58.99765167767093 
14719.832917749878 127856.7052931104 24.612406148845263 
10972.947828415236 1190186.9178706864 187.70782932359668 
12418.92280254562 593720.9744989835 72.85892920201488 
10833.903732418852 1196158.4209820875 203.3665279175974 
12103.892653876172 778581.4951970075 86.389120382349 
13435.168609369317 539242.500117583 27.01566489723032 
15521.496366360474 101312.4878827377 8.235824520365657 
13170.768356795961 557324.8719547591 36.497312355698874 
15902.61538757944 94398.02552182986 8.11471219986585 
8069.635346315314 2061437.5538653969 465.17672085645444 
8023.557430879367 14182940.18596854 1225.5659672090392 
9633.295365035043 1314044.4391246885 263.1500887717427 
11168.699233787813 777066.9947730553 194.14207562377956 
8112.651352682704 3187424.7620333405 372.26441124865323 
12218.371574742832 203274.29643299594 94.5087898188626 
13729.702181729688 230096.83215890848 39.978695294631024 
11548.986837819786 361532.0274711856 144.53817618999412 
16985.553618240163 83695.8964358569 2.766031339871838 
12655.22687104754 478648.22035027744 54.21566874415367 
8051.807477139289 3596056.673606706 1069.790671418596 
8021.29267809586 10184913.703438237 1562.3538370552626 
17173.40783140029 89616.23687706918 2.0467270504340176 
11673.593648107668 675213.0165515998 126.16705674797849 
10642.595967643241 2030984.997155989 178.93617962325806 
16562.09581476119 90245.57190707144 10.004585362889012 
16427.765796163047 92859.92084042737 7.0163824120515725 
10447.019269750897 1343608.857082673 221.12651075734593 
12892.224475140607 249142.6132530567 55.95052359254492 
18329.043050007498 74436.96808233915 2.7751257838513967 
12680.9134248162 251051.27101989626 55.62003850590235 
11888.65603511286 306021.30217125075 92.28029270016646 
15683.22177552553 100707.5557728758 9.114691954726338 
11424.00984927158 1609975.9338064552 129.62144490899652 
13559.751214877375 418071.40729896 29.488592421681698 
18507.868859593964 75628.56639390986 2.7630589081786785 
11787.408502594428 497689.4043274353 131.66034621822376 
17247.09983460088 89221.38121484903 2.0467270504340176 
8021.9994577760035 17586962.330965385 1370.2789590786767 
11328.561573984913 296597.6192538194 148.01008592511448 
12345.423290845594 686376.2451600436 83.20612302187502 
10594.842834260297 706394.8102985453 271.4153986151497 
8021.507866818682 12255736.237181868 1473.610961383412 
10308.339626365896 2994158.8961887173 177.8684396163109 
8037.429926649726 4618268.557690568 785.9868353944617 
17404.379028507534 86674.6587179433 2.04488650496311 
8057.432478634307 3945291.6369980425 633.9362765758426 
16678.594310878496 92627.54308587413 4.808573180455025 
8028.403917283447 6454218.218238862 832.1672458921971 
8040.651696080568 4345086.916467343 712.8407056207072 
16770.796683238983 86071.52638241218 4.808573180455025 
8059.021326926993 2491624.208112448 552.2804941278761 
13028.480435534555 449550.79552619305 40.78504438893794 
8027.753644972037 8565814.076524032 900.8646525530947 
8133.205079053665 3871963.8421632275 337.8978253943804 
8026.457646326164 13171455.46526073 987.7456743364854 
11254.880356792697 697500.3993996996 234.86389011393257 
14681.440914275663 147115.05891127346 24.875390596086067 
18725.329714942007 77582.57383475837 0 
18407.72325451131 76622.89438444124 2.7619797269628927 
13729.702181729688 230096.83215890848 39.978695294631024 
14537.339372514994 145324.83966345518 33.18438624316773 
8021.819470834176 17524110.809918158 1441.6309737776712 
10366.622991647353 1352259.9757920636 207.18725153367632 
8059.684136190724 2823807.0459301593 522.7516280526648 
8026.741723299519 12650931.704252895 969.5703083632661 
15666.099685595142 112410.40083151056 4.05248579126091 
8023.664826662742 10263190.312704872 1411.2647862119602 
17463.396670769638 89010.59868309977 1.0239659124029297 
8037.232900604116 5076431.302859368 1127.7157702962766 
8028.229818800573 7692135.176128168 877.7000466107519 
13115.222774981628 286892.0021949404 50.25455877192479 
11878.930449004374 352541.73210182606 118.26037632265815 
8021.375418874966 10196359.41142194 1545.8990904178063 
8056.05803832108 4206006.894384358 674.8469172298611 
18640.85423056691 73978.75655144583 2.7630589081786785 
12927.230540861914 265494.6048064084 52.6014371988715 
8033.9878429313285 5100069.760805331 1155.432649019313 
