12315.786341387538 404996.5403554229 91.10436564001142 
9104.391046085477 838535.0127329006 299.7722242040891 
7478.888715203846 1586525.7495678344 358.2112006622884 
103486.84438036353 150578.5047208098 8.249161354775776 
6201.277640559218 896882.6835973156 684.3620890112386 
10644.101883712363 994825.3621108495 219.20275304601427 
5317.96869631457 10860701.88382434 1579.5265472995513 
11580.196240231291 1173776.8700183446 126.65720088849196 
5228.637100470567 18017095.98895747 10210.367396385169 
23079.507614965718 517498.5945413232 66.78314084351221 
5229.695374650814 33526163.525138296 9665.842652006624 
5261.191910985967 6918180.293961384 2129.5728486414673 
5229.386823803816 13210699.622742588 9681.247951963445 
6053.302893127391 1027548.7478427388 839.1886786842249 
66346.59816520079 742778.1603389356 32.734073587930254 
91487.39260138583 379458.105330266 14.22758845179188 
25510.324058696588 205688.26437158792 34.20982701960832 
11182.921355579867 387871.07653977704 200.42912555048161 
5241.780573095791 3319765.92913672 2832.6048553583037 
5230.489418500734 7552253.748037294 7558.1712273890025 
71215.628197449 620810.3825410798 19.662493484298224 
5944.497808238604 1755239.6286995092 1055.444821218487 
5229.716400183372 17869921.40134961 9372.90042002374 
5254.168639888109 4263422.063717951 2198.6541551503556 
1424960.6935002788 70174.9979156809 10.459484511880913 
5231.218745714706 8341076.467988428 7189.2924991199925 
5232.668811013378 7635510.335623408 4786.4962330187755 
781402.0428595684 106962.70734836007 10.076858609177826 
5235.022653880934 5188997.817073732 3950.482389051136 
10396.633036766641 1183658.4033311915 260.2855905986463 
5230.881392637775 8146384.753019003 6592.300115512133 
411424.11187799915 107557.10224548721 13.732850982875878 
321462.86590628274 129034.71435865051 0 
7216.542743958336 1082526.3646980633 516.9716271903121 
5274.095693949075 2868932.0130779315 2193.4205493654727 
5530.930392643118 4290869.116798769 1136.8559740349403 
10275.088823796012 558848.3163494498 376.55250716253556 
112354.35391510063 146200.14540715967 93.04522648881058 
157321.30351616567 314421.0822595134 0 
5257.986034954057 3262698.7379091354 3001.728519881286 
5234.265896802578 5251864.1551201 4197.868322156928 
5233.748327513811 4490124.2422325825 4678.03492119155 
5237.208511569687 6392337.90052491 3823.941528234957 
5247.3749157188695 18228713.651689615 2865.5979094882046 
5236.889764035862 4315939.196755468 4014.7607977373646 
5250.019658815602 3775300.8917838545 2649.593817052295 
5236.229670953158 4586504.508926162 4260.6581225291475 
5238.3750273786045 3628753.081317562 3370.92425594755 
5303.9763303092805 2402131.858959051 2052.718155573956 
788794.2754360999 83416.26825488865 5.033946631427241 
5232.468553468035 10385045.036782084 5325.207289155582 
5238.448971415768 3096470.583216384 3138.1791562582493 
148648.00842971954 278993.62355374725 1.205774128355927 
177653.28868794852 113996.46367773022 7.232796239608503 
5236.542835291742 4107613.024188392 4741.736225821207 
18812.14598570527 481131.72137331025 73.24709555800185 
5230.893575561595 13488395.721500123 7418.602747001886 
5232.51729509412 7350354.726033327 5593.231934837671 
5234.809466155188 8415347.796640748 4540.500391689678 
136635.88590390745 867489.2950098056 2.466962334601517 
5721.063687787375 1665328.7896337043 1111.0892928524781 
5314.230797645426 1751370.7964749327 1189.814777259037 
5231.325422295781 8356927.339566513 5823.933865885007 
322340.0434900682 128008.23612149843 0 
785480.7109204668 91486.46051362659 5.735009769826557 
84748.91059986588 637404.207599012 4.7105665330962445 
226145.06132337588 108259.08388814643 5.754895759214186 
5229.140845469622 19081442.424025748 11402.062919702033 
5250.087742557844 34146989.9084483 3091.6245942870364 
528662.4106130627 553331.486768365 0 
529320.7160660027 115575.76866475862 26.950582336522388 
151024.50359790825 321873.85497226985 2.2014697860228845 
383545.4990664628 895665.1165740913 0 
331219.318603982 148447.47618943185 12.143816941337889 
5230.656034221726 9273278.231740482 7833.623803911014 
5232.30614283315 13211854.79968557 5975.66623220433 
5231.230154427976 10831972.354664547 6942.012373370511 
5230.787758546527 11220761.942603344 7618.732377440616 
5318.583400060032 11535493.281061193 1507.4130150446042 
5258.815058263924 4775425.735824138 2270.864764242277 
95277.16452245919 1183799.8992900453 11.301050956636145 
5233.606492400271 6506439.396088207 6228.484351975568 
47031.25074779581 379181.06078164716 35.17655388473081 
5242.879971364738 3678420.5302806115 3933.5531487056332 
8160.065404787612 2303778.5758611066 494.06612182826876 
73101.27801413776 221763.06837558385 70.69122045014396 
5253.926602932248 6927119.177700064 2841.780448399205 
5236.483580870529 5829772.029033272 4279.471858903641 
344469.03639108175 135321.4025354709 3.7213385898141413 
5238.675242120527 4422230.672156688 3447.386957885055 
5232.168425668336 7845325.89044463 5890.128005009812 
5232.65952783563 6829673.144119323 5203.914966617333 
133629.52761091926 355305.90321283316 28.881218873045377 
5237.092414508514 4240942.644133674 4412.57938416322 
18773.333028674857 437205.3851092204 124.14998982002265 
5238.947396140648 3957147.219096279 3703.815774524992 
7040.28303462306 1387042.3873697245 723.8890539847729 
14383.63393179223 568161.4888639478 141.6438168352732 
5235.663138976279 6645735.854028361 5065.860964204745 
6842.332023159477 2193734.910267281 1035.2026452489506 
