11388.210015048518 509108.4255938219 125.70798416276611 
5368.498984098872 1412089.6862305058 871.92268583128 
6168.391565196309 667558.0501182654 399.5201106288753 
16901.216243239945 2317293.677601346 96.6570473137707 
13210.31046883278 377327.8524236331 106.62426083341947 
23362.67474225037 340809.2556140397 56.594816983023264 
20073.764358484448 490363.6714559044 61.45049575690439 
5249.6856918202975 4272747.365404783 2127.5906882297286 
94350.61407899336 200499.708898011 0 
5233.030847593515 4439084.097117662 4410.600588934562 
57249.67387581234 420920.9683815082 27.236953758100192 
5235.075220507289 11193245.814390438 3940.705962402331 
5232.378368291681 52225668.48232529 8024.629673668015 
5552.633451953558 955382.9226025452 821.4644211526611 
32862.37194874151 484188.2848967105 38.11915071417355 
5238.550695952107 4582417.366813097 3218.2907132544437 
5228.26372421608 167513088.80701244 27414.687185396717 
5239.477629597959 3454712.4769436526 3239.3304222120146 
5309.993164550298 4014408.258144717 1378.790206817439 
5232.5813355331975 6996213.450306189 5264.295643721312 
5229.806916732052 12189350.340971906 8927.295555099467 
5233.259456236956 4329086.22818667 4509.128412538468 
5259.163773142164 3542395.4447691566 2172.9238520255913 
8350.893465195577 618019.0794981321 278.89775253134087 
5237.6863775113925 3467028.4889031556 3389.90195709283 
5230.749640647144 8966533.668751376 6158.01800700429 
37569.9258504031 270977.53165215004 112.52938767998546 
5229.609555786626 19765689.270292193 10715.997801205944 
5230.247622281465 17357085.20170157 6937.006377935324 
397032.0328727958 114312.26665548809 0 
5237.1466666091965 4555968.430872699 3537.010455812833 
5242.7306599726 3851679.765368189 2950.817780596925 
5235.918773333393 4262969.774852846 3619.440296807865 
163580.46357899715 142984.92501618693 1.0183690365702003 
5231.558594461413 6663622.30036384 6998.230945945159 
5243.4070118386035 3459042.0805534585 2817.9352488669047 
5235.657768914795 4393395.693485756 3778.1380341017802 
5230.39716103937 15011971.466256084 7010.593405852451 
5229.886749331988 11900583.586805401 7939.368480701951 
5232.809971451956 9517205.117186915 5227.056841589654 
5230.69365969385 10948849.064625343 6237.092053468519 
5244.694891520243 2922663.279337494 2492.100766419686 
5235.36063269443 4454558.639124795 3819.9100198087203 
5229.763658512215 13512164.736039737 7446.210756094793 
5240.473605471216 2997500.3013993995 2610.5207012344226 
5233.4803543383305 4217179.1653483445 5078.328388031332 
5237.843673389591 4678200.670668651 3109.19730822748 
5231.220296494167 9928707.875947718 6244.425537361585 
5316.029508854903 2438918.0801507845 1268.891074843691 
5240.399532060569 3795778.6788177853 2920.7273600505914 
19627.614143747694 372569.24129185325 63.14275961100307 
54091.60406697589 352602.24101718364 31.574902637322253 
5233.523389273461 4973475.906130432 4189.111835226307 
5340.550582139243 2551862.8186240504 1529.8249427256426 
5459.969868972297 1392182.1143945202 1274.7466611955756 
5231.281111134678 8581360.88970828 7853.43240493777 
5232.768754465818 5352125.70375084 5741.646866787922 
5228.896911600072 23816172.55417672 14075.026158808738 
5673.107135712358 1301879.8899109613 775.3865316194314 
5245.090916984972 2259993.1179978154 2174.3403492128587 
5277.1298967595585 2623296.184909254 1899.472720152071 
5231.757687510474 7508120.3947829 5892.486371561359 
5280.3111401204205 1959765.871653941 1542.4346045187503 
5231.471192755842 10098609.50509266 6220.981506108121 
5229.664681143806 180631295.8034588 10535.315087432708 
165701.31032072045 159101.6340380612 5.385049234765253 
1497797.9710264835 238910.1243472301 3.6029202009763996 
306535.3941773591 379242.8867892896 2.3003419384400976 
5229.082889497881 24386820.979949556 18292.817609935184 
5229.533075468033 32488300.448661488 16726.16726545171 
5229.658292443612 27928745.81246024 16370.600367550522 
5229.709956324595 89175631.7254525 12616.250694190448 
5230.139408012977 20285598.363353018 9090.259678930208 
5229.857867345376 15466516.603605315 9162.465097612972 
102178.87890063884 669664.0767410396 36.97406965945167 
5230.473592273529 16367461.546503408 7583.54342673663 
5232.10628694361 8844339.356873957 6154.387742736694 
5231.320918314495 8846500.886139456 8196.83149625061 
5487.140452072881 1989821.846289091 1050.1763879126365 
5328.388417199932 2946272.327096522 1743.4948336343632 
5236.268021104399 5848790.361189314 3827.2270663218296 
53177.43702238365 576821.7951609659 39.87923799439179 
5234.119555739762 4364929.487583997 4251.849822315659 
5230.90711239913 9164860.316891266 7080.030849033167 
5230.794954456704 15076323.531128814 6681.268876387621 
5232.778319273652 11144149.019670337 5339.01427871993 
5232.539395051754 14332715.870765924 5833.694548425176 
5239.514262480155 5620578.8003849685 3429.726809793476 
5230.886038800877 10022334.672553167 8033.737005657034 
5232.314870437726 8084529.148540892 6667.854384518784 
5244.649845588649 5178636.878798033 2740.981374110198 
5618.5371026920375 1099231.3191284342 817.9377913601267 
5242.700552766192 5484022.975799082 4696.314384898056 
7316.860061113519 1398344.9091392728 595.6736124149252 
5243.076654837023 4403570.080889398 2968.4541664322587 
5246.5147334018075 3128334.06052256 2401.8766192610624 
5293.7368543245575 2572929.1122125094 1981.7901985761862 
5293.476118410243 2393905.4113422455 2328.7590015024075 
8227.898949315602 792656.1450797111 424.3632626451101 
5234.63366209543 7094555.035722924 4892.553308250967 
