7342.598119579663 958757.2883421233 460.9467803175517 
6115.205082403289 1250597.6784197749 592.1557784660002 
5429.63273109554 2130814.7907151533 1116.6625999838275 
5466.322112286726 3605416.373308894 1030.1059142745767 
5586.4608488976455 1755616.1583886235 1019.2126030050672 
5262.899229396131 3128891.328527415 2771.4569938367035 
42083.27066641992 197108.1058442455 46.673033479704216 
11688.990745579187 505244.2175801546 147.21120559928738 
5480.932798442373 1839956.8642091518 1995.5665565314885 
5242.029171045272 24377742.214069355 3555.391987910502 
102935.82917404795 193421.98080229436 3.641928297796972 
5314.284318887764 1897917.5268667128 1678.3698422272437 
31640.91145176258 195493.2119827906 65.952246859175 
5244.121566302992 3901001.9752122066 3157.813799180553 
5231.110956253306 22026239.75639406 8031.292910570108 
9421.283893516873 446238.39392819366 213.91166233664478 
5264.663134589183 2270251.6905533024 2140.799871760144 
5802.11962319019 1582686.3175991618 1006.7740967705198 
5241.354330639122 11750070.084217343 3890.350717136912 
5429.186485597883 2875419.3851250657 1191.0344404235589 
5227.962333866323 672662267.6206402 59324.58216212063 
5228.22215410617 63308476.46000999 21724.052998242372 
409451.22305601655 88666.96488583392 11.99220760783142 
1517624.2204274728 87658.31931184251 0 
5230.4898760997485 16377131.386434194 9607.762249675454 
5235.6076109006135 17353981.530926637 4497.286569093497 
5230.807071395746 22421716.182471164 9609.130076807605 
5234.546848249527 10785557.06298505 6589.722547553866 
6577.531933255206 1461732.275706843 557.4706237427488 
5235.178741386215 5706469.769083342 4731.596663872439 
1716442.1507918658 91051.51562866445 4.52790445050832 
5236.324732921598 21677633.09731783 3907.2545117494515 
5228.960291657535 616506688.7061105 25416.72745054482 
5231.077212175758 13173091.278983328 8000.577441532406 
5231.751219676066 27159945.23122781 6810.529639913594 
5231.063067453773 30477175.654607955 8151.512227825564 
463042.26950389246 88860.99265701795 8.515258300423614 
5256.007492267133 3142769.367342784 2448.921444082037 
1722333.8907834382 88011.85952162168 11.675939627727596 
1543609.9935855947 78335.76305193531 3.927591933413093 
5232.570406126186 11289620.2310407 5434.8024545701355 
450452.138187583 142347.0845675607 2.8331571117872265 
127939.57494975648 164092.2329847999 2.735175129580174 
5229.129893875844 30522654.21271234 16799.942834030444 
5229.335026936533 20716834.381552935 11380.123093496124 
5232.16831555233 24401951.21262348 6962.623508232431 
5233.722881821419 6508241.097617118 6876.867805331181 
5243.270065099309 5336000.371160562 3883.3155987557516 
16759.380925235193 268675.87064868637 64.79187061220381 
5234.971766709059 9584264.782087766 5755.853423128852 
121340.8503161926 243080.4801540292 2.239369761605752 
495967.30727259646 91911.13753439122 0 
157032.92599538088 161699.40609411057 13.798519998252331 
5229.029076525033 93497906.85444126 13766.455561742776 
5235.650012735326 6945084.7653766805 4658.749236654992 
93686.87222691839 218284.38085895457 9.225708703317395 
58085.643711150246 296770.81247403484 12.264147870791374 
5234.355068117568 10406077.051568586 6410.456441089848 
5232.172498319217 12388549.733003998 7524.357636600423 
6252.543181952691 1239386.3524414233 583.0723435956461 
5231.156374032937 38200256.208366916 13189.593879108146 
10919.679600647545 537807.5855939786 169.16789705827173 
1715960.308915433 82301.79242723256 18.61936212512973 
5237.1579283991405 4429876.486790312 3944.9615826750137 
5231.550563223753 19513379.377467267 10143.8699955408 
8322.213611148994 708772.3049406927 307.4737124062039 
5227.835043473506 226880090.2757835 51614.49264439819 
321102.9488897387 137652.34973828564 14.244901596609244 
87593.45172978727 228173.13521012862 5.111630914101239 
83339.55439613204 468250.9251501561 9.178309541259015 
5229.8278102189 20314951.755892858 9538.419463033626 
5231.93216367644 13825847.766809516 7995.4285340515 
54440.69584629495 319157.2643202559 45.054953150286586 
5229.578987608447 19608765.97822567 11673.592905887977 
6090.712562329476 2904252.1128818607 889.8340541568733 
5230.357056081527 16141412.423866827 11362.590882976323 
5232.948003584549 11277292.79779762 8014.365154279769 
1521938.026595807 103829.77406615857 0 
5228.1329242117845 432448296.8514747 86698.77404868507 
5228.248586847139 177013305.56077152 25103.89861134175 
455407.8530440273 171703.1482112147 34.90601980797436 
1528503.7697549735 259118.74353033898 1.0901390239974809 
5229.026731619507 513450027.40111977 29417.094048193754 
5229.317033284934 67890019.98626344 14895.24451398374 
1717372.1718905712 169933.0772320038 1.9139270321858353 
190274.35521881634 173648.10481611904 46.905670595879045 
5228.530010436427 47859215.125702165 19263.252606367172 
5231.156209602396 51632807.2134264 11655.929491615787 
5230.036055858942 40104733.79466397 14898.060230757625 
5229.683846357573 40401916.26281799 22694.43112062532 
119876.9237429301 208466.35447765293 49.377403023282156 
5231.402612905837 18400573.74631448 9084.78574721956 
47857.23164754247 621084.2384356393 60.7561334336729 
5234.340211908904 33229281.6279956 7712.259722693717 
5230.95536416411 17585956.03387934 12316.252871986851 
5235.850763909381 9135992.926856453 7016.354766178834 
9925.397239929714 2634289.9517883286 837.0470245764324 
23457.181221726667 273865.20216541935 66.11861819181425 
6126.472636031151 1513715.0456101818 1377.815740321371 
99806.9197075094 272135.9922665915 8.141145436604399 
