11112.280626810621 4078301.921163134 202.18057386539203 
5855.864229701802 1766338.7926829585 814.545798280951 
7376.794209022158 831708.6703444911 417.2469535212146 
41822.760957516235 291080.6317565051 33.94338786189222 
5628.704065483527 1696711.9114566748 1005.2198737490581 
79767.04560746357 182097.4033908897 6.705745498815684 
21437.286831728445 1200060.5105690379 39.80717283387936 
7041.809970053432 963614.86866481 630.2161002266114 
240277.2077715161 79131.04646416719 1.364985803352573 
9550.030595100463 855525.2865208379 383.37170251925835 
5228.911075484515 15632007.944784163 9685.056616403454 
9573.406648968814 756989.7416843289 219.17802156397613 
5251.998529531724 2684085.0332046766 2053.5074288886967 
5243.150973872086 17971139.451171834 4401.470694415144 
5255.701895411491 2507071.8596745958 2078.336280067966 
5242.602328023974 3237445.482119734 2717.399750738606 
5228.697603112877 47223800.151525654 11250.682214858409 
5248.375576290377 3244444.271275921 2577.4945329249435 
5480.128139951431 2298983.783436546 1255.7618503179247 
5306.608556424579 3290353.2354057613 1652.1919839607508 
5228.089638470949 38325216.446035706 16873.8599909471 
5242.2050069918405 3505722.38980514 2922.4837598626805 
7387.384501789499 785551.2006888452 402.5812966499231 
5230.494113161701 16411857.023882182 6814.0289780346575 
5232.368109025842 7537357.830545682 5430.57118252549 
9955.807300754934 671576.7430629059 412.62251484874037 
5246.472599131445 3545422.004256823 2472.190151272854 
5234.870268429683 5025721.282796534 4260.304224981215 
5256.799085519396 1711034.1175242835 1750.075387736482 
5241.9830873801575 3236776.850089775 3174.8858770962943 
5235.100726932291 5306910.245363256 4229.295949685302 
757434.762941258 129929.24699357414 0 
5228.618640132942 66135648.08777833 15658.357659542755 
5229.845107589257 11495717.001019374 8863.417996422131 
5239.68010134151 3368848.450979937 3345.617950427985 
5228.671259243285 19544920.180059724 12361.704102581458 
24364.788611494598 454683.9597544414 121.18346215406575 
5338.426499903933 2725304.977104128 1740.5653056275842 
5236.053190666139 6742121.176613452 4314.523958677429 
5240.381776328011 3973503.5537717445 3370.8118708329016 
5352.548222898364 1969648.1675326475 1300.3694240128395 
5228.69501940649 54130664.38478705 12663.152991249637 
5229.82187056167 12064756.082010984 7475.665132457003 
5494.802598946109 1813784.792212145 951.4069724817873 
6468.351453383458 1886382.6021425615 819.6006677418761 
5240.219225028566 12108402.95016053 3254.834594420882 
686838.3606743452 87751.42072046646 0 
5229.163318233455 15542301.009998757 11853.438277843139 
5234.401503726022 13942261.653996073 4929.670156466947 
5246.078527684306 2981364.4740415593 2993.6245318689103 
5230.0338844603175 11639761.950355079 7727.323551599278 
5230.317773621629 10835607.474794623 8611.227837788703 
5232.037764569383 7436478.242843962 5623.9151643578 
5237.7723933421485 4883605.23339352 4726.634328078737 
19462.210405959053 2706766.8812848283 114.60465291202028 
5233.812602778763 5577655.315309139 7034.809511352394 
5232.05514945207 8223929.782239938 5494.575867436406 
18527.116936257982 673442.4621085984 258.5004885634834 
5314.400200151816 2776328.3841644498 1516.299953712849 
5230.696739943888 6154262.250420118 5651.400325758028 
783804.7895757972 117855.02329805825 0 
548202.7412664519 94615.47262416054 2.1904728841540626 
5229.195387093118 60087280.54959799 11901.444337440875 
5228.467530072199 70297792.50904314 24015.71391235149 
2571347.227735141 204968.39535473142 0 
561234.539916282 120238.54763419677 1.735723559486111 
5228.939127389447 27284689.87081404 13070.150776295888 
5229.460109141596 20492675.00960731 16383.492042551554 
255228.01626304124 320600.98470459634 17.283292043846078 
5229.888620440444 16617421.732614107 9034.70184731622 
5240.683488101753 3426692.568525927 3404.869736224481 
5240.04189475176 12395079.201470133 5261.818899020619 
167789.0859926312 252327.41827675558 30.423302596750204 
50063.50504324956 327451.7360306075 46.32002538602599 
5230.446590084507 33203209.37920133 8407.261288937927 
5229.673106216915 11419029.636676587 8392.615207715195 
5248.861335130634 4166008.45626182 2926.2912549213497 
5232.353239052046 9933114.167327348 6348.730033825643 
5234.315252370429 10281150.657980878 6288.396916741983 
5230.722432198481 14174568.666936647 7058.33090758131 
5230.903177094576 18174078.831790656 12360.107715274493 
5317.8258136203385 5452145.337573491 1754.2428411054045 
5258.328124310174 8206208.268205666 2379.501348394145 
5234.047695563098 8653019.11827473 5462.110678524765 
5231.057149634947 8805041.589040382 6720.216051018533 
5230.92117638506 8522825.569652168 6578.250026549551 
5230.808546173514 13810454.632513972 7563.892000982555 
5249.912710558263 3077936.1781793106 2619.461438065891 
18259.754234147244 1003840.7801867652 368.175058714345 
11231.887245099428 10695646.986654328 313.1090105665015 
5261.8226267136515 3255168.576573493 2069.9037178793374 
11577.811871458862 1096320.3163291637 528.9226403702431 
5539.813182682668 1921030.6203281588 1010.5031165146768 
5402.194461413474 2484518.712335368 1410.4906846971894 
9657.461549515687 2583347.91831626 785.7624440219458 
5236.334575469131 8385168.734931504 5316.240354347184 
5522.533999898021 2445000.958312502 1194.7035508732286 
5271.150205180794 2208417.8912012866 1806.6502061131976 
9427.134734969224 13867493.042401908 978.8965082272382 
13457.309169929857 1010487.1275512346 662.4117194748222 
