9694.589044586375 803956.0638463956 166.8689673181431 
5288.358243402377 1717554.8084379102 1313.0582870437108 
7677.820720042583 842361.0205366443 356.0360229928714 
6206.770448287603 1914576.3949104561 589.2776616339543 
5588.797787686883 1861013.9921075478 910.0300919750605 
5232.3596804664485 6518522.302090319 4343.23417954234 
6442.562301731794 9291533.039637282 711.6114247427149 
5245.698521562856 3733264.584116361 2482.9158766770493 
5256.854590350176 2052321.609956572 2073.1268193410388 
10203.306859577528 576192.737375226 369.5823181350325 
6033.448916253412 1624791.9905889933 742.8134715096932 
5241.942713555174 3184736.3478304776 2541.2168837394756 
5230.794468856333 7230569.306893093 6213.3210783699415 
5228.600062602913 2133250639.7919543 87510.26592269762 
6981.61342812167 1732114.9548450569 563.6880101263419 
5228.375216659131 25118353.340096325 17709.725031336762 
5230.279195356346 12484716.749613363 7888.2976503278105 
5234.512212203046 6405410.122122977 3664.6823694285936 
5232.363902025759 4675229.021185108 4330.346160780879 
5232.068132348529 6834033.0372437015 5638.319331814085 
36793.65226966971 247527.85998183323 13.342095891249667 
124168.57852943987 57155.32557663978 2.142076986570721 
5236.589855274983 3966027.207161139 2925.875801827424 
6035.879190873709 1461685.474654302 1000.1260251097148 
60695.780875866076 93670.03644444703 11.887572662940933 
90649.58506784741 73220.06949206375 2.3089411204822916 
5240.131382996711 3015750.916036311 2623.618441755119 
20156.06787941609 227166.91382034816 38.46999650580101 
9835.608484268481 830183.0879603454 153.84464253007872 
5228.969892794079 17299878.712960146 11907.593861492976 
5229.046225251069 11354887.204663552 8290.327164197515 
13098.416230846593 327664.75267666177 77.52704240480618 
24282.199590166114 330628.79603103996 33.74841955024924 
5237.852565449161 3790458.008964563 3080.6038809968636 
93143.10444233789 65403.686190738066 1.9982313209921585 
5238.003962560825 2860628.4170480417 2783.4426831746623 
5232.5082691248235 352865858.90475935 21611.957433042684 
7972.062895644551 666597.8968331525 311.1678653033894 
67587.63734476428 107775.65583993903 0 
5232.211114541213 6885548.650593379 5375.239846793241 
5247.885612225005 2506455.941062088 2409.8748977851756 
5231.334646252578 7867984.276793449 6177.606059074947 
7811.093591300691 823809.0114858384 294.79217561719184 
5230.4278789494 28176571.80039133 7915.217802301886 
48339.76108254366 102969.5976346297 7.453739678039402 
5267.28025623974 2535095.7172013978 1533.8454095133106 
5232.95010215574 3734413.275750323 3922.945340725003 
5229.804415057966 30766530.406498317 7772.423106575275 
5228.778783732236 16964827.94584247 12981.784528474553 
5228.40569907002 298061140.8673644 58372.80425743242 
5229.379637915306 10585463.222682074 9624.762766086582 
136692.09096427244 68838.40527103744 5.979998429104379 
5229.424729453934 189519583.54692802 20145.014648674445 
5267.789778520762 1754674.3528087577 1971.4461578581568 
5234.8217008439005 3819396.420860619 3242.980317912141 
42030.773257425324 134997.3333053955 8.092186522027902 
5229.584437199427 20090436.901565827 8061.19712521741 
5264.418392471585 2717900.060610048 1848.4167398216312 
68682.25404992398 320200.6354530319 2.155338550913717 
65903.07363934748 295033.4002366016 5.687204601136273 
5228.418906964043 215997679.79887822 33113.689852288415 
119308.75402862865 185025.77903241065 9.846832050527507 
94550.68907640319 101805.12360094948 0 
5228.806362037455 43604956.676890895 25825.517103685605 
5229.112851903855 21161276.70777341 14436.047556418678 
60643.34309697273 102982.79186450341 10.322612290717677 
5230.110779580675 25159911.535616685 9445.3998507489 
6985.930119551801 1587967.8656758592 716.2018053557088 
13873.376110818943 403209.9542741591 63.68909983483067 
29499.63754666238 1062795.6497077362 65.9547937463336 
5230.5038793224385 13906354.333873307 9287.924008087344 
5230.764343986976 12374333.726895686 9193.168037375484 
29947.802777676723 517245.0116263328 82.32481380347792 
38750.2420724206 433620.492398311 18.536897168039587 
43514.103721939755 262023.98260134878 159.3321074540819 
5231.734041353486 10163998.091981368 6487.085692363942 
49876.621916097894 156194.04741784796 19.93711838661477 
5233.146490751647 5587890.497308963 5479.2823976259115 
5236.268481228696 10629792.85896335 3539.9807399977853 
5233.659692847992 4869001.156680533 4391.9166664183895 
5240.975768118942 16888024.12198083 2794.243585716244 
54826.344380843795 265777.82697656756 14.436494497342888 
5257.818406780557 2392830.8710225713 2170.0868711277844 
5232.582113381557 9730273.654627128 7165.542593805618 
5232.913472631033 6158512.1348963175 5767.636482122319 
5235.18284098598 8226209.343252566 3691.3112240053083 
5234.9397900420745 6291962.104796111 4171.048127212152 
39294.73298404866 320598.6518856664 66.77307053573432 
54655.117849206545 258274.1566404344 17.607642086822 
9553.328977606267 837626.2779084324 474.2892451671206 
5243.356609510524 4327526.830283641 2742.6856209189095 
46968.59723931303 267315.30302703934 44.206443393242886 
5230.82105872502 8638318.248900056 6444.471111908487 
10534.617060794379 699100.7241048174 372.4031839716082 
5237.8971079808325 5050971.341627058 3019.1861574297513 
6396.032227221119 2440800.7328559915 1827.0865269331834 
9020.851711359574 1862116.0152379586 212.81226001803202 
47165.72910030585 240278.5246051833 73.66621948792273 
6169.075915538748 4856766.057186023 1095.6166371835852 
5236.184304159448 5566021.639881179 3836.5717015910914 
