7418.085703153141 935115.8486371414 431.5249279535502 
16179.027760111625 336997.3763037202 85.95800352257271 
5283.072829044125 3719715.929100956 1922.3590563339944 
5371.325150903984 3691366.347561653 1523.7870917357682 
5895.265686325439 4072497.371530105 803.8812884712348 
5228.308534594011 150949114.02237812 21732.35716424518 
10588.90504470337 873163.457965343 378.123817365882 
5242.363346718141 6752069.38610212 3230.8133299191386 
13229.120910066722 21530286.171940546 325.0037873726932 
6355.535978640229 2631511.7635014583 601.455122875298 
5233.727709630214 13818333.461422078 5305.589348838807 
95296.06880766475 100417.42523733742 4.10667796354571 
6119.4854263768675 1745044.1290819908 629.9944368124509 
7203.438667208915 1043550.621944504 543.0805409750105 
5231.422441918748 19358329.289865848 10340.344879478134 
72982.30410700724 568937.5416924524 12.38734802038456 
5270.74098457846 3884973.9839780484 2827.8572514577086 
5240.676057084453 4520470.117063888 3638.1909257128386 
84508.61292166877 133686.45811526774 9.61497207499448 
1101830.2352620477 254739.50800826412 0 
5230.2714854293845 17576446.487453047 10470.675122696974 
5229.313726564556 20435479.884026416 13524.749216736238 
58818.02067228314 251920.64375962963 48.79597439697319 
5230.096484959789 14260685.650672374 10922.820205131935 
5231.805157395548 19215419.03194324 9237.74309797421 
1112658.8796550126 203857.77643346545 1.9418117569141091 
168375.31550577638 165192.82909536656 3.1281991814759063 
5307.448857082604 3678866.539485217 2293.4182564212115 
5356.22095592857 13358586.883162504 1846.6454503937891 
46165.618111274096 331973.0811643384 22.927641108963837 
184204.75575558306 238922.34219760253 2.3621548042197467 
18609.24928253111 362325.3814934145 29.983166468357055 
5462.430843739461 1654815.4613597777 1171.6094488076697 
15067.383832631134 523382.08707045106 96.80778836629443 
5397.878612203889 2681746.969713849 1165.6015610021732 
5235.835753511962 25564384.31685106 5001.966391195879 
5231.063211964443 37205147.21348304 10690.862144769908 
5230.035017996408 24836110.651691496 11558.124689053126 
5231.12014542483 18303302.105085436 9693.342597347228 
5228.859004016927 30558866.107402366 13915.486062812299 
5233.264281719363 11879908.785004351 6237.181176393861 
11583.517635767494 879833.4133865138 494.1086716993002 
12677.072465000421 1400726.296958485 319.1351931392711 
5233.816474534713 10168634.17174737 5505.9051255493605 
5231.500001172478 13904566.567591166 8175.367240686191 
739989.4901512912 100738.23249854855 5.705057220465493 
98502.38161588123 135213.24734154058 4.250777464510508 
5231.844305346797 17073466.67508414 7847.045357812328 
5232.644075276673 13304558.409539234 7301.770883509777 
5232.504688776199 11485535.548569174 7938.171010430208 
5232.8100557569105 9242319.14407735 6345.809181023972 
5373.224178828489 29700166.998464227 2012.6105982906797 
5262.692013990474 4018986.4211699036 2276.028222776556 
5232.471118854947 893567625.6446902 33349.66331513648 
5235.904921978066 47817122.8082802 5286.181165198019 
5232.41930896116 13455481.23713389 6935.744270075485 
5231.00948726924 16340928.395529082 9646.653680255587 
5230.517336441903 30641786.44278405 10458.815137066045 
5250.415990744693 3862534.692099679 3353.385731904771 
5229.064532717799 21953411.531689115 12208.604952395262 
5232.488579114071 13527077.727251293 6134.784779399414 
5237.637558263857 9189984.58132399 4865.888612302342 
5231.721868655201 12840798.753707476 8820.3850746196 
5228.628281937761 169307183.84321254 16482.820818813005 
5239.218672492804 7461053.663407473 3987.7320069678863 
5234.856942100376 8942250.01349153 6383.878514885364 
5228.7992324721945 23930673.67686531 18053.557699928882 
5229.555818516906 18106212.571350265 10921.534160287232 
5236.789091924638 8125126.539828133 6000.16897813403 
203894.38144219184 256448.1921310278 3.8003823351331443 
194330.33461190632 155876.24037993583 8.465897413967156 
5228.69600348281 265973409.02185085 25489.01768513573 
5423.997623391915 6915669.788629646 1515.9589975578892 
5230.052848125243 25081458.415169626 16753.215319188592 
172800.42009178866 203681.75006042127 3.8057970234260887 
111840.70690440727 182933.9490404478 17.273273413667894 
56019.44189797959 393877.2956099961 29.578505702715773 
65490.23501520023 274831.6473305766 139.3249426181882 
27286.60087792532 542736.6665713581 62.354471507819184 
5229.316932356325 39097587.07099443 14597.295379311558 
5229.565021177721 26850700.27990305 11896.131101596018 
91044.64727064985 380489.54106908635 22.92059716383873 
5228.954974287368 36071420.45798999 14598.224522048402 
5232.204033759955 28779516.54960711 8337.115974227903 
102803.51311124275 610236.9682391493 12.261147621859298 
5234.659438607867 10157187.052033795 6579.797995423582 
5234.713032523219 11675663.779069338 5534.615317639322 
20857.815159425627 1219941.5210525729 331.49359455177387 
5234.046628638895 15875591.275484344 6108.809207955349 
5239.601222037447 9485409.702827824 4564.451004292173 
5231.55733079948 32895762.15832302 10242.84684438034 
5230.277803720006 23402600.46758824 10830.536670448979 
91878.5343284831 375986.07592991466 12.869372661091125 
5233.97736196753 15610399.947932286 9001.704322997792 
15527.132335607315 1010120.2408967067 585.7008674917176 
5232.192903050683 15043032.05457983 9583.637395473324 
6889.193206666946 5504149.695396499 905.8212883144492 
5242.127273329738 6199992.804897863 3946.2250851939166 
108127.54252973257 322893.9456317965 8.231635045285065 
5289.791068620603 8867944.064212492 2725.290226027483 
