13191.378619452622 376478.2124942778 111.71022320003523 
9017.459862851001 1305793.459347758 195.00061153542586 
8971.18055553702 880073.9042513515 254.55599536335157 
8077.87155155357 1294701.9286167077 325.04544767059855 
5234.944514871462 7399676.7165035345 3617.749284691382 
9662.923774497776 758291.4651448621 161.8912922934732 
11470.276526612177 596980.0157733568 280.0232448068218 
5353.004166630924 1922967.7854901995 991.4583409941226 
5339.274501971588 2250544.403243319 1142.4575759018012 
5504.875232722089 1393892.8711180529 838.7051085908279 
6688.686110036198 859370.0807846449 530.2617603456698 
5261.48635984216 3467094.9240539973 2284.886138538703 
158241.35767206227 54315.44003310017 3.7003638523626794 
5265.355411968887 2306117.871470447 1542.7142188472183 
5241.5828047715095 8163895.036810345 2719.5535843895154 
5288.00504500047 3031737.49912738 1524.1614317600358 
5236.104777667996 5681126.908693781 3594.239752623608 
6323.965520332159 1638075.5418543236 652.2712647041999 
5228.713090431248 23686639.47847812 10212.288236048451 
5287.943393057255 2303222.183299394 1323.4676651358031 
5239.386825082914 3134509.5478527797 3232.014832620808 
5229.602505676042 20648149.438765645 7434.328571144059 
65411.79769760841 77920.40298755554 2.1485183700045614 
5232.960455107953 4464455.331387433 4450.130288550556 
95446.40555056956 56683.836588651684 0 
46002.983243329276 130536.27511234427 51.0005348430291 
5273.462249858767 2253317.242288427 1721.4093708959822 
7672.844124028941 732767.6818421247 348.64058647134766 
46794.99704672316 370559.52078748535 38.17366344783337 
5253.875829638028 3684636.713575637 2593.7939133088908 
5233.902076480827 5048186.438642742 3918.5935800977945 
5229.104390333108 11421672.038391287 13126.171806843184 
5230.973726702579 7574555.948815347 5639.717960351787 
5230.66773528501 10569381.913118143 6629.832964354216 
43509.457606008 551125.9783007064 146.52091752471284 
5238.871735799912 4781615.972221288 2842.4358636199004 
5231.0397738459715 7534992.63786586 6540.437721460754 
5233.367237605584 6245417.016802887 4461.7827330825085 
23872.106528246768 341557.4751185745 131.65281241813804 
5228.527905533795 100577043.22289114 21772.92965870513 
5318.605001659689 2995531.9790389175 1404.9747745095372 
84000.41960678794 61242.319467160254 2.388386602141536 
5234.504884221396 4191814.206160773 3716.03959310246 
5482.8391447558015 1515523.383970391 830.7752425216926 
5245.798846834057 4144377.598095413 2500.062867296875 
5229.087306128337 13801662.400088198 9190.95709774456 
46467.94801676711 353550.7885592911 11.988944660546117 
5230.588077687349 48900931.321612395 6438.775910144069 
5230.503802093048 11494734.722935911 6850.49764501232 
51732.954125858945 255747.96976048872 27.043277472692314 
42175.152165732216 264059.43462767964 62.98448734792642 
11065.163498691652 594198.4862568683 173.17378613542732 
15640.558546264207 793879.4330598513 102.70972302996618 
5231.282006471169 7757414.369409892 5296.2209068433385 
5231.844822496693 8129591.23876882 4921.168482245938 
5228.727242065403 31380362.787501317 12199.24668824734 
387214.75959787157 61487.23607113214 0 
122511.1183991488 59275.58135746261 6.204183082132824 
188557.63434773465 84129.00557279566 0 
5245.139559978255 26654748.561508328 3154.262770080857 
5229.426467010396 15052148.202565655 10391.799378534215 
5229.055761611378 20031991.217660863 10615.603066309115 
5230.318240898229 10292109.956666721 7730.165893915805 
5246.653444915031 21035413.680389296 3100.2164079221106 
5229.445784634492 15825316.434289303 10197.91998876673 
5231.263494066097 11775835.636920886 5769.743774457332 
5230.236283221202 9965914.92240162 6911.65057543122 
5231.555963378628 8500222.968841363 6017.379343266743 
5234.717921629091 5865955.071454222 5012.261069835895 
60216.74403106487 216826.38990896623 204.44184891726596 
5235.1344533019965 8702433.16857209 3845.816468678606 
5265.366992033544 4044743.308823902 2249.27968622846 
5234.573448692262 7685073.2340584835 4931.790657168996 
5240.538391865789 4676587.898671183 3556.188772731536 
5232.224514350208 8807851.869200533 5309.420785453242 
5231.65457912713 11569950.845747117 5497.433201685262 
5309.504416340822 7288653.307257098 1614.442255059055 
45093.56765661891 309542.2129586547 125.24262843171933 
5407.829577388199 3494156.2386154057 1124.6556864813126 
94601.78541316235 4660261.713469955 58.48999331966594 
102603.09263882872 68901.86940694084 1.2313030704614412 
5489.655709352361 1545678.4720205518 967.1118715596184 
33659.447171020205 389299.9002900466 55.03066975313568 
5233.500972081233 6779687.965810666 4753.1013867158745 
22566.054045819074 534790.4849742604 325.4541579031431 
5449.789725906382 2310461.0554010104 2127.0136144286876 
5314.166337738552 2533970.7916475562 1572.637804890492 
85904.76283289517 74006.7579544562 7.5518302704858 
12567.790749047143 1193484.560599833 646.6723738052634 
17465.4936212573 2761002.1815637825 519.4696546671697 
5268.063402222154 2506801.8307490097 1961.147475279414 
25097.574885371596 767855.6252093405 120.098455037747 
7920.659236719406 1419012.937403471 714.8793494881346 
5249.5407433765595 4202465.380876329 3641.0833859243817 
5479.960249549585 2915525.419526288 1105.9812020337351 
28022.373930110727 551114.1527266373 171.04409233894944 
96055.66085799984 66592.11679330262 9.818982898053873 
9562.920599686302 2366474.957312133 576.3454584444174 
97286.3468871005 93932.22025589769 3.8400243679810275 
8175.145542692053 1434001.4199117683 655.0895412307219 
