11111.894433665851 4829321.411057988 204.5911881241435 
5854.785238332891 1740952.0241079335 817.6081906382849 
7386.374207726988 855591.1893921422 440.6673498180258 
47896.679368851685 260251.82593745648 29.615158135103137 
5628.02266965651 1685265.9476837825 1005.2227376407551 
79771.58774247127 178305.78059744203 6.603918686951431 
20984.51809513964 1175221.6569705738 42.018843386010246 
7041.553102228664 963934.4793155398 630.5092599318223 
240269.5238843066 79201.60318064672 1.3605347141009283 
9532.507681372577 857596.2655875199 384.4939007123148 
9573.177620219898 762606.57973545 226.86204902789564 
5252.136741687344 3321168.657089321 2057.621802510656 
5255.836728857195 2764645.383108735 2117.6240454755725 
5244.3452209872385 4511702.232609972 2785.0277766057916 
5228.91733078427 109091957.71202274 12004.955854025837 
5248.252645068793 2602494.3660603757 2588.230467803163 
5487.106288551692 2362827.129224322 1350.3360652238691 
5306.553256697654 2781305.031755938 1667.1040764339386 
5228.318412198504 40901045.61131789 17555.26697908302 
5242.310886784158 3603411.427252448 3023.360891363183 
7408.291372029804 833353.7480826647 449.7633295286314 
9956.697303415243 642640.2364787145 408.29767906312225 
5248.252955861149 4594346.925082222 2608.920081417815 
5257.555597747396 1868632.103446891 1860.3298886604261 
5242.862464397916 3652209.625939202 3327.0127335218294 
5235.850693047399 6049052.73271374 4285.993392468164 
5239.651950674774 2851668.177313574 3376.2711587115537 
5228.737880217736 36898993.633025154 13607.123096165835 
24370.28529516662 490193.9548545579 122.15809091686315 
5352.72121393658 14217502.636147868 2640.277748182086 
5230.391705138673 53211110.80195997 9419.317784398889 
5494.855292294333 1966914.203975296 951.0226320623549 
5240.791568415914 13042478.957981396 3203.3255242159303 
686862.7798668544 87671.88048603435 0 
5245.392702730704 3957108.5846044114 3353.3468779634272 
5230.054894352725 11959525.82172798 7440.734389632888 
5230.284865883912 10874219.92842356 8583.983933183908 
5231.99678494929 7380863.628277721 5612.270189642282 
19460.436997427314 2701736.6277331067 114.88425543156923 
5232.664036194087 10175371.403499201 5587.775534278207 
18526.907728426075 669240.4657449855 256.5124651087768 
5314.947773044815 2193487.286488692 1478.3855132473846 
5230.826533067278 8279047.481536662 5811.274116118213 
5229.645829365808 13095946.469559178 8917.81943122134 
5250.761420886626 3312001.1270183465 2678.3109868666834 
5246.614447393865 3629526.9489863617 2269.496710097981 
5251.526395085803 2917220.128992595 2304.584320034586 
5233.467348935598 5584116.088132601 4827.950420539319 
5230.502650012476 30516492.81885366 6513.0477033455045 
5229.235087706982 29802240.85963674 11452.210711122952 
5229.711420041168 13600849.957964182 8686.415682004723 
5228.429213542752 18585087.74143613 12203.09976838958 
5468.543928267975 5538570.950391991 1711.0777558025575 
5239.395550229268 6727147.635044028 3961.655265803546 
5239.252325917973 5078428.298670546 3852.3502436600893 
5229.192846401116 13091336.098789703 9774.892968710516 
5232.118683278373 8224225.554882091 5177.718618702059 
5230.976010509232 34775333.02369071 7944.113945844279 
8977.849338184411 703195.7668639681 420.39548563568354 
5237.30799128868 5016796.323456236 4698.600631056719 
5244.849887089704 3322169.9820595495 2829.9289406932235 
548184.0057881135 98598.81990330253 2.391011337256698 
783802.9651377884 117752.49298164246 0 
5228.581332075631 40775323.25574718 23571.132021542784 
5228.577739430337 42693844.04543886 19213.196094054063 
5229.037667460699 27107234.736962527 14991.206948919615 
5229.240148584601 47447618.56818518 11573.939832624137 
229216.69478634582 291852.26793759497 39.305526651442875 
5228.640339581287 49938671.10064333 12551.721684428152 
255226.2478266991 320600.1052894207 17.283292043846078 
5230.409330417633 11142786.43399009 7633.287196404135 
757429.9791531565 129915.38847300241 0 
56116.36259041502 1039957.7058843435 69.67767562019372 
561238.9856322058 120861.52650582853 1.773126733166639 
5230.523118187083 18356424.731042225 9352.66687456704 
5229.196879135855 13803121.675483093 9954.65693518575 
5230.789637518928 13843700.9077764 7550.5151515761 
5235.3009271140445 4675680.3871341385 4185.94360901329 
5231.050324922041 10032555.38628371 6888.2526370617325 
5230.387021325261 12683013.934605854 9403.09386046398 
5233.518546692814 6545801.8260059245 5729.662281486623 
43369.180073360134 378019.3006631378 74.69986898504236 
5539.869218886166 2184968.7523483923 1002.0582008831018 
5240.282099995247 10476849.185763627 3961.6921338044767 
18261.624828886084 1003880.6321126514 368.1702799878225 
5240.683536443455 3448156.716155595 3407.8732194600525 
5234.174335619402 8573715.014094424 4924.225836193116 
5248.885394619314 4155552.5620721793 2908.27285863012 
5258.324587457807 7832623.567843184 2341.978917460081 
11232.142203660998 10605054.848303279 317.30050271807306 
8820.41860685923 834634.5933651716 600.9877819502627 
5256.90946799855 3059546.0294922134 2522.9160158668697 
11559.394749147747 1098861.2744899003 540.7890777979255 
5269.857724109298 3823568.3482437916 1909.0999916438832 
5402.194461413474 2484518.712335368 1410.4906846971894 
5235.4011006435885 6341496.996483353 5073.935932677585 
5317.800053642061 5461403.412544352 1756.2108644137472 
5233.001804689689 8989091.812814293 5328.931710073869 
5232.313735021581 7631616.744316904 5419.787402676755 
5233.505940636653 5523580.2223527655 5419.627743659322 
