5392.021625846957 1761089.7023363137 847.2184582894754 
13188.502193689957 377879.9617372638 110.1517099881669 
6057.85485996766 1047040.3437307251 495.10721655232567 
5266.110989535693 4206187.77318937 2119.8448447029077 
9550.863404707774 990668.5819387723 250.34824566614014 
5317.588019782718 2553323.3972652433 1332.9058174139334 
5240.1663926957 9276813.59685392 4616.169051261352 
11597.031660951747 1036297.1880302924 144.13657383447259 
10070.086567624894 738348.1397870304 186.95561155739875 
5292.07867688913 2170453.4792315415 1716.424571157907 
8173.514397599062 618699.3691359475 281.6943957517642 
16783.876757397476 277590.6253743709 81.75771335390712 
23889.686951515458 772279.3125295516 34.08049452634844 
20029.671953129844 279309.5917268253 55.80659565852713 
7533.78169587802 884662.9051125711 409.81910596819347 
5232.583267259046 6309315.689156291 4576.842398142058 
46110.558991451166 350613.39454694936 13.844038833432132 
5330.485244801506 1484706.0035924634 1089.8054805804788 
5289.11767129935 5010437.51593997 1816.9911530917539 
48906.46429751729 1367426.1861098616 44.96513660219754 
5594.125886190179 1091536.3155477177 693.9446701706261 
52082.107722121626 138641.64327911407 16.71452967446248 
70249.52515966239 840590.8921135688 4.516499803673373 
20967.638146019803 328304.38979470334 53.83614197504973 
5228.070575280237 139252566.3611382 51329.89977261091 
5230.097003641051 29335702.927235074 9059.708916914853 
5240.494029177531 3394969.8724678974 2904.3422001792674 
5229.120698988614 25476936.08049008 10869.759454184194 
5380.187589038239 1530184.9648216765 967.131440852902 
5236.0991613801825 4436034.065094704 3919.976861353563 
5409.598069999249 1128429.165290246 957.6440487155381 
5240.396194601801 8231613.209661434 3442.974815455725 
5228.311483163329 65251804.80105346 20024.253696084656 
5229.225802959167 19566171.687493183 11830.492266905943 
5229.953889449139 12280393.737870917 7802.6448886453545 
5240.837239193952 5801892.72144565 2834.8710151295268 
154341.05942780196 64158.70284489321 0 
123813.89895241777 227715.4797862345 0 
5249.722282349656 63322285.71203141 2560.0556259631467 
5297.4288026086 6466316.1852428075 1530.1712770830106 
5284.829514187853 9068968.531252075 1954.4259248407855 
5235.613409828403 6776739.078063135 5090.4568300110395 
77770.26378630672 189769.07794805383 2.4815804865103797 
5291.868620168927 1985501.5058309408 1537.878433664503 
188597.47764497148 282741.6416860674 8.617574064846005 
5228.472057558804 161944681.26178667 18335.786268801356 
5231.179368421222 7331387.928165859 7423.0900340377375 
18178.78508841584 581575.7846794835 75.51193294146519 
5249.640743995196 3413894.3760899696 2902.539492103363 
239832.56871245417 110107.91032367398 0 
5232.388537001412 10099045.669806466 6595.810085967306 
62601.794372783 97922.83790205757 5.545006662236181 
61565.62931445541 511777.0635944383 34.23355805628019 
5314.703182207695 55651344.06398049 1722.076422894423 
5229.334540526183 22606877.369786453 8881.782544057269 
5229.743221797237 13469328.40469499 10055.134056907697 
24324.67362998495 263498.9774739514 52.44043907454479 
5264.335168801934 2803158.717761915 2269.750953290978 
5229.197105970681 18407924.555933915 12688.623815096016 
5229.81155986103 11674284.23519482 10303.374958281074 
5230.446436809262 20700818.926602237 8517.325582933694 
5228.259698528865 471446018.97727305 34169.49710366724 
5231.2486767433375 27178865.328020096 7767.832911183124 
5232.3024494589245 8102601.618719665 6626.125966386649 
5233.127363318419 6176813.771320937 4782.467639508444 
5228.411694078022 32632845.00138644 15094.79141496839 
5228.256454802991 732309313.536495 38828.62609193657 
42649.13674408496 239873.96171305262 52.56403312247972 
5228.138342368969 286460491.8906689 87609.84933438571 
4492031.9782741135 93865.66423913931 3.4383023238983683 
4493449.259276914 121776.9086418241 0 
5228.470680608803 106815071.64836232 46985.22962356153 
338977.27020913246 185868.44701166038 0 
5285.715951794418 176366593.7705535 2157.8447839946507 
5228.485961264516 71863867.42534287 28744.04400136404 
5228.5769957322655 37995734.91365623 20873.479897398796 
5229.6174675464035 44223056.024813324 15187.315123212533 
261332.8231267561 178362.35068430172 8.07665573171874 
5228.444985534054 25858359.64523528 16792.844034239224 
5236.856060422699 33809322.79793967 4002.7555905915833 
5232.962305021415 22010416.91520268 7395.502662253526 
5229.858256943825 31668798.801646393 13903.261371534702 
5234.6353515826995 6820476.533602256 5526.08839987762 
170103.6212039219 190200.0949269445 5.163985919381432 
5283.230276001129 14389417.202611351 2314.2090669535814 
5240.73919165833 20836086.227155674 3475.3918112921 
5230.971232302854 27029357.650719475 9217.825505267354 
5230.211673088261 12270679.907264948 11241.947382079823 
118684.53901558589 385929.60761290556 4.474756484034686 
320946.3168244622 175962.36850013013 17.55952306274874 
5230.533907129687 12691826.585017672 9412.724005272945 
5229.686646324519 20659243.807246413 15941.999337990821 
5231.504927327469 23785539.60140251 8641.359425212268 
5229.89831655235 24972157.11369454 11872.106019674553 
5232.705473737857 8318205.755728558 4627.485395722913 
18021.378512257987 2000301.9452152923 528.5744289151688 
5277.366854377339 40083552.19953042 2322.119787173386 
167605.49590515436 308989.22017453227 13.544949403171136 
84075.94841332333 119257.56815578061 23.689798319974127 
42506.53207705527 784506.8501088984 136.2287183487195 
