9694.976805469101 913161.7599877026 168.58539248267667 
5585.253059999052 1214756.7602768329 728.9262532710777 
5294.942015186089 1589336.7916059429 1167.5913339935535 
6733.941121615203 1386236.0265649606 377.6880839347814 
5953.819679278979 1107554.6861001889 587.9021058470219 
5247.906056338284 3704768.227420815 2305.609307123832 
5230.33076457605 12944824.305586064 5989.19598566706 
5235.510911877 2986918.97773252 3129.317696472313 
13379.473756902222 483626.02719491994 185.10226733967838 
5550.0998954059105 1806874.2289634105 941.481428836592 
12555.169076133452 621610.3475773603 149.04517063848184 
5317.491308892368 1719038.3218843583 1061.1190415888902 
29499.80100498253 295971.3903282002 20.09726419219168 
18681.129011997313 812382.5551603922 78.18305366641566 
5233.079346623098 6844091.804368151 4326.10302466317 
5227.95693928378 56684858.157717176 19672.241849645063 
15509.761318651186 440258.94173551654 146.97319535652633 
69256.2293306089 1585386.4952427554 38.629782927504436 
5229.606808466968 83357027.77699305 8814.195182416228 
5227.629156409675 58673103.0454297 27552.943487324977 
6114.306197454296 1059397.688241539 743.8055865956743 
29367.646689976504 883201.5481676619 37.97128938267081 
5236.632716963021 2941950.5875755246 2953.2163463875454 
61468.04891577551 335154.0673352762 31.318521226937385 
11428.467371480165 722744.3320611563 288.6523630346258 
9318.605838619096 907768.9163673013 405.1080628326308 
5277.75084336377 2257997.5782441096 1273.053442217137 
5267.835541869647 2023808.7236347815 1316.3832676822703 
5228.6515364675615 26284869.288154915 10673.034343674639 
61740.082608780845 149799.55095567935 5.049916057707834 
5228.752422051135 9555262.507688692 8410.967205960813 
5231.357667869041 7514657.587858116 5161.433502930406 
5228.407912240732 15972707.776845258 14470.593695788022 
5373.419926074215 2142689.9971938254 947.2454571133784 
5228.479912776493 23860868.521628555 11868.433055050848 
11213.904609674888 828555.4393808997 239.53871420180457 
8899.543386042566 1025115.1720468205 501.91961187478546 
99491.66070672803 97966.24927654956 9.407335181701939 
5228.479844673675 16228487.018834675 13968.692668457465 
5231.177425756263 5487666.815890233 5740.288403443687 
5234.669726534752 5754801.700883899 3876.156377190733 
11173.719827484023 869639.1010823916 337.82232226940073 
5233.120819822325 8624988.160872305 5055.497491775039 
59655.748925208325 223636.9893357822 4.415991191183549 
44190.77605878442 470874.92068701837 39.57424502877754 
135305.10772301324 99870.36805574973 1.0463527260026937 
5238.335129984238 2379809.9731827956 2727.899892194522 
5246.973461383223 21261207.4913712 2409.6548010916044 
5235.322942093593 4847250.704115662 4479.207637317644 
17587.396986423584 438961.1009837134 237.25980066438757 
5241.543335593684 2286444.008723677 2437.75507327603 
51282.611241961706 219961.43173824294 32.7462857615394 
43465.353899374575 2503887.657968104 149.29997876613075 
24535.96746922886 318576.6872917444 57.094946139081735 
9415.905401240174 754294.5004525292 371.43727631546454 
5228.404303146819 33060071.386048656 13475.568789299536 
9396.485937501511 1070168.4587886077 372.44631755003394 
5230.433098300524 11303030.092808628 6158.299590452029 
23697.73566296557 367002.3180915049 113.31428179252319 
5229.864176764366 15645306.91025329 10157.944309698061 
5236.102580352589 5533004.673960189 3692.5916084655264 
62746.213850913984 133186.05534143504 11.646911595743521 
5228.113585561187 18660122.368225202 14631.62221629799 
5251.407162873156 2646434.2121928167 1935.0346725978281 
5311.785495496828 1757435.2533691155 1083.603719405558 
71793.3039447833 405228.2225856653 31.412681914103217 
5227.720735211886 605640197.3212941 68815.16784424962 
98115.00812959741 211935.30719124316 2.9586647386681695 
75138.15944240206 189496.53999086277 18.72924681479592 
5228.117872241344 562069562.030587 71929.76462970012 
5228.047858801499 79191726.27731873 24915.329866401822 
53544.72338874781 555399.3905530837 26.604622512294696 
37645.43867203745 348870.4998658117 23.04758165783828 
5228.237907980153 35809988.08344344 19205.41792897068 
5228.310149182679 26198727.8323809 19102.873258920397 
5229.011594956602 11883954.564410571 12376.820759336559 
59696.51705154267 261375.62552762794 65.75204707778227 
58810.34723790534 3458935.074983087 87.37171423974478 
15844.380419634266 443997.0691180405 156.8376482479685 
28623.4294327081 2169447.1057602167 63.60775765783421 
5264.613202595823 67459825.54760078 2431.0227258728937 
66394.82282266964 226984.63519188797 7.067873040768055 
47428.838757805206 977077.7329459861 100.25676996798647 
5229.723496663164 14872273.284276454 8415.185018240083 
30401.476382651163 1620920.6773068344 47.71775929077332 
22841.538340128172 911761.6990249197 81.84532573096882 
8811.759318135088 2072847.0999328124 1391.17220990453 
33591.73648960407 341105.35694176616 83.64298407147682 
27316.980323256605 5156255.4207650805 65.53113642531741 
7986.299682236051 2857336.0137915513 827.6967651995553 
26070.925888108446 689160.0279219854 87.7861375205625 
5229.210789573341 11254640.922188308 10318.062526766014 
11832.452404177711 1055105.7903296354 455.13158232608316 
37511.118843939694 314226.0637220534 74.14649775049851 
5230.475975345227 19686134.886561327 6869.1517186519495 
13478.621128111505 846959.1747279089 552.2975225994396 
5383.679627151625 1748562.6089442188 1571.673845307846 
32850.12804738543 525855.426576798 75.55344067100064 
5228.8356681810255 12749906.374598509 10950.278837787442 
5236.381334518097 12348031.27916988 4260.044791138827 
