7328.087780261253 912123.155428664 477.4704591958473 
6110.415838180263 1648240.5077786106 605.2560523381135 
5402.565008961576 3270433.109131264 1104.046826146452 
5468.404721268482 2639483.649126076 993.6572849404865 
5586.1061917918505 1870094.9193603403 1011.3322545526443 
5244.7249227883585 4110797.5042115753 3367.0068435669814 
31242.421646568826 460454.5230843667 30.9385007979903 
5235.885026363375 18469404.060811102 5941.595115841878 
377703.54206272285 78273.99468771946 2.169671349409998 
75664.8327016199 112028.2023137379 1.6038980946895725 
5777.006814169304 1500240.223273776 785.3811175664301 
5229.946750970452 16410170.054010045 8713.693101477942 
5232.820477785206 9614133.710061563 6728.328875104902 
5237.220901913856 5928033.704630167 4735.117023333422 
5233.187795036768 6733968.560981916 5250.3283066884 
5227.773041274127 2145075516.9354289 212298.8737854321 
5232.839391641062 23923417.727277167 7577.887133728733 
5233.030906359366 7206910.496565221 6144.806375892708 
5318.802630390341 2725323.8830228024 1818.4276011128816 
5227.8513696872305 97230185.1303839 37392.953817138725 
9023.112428193963 846903.0046499311 306.2113510685318 
5229.187497344781 20102803.470770042 11861.657736503435 
22801.1097996177 557229.6956281269 57.047969130333854 
5231.038178725248 13278986.965685343 7145.9141797215125 
5228.682137571406 79268210.87961616 16218.989021376798 
67335.29444890661 116863.08399068349 1.8381872861071702 
5256.411091028243 4187164.3702229015 2871.4863812760086 
387999.982112548 96943.45238315836 0 
5241.223920543037 4353853.0506276265 4098.529993623044 
6983.1641557601015 1797569.5225578547 598.0220734960863 
51630.48170795638 289357.16011412704 40.31686648721132 
9551.889444961056 679058.5172093392 280.52339205553125 
5229.027053448237 38658071.48279229 25661.481436800485 
5227.802931566435 168755217.4414576 54147.00999880996 
175017.6367187405 158648.3318970445 0 
153172.98322795372 104317.08344979705 10.377656569342633 
10846.491595988084 374047.6594572108 118.4450408358421 
5317.953283754867 3339382.504649632 1829.5504394383734 
5244.492848581105 7999111.624806909 4068.678939212434 
5232.492515546314 8817855.028473038 8040.461976109732 
30441.264552970748 438883.4062681688 58.61256473028258 
10003.999638738482 490619.9491719594 131.35106657914181 
5228.311140412576 179343527.91458836 35938.41872855439 
23124.220622272398 318261.3410317144 78.04007944182607 
51081.733280052154 270063.57269961573 20.41856420199618 
45764.02182285193 805334.9096170197 4.645072478384108 
5230.7123005294025 15105471.548294427 9117.851657519606 
5231.980132502578 16627988.077341424 7100.147968300326 
5312.212055844817 3505777.3726429166 2237.5212961458387 
54690.5127770343 535586.122353409 18.044888498144548 
59933.94090920591 123117.08616685939 4.571328058905443 
9472.209120410138 653819.5313160829 303.05171822203414 
365377.852271366 104030.91937853703 9.644602297958443 
5315.167237781611 2748463.154701032 2057.216560197887 
5238.429364214811 207080823.44099104 4702.558703657855 
387705.2769925047 89160.71728248202 13.10590174831476 
790000.823498709 149080.28230856184 1.0793064977950229 
795222.7296861161 109546.23289830706 9.781738546103655 
5228.181507928708 60982367.86549892 25113.557559941255 
350921.81670076837 158222.21451167171 16.644400356695346 
86287.43736603671 148750.67822531023 42.14805278116317 
5229.267933825356 27681437.025664367 18384.263930344237 
5231.275100672261 16570068.033556305 7558.6379855252235 
5230.2513836484095 185696637.9953891 16206.38330183442 
5228.77044675959 39509845.397090405 15698.746239779617 
769492.8881683274 122534.60046685733 1.2737854940666835 
410793.4938202318 105405.57718632962 2.5402586823778885 
5229.83297590761 25512717.34507427 13239.328531369933 
5229.011271516286 30432411.06038856 13516.745137699312 
5230.026218820335 21442644.51289927 11404.045207822839 
5233.0919302281545 9888851.244011212 5757.809899156398 
5247.969573717447 4315466.635222678 3427.8009515739914 
5234.285479516057 16387055.991369445 5729.102561338496 
73555.43545490113 194363.55381720644 8.48955750822709 
396235.6962765282 117167.06058945543 2.089533834350302 
23123.562948431412 5213667.596360184 111.57736724420525 
5408.096623300958 3674723.9445985574 2586.0097028040395 
5242.821806783934 5558316.004566131 5695.129110220724 
5318.601570355688 3643429.8249812564 2144.470088970955 
61722.20068675271 210109.00720406137 15.568729928212075 
35025.01994960294 641747.0998548834 83.34609836237831 
16167.148638677068 345390.7435518003 92.66423911495603 
49058.78041188231 4488378.879677796 100.58906471275114 
49006.707384245514 530314.9076830861 40.3183087104722 
5262.597728791364 4997087.581849497 2991.799865167348 
5877.229335062083 2073348.786793951 1640.361129364942 
5471.745309161542 3096287.9659513794 1891.677972000584 
58522.42755778992 364507.9079696833 35.57110622270348 
5281.542244111281 8396750.008792238 3144.1788571387424 
50941.93321933937 1222723.075111607 26.205332489741608 
8663.41715247999 2225803.073108667 497.96258757485475 
6018.369880405393 5020291.84190495 1148.7645840708267 
8020.315717802073 2431523.1414749217 804.1586141470702 
13262.539386275528 654368.8387701651 258.7855777560455 
11048.016994034047 1137517.506009069 749.4902888508013 
5605.544362908689 2495596.6082744426 1342.8227580307098 
11420.349135839293 767058.0497780872 325.0947866022998 
6927.878455435892 2538106.7073291806 1204.443123146477 
35938.015266533366 1463666.2599677218 59.25110815269761 
9598.393040102672 1936091.9855139614 289.1508180189819 
