18091.37640379529 63871.06322338878 97.65638909559013 
5369.3218098053785 12345625.516441237 4134.134443319679 
13593.902855676999 123030.41417201544 85.14609700565782 
5370.658708664323 8127010.878936907 4063.3396535626193 
5385.851360046006 6272500.271503264 2742.5931835598385 
5383.791111443059 6538147.763163178 3725.6768714177806 
16456.8020496105 105239.79907812233 112.12754823241285 
5404.262960460541 3093211.6409291215 2083.8022165395378 
12539.440380956614 926113.8956902178 122.34346020815806 
14900.910566598037 120957.34294384262 198.5808349498615 
13618.98592161875 122027.7707200957 85.15509414829884 
5468.476374879707 4563457.718774648 1803.890903817056 
14900.910566598037 120957.34294384262 198.5808349498615 
5466.092932799815 5704654.190159621 1796.8685236380334 
5465.0108721400575 2723971.6126364795 2281.880760837749 
10232.525096913754 192315.59862093566 219.49893440896966 
5388.459716463597 5353027.462216794 2670.142318550047 
5468.623040868311 4916963.121540235 1695.884270147401 
13428.332577940193 924529.7943403132 127.64638523731506 
8724.48038197523 276396.4849044027 243.67243070162704 
11818.283476141853 186651.31866596887 141.8229220977891 
8055.992980975147 303753.08013673517 197.5608219835621 
11045.755692528046 191296.7586076885 285.0936351946902 
5400.338646830476 4309261.46275242 2356.916696860568 
9271.181442956646 195465.71389658374 217.690462410873 
5477.116679174896 3046446.2316448027 1522.1304986101154 
5655.714993707459 1906993.28482047 952.8694715552293 
11266.662773938046 196038.4678249639 179.1271878973726 
5743.848085529477 1488923.1948735595 816.3031373660901 
9848.774348031538 193474.01851558842 198.95422142035977 
5397.842336447023 4700457.02234954 2396.260276288017 
5694.052862167484 1314746.921383806 847.0874556743481 
5474.316410738472 3954290.4641439333 1681.732362303492 
11708.580446955792 168585.30082778443 172.86377003208742 
5389.909365043875 3945186.838911785 2512.1021059307313 
7822.2399145231975 443767.0336758646 395.0443000103243 
5613.090475686531 1727275.4843786862 1089.9077976867616 
5917.638329702574 1128447.97406228 733.2807835740662 
7240.747855903506 562156.7806847177 341.06689459004855 
5381.686003222516 6857718.9818279175 3786.136901999124 
5378.693572174032 7569385.152677787 3833.193587950265 
6037.158107037075 1024833.6031295585 657.2082237494701 
18029.03336670523 63966.753717490865 97.82254917729473 
7483.942706031271 520895.1982557259 430.4439680939782 
7106.943044632273 590896.2904558135 305.6049288956428 
5559.229901319573 2066474.4678141084 1175.3889039208702 
7962.028609620097 361651.1744826952 260.31167714552424 
9058.421351248571 242683.58715954202 201.80697949808928 
5388.934441443942 6869655.198152611 2667.9325409980984 
5396.977721041831 3899931.5391801605 2478.8728713161204 
17254.374626721175 70210.60641330609 87.28677988789698 
5484.953194139261 3469933.5026884293 1298.5206359160852 
5401.235396751317 4057157.9475531494 2377.724424159386 
17623.570368001663 66918.01383849932 87.20594245381686 
5487.716369652165 2861791.0501841796 1341.343891164629 
6140.142072298294 1473740.9800515126 574.2979104731251 
5505.3193401360295 2205691.020551368 1233.9183203657972 
6683.652204693807 853273.5419487886 459.716942848992 
5536.814946675339 2373683.8781029694 1179.8335251019491 
9947.02785926102 237996.3987749461 183.74504494643722 
5373.800811969488 7424357.069894181 3985.963573576825 
6409.342080105433 808911.2196917245 613.9355383805373 
5572.645131608927 1792675.739225339 1126.099292677811 
17075.00799044445 90671.22137095145 86.21965046720388 
5482.28173957646 3269677.476359498 1409.5354633959068 
6547.917314643898 815562.9738503376 518.6854706700037 
6278.37653492829 983473.8740999288 707.239503896651 
5488.514524327538 3705446.1714932 1296.8479898241237 
5378.905910260579 7063252.0872849785 3901.419437831706 
5481.4959447118335 2987571.4654196184 1463.2246610633058 
5983.508542975669 1222134.775950562 694.6358957151471 
8840.799098690297 224504.67785736435 209.43934857864062 
16775.263363689774 80758.65953517379 117.1544657660102 
5378.118168875108 7172222.056571208 3919.7831768015276 
5478.648629290068 3820481.4266688833 1365.476252343904 
6823.632030421395 793851.6299656671 484.23774956560857 
6375.466710445943 1087763.6231452632 549.0576924548284 
5502.592866114321 2538304.4199479837 1195.53883091774 
17551.202635211477 69886.83945039405 90.78779501036175 
6941.620517581973 682547.2113953086 509.29801238970146 
5621.839906040648 1448515.7873375511 988.9433218897495 
5495.793265671102 2602928.1438506683 1485.3365319899242 
7617.844224808383 492670.95061809453 334.28926424799533 
5494.05821761837 3232481.9298071675 1277.455769411044 
5570.004727683129 1862838.6956810148 1052.7228976652136 
5373.155360872159 7935938.826097525 3906.2187150659756 
7007.30719511085 531026.0363980097 371.8230157537142 
5800.154874309979 1300067.2018895582 1013.1246335752684 
16830.567434881697 101759.21942364563 111.34272485161415 
5372.968202020027 7823904.625680749 3930.305381393384 
5502.555342844274 3365338.0491154785 1238.0589636026016 
5372.105536418253 7760920.144908326 3977.6004758485797 
5372.462728305519 7598016.530263555 3991.871895217856 
6848.639334356257 719094.1299542793 457.6580944795556 
5380.924813385329 7656023.801979437 3787.3704569427696 
11045.755692528046 191296.7586076885 285.0936351946902 
13467.314302606363 922329.5256489083 127.44559091119265 
5808.870285967831 1135961.8406277373 702.0674895573027 
11780.428794844216 153634.46118944502 334.14435875393207 
5375.1675794643315 6977409.449103601 3921.959677249035 
