8053.999531935447 10761321.238681978 839.2183076634938 
14439.268081985094 177982.70295964676 18.030444352692854 
8053.999531935447 10761321.238681978 839.2183076634938 
8054.537939754338 6917434.346316197 869.2556535864944 
12732.161149448022 508642.13238678 19.125144578758842 
11431.366328884007 206862.55983152476 22.37563815582176 
11999.261806189228 481867.2285970084 20.940938463549394 
10663.275123258596 238363.38021717928 33.43273737045868 
12732.161149448022 508642.13238678 19.125144578758842 
8065.414656374529 4808027.945815519 468.9221441798435 
8055.877005492123 7473050.217782656 695.299552953854 
8054.027300067254 8427867.220819583 830.9113689418407 
8056.169369523479 8316703.423487638 677.5249243175873 
8055.66677985461 5621962.803940185 797.6972476260573 
8055.763622870772 9092252.093721243 726.3483679653272 
9499.688913145686 349554.089947524 27.895335730332132 
9873.684492931094 346239.413624131 91.85910474213287 
10268.433616770031 340993.5068074757 60.22178312409663 
8071.18121580441 2875441.1746048746 650.3829668836943 
8974.98861692031 531789.99483754 86.23582195311268 
8096.668226898127 1002267.8373764356 277.0972582227684 
8823.683972146471 1486362.9512687076 115.0378827457933 
8060.062611340157 6620700.378961313 567.0197611076657 
8573.188864453043 801295.8783916136 201.28731642819363 
8364.458295826678 887610.774989431 179.09923192485712 
9970.317111270777 336066.1158803999 74.20908863313142 
8054.211389681952 10324945.14521283 821.5071988094879 
10446.294517736867 275470.0598066747 43.60326251747021 
8054.872771268774 7406707.39820178 796.2438905038864 
8093.288828969722 1145259.011998363 303.4197884533916 
8074.789965380118 2488902.8412581948 365.7957619227461 
8076.719743703437 2388795.482051281 346.30868551611934 
8082.134486373107 2547615.13417511 307.88295849894087 
8055.18612003189 10034184.724641632 759.7018325181043 
8065.167998966748 3063204.122393865 550.7734770718035 
10056.128655594137 316893.8948178958 64.38551560744732 
8106.812596053196 760242.3364956705 238.5199423719994 
8672.868085550828 664858.3764452494 253.53610289394376 
8055.677722078286 9308833.132108783 752.3898513982587 
8057.172610719614 6775420.795911281 661.1658050022763 
9371.042093077755 368387.43032848317 44.63228068026443 
8054.735720736158 9705068.353481945 808.9762547200705 
8057.454979958322 3891102.8584759044 636.2127987580978 
8618.964379914916 1787042.6075142813 96.48421678253047 
8075.978977174207 1995219.2316789608 594.1549584020113 
8252.973148091358 1286486.3400703033 225.29107188202136 
8295.841745166379 1093587.1372330762 166.68738047713327 
8058.542499285142 3276109.696909634 615.944388288986 
8073.745198416673 2336947.9667220255 378.54364796004705 
8060.003581027626 3128258.9095337857 611.5433805758836 
8055.864978451444 7088225.71948639 745.0604707333881 
8495.289646304695 699670.6114848458 267.3047529434466 
8074.92152311791 2179876.01825316 575.4658661114313 
8054.9644907819265 9558764.223494649 771.3379723815406 
8060.961203421137 3553030.953527764 529.4541528891527 
8072.840328227445 3395666.404369348 445.8534298740271 
8211.77760236561 858967.7513551499 232.78939041618685 
8054.8714761334095 9843454.544618841 764.2028447758627 
9096.440697590617 1379484.0720117786 63.512621037806454 
8067.39382226698 4463104.425314179 426.5806895121258 
8727.57331439762 649909.8488950062 218.8341269351337 
8066.1408941158115 4606702.506646613 453.8641852074335 
8878.927851163819 618042.7704138475 88.04261802715885 
8057.143499776086 6076218.6268984 668.5748699766913 
8092.02768048871 1110314.2858204008 333.21977502064186 
8060.408752903763 5868034.211450763 556.9718558827551 
8056.1540668321595 6390283.441858063 719.4335218488061 
8055.719707670998 4090356.5453339303 748.5998481545964 
8065.178834097278 4802150.739678087 487.13523527412895 
8543.130290067123 826591.8693640137 148.36924768269478 
8643.009022628854 1659136.2844733018 111.32301167377713 
8054.214095975628 10303777.986468105 820.6537121388081 
8454.376055081937 834566.9286664504 136.37068718834809 
8344.889595478786 2074436.7904549318 160.7617149358108 
8092.975507523917 1320853.8244531285 315.5411320258294 
8071.511822979233 6338585.481773483 414.23286662149053 
9284.614671908534 401402.0141429511 51.77159263967622 
8071.98018510074 5711418.49643017 397.5252946097271 
8417.153036421918 941331.0256723168 157.4368554823726 
8057.218946102928 4232993.097211071 645.295851782322 
8086.441227051483 1708798.421568269 387.520879881823 
8076.358915433873 1927203.9980025117 583.3046361673375 
8654.607157805602 913953.1876286617 124.94748015677348 
9138.991542023527 417153.2335550447 57.13540188326451 
8065.162960877198 6118828.864401491 487.43312814543003 
8063.614843252411 3075467.484158079 504.56390183754036 
8058.130886637551 3462569.576769611 628.8082524679861 
8471.924171717785 721098.3912248424 213.14091353120898 
8065.635917503551 5842349.8355855215 463.11164056504674 
8078.091276759891 1852481.8992562443 517.5161582771324 
8055.055135940171 9554454.149279267 770.9873632780659 
10552.287243857529 251026.0573551256 31.17065161378487 
9252.785690732875 416778.662094255 57.13540188326451 
8055.178071771025 7178672.9067131 760.9054358864778 
8056.5121534764185 6934080.44615051 707.6350884870707 
10495.044788203992 248522.59576952213 34.38663788937617 
8057.255703784386 3575742.4526171526 727.186844903342 
8062.9577546030705 3496921.763222622 494.48145886123 
8071.561918353467 4540647.237347349 407.2166855183765 
8090.987428088188 1578750.6072525335 417.6861096510556 
