8053.999531935447 10761321.238681978 839.2183076634938 
14439.268081985094 177982.70295964676 18.030444352692854 
12732.161149448022 508642.13238678 19.125144578758842 
10663.275123258596 238363.38021717928 33.43273737045868 
11942.23627601363 492263.9586892902 26.18355482218956 
8054.027300067254 8427867.220819583 830.9113689418407 
11999.261806189228 481867.2285970084 20.940938463549394 
12732.161149448022 508642.13238678 19.125144578758842 
8055.055135940171 9554454.149279267 770.9873632780659 
9499.688913145686 349554.089947524 27.895335730332132 
8057.172610719614 6775420.795911281 661.1658050022763 
8056.05905742938 7837701.370608687 720.9936501404135 
8065.414656374529 4808027.945815519 468.9221441798435 
8062.588042608779 5277516.725395163 525.7866153058992 
8055.178071771025 7178672.9067131 760.9054358864778 
8056.337598048077 7433515.134664046 679.2324681088446 
8055.719707670998 4090356.5453339303 748.5998481545964 
8076.096364255354 5533047.039653386 369.7094762576097 
8055.18612003189 10034184.724641632 759.7018325181043 
8056.169369523479 8316703.423487638 677.5249243175873 
9873.684492931094 346239.413624131 91.85910474213287 
8054.735720736158 9705068.353481945 808.9762547200705 
8060.408752903763 5868034.211450763 556.9718558827551 
8057.255703784386 3575742.4526171526 727.186844903342 
8082.134486373107 2547615.13417511 307.88295849894087 
8055.976694545419 8348741.875048801 711.6706955086107 
8096.668226898127 1002267.8373764356 277.0972582227684 
8054.214095975628 10303777.986468105 820.6537121388081 
8067.4257907011015 6295028.844848702 429.1427735257589 
8093.288828969722 1145259.011998363 303.4197884533916 
8062.608979153054 2918840.4611460534 526.968958823711 
8076.719743703437 2388795.482051281 346.30868551611934 
8054.769455806134 7503647.763078045 802.9106043945369 
8106.812596053196 760242.3364956705 238.5199423719994 
8672.868085550828 664858.3764452494 253.53610289394376 
8057.273993100677 3866748.598762593 647.8578609777552 
9371.042093077755 368387.43032848317 44.63228068026443 
8295.841745166379 1093587.1372330762 166.68738047713327 
8252.973148091358 1286486.3400703033 225.29107188202136 
8618.964379914916 1787042.6075142813 96.48421678253047 
8066.832227517512 5801249.662251679 448.19356891546806 
8075.136256760261 2222504.938080975 572.6619148373047 
8364.458295826678 887610.774989431 179.09923192485712 
8823.683972146471 1486362.9512687076 115.0378827457933 
8058.542499285142 3276109.696909634 615.944388288986 
8211.77760236561 858967.7513551499 232.78939041618685 
8344.889595478786 2074436.7904549318 160.7617149358108 
8092.02768048871 1110314.2858204008 333.21977502064186 
8090.987428088188 1578750.6072525335 417.6861096510556 
8495.289646304695 699670.6114848458 267.3047529434466 
8066.1408941158115 4606702.506646613 453.8641852074335 
10495.044788203992 248522.59576952213 34.38663788937617 
8060.062611340157 6620700.378961313 567.0197611076657 
8057.218946102928 4232993.097211071 645.295851782322 
10049.43594842173 317452.1080492271 63.08211094455978 
8057.454979958322 3891102.8584759044 636.2127987580978 
10268.433616770031 340993.5068074757 60.22178312409663 
8643.009022628854 1659136.2844733018 111.32301167377713 
8573.188864453043 801295.8783916136 201.28731642819363 
8060.003581027626 3128258.9095337857 611.5433805758836 
8066.05866055486 6006563.729865822 465.1177945604302 
8092.975507523917 1320853.8244531285 315.5411320258294 
8060.961203421137 3553030.953527764 529.4541528891527 
8054.214095975628 10303777.986468105 820.6537121388081 
9284.614671908534 401402.0141429511 51.77159263967622 
8073.745198416673 2336947.9667220255 378.54364796004705 
8075.978977174207 1995219.2316789608 594.1549584020113 
8819.330951496471 548728.1231321589 189.82534148834816 
8086.441227051483 1708798.421568269 387.520879881823 
8065.162960877198 6118828.864401491 487.43312814543003 
8064.461929462779 6638943.904522635 481.62147864666633 
9096.440697590617 1379484.0720117786 63.512621037806454 
8056.1540668321595 6390283.441858063 719.4335218488061 
8076.358915433873 1927203.9980025117 583.3046361673375 
8063.614843252411 3075467.484158079 504.56390183754036 
8055.66677985461 5621962.803940185 797.6972476260573 
8058.130886637551 3462569.576769611 628.8082524679861 
8727.57331439762 649909.8488950062 218.8341269351337 
8471.924171717785 721098.3912248424 213.14091353120898 
8071.98018510074 5711418.49643017 397.5252946097271 
10446.294517736867 275470.0598066747 43.60326251747021 
9138.991542023527 417153.2335550447 57.13540188326451 
10371.904978836688 298130.01849873655 61.062404482777005 
8066.512459268392 3404286.985715548 455.7049140320446 
8974.98861692031 531789.99483754 86.23582195311268 
8764.585311629577 618251.3753679516 195.0142439733156 
8071.880458398671 4379623.781526178 401.4317022541088 
8054.9644907819265 9558764.223494649 771.3379723815406 
8454.376055081937 834566.9286664504 136.37068718834809 
9252.785690732875 416778.662094255 57.13540188326451 
8078.091276759891 1852481.8992562443 517.5161582771324 
10276.478669795164 302492.6559313502 37.22054607582371 
8436.046978617696 2443259.221576733 152.18071780958212 
8878.927851163819 618042.7704138475 88.04261802715885 
9970.317111270777 336066.1158803999 74.20908863313142 
8417.153036421918 941331.0256723168 157.4368554823726 
8654.607157805602 913953.1876286617 124.94748015677348 
8543.130290067123 826591.8693640137 148.36924768269478 
8538.108638956812 982419.3555037137 130.09681805377073 
8062.9577546030705 3496921.763222622 494.48145886123 
