12716.510304427165 512081.8187196738 20.962475626837456 
10656.985505159486 275278.1303475151 45.00857367872066 
8063.790011114125 7275860.333167313 550.8832903224272 
8063.138442411324 5195268.582523677 690.1636614612928 
11614.496615743732 519629.41070821794 34.07519584982026 
8072.92869525379 6183047.8484040825 431.5749818806108 
11942.23627601363 492263.9586892902 26.18355482218956 
8073.136625210271 6665320.725963635 430.8910146913349 
8064.71938744189 3399234.4161996096 662.7522932888988 
8066.11883515376 5368309.219752749 554.9176251000399 
9654.215397023265 397613.5340410407 80.11081322613357 
8069.448933175947 3059033.330767943 596.3408078435752 
8073.854475442403 4753264.748380527 415.1414578837645 
10068.544961665533 377128.09374620195 88.77821727226882 
8098.317779555606 2387203.7858687434 306.1567768664005 
9478.072689023717 438341.01844395255 39.046157433133345 
8099.54668149392 1264442.222329925 275.8233329148868 
10371.61578924243 320902.6147819218 68.58912961569116 
8087.866134353142 4370796.241175426 347.7310612357717 
8075.559677629209 2764353.7106144433 530.1527488677756 
8063.706034976846 4253880.311395273 674.870127617391 
8086.345630189095 4505533.922998539 348.89347210874007 
8211.77760236561 858967.7513551499 232.78939041618685 
8672.868085550828 664858.3764452494 253.53610289394376 
10287.353955034296 381987.0899830695 76.16156936778364 
8071.507345603852 2952265.880083517 504.1098734312381 
11709.742350550498 515427.3988416329 31.08608796076436 
10567.434680272381 300628.1631126751 47.64474632104813 
8084.892297210648 1454960.3528505894 487.16662290292436 
10158.519014170013 379423.5348493663 85.3968605054667 
8905.739546635385 571783.1383694155 96.72644604698606 
8095.1370651393345 1113843.747404387 381.01768357935356 
9290.229700037578 470667.04915224295 59.322812445552415 
8074.509238631664 3875453.4059563945 408.38992051671073 
8364.458295826678 887610.774989431 179.09923192485712 
8074.390330415543 4022419.285164813 445.1368318436083 
8628.837663209964 1002090.3668492783 122.99348279536127 
8097.884275958122 830623.9616475998 326.1309569856804 
8067.480388474901 3633581.4750805697 512.8517159505745 
8069.448213957725 3136546.169866381 541.6116591836317 
8098.315354337246 1576166.45546325 321.2094939184712 
8077.417402885295 2840763.4613163834 471.2304608879003 
8679.498102105375 1749265.5057492293 109.90933354351213 
8106.812596053196 760242.3364956705 238.5199423719994 
9024.076217909034 681681.9393798339 70.88652185836094 
8070.799873518172 3722807.3801557235 454.49467614664235 
8764.585311629577 618251.3753679516 195.0142439733156 
8080.236186493448 3077001.853081241 366.69743011186387 
8089.489473629327 2279745.052672524 392.44752346620584 
8065.0963761502935 4097657.719154045 566.2359415972676 
8981.208763546307 520953.54628481425 114.46554306766228 
8870.31555333986 530185.2029770442 184.59543857089844 
10575.516892673275 280258.83256160386 50.54045122617076 
8087.090936486761 1343647.234555901 400.35038969893856 
8083.240251783558 2519828.15513864 572.6587159535494 
8443.703441113183 1998813.2728227554 151.84240005616414 
8310.22288079852 1136529.2502609007 166.93056647838205 
8550.251318398065 2243321.056210161 136.04459453356353 
9106.189753317107 461161.32668406225 67.73581799658727 
8063.811756079401 3708799.626707779 575.4438823107556 
8095.204962956521 1944331.6010969856 318.49995532016226 
8085.303638202454 1505179.405447477 469.6713173108851 
8077.896456855479 3513909.1917799353 407.52234112594687 
8254.370096918421 806532.5384692363 221.58955055779236 
8471.924171717785 721098.3912248424 213.14091353120898 
9230.227517034868 507154.4542045361 63.203204238390555 
8066.2383598883935 4161231.181654046 493.87983469627443 
8079.206663031938 3053664.7547499835 426.7310436547216 
8561.095924318699 1200820.8101281002 128.26099601980616 
11841.538682526465 505254.9469036143 37.86299110858396 
8317.506239120912 1047084.824386072 161.93062957414057 
8084.243627193612 1888294.002863101 443.11897113091254 
8079.331953249107 3262105.444364009 360.71210434308114 
8505.43850559477 2626174.399177323 131.95872325860483 
8076.368016459495 3582411.0416328716 417.1326912736632 
9176.874011711514 464619.5144726546 66.95497650286781 
8417.153036421918 941331.0256723168 157.4368554823726 
8834.584459704845 772560.2115684213 147.77327871642692 
8727.57331439762 649909.8488950062 218.8341269351337 
8066.733751350644 3250673.9410124277 590.5631571671275 
8069.084815788961 3639232.072540888 457.1017213301574 
8270.881280444602 1311423.073156991 173.34855515751676 
8506.128396146185 2164765.942986021 139.32757630799136 
8067.276329050095 3244947.229883048 558.3220052751841 
10071.475180173995 374922.6366902411 87.6760803791318 
8506.262128187185 1259486.3527798238 139.68557900884178 
8080.524406757094 2630829.7236663722 411.54775387458244 
8089.857469463652 2048418.0622636124 357.58296993929 
8573.188864453043 801295.8783916136 201.28731642819363 
8104.885136680646 702675.727091878 242.31323893830472 
8748.61606563285 668738.3176162969 207.9825507554653 
11908.730678593389 493382.0612743468 32.05679835964601 
9290.229700037578 470667.04915224295 59.322812445552415 
8933.325907874356 554580.0781162741 82.90338064234484 
8083.572126231192 1812815.2848425664 545.2412758766791 
8835.42533032553 553361.6537795145 192.9981875936007 
8586.666119785754 983811.2217837635 148.65703083237048 
8416.55340571729 1045436.0671218545 173.95511153286122 
11614.496615743732 519629.41070821794 34.07519584982026 
8679.498102105375 1749265.5057492293 109.90933354351213 
