15862.442461095441 57224.21861541638 3.2009958505938756 
15478.083648483062 78817.17480162291 0 
8033.660236795881 38773305.02473692 4264.9640430323725 
8033.9240074430745 44327176.42802121 4018.203658183381 
8033.840563162501 37082573.83517588 4084.227438169599 
8034.7451193912075 24944676.58993024 2784.7048870308163 
8033.926781692089 44064513.086389326 4057.9433912587992 
13244.781298240452 65383.83901786638 3.2005820355866965 
8034.011330575456 23890653.991282426 3656.7410556772375 
8034.035486863975 24079201.40058707 3385.7253884337115 
8033.9240074430745 44327176.42802121 4018.203658183381 
12619.939881981587 67877.92645388359 3.2009958505938756 
8047.76583164861 3429062.734769695 859.3686863205908 
12853.917509659457 66366.98442313458 3.2005820355866965 
8037.50019079344 14374359.785507973 2035.8013604698685 
8034.027682578655 23610440.464837052 3651.5551970672523 
12193.367699157401 69007.10713966712 3.2009958505938756 
14163.070041519664 69798.31600686244 1.408142539546283 
13620.373478491167 64764.02185179682 3.2009958505938756 
13835.361988574914 62978.634323190454 3.2009958505938756 
8038.942530155919 10319451.234444035 1873.9486231173519 
8035.552767607283 17866829.70468434 2629.628506742699 
8035.401286950365 18668269.585170075 3047.7417517483404 
8038.452120903449 11674062.751167059 2207.651459125805 
8047.446749495926 3072222.0806630673 1074.5687878844296 
8218.056914213856 1089449.9434135081 280.52741995875095 
8040.746825182612 6472168.836468025 1420.0214902937403 
8064.575880450038 4925931.636257414 472.09701323959615 
8037.94545925372 12166229.726244371 1771.1321065515126 
8036.830411508063 16195193.511784658 2182.9970165747927 
8046.774105773808 5831297.596673485 982.7159338239073 
8037.521604781037 13043343.054726733 2709.1543288020443 
8044.061896902278 7144268.562181606 1273.8127963416148 
8034.134137866071 22322872.524656065 3362.6854411280997 
8039.093078926497 8911055.86150871 2113.6551238067195 
8077.795023931086 1688213.315333874 363.5721113351108 
8040.001884866106 8160698.225327704 1605.6070740085765 
11165.978239925753 79653.08296466823 3.2009958505938756 
10149.41573826139 97642.37576219456 3.2009958505938756 
11660.66620149408 72445.19815865354 3.2009958505938756 
8042.1062168815415 5684913.659680667 1517.4753852017097 
8043.4313237596325 5455504.288925764 1337.7573796675015 
8128.1366579143905 1431946.1850370315 244.48776193199095 
9526.759399276963 170051.1345023504 30.754026724358834 
14989.879528446716 65176.675061706956 3.1868182788591213 
9221.783138216764 254222.53226218477 30.7079180114795 
8037.312746625457 15399297.597994115 2002.0864085207972 
8034.681915581043 21462016.719769467 2797.883649769544 
15583.546933605388 57838.34322716338 3.2009958505938756 
8034.977772319825 20858777.530387904 2907.290827666951 
8039.586786723756 7510862.690272812 1614.983435449221 
8034.7553069597125 21014106.568310857 3154.1922694890636 
8062.718177918414 2318058.63539388 660.7904876803101 
10944.455193425032 101668.96367854407 3.189422692173936 
9851.143012635224 108857.73500193925 16.941634486336884 
14661.45221849949 59744.29754624661 3.2009958505938756 
8473.197157913291 684853.4979385243 90.31312438358414 
9599.45094997126 140919.4144388717 26.477226195042043 
8036.298577005216 18059061.335130442 2272.9798333341387 
8034.19918686782 23790654.65257 3252.10392505699 
8034.892493205243 23096432.35333547 2681.418060872221 
8312.975833302715 1161255.9883091487 187.3016486326316 
8035.770522885398 20359990.372220833 2353.351499320506 
10356.461243484533 96853.00939504281 12.819343283283692 
8059.2072535170255 2194227.5933574038 727.9063539198853 
8039.149271330251 10137378.29538621 1710.9294757670077 
8061.179553956492 4080837.0997096878 558.8949061100199 
11371.05478400832 92186.75167978152 1.408142539546283 
8583.249822749018 587434.5330365963 89.22204310379236 
10795.101929114859 104942.60464021686 3.189422692173936 
8034.325448815629 21908852.246084683 3197.7134473525894 
10610.740558957132 88059.98529701869 3.2009958505938756 
15215.38017746164 58623.43773210604 3.2005820355866965 
14821.671520088315 59328.35767282565 3.2009958505938756 
9955.492900534473 106963.18994215148 16.996286577247908 
8035.433836872793 20905979.57194997 2547.7676185685614 
8402.424850597483 2576328.31081455 187.17167687217062 
8037.6130823038675 15833002.313547736 1911.9368512640335 
8035.510841722358 19290650.75582769 2950.5436993704993 
8998.945552630059 276337.25350130175 32.433484007172986 
8865.252372041701 284585.71021716925 41.46247182845342 
8406.43085485969 1686415.992858414 142.41911375676807 
14426.278531446089 60334.86684526766 3.2009958505938756 
11499.287133666554 76643.84710804709 3.2005820355866965 
8044.35093093661 6284016.422206879 1165.8230254041594 
12026.70230960205 71161.17933253775 3.2005820355866965 
15861.452183991041 57319.73382740111 3.2005820355866965 
8061.179553956492 4080837.0997096878 558.8949061100199 
8036.018165465639 19728998.523333803 2442.667951087058 
8036.132064254712 18359418.98372326 2388.5003992688703 
8039.065236245583 9605205.495588357 1965.4553265161771 
8038.168718485723 12868938.921298612 1730.8056692084012 
15318.831207114039 67201.76781623471 1.408142539546283 
8076.290938014206 6025008.774833428 439.6426310270197 
8707.548412182688 371706.08744484634 64.73459882640682 
10465.540576809539 92085.20519849959 3.2005820355866965 
11913.176696182625 72275.93788373597 3.2009958505938756 
8038.86189965739 9567459.75802135 2147.105476479085 
8044.288917659017 6098164.074765711 1190.082700757434 
14454.305217791902 81076.20643065641 0 
