24873.165171658722 101502.91538354907 6.492131992676263 
8048.936901947384 8163510.350968077 1087.5828991930402 
24980.317973679998 102249.92358377037 2.1587973513506453 
16570.062958819108 109906.69363614985 2.1587973513506453 
24156.714934771524 105628.21199423647 2.1587973513506453 
13841.743616977552 128802.46761641199 2.1587973513506453 
11559.216429740853 124845.25865726855 3.2996268367135064 
8049.5911294876205 7107636.590103179 1020.2050663550738 
16021.180343182583 111750.13779512652 2.1587973513506453 
14706.665053916437 115735.60884074584 2.1587973513506453 
8056.767871105041 6884626.5179554 598.9549596257684 
8049.19610336472 7258869.569041736 984.0546542990953 
8248.186938568739 1998768.5964012966 213.01685233394335 
8054.038443983564 7759343.171057277 696.5185944105442 
8051.266965423105 5994527.133873323 795.0753174170128 
8061.036562056663 7485727.0942726955 524.2340560101803 
8062.491542783706 2994423.861031615 494.3639127181919 
8050.092708351602 6442279.699944262 909.3795918526619 
8053.308352686886 3158905.6779725254 862.5227739496788 
8051.37319769944 4627659.785882047 958.1461281508164 
8088.976777858426 1183545.147679433 337.2409368800915 
8054.7844774562445 4754357.501426482 680.8185560727195 
8051.616942349863 5435168.663341827 768.9454707317121 
8056.873740752516 5205899.847598185 616.6281835506896 
8053.126622347578 4970804.394673382 819.2650697428048 
10243.108566701136 235663.35670251807 42.72863198293494 
8197.605871803664 1120057.216605688 261.78500953950567 
8051.745293669992 5040515.057621244 923.7839684081288 
9327.33563736203 308259.85532326065 45.59133104767965 
8254.982483837295 856112.2110015594 174.58891429065898 
10499.694127099167 191473.79317530608 28.74515319952369 
8204.892794630383 794909.7523975286 231.4248562921701 
8052.211645939033 4549728.579459116 909.1482287745337 
8081.253651050447 1338286.3385878028 416.47780336405356 
14184.618584483462 117781.22216413161 2.1587973513506453 
8055.214523027893 8033756.892260112 635.6921527711918 
8052.837609175531 3656368.6016638707 874.3786842891002 
8075.135487883419 2601184.756668209 356.8185763349193 
8090.768124561227 2368675.229911007 318.0180224013073 
8344.19786047222 2159170.5924895103 170.31240642513004 
8057.949531115789 5679276.1978213 565.0313128043208 
8618.561272907518 1788608.26475933 96.80237472883341 
8052.743966694496 5085678.180763462 828.2937270716084 
8091.488580165599 765492.6739495588 283.0587485303028 
8065.862554223212 1698585.5761533626 442.15186085217874 
8091.052715536054 957158.4615875684 305.15617517895834 
9881.703837314564 266235.85590206477 57.56166091784975 
8055.461804699528 3844635.3241065308 665.9224645421955 
8654.607157805602 913953.1876286617 124.94748015677348 
8050.741114263075 6198818.343280028 822.4773497873523 
8066.070808863573 1530652.4826015283 448.86064345371295 
8454.376055081937 834566.9286664504 136.37068718834809 
8051.505666508383 7880291.311115805 765.1787071025566 
8148.464414629399 1413083.1240720488 276.1752052546429 
10830.62149244732 177859.22740585473 20.694862184548658 
8066.87527537401 4638660.982918021 436.3274677616062 
11431.768320732215 269443.49316365016 11.336929674310149 
8712.453234976416 574443.3772716423 166.56437529859286 
10691.915418098966 383496.94585108163 16.671202507908394 
8053.502976749155 4037907.3673340557 735.0304488908268 
8070.594846218187 1449951.2130017243 385.80747951217313 
8543.742326166634 1857404.3308439064 109.56063531605119 
8056.9560974356755 4173050.538521699 620.939332756856 
8500.542943193585 789284.2325672815 151.16308676217034 
8052.521561394631 5797636.860343466 742.350778306828 
8054.353356573342 3792606.466872181 729.7892618086044 
8064.99348641385 2869847.745481268 454.0290468061485 
8073.513087938513 2693129.460925496 375.39987388624667 
8057.330132575216 5925976.400964941 582.8526087483226 
8053.282123810888 4463524.519233371 761.1859848594839 
24387.00692097078 104317.24899770506 2.1587973513506453 
8064.858166785078 3256080.4913881198 468.8016508959197 
8049.592484256464 6356233.216706319 912.042431742389 
8055.364699054101 4318575.539862063 659.7936436646797 
8064.940745945184 1913335.6250897236 482.93589430365887 
8770.11826412381 469743.6595993499 63.36693041633945 
8735.535942514234 530733.1290199513 79.95552251477456 
9030.328302392403 660334.172357 52.781142381547866 
8052.816832178538 7472543.7315965155 731.7588052402452 
8088.645635374289 1002440.6254315361 365.45113455362116 
8055.924415089816 2430580.7391582727 673.3703905870966 
8056.980407587921 3658862.813155307 601.4990901694234 
8053.424083310567 4257839.6301097125 746.6643356500423 
8058.979084486472 2520248.9016352585 645.5702860233197 
8878.86246847231 677126.09852172 61.45774826751385 
8064.2094964163625 3565703.918056857 458.9170433251846 
8618.037653540752 2227227.867774255 108.85440416267646 
8053.168121910349 3386438.2455717376 866.5679232599853 
8053.74928326716 6267252.16403134 717.3713588553862 
8061.669155589372 7159599.532290937 533.7332038567663 
9036.963321227924 422052.9701650041 82.00328999436532 
8064.117597173155 3263358.927421131 486.80000710248027 
8069.419840747816 2737343.478015875 399.9403493619792 
9108.941565201963 464139.05364438635 44.603235355071604 
8055.629742127778 5586188.641551863 638.9176234259771 
9721.441220602139 285131.14315594145 61.48948509823406 
8055.507579777522 4102843.972054879 655.8598737268082 
8085.375174033937 1080269.5060380613 402.751697439758 
8052.160772971731 5651959.515146883 757.6715534397437 
8068.158808560227 3431717.5687163696 410.7908019016437 
