8029.132838849147 340479.89054887736 411.56440039433437 
5269.396899479755 11529573.667809257 4898.986139562363 
5269.543581587771 11685263.96579647 4885.922668371075 
7261.254082493758 283192.87895945314 768.0947904043979 
8030.951962014618 339529.86794485204 411.87609963678307 
7461.218752507473 446011.7168303166 518.471099025656 
5280.225512502179 4902246.514479097 3429.95003642248 
7324.425758147384 412403.09442585096 542.1955861275219 
5277.963490100854 5090059.965867853 3586.3888130986907 
5319.46554171863 6161702.592797265 2689.437774198582 
7885.012855863092 572037.6602172509 431.3385808092678 
5281.105122069772 4100018.9840030163 3309.810615821882 
5278.606062962774 4516334.306010396 3495.507346951086 
7747.965533904766 363016.1061649863 434.33308976710686 
5527.341358139349 879172.0359931153 1848.4386946460095 
5988.91076558998 395460.63981552573 1290.8570381833545 
5276.811981214124 4418454.449699575 3677.3310412863116 
6160.287907730124 359401.032577571 1229.4882234429347 
5892.7228270419155 410026.94497940136 1355.5072366164202 
5470.567272009136 1187615.4335450528 1960.647759243887 
6924.474503717897 296180.3537460676 879.2355893789254 
7654.245822659508 708868.4039991912 509.3482768096075 
5418.877994770399 2411302.292389732 1917.1582092639178 
5503.902436978727 983856.5585975259 1770.2059466244195 
5314.766215177136 2761081.5569094475 2813.4225108334226 
6057.401481016707 406406.7974559158 1088.683710314237 
5271.728508878312 6110124.214112227 4048.672963132294 
6360.708744265079 340436.770029803 915.7339039122668 
5810.04689369068 445780.895926844 1363.9292364698558 
5572.664139986961 2069177.0868625422 1679.043769429908 
5271.839455173555 5888951.207368532 3921.806411060186 
5276.449836482908 6477600.979513487 3735.0838606775005 
5447.919445192977 1400157.5906141412 1767.9881737846722 
6730.840905518742 376003.70544590027 742.7600055133497 
6265.833282994401 339560.776335025 977.5236888270285 
5275.540719415661 5404706.35559817 3909.176490321164 
5292.831884900878 3396731.3217656952 3138.5273179100004 
7691.964553783746 662871.5528283144 453.1803741329194 
7951.917377444944 364213.1084489416 419.9278397922193 
6042.077785673522 395312.69022936776 1171.9501996601143 
5383.6506988741985 1680360.3118511143 1997.5639022280757 
5290.693827528414 3584866.107706636 3033.137315435937 
5336.647345082582 2526501.301661292 2345.257118150929 
5333.921052332181 3175455.3052224177 2424.9770503186887 
5371.206060221007 1567551.1844059273 2042.1426467002539 
5742.102607137798 481416.15492064226 1556.8525738923925 
6673.95636463781 382219.54593300505 770.9314998435451 
5350.951604312002 1872240.9872787609 2246.276717670725 
5285.931012589141 3890319.880758409 3224.4297549473094 
6612.449695886434 437920.2647701093 824.0205464545692 
6549.715103727352 323419.6035500283 851.3705621439108 
5296.67683116752 3782009.356926526 2939.4303042344236 
5269.880043098192 11218592.848618114 4786.058393489466 
7055.093765709898 301070.93442664284 770.7168019446774 
7553.973932727301 333030.48030135746 686.2464195502471 
5272.134338177609 6910497.712303566 3921.513258308522 
5270.683770457608 7328557.671990595 4146.30826668289 
5351.581014852008 1976486.2981861073 2166.5853971396396 
5627.653988337617 696013.9248849937 1476.1722369042493 
5685.813328274746 584054.2256745127 1525.409699381422 
5269.703543538339 11330735.227395834 4809.939766754336 
7563.0048399891 310038.0097391016 677.4935045381477 
5610.668792042885 749186.5138674553 1620.05519263515 
5326.047457433278 2236190.024306843 2600.965848233817 
5314.044851735491 2963614.5069201654 2898.961024715625 
7127.942067019791 426523.9318814626 600.1700909355808 
6817.345577590309 302328.16186357214 844.0766557810014 
5270.769583539937 7282846.1125342315 4120.348536748983 
5289.572911811581 5745942.327811966 3189.5656463381274 
6483.240280256347 321825.1836452153 868.6974108206932 
6437.301399532835 316650.98677618045 918.960831374716 
5791.176540308706 537405.0179266017 1345.1660337740727 
6816.109791835681 359824.3430796503 736.8755672358379 
5305.312740241041 4050308.725604802 2852.05905166456 
5269.913377642416 11221559.349077536 4655.171673591133 
5345.128537784243 2328205.0794872134 2334.7610985118754 
5331.57345547562 2901935.2166190897 2503.13784168848 
6984.464630869471 345827.3432618435 815.2317472576773 
6218.17734114405 358245.8595742547 1078.8645168992505 
6240.309519343573 358210.31075903564 990.1881967108786 
5361.48832252514 1809492.458951943 2116.9767162692965 
5272.170533739918 6711460.310884494 3859.0462060420864 
6974.402759850574 445430.6522384089 635.0360739998404 
5275.796350974045 6745265.884435114 3812.277961970508 
5293.073451545793 3534996.9077634136 2989.981218410039 
5580.857640518278 1325125.9805592892 1480.2788851934897 
5332.704173230039 3276544.566819317 2460.991068374643 
5720.983416677433 608559.0301235255 1500.086586747766 
5326.941311163705 2837584.0894084782 2590.0184933466294 
5554.28594584546 691176.2662064267 2096.0777420407817 
6186.674360690713 349745.7523295635 1273.5590359032485 
7206.426868762689 338601.1227261884 603.548156258574 
5273.6166756869325 5591139.533880437 4103.309480430598 
5269.9752057556925 7501557.054726426 4114.210502575605 
5467.831437779367 1214769.4702361936 2030.5001731515742 
5468.057944376374 1204035.7412890843 1955.8798688751156 
6653.637472108731 300153.0109693541 1317.4291190477547 
7768.964838762997 576563.7642959922 552.4961622140278 
7022.9682529335705 323450.2852459467 1038.0128701898695 
5269.997040538649 11029302.933819702 4637.080985499844 
