8144.6266760714925 324094.69808959484 378.4046905888006 
6944.683863696586 253733.5481635514 918.9710992755004 
5262.172034235648 8085269.354232379 4146.721267993232 
5261.8419669115165 8508081.563372226 4068.691031587104 
5262.385235248457 7084411.399100961 3982.4906034343403 
5262.936463832772 6468067.0036007175 3941.590558488305 
5262.214121357427 7379062.497791052 3956.2747998801906 
8092.8854212110455 321944.44968999736 385.6462250206744 
6620.933848158444 398624.45853564714 775.7419855049332 
7912.551832234436 298837.713913098 401.5899986545701 
5270.177717709426 3659562.2777267233 2974.3597331910473 
6122.304381335845 329948.93665608397 1028.5518688016039 
5352.45460673406 3446589.013604685 2218.935412985707 
7714.817690154854 338573.32793690235 404.2086681389176 
5789.441598398503 453305.0612138375 1403.908521206026 
5262.0245817838495 8122810.202933788 4102.267731211296 
5702.503164501763 491159.27662453044 1433.6952296658528 
5307.442450832874 2262527.5710356147 2426.8479189049067 
5439.318144174158 1139922.5829642662 1955.6238674154085 
7487.7052399944605 376730.73369733087 503.90571592918303 
5272.77980332587 2905081.046768719 2936.195815293673 
6230.765153355518 339712.89726997836 981.7877455478895 
5460.299784930406 963460.0115802871 1724.7248287192836 
5262.977038257101 6197854.900807469 3826.5562409923505 
5292.167080756389 1699110.2580365627 2480.211931667348 
6861.369503119559 267633.62758188497 880.3600995241782 
5269.920418236409 3259602.9102261867 3018.0307175839816 
5272.802158096681 2770926.9386007716 2889.62640134008 
7044.342905676384 771220.1015866643 661.804841506291 
5264.04083190426 5460507.43192403 3680.3692316766274 
5275.068415410368 2572257.52681633 2758.7121751556097 
5289.838055146265 1777831.8048098853 2564.40727957602 
5266.3294273701 4723875.981346311 3337.999742940664 
5277.366562862234 2442487.1110017616 2655.050133603042 
5376.708846520195 1577362.110466198 1894.051603532283 
5269.749976044729 3906418.2847371227 3126.1191006777744 
6053.479950968183 349481.8085600946 1040.4463021815016 
7234.45611156502 666624.6286018993 574.2660747548764 
7835.920071259088 322178.28531141096 397.30276107835624 
6983.990407753816 358855.14756692667 709.4865661574757 
7133.402161908685 350429.7297479145 606.7314520422954 
6697.726624004034 311984.30438645004 784.2079400168177 
6744.205837495223 589144.9408673502 696.8843575178145 
5400.8423778683755 1249917.209451695 2035.1289019698038 
5369.919920341665 1926947.759038242 2109.843551430433 
7539.956668646928 412440.7378590391 471.76326352711186 
5263.874159593078 5815930.750853966 3768.683558563159 
7349.14518856584 285392.53665534704 643.19716669939 
5834.5653334922945 415004.4955010068 1249.5826843008424 
5269.940080519598 3142431.387204419 3085.4236232179405 
5320.471806274177 2028638.9520398113 2329.11173151389 
5263.7268201351935 6006638.63351296 3792.865608115409 
7400.946797585301 286218.2194162392 638.2901605391453 
5285.134425192974 2383093.2149618026 2842.1975963410073 
6416.996908014484 300431.77569146047 833.6567703847653 
5857.0142743945335 400484.2924497324 1353.043512025424 
5394.749011972456 1424113.5450558886 2120.5748461637095 
5264.551066212947 5311137.95593691 3595.922855037769 
5625.997016532774 643637.8520774726 1479.280039216995 
5543.041645072188 874706.5125212559 1780.9229476163841 
6510.484845430437 272780.7410086463 1078.7585916308833 
5265.131191129489 6279168.358855988 3473.088511610815 
6800.83268950292 287029.0101476019 864.416169402522 
5988.651734929997 328294.7759509827 1179.3130739300302 
5333.016021778833 2041622.143851271 2257.1051956323045 
5269.699205992209 4480354.0751609225 3084.86956955035 
5265.193792024078 4631461.664213355 3495.8859662760997 
5264.177548813907 5042477.172739128 3675.262456252663 
5354.626147925622 2329148.0183316134 2163.017185627809 
7673.32852936284 307089.0739681608 551.2087466860963 
5587.747589033554 837325.5566816364 1692.5222618073647 
5268.037925202199 4125331.0563843423 3155.9493591722835 
5949.12861757026 569257.6088161508 1178.6618878495653 
5678.354752615042 571158.027463445 1499.290267582805 
5899.319141531987 348608.75032699126 1292.3293310508557 
5264.704615937176 5205195.497313996 3537.9278665798765 
5431.673027686133 1337595.0222610333 1996.0304353985289 
7264.3790021073855 286741.97479294054 836.6982192569415 
6518.542351710441 299413.5385345928 851.4332665266959 
7601.640150262421 344906.5801201216 549.7750188747076 
5267.580763625023 4053019.0340687195 3195.7017208585826 
7094.615013951462 468344.6543760039 590.7510214160426 
5275.603241743108 2504858.1583453245 2726.4461161606705 
5263.1118696830445 5639145.499457189 3812.810785419679 
5343.260415603736 1817406.6713629952 2309.243316856077 
5414.820637288285 2157931.164076343 1868.7265597028397 
5266.89151920852 4394883.081116445 3272.9958066674726 
6305.73724643583 653856.43128565 948.5108861410012 
5266.069206062256 4275449.0961000575 3356.3066669932355 
7871.427835345401 302900.2233722712 529.8001573913543 
5452.122538375109 1298494.4443246566 1834.4717667518705 
5266.63072516308 3999899.1279571382 3439.9722557496075 
5952.80109720131 417037.7432826337 1113.3642921011838 
5520.765294143652 911892.9452222667 1541.631117938691 
5264.843317866756 5063499.956218075 3622.6319569014186 
5264.523216046892 5753013.8245386 3551.779988809775 
5519.884743508794 865788.4439378851 1862.465277942967 
5607.725286167775 714373.9777488377 1570.244615276812 
5267.228924082114 4386273.202711881 3313.796934155136 
7564.501696933726 282916.07153941755 623.8057680093922 
