9465.947066771318 2205171.460820698 1809.2722276652535 
16596.424270716103 874031.4193002365 2416.0087078509046 
5827.615317005886 9783855.93989144 4394.844241393352 
8918.621032591012 1431445.9059001757 2145.1837121393196 
5938.079960405937 4942672.640348377 3080.336289438929 
7057.694649501309 1937983.7925072894 2431.331876817059 
5836.93458889078 5064130.832622418 3164.921328719165 
8367.408279637983 4363053.680725517 1994.158737042529 
6547.649238955928 2233028.5113011696 2615.4895741585838 
10103.563244778357 1735626.891462335 1882.546756431919 
5846.396511619731 15614958.273949359 3131.4648733528757 
6006.517292853457 2778838.4435435077 2523.088365985841 
7889.956155007385 1527854.3376341674 2024.208694230915 
7261.563557230869 1754518.8777606995 2245.3795558095917 
9438.987379037173 2222995.084304549 1817.657727578864 
9656.351015633998 2039576.9153233522 1936.7144326374219 
6768.34907055614 2197540.32310732 2169.7945602203367 
9495.969596595676 2226913.3535952084 1808.339137275511 
9438.987379037173 2222995.084304549 1817.657727578864 
6719.410429378231 3088937.7990973103 2206.9265680851727 
10103.563244778357 1735626.891462335 1882.546756431919 
10103.563244778357 1735626.891462335 1882.546756431919 
5913.584244537923 5502117.094391429 2984.7379526167415 
7382.019024257357 1656924.7092690195 2097.937582971549 
7706.621229109179 1556015.8987762444 2050.851848266607 
6880.430493245196 2151865.532129323 2531.384458777424 
11098.18691848229 1504415.0687279718 2151.143130989688 
9634.947587071872 1516643.9310819684 2419.322267423735 
9366.333162969024 1525038.5459831061 2149.0854438510905 
5882.472611376818 8317014.827732114 3260.4013985528145 
5840.24079245842 9935535.426771224 3290.5785234333307 
5896.397309000166 5658624.629833033 3326.8657771510266 
5882.625587323497 13488053.10446673 3197.896670896209 
5883.345337901754 6010613.529439612 3360.5069530326273 
5910.589072554227 12157486.306484282 3174.959319705811 
6613.588735423914 2577129.9797500824 2868.051181015087 
6552.64624583009 2977016.038419022 2779.203648988308 
6191.336078712811 3364133.6096405275 2695.2930754834188 
6028.966569359336 4994871.281909312 2954.5339243794065 
6446.167561199973 2957069.279636539 2817.5709627487804 
6159.861756360964 3017558.6991881873 2849.770310043767 
6099.814625594616 3342927.0289931213 2947.014680217471 
6261.2665627689075 3003123.78187693 2904.8695069094906 
6121.987258962134 3347828.7044834127 2921.5375223811975 
6677.477939900941 5920460.765804993 2623.28167138289 
6583.952290202307 3538323.1333549586 2635.788105613379 
6377.103987579591 2961312.2011451474 2970.8185103609576 
6308.340699592834 6315673.0973383235 2685.3159915395577 
6762.441969872095 3055997.7658002554 2714.3550635995966 
6033.099794836082 3975896.671342673 3052.826086380017 
6679.170954189168 6248830.217350651 2587.1766915995386 
10177.456567414403 1549710.9507500057 2057.6783626813344 
9200.185708951989 1528343.159817989 2461.9261781920864 
7299.179785440938 2137645.116466116 2645.8500302622097 
7025.150276972407 2712176.813215919 2468.1287646938626 
7239.739746766815 2919026.472423392 2412.7244829646934 
7015.026933160989 2919312.043597553 2505.340750954406 
7207.7345867265685 2290264.0980374445 2501.632863603724 
6880.272015528572 3080655.4308331707 2585.7246396816386 
6857.189750998294 3050555.907836926 2680.0897706619353 
9816.499601579066 2223335.1640322497 2001.7692778466853 
7181.699100189413 4647659.615754898 2390.5602027364 
7019.836698266064 3119786.380091094 2490.9209237651053 
6774.8617851628305 3449422.0933356793 2636.074024541403 
6857.817955163179 3545114.979980043 2450.58459874852 
10146.007233048527 3384819.17500699 1933.2956504348306 
5975.3336351872695 10218570.950347995 3134.6778921025984 
7472.673490549252 2307693.9051675396 2218.4098374500422 
7519.052672628658 4742069.142203727 2119.1442501090582 
7459.279495726757 2498617.8215670814 2330.0262297360778 
7401.014659765812 1968054.5653959473 2616.9121848089935 
7610.784570148322 1806098.2662018896 2229.412062110471 
7933.182695722006 1869524.9878394087 2080.865894092036 
8748.56624847804 2800681.9669627175 2071.5426747423526 
9297.498078958968 8232736.584987817 2058.3203496174287 
7766.594768549696 1677661.5280490445 2483.426402392835 
7018.406035771088 2334247.6179698706 2536.7093952432197 
7190.551250526462 2288608.0438822387 2584.4683813158263 
6882.2456647492345 2519445.3560442203 2806.8566244438944 
7292.526357359385 2171413.7879072116 2978.5386196532245 
6903.3755086173205 2493423.1547081852 2564.4473799469433 
6925.056778659519 2546717.994254712 2550.3008568318965 
9660.738703533476 1522863.4561597367 2464.4604428244756 
13741.373566725491 1527154.2426929849 2193.9942971965124 
5858.323214847905 11562012.37661474 4156.587233240145 
6138.293159143799 22300692.354879353 2964.6796011279084 
13304.62768874933 2242633.729545911 2030.4366332973466 
12235.892461029884 4910817.581171118 2130.4684204986397 
6042.594075169954 17729927.21490144 3216.381538455211 
10144.469448185622 1853601.9636581996 2333.9673541486804 
6013.017394288267 6832905.45841736 4098.636845604396 
5899.083962690231 14205719.894477502 3750.2805550864728 
6062.832076690336 20100806.75598715 3084.7993739780895 
6014.953641888342 9255160.724802313 3925.4155269309713 
6035.47214521194 15263051.890744276 3543.9627298733108 
9358.384841911466 10647916.139298458 2077.0027890258 
5866.475439755581 19365111.234959282 3642.55943021418 
6220.518937053671 12401386.166752942 2815.6997098161046 
5936.89001311546 22159200.12104986 3391.6371133177727 
6036.755373145366 8896860.9302984 3503.8223945785553 
