5924.624224987606 59913364.25256372 1449.518078517332 
5769.7107216524555 5564685.4277858585 2092.365146377312 
5393.524816893083 786079096.6007985 8645.026733340948 
14642.471453945003 1606929.5328447414 503.4503053831435 
5313.324299605895 109902238.79749879 8545.806103971654 
5235.267242273683 179973951.25272626 29914.903975567257 
5230.810032273516 447204276.0906385 31170.91960867071 
5581.300671747544 9310439.023409104 2843.429516044563 
7106.916319063041 3560215.058383739 926.3610433062107 
5237.58706329659 173371768.9768426 27708.212962943144 
5328.860955517992 72896582.81163578 12853.630409911328 
5231.2773990578025 209813656.083216 24728.753494821274 
10497.402160838788 1646999.5705091963 628.4976174818049 
5601.870989933731 13906990.978872435 2573.39992055156 
5660.433649110763 18256670.15759267 1978.199156962807 
5821.127719200817 4378955.008321861 1286.49339463712 
11946.411859399108 2594888.430246344 559.1926330289925 
5503.486010192619 102134660.44519533 5033.776110520846 
5230.202584770825 753529208.092476 37298.35764535525 
6234.814144826536 2487793.505622736 1632.089293273781 
5289.493986473775 58279721.15692895 12512.40660352652 
6387.889950159073 3484492.6485075993 1156.3485012078722 
6193.300284283537 6118712.07500965 1039.869002348494 
9003.750372009303 2600296.798221441 696.36119840713 
10332.299855249812 1749997.6907162438 619.9759478180534 
9056.696948207771 1649987.7132710982 808.6099080920044 
5231.109717525551 338339205.9065822 32231.82045312211 
5268.645507477546 123215649.74190775 19450.931371608956 
5232.01743527665 217700706.91183782 22175.967042016397 
8973.586422687875 2473578.707844531 828.6885828771107 
5251.172381234592 107585294.9165214 20216.539897421957 
5239.115313407287 298546835.025726 21074.557685006235 
5742.025293565215 6785397.000298336 1679.501967903611 
5230.176844496751 655943372.8298488 53158.77751586879 
5233.5550585977335 470102580.06501234 27755.30660558325 
20186.727688993342 1810572.3482649117 360.89444272915557 
7645.048865386891 1570664.5745703864 817.3603389406325 
5267.176009944509 51212916.33056465 13157.992038900587 
5229.540018444824 918724518.8664016 65424.69847419006 
6880.5006606025045 3235044.9228334846 1129.5854652159803 
5255.39011390313 94911545.63056727 25068.519664352585 
5229.64277239464 674460149.5745542 45580.10554840767 
15416.631950160061 1848261.6910374912 364.3047508259372 
5439.529983514821 16545877.091728497 5248.801651295388 
8099.208954293186 3609833.73792905 727.1771576825505 
5480.619637572276 84009113.69160886 10807.44848745963 
13760.050307410185 1714913.7244439628 517.9181111353336 
21029.20203189463 1760164.092054533 404.91746957486606 
15196.81668683824 1799209.9226268036 452.21552484158593 
5402.335438950445 203350835.23693797 9944.67086500641 
5369.180987733786 100824687.82556665 7827.905687149323 
6601.54774781852 3111204.035543429 1190.8615233107387 
7046.012457621896 3297208.900737796 1059.7276909474547 
7220.485583501004 15916329.202272026 921.3953052217105 
5230.972666907798 253509613.4372744 34405.04059411159 
5231.583306106847 509342991.6100535 26345.01514529899 
5631.139230857589 21381303.181923065 4466.527983143099 
5824.562897857844 5269308.253085414 1461.2648402844113 
5905.5448366898245 5350747.737986586 1242.1324323342521 
5911.710082778258 4091964.699586327 1649.1020310892216 
5995.035323248188 3263601.6845020875 1381.7179218901479 
5855.374968046228 6383104.584186058 1405.7007965362266 
6069.922295323094 8167649.8599496465 1613.4725495344956 
5590.19646013204 31439036.293531068 2729.0980353286 
5231.28626444877 1518565739.7967906 45966.3528757016 
7616.622051769993 5691136.597992362 982.516879370992 
13176.342728420015 2522907.8970194305 627.1378209502884 
5231.543627435493 616674937.7627404 32721.49480330305 
5231.310159222695 518135711.12188226 27827.047410145726 
5233.052365888228 457204929.1822826 24951.683323594516 
5240.0963560723585 210707234.90577632 20128.93902780937 
5255.773555472621 159891843.7490259 28874.213643224815 
5797.336142663728 48147289.73185956 2325.197372696514 
5252.454661614406 143465835.96282294 34808.87893941086 
5234.222356997748 267819627.52293423 30485.436254892713 
5233.522677774246 216262284.80100793 34927.809887802076 
5234.387028120093 631526195.7747962 38993.203623190915 
8092.9755279419605 2360863.669582023 816.3971518348403 
8791.925224100349 1958878.4663460783 845.3098971580637 
7944.3192553433955 6878933.053087886 1081.1744869761937 
5361.781442132815 102122076.86493668 12757.192381786108 
5352.677984291539 72692634.0664405 16816.491693875992 
5328.344129733706 95955355.69498017 15279.51601200302 
5278.703116775566 81281232.39026345 15375.666875090981 
5270.681845042237 100003613.15226597 18300.486038736013 
5229.832565955403 1502242215.663425 197143.22909520325 
5230.311144421482 1554133280.1066031 66613.98226222217 
18774.12037175974 2035067.9927119329 419.57435099579163 
29041.061066883143 2435974.4655971117 345.48841240488264 
5502.889810675271 199469584.19684738 7870.816364589465 
5453.197801758486 45585519.12100079 7074.924140719491 
5562.240965200526 26553790.36010475 6671.185361693085 
5577.347204268519 38171577.40370848 6024.896901098584 
27843.716678163408 1728494.1006472493 545.5535520222699 
31082.920653438767 2162123.1751590385 415.11156504344194 
5231.26845885948 2412942071634.5605 2175914.1821238142 
27147.727004899905 2759880.5870462824 390.87105608439776 
5231.597746645999 798178244.4622492 34794.15972594741 
5231.396223923258 364462009.5810367 44251.75356198764 
17886.462042579667 2438587.6217347514 485.394045779443 
