12798.087478031084 1075092.0617134466 123.03935972354299 
52106.06805829324 306640.3877527276 32.15174205319732 
47084.14393075311 672082.1909736134 16.061509267364276 
25275.790382803 610821.7018708573 43.61086727519549 
50269.243869776954 349356.78607988235 21.990307136875224 
10178.127999367729 449946.438451837 234.88933646902856 
6079.639677286117 2890163.8715370116 902.0879156978357 
98946.56621232005 254879.91123808856 8.236058984182824 
7414.754416195753 1350824.6679198383 296.3194546707811 
6109.15354674913 2493901.1803976195 559.1593868973496 
6288.013325654718 2539914.323607897 568.9835104905377 
5936.042182503845 1026932.8401673072 888.1426616543945 
5470.901980912531 1962840.8832896836 1120.2202216351202 
40928.237538069276 310295.63728919096 57.61792242106524 
172061.1717533227 293008.66975766304 4.450142934682628 
5662.762074833379 6032083.474264946 893.6965463247006 
1682102.0960304576 154005.1352722334 0 
6014.855406409269 1227695.3288437978 754.3396158142468 
415402.9113407095 217123.61908161998 13.029297308903367 
7173.953068193394 7385107.9847152205 383.73524347989553 
272395.52852175914 552301.9543376748 4.442217415083419 
5390.774853866298 1855297.6474668272 1872.739257516212 
6974.351899158506 1572432.24269892 486.78393811598465 
5608.693591998014 3351229.268457471 1218.7156349487552 
5664.376056641434 3618017.435890039 1177.7894251057583 
5867.465759250535 1939360.6328067544 780.8601625341178 
12786.036964747767 800986.6978870456 187.25753938676942 
476813.43839180015 513824.9961790984 1.1467022985255222 
5353.937767099182 11890093.170764288 2333.671948742198 
1194838.9652160236 387001.37534488935 14.992011098675203 
324479.2345457766 515723.87183923204 2.4446836051641148 
6015.14306278495 1820982.196301699 657.2809123884545 
5367.47655482815 3037235.6056953613 2213.8475480620227 
5267.21396156253 3939621.016482329 2179.8459663353765 
14176.428959697118 350273.48310815473 124.4401731679553 
13196.515174111193 782579.908328579 218.56031337750497 
15181.04757701866 663869.7252068622 119.05410742359075 
27316.63585535109 603203.5103259825 78.66707733358935 
5771.655562661908 2412101.8588448223 879.9595493537842 
5893.339988943821 2686666.4702677783 873.7413697442825 
2334979.970040137 150904.79851222332 4.302091775616638 
4908183.15757769 385270.3140054316 0 
5381.307168865094 3173021.105436028 1352.3792790956707 
1093518.5155291336 146624.00439758706 1.2438507125707614 
8105.812628506716 694284.4859415505 278.44690280122745 
6794.828874875042 1924246.5709185044 501.35447156173785 
7746.933977696941 1072456.76597396 258.9184818419366 
1658714.547466761 68213.06387023535 6.045203944740833 
7380.329168445015 542702.8924995319 431.06378165716995 
120918.20295385 250914.5845313861 12.522210106448018 
6474.321180233575 1132999.922904756 617.153228171388 
16390.020861348563 2412032.8925214647 117.27254888083428 
753914.1235151307 393065.4310903619 1.3953376668946251 
5305.146377558727 109338498.54427882 4852.768895161186 
2466886.1728563625 219755.70504902554 12.864020293814539 
5390.543915455882 51317807.04813412 2321.628190082303 
1485814.6794542433 334829.1544379097 6.022127101314798 
5356.380235626523 30165293.150706984 3439.3491770484047 
1038348.0793521098 257816.43142555904 26.974126175972188 
5418.27638885474 742262443.09304 17289.764494661922 
5312.954763984424 14948259.32041689 4013.9471465066617 
5489.43762950589 13782627.618756963 1411.485251463988 
5520.00250960551 6072925.317165183 1464.9749561650356 
5347.329342165233 29885936.486874707 3507.3627944014584 
596898.1851376165 462416.1601246605 10.439283819447404 
382010.4257530912 485850.65922929236 2.644522780385422 
5353.629971305284 14266462.973615691 3714.414165224417 
5921.001605880543 2405530.0533995386 983.7054318561694 
287604.1554305485 578320.7611422206 23.48284160028278 
6371.0738283275 1449024.6677919517 725.9211779893557 
6192.198510426311 2042469.7606389974 1211.20146082791 
5321.905465613024 10369795.280829066 3671.0513326286696 
193173.5466109736 580871.8311188717 8.137832742617176 
5830.636126923736 4268754.381846545 1081.6964665511034 
9628.910896691163 6537365.973380631 271.90144343286374 
6061.067397392931 3260218.2171661993 1089.5408529904948 
6278.951258143268 3659002.810683705 668.3268300087826 
6446.2556845262325 1860032.8228737134 591.4512761592042 
154654.22234215803 368433.6244842553 19.768354798057743 
13444.889420139365 2258437.7485016254 205.7326944472625 
9055.368770302175 2169920.6843938623 418.0688970066137 
6866.618816131862 1600786.8280319767 511.3846120296679 
26989.415504854853 827466.2386743869 89.33505534320071 
37989.68866833559 415773.60251388536 141.68039620563542 
7268.897999176143 1510182.389526934 391.96765085504876 
52979.374431902106 1002020.9656792365 45.65791141186222 
18970.94492442769 465396.554760199 140.1512511995615 
10632.35838953404 481204.2796563263 248.96860131329123 
92598.38956009859 1174958.8205186555 22.29679321002247 
7076.6487513478505 1535974.2702576779 667.3750261425604 
71361.94005382009 394653.9042688868 28.916279517919847 
134411.27065826466 466771.6914298968 15.605036530183558 
67533.15089317215 736669.368118002 61.77513679022489 
8987.23453469856 1127016.8134030215 407.2275232333394 
110889.93787840086 298898.2346088745 36.793786069391274 
126884.73188422382 518494.8029824593 11.88401399489874 
6240.522465632555 1698845.2714881662 701.7664147173429 
7426.634581804921 1298352.188704099 448.9260308300819 
41941.885058443804 758054.4609522979 77.78824041500852 
7701.030749080041 1357452.1896658067 593.4469091351427 
