380581.33534883487 208338.10766744916 4.296828254005144 
200527.40665211208 471521.999248591 1.2127555215454513 
126473.80127528947 128856.03448517599 13.484867105963422 
73435.84734046977 200078.1217743011 13.190556624638372 
5984.792919960082 1143411.7318605843 456.7229432721796 
15022.426518288088 695160.6390311944 113.66565437355108 
13483.445588374463 802014.1989723505 147.32286549743444 
11560.881978033989 629394.2708762074 241.98207577315802 
5304.61244042569 4479771.347408952 2313.554729874962 
9978.368265808236 795775.6202445241 227.1523228645574 
3832430.881114119 66851.65261639866 0 
11563.131680118957 1447355.2094938047 208.66413537105186 
23599.45102933206 525581.5662243386 67.77680763531771 
34952.33788151805 806844.925850336 63.23160172568817 
5815.288587952942 1217122.4993636257 702.1925842812789 
26356.03539834311 426711.91294763144 136.88639121244788 
29773.26008493375 373377.5898400259 112.77621830526 
52435.931966111326 626535.6395640027 46.05090653507449 
31564.57741192496 343657.3087198557 64.32700190717274 
5293.534738334226 9500544.177286988 3289.5829794994384 
8789.430127746202 720708.4590045721 248.95377661240974 
5761.604045298148 27243808.296593945 949.7291709337368 
11068.771848264716 607458.6674038579 262.34487581557454 
5351.0302148259425 2750885.090341066 1271.020778838688 
6986.410380983389 646480.1184339328 349.3763421792933 
6205.94699633581 972968.5024051033 771.982963580198 
35252.6357027196 452196.0130092653 55.048307586111676 
5539.837609890021 2431314.546101895 956.92525577411 
12218.742423147516 806187.9597409886 138.3404819268663 
56866.33861836578 554234.084179654 49.9038928013958 
5517.993880019464 3969809.80797697 1239.6527888865478 
1488422.261802383 243923.30948314694 1.5167446030409624 
9383716.652144007 204587.25018707837 3.0418308286082882 
19784.248104567443 694960.0915749093 106.32782973840008 
20046.974170083682 625370.4679752917 110.39555987431837 
9730.81190975965 5152360.862311895 312.6775152847313 
28895.670400006766 436942.00083850574 137.5404581338349 
7303.976988532479 498533.8449082405 348.6542640044448 
5634.922889613068 1674332.0000409908 780.5259433990581 
5617.403299571585 3035182.9836915317 776.5619038936754 
16490.919578114608 472821.4619769071 184.67781990698788 
32848.318005187204 1900179.0152756406 63.37644736034731 
5336.424037662537 5054032.059557753 1837.882032487213 
5428.792731311247 1730641.9362850704 1021.204771540919 
2158435.751922411 12753545.903119083 1.095126568672148 
3835939.796393317 2012030.0358888342 8.096372411490018 
3288693.710138733 153347.89472651875 5.646089121917755 
7537114.3318935735 2088255.3513235187 0 
5541.313078447035 1867720.7220288364 953.8985538187515 
5883.485405497879 1213636.219234291 621.6195921052064 
14905.319971173627 695830.4581909573 202.7063846978982 
448574.91569159046 192635.76150055934 3.4366193603636113 
70716.45282863562 484493.01356063905 47.879446702223234 
9220.292689478414 662436.5795250774 207.61405660959784 
364574.0739499787 439375.9052725501 7.756591838214552 
16140.239074416098 696187.929838813 174.0013390388124 
185782.22693785024 617930.3051154595 9.171057988255264 
9132652.836881319 358553.8489093977 0 
156484.95154580375 254429.95727201944 38.504311597680584 
5292.797100205893 22375955.90790706 4126.110000801302 
3772443.9142127126 2660031.69466285 9.375587753174418 
5334.113710280884 6887530.519048571 1763.1420880274338 
5342.898133564038 4640581.38553717 2016.906521112302 
10244903.50909719 790118.3711737273 0 
5183965.08851322 416837.3836360506 3.407286908197421 
3290579.9572767825 966966.6270311096 1.249315547929221 
1624543.555367606 750825.3888462166 3.075832305990263 
5402.463724061623 2638189.02810733 1272.762669401649 
5375.572481504253 4880036.886040797 1535.1136840568063 
9401702.23339909 1336423.1359969745 2.371354092299548 
5366.812849423811 4263025.76364997 1557.2896283218597 
5638.478665258281 1955993.5958201904 876.200116113439 
526156.3273963496 684684.2121791673 6.5275812500293995 
5402.550160542598 2530283.6788939363 1315.1881446773873 
453379.2010376312 363888.3944941378 20.770840138334336 
7652.4619664653155 979513.3334041634 535.0744831556292 
5944.349558846186 1841237.3485035575 704.4442308389648 
5710.767401947068 1918997.3614319654 799.2514701701315 
5842.282761179593 1299456.0857151484 701.4010683614622 
21620.49616423617 1940214.1740235335 140.4188991577213 
14349.137217489322 862769.6623669994 194.3537646394853 
9405.49974307323 1017483.382459474 252.49710837193737 
5661.711007535286 1677808.6074557235 824.8674429093533 
8574.975165026894 1398148.7917977308 367.19892254719946 
47390.16166390937 464839.78386836516 89.32928490865952 
6542.474988444772 1836498.4006227197 447.9225973472013 
6115.987675870454 2751850.934906117 488.32892896605085 
8664.78496544037 2141207.3662327114 274.37539465392854 
6046.837737844956 1513755.1453417717 499.93962544233506 
7790.573169307864 968556.3679559445 364.01843480519904 
17145.326904805 676985.7003085428 307.4197333022017 
7205.984734348094 1006616.1333608723 411.7378728314155 
7046.034475714792 2162398.52324531 434.7014121256448 
34811.21745870194 685064.2468350054 93.57092044004595 
37227.94034872378 696641.3309011867 55.83638647750535 
110742.67645299555 1295615.7512180055 15.277583284735258 
77803.69814241317 383619.1674401933 43.791374740533975 
16133.126316392028 694066.4348176715 174.04327947483102 
13013.56637393318 1147862.5221565233 178.4833799933545 
15197.477629894542 608656.945962069 131.80088259174877 
