22668.334184702235 389926.2698899816 65.60659748112971 
93908.99435564213 281870.84320575313 15.153115681554949 
22112.59813707775 442067.25403150654 74.02594157605496 
31969.35104166773 406332.1300215726 33.350347199028576 
19912.93499783012 652710.7556566019 98.31572769670487 
6002.972840493423 1072845.6199573628 462.5481245797988 
8358.722839476453 868407.3302384203 214.07627748110716 
5817.943417055538 2330047.075940624 720.4233917144868 
20097.109807153916 612057.7208116029 112.2727977503396 
7597.851456018414 1576354.4448672642 282.07749315769655 
26031.163255835047 559337.3340776825 43.335744122146174 
183195.8916402887 1163465.2809285 15.558668043135846 
29438.418946383452 556191.1599538577 55.99440498059273 
5372.403423580269 3054967.9123543175 1468.2871316983012 
318479.1194081786 139556.50790201477 2.598191533472488 
7453.383518327375 1939317.70125685 364.16843319992137 
7323.473046133224 2813547.2374700196 361.8092187953997 
8007.244613298847 777904.1963773211 337.1688563567477 
94150.4284520809 245958.80964639972 32.317286842228455 
39342.970612121026 556241.602618043 32.49622105367715 
6738.23419099813 2189355.866280819 532.5903425087723 
5566.212488229937 3403369.7473065625 844.2795900243426 
82009.37983391262 276419.870076399 37.03795761837024 
5355.026038779641 3278962.2374491403 2064.839820744736 
7208.54571999884 832081.175686634 385.2832082603557 
634156.631878012 169175.52885281492 0 
15642.34045591701 500386.3657511467 277.3291187868603 
91261.93003226104 464418.44355026295 29.336926556635145 
1263667.9378502446 115546.45292816038 0 
169394.5732842691 1016173.8310265655 3.273971476561444 
19230.781317055353 728335.5575105951 110.2308807179083 
7018.516389521674 1247712.1176998327 416.24565499173224 
7196.698489622616 857698.8774726305 346.43988289961294 
9567.190611259088 591955.7126638142 266.59982588993677 
5832.062669447218 2410450.384066546 610.3925305689817 
5421.103114935959 2163432.511553071 1090.6605471237472 
5998.147878379271 1723690.5085966426 932.4248146122454 
5761.85507580882 1557597.1765991168 932.2096105789752 
5795.77681898759 2490847.8166922485 747.841445228858 
6453.176724726213 1379898.8428705544 454.29437117832657 
5929.733356908668 2773176.552050998 489.3516657777287 
5488.450880567048 1922954.0843413873 1000.6046424670344 
77383.78723736262 263809.5256545388 50.331595185181996 
5777.690785977998 4144056.4745399337 763.3672571585973 
109020.70506969315 389738.52372456907 8.33996836663674 
12616.447955453019 994621.1494079955 170.8423089549421 
6520.396516126631 959638.6762453953 453.07539691983 
8256.22352773832 704568.4562116126 633.6365524829905 
5847.540027898719 1380116.4336189288 653.5283664583318 
5385.158065459726 57007374.684174664 3219.317485366146 
954706.4635042297 180055.1003751002 17.339427575284116 
43630841.159914926 273502.4553493067 0 
5467.714620291671 34102749.94991908 1558.3137922148255 
1172963.0153762873 298110.30959180946 0 
5527.359590717704 1469414.844902077 959.5764128714977 
5493.118046544692 3924813.243126248 1605.072521089527 
5535.024842638909 2101456.4827961875 1298.5522614094723 
5860.988959384234 1437319.8560932605 1011.9225235147046 
5929.320706278024 1422772.986650201 802.181707152334 
5512.902158241118 2670533.5218639476 1218.804964216713 
5536.407631154794 3395859.2722277725 1105.9783780740645 
5729.9418471821355 2409670.2606648067 1248.1094485299948 
6067.122921769566 1646132.0301098933 601.0754018677097 
6975.288620567624 1110743.2276360444 447.044796371423 
6361.254914530733 838491.3630967074 553.1675332508295 
6855.786074817138 1011060.1957881663 750.9598011261153 
6596.078733329586 1364292.596991097 550.3498092128284 
20400.621753380427 1025555.2914620395 133.42512937447543 
7465.306680180482 6256420.557553647 981.6982769512508 
7226.521831573154 975216.3830689044 376.1317509943972 
7206.430261224671 1140923.7540681441 482.5498353435601 
13706.45058876989 671207.1102334937 302.29080056285443 
16956.79054516665 1317357.3355828472 175.46617092476274 
11294.132313896831 1891999.0617900828 284.60074837201984 
30245.89942932959 510232.28952498146 84.1044090968554 
9090.415814255197 1115903.084921468 267.37844592023254 
11964.834885396283 880362.8209800423 572.1184211455579 
8017.730237180436 967490.7307825446 313.83333496142643 
5767.698688579618 2004611.2268160707 1105.3936448685922 
26281.60416910782 737877.0253428299 70.90844211744538 
9174.658129758975 1091814.6526630442 279.80586574827043 
687462.1202932345 499383.49185613554 6.426680723703062 
7206.630717952615 1409695.4116861518 469.3362048112187 
640287.2916777221 987287.5974534085 0 
9321.148015589812 917979.4168197569 354.2252481158963 
15881.709650699417 728527.1247353808 190.73416419753087 
7969.286918936493 1047379.4045372729 365.01068190139523 
404390.86879865685 359673.02168393385 11.505676095320657 
15019.764596406747 689918.4542424126 200.6220636468174 
32224.669143692583 419729.6194528481 50.49951267336694 
94176.0612765327 566659.7332355904 34.05260850214439 
134853.8595798637 411550.08288136916 48.06657573260863 
363844.4614224755 310831.64841335383 39.637848916155576 
42876.470410209986 539977.7531179338 39.04060462664095 
219655.14047191112 326276.4422074839 27.220781890153564 
250447.5578449571 197662.7216258673 37.4128492096511 
12308.414735991102 684507.3965816632 272.9094774395912 
117730.71374469253 451277.28711409704 12.866731993887624 
179945.5913651677 694630.1863873331 9.330614382651106 
10699.837288885119 925176.3389614162 266.2491500003674 
