41267.988053675464 465201.47645743954 49.53752725021016 
52222.694948787306 388412.2983998486 26.946788527865152 
11520.23626651406 1349117.6462334283 156.6904217636512 
137982.9062915523 283680.2882985619 13.012906454060854 
97704.7449666298 377015.09601113375 15.573882417092895 
13718.817224720424 559621.8967978018 135.40151920723076 
5355.614890028937 1524297.2622628557 1032.7912716175915 
5289.312676362067 4970742.849046926 1400.1953864983293 
7721.29139272091 910879.5544580466 244.7613059107686 
1095213.4377398673 251362.1223531005 0 
16938.10691895149 899436.9769222108 133.20847338538098 
19793.022354775934 1454434.5148309183 167.83614800862637 
193744.0620392561 563173.6164270013 24.437162167348596 
1074068.690919654 427721.59109311516 2.860497758027133 
260788.98151484696 420710.7451527932 24.291848013217646 
5696.687729106001 1853466.7216579528 649.8017767756182 
5347.277942326261 6088740.052588025 1996.9318009319331 
9874.398334894378 533941.013021935 266.04223962325403 
74407.6376488263 282245.41570788535 17.39716841190291 
290716.3023606561 158324.32513210629 5.904636077201317 
1099140.1857829199 241580.46037308898 1.161641315529156 
7218.2325098878255 1003219.3455931582 342.91450558676894 
201675.41520398264 253012.37833789593 24.67976241882755 
5911.745929538199 1404364.77866214 619.5389009699809 
6724.153506426151 685246.2850149104 517.8234967825842 
5512.217638234254 2534245.695770144 840.8403214570858 
5434.801632011408 1720461.6431092215 949.1805174525189 
1283230.4790166346 71672.55024609031 0 
30058.96739270932 473300.91618060926 102.0835590652482 
7989.144279417551 754556.2661102558 462.2856020267051 
16484.3366515802 1221476.9402524799 236.3685556908495 
5803.245999703062 1546827.6692254927 758.0649005853888 
5902.17678963579 1462148.992052727 481.31822950681544 
8043.257691627323 690706.0240907777 231.76045380791368 
5450.599882233236 1121632.1102088785 812.5519358898789 
5334.849108800504 2306573.6092196256 1250.846270102486 
1226950.6445600134 138739.3641386474 47.93411112151151 
140194.85167255692 279822.56561204605 40.8193432147128 
832883.8087466947 267581.22232040437 3.646174604138406 
11242.930571052382 767140.3917264198 199.35919774024183 
137321.3187681741 367132.8249609804 10.009466488469073 
74316.06122731612 387754.0928268375 74.16493649768434 
125920.617195829 445583.2469351209 10.308648615119528 
7631.694660936592 1278907.741022168 341.28097083549864 
37019.49721329104 738223.7293273604 60.34233679055504 
5661.543832507735 1232388.600502708 684.7864461802369 
1082041.6555422528 260680.64958880583 1.56061235605317 
5321.721528576547 2762083.7393946536 2036.8577226241318 
68816.7039769789 530636.5971737342 10.555343582016821 
5917.634393120224 925528.9215633251 475.2156894182957 
1692056.2152387702 83061.46157682245 2.3913179724064593 
5325.759962633501 5123773.206593242 3038.427517177771 
5425.586196667362 4595867.327270745 1172.5715220782838 
5381.809915103637 2490161.4924461814 1605.8702401769656 
823802.6363925488 335397.9872200281 8.472456465300482 
455447.4759732783 3036279.5041412376 4.480478138236959 
1132073.8447964082 873072.5915734068 4.417602097833464 
1363105.9932514476 250303.28451727572 28.618290157078164 
2567062.5976588978 1769417.719937497 2.827494130100841 
2513463.6864532228 2374857.1386212367 2.9849167434680464 
276478.24315647467 728322.187077067 8.225349639451089 
5426.40648975313 2268133.995037231 1401.6723874931997 
149329.54352012844 734608.8768310572 14.525487709737934 
243701.14390539055 296380.85713892267 34.91143758513092 
5711.498222183436 2401803.2366069946 841.6013990571255 
5426.891418454141 2401996.22768655 1329.8552428567182 
5565.388479970949 2826503.9634719337 1043.4239752715623 
5352.333538921338 3671676.0740043856 1260.6746822718865 
5456.04874295493 7568742.649164421 1187.8702759608357 
10462.319515365441 3857287.5745531474 260.323585587984 
54676.00996827775 476480.56097595464 374.13912366497647 
5677.226441042237 2792441.366116925 1078.7762386917693 
7254.390511610716 3419834.469928269 359.431258034777 
5972.4445573725725 3296845.404768842 648.7827154731852 
5789.726703469082 2941157.8077580566 777.6250275630573 
5615.209639805687 1590405.7604544326 952.4830349105197 
22156.607929644302 516145.2447209512 198.21501515232478 
6704.186515678317 1080226.0331760384 575.2410075544301 
5968.293635975859 2094109.756028942 664.1038873479905 
98509.60594394492 616180.4926863596 64.62879545306728 
263128.78020876047 1883724.1916640115 14.335804391126569 
187708.9233252359 298884.2948435558 41.043025023828 
122289.98044076338 897241.9304439749 28.67053854341042 
5846.916432108775 4112101.768260851 653.703467895316 
8665.724208659958 5227464.477081951 478.49404482525466 
6092.091187728558 1245162.640626414 716.822188639332 
40933.378788985865 743546.4670465193 116.64066690639848 
36326.25093499927 513483.5258877391 171.50729888467094 
64930.82341814512 1042253.4941630029 32.40626297600398 
80594.80641978563 939475.0454869955 21.137551396785245 
7825.123258951851 875248.568543771 311.94678466449125 
37426.13549720799 1146642.6252668474 85.1944163850512 
7718.282917250819 4378526.59226559 701.5456491572124 
14601.675432811026 965441.1007495881 159.44141307938617 
7362.9790078630185 1508172.676296805 454.84361367020244 
6016.280146564135 1269409.3836202908 550.4332176764766 
8114.960084802533 903071.0024657911 292.8682016629666 
10015.58308953649 695121.6029484803 284.02575420752197 
7136.0832700139445 1044922.7040331506 734.3181103816768 
46459.87892615078 522146.27147273626 49.832554889968314 
