16643.359949800906 454728.3732798018 92.17152149613287 
10241.208201453877 920162.343039564 267.4772249297149 
6029.62063616036 1310408.808919114 708.3404773331978 
726686.7347355362 525759.2538409391 4.9220543335099425 
10118.529025740228 943726.4729842757 196.7152719240811 
6762.0610221972465 975457.4427608512 467.7555284551611 
5277.886810869774 3613835.0819103653 2041.1105951226573 
11314.102375424167 1001406.1979382472 158.57300014715543 
74536.7178609544 204817.9394357327 13.849323478280716 
12226.445401280642 614539.8826291446 224.9713787962011 
6041.151066336584 1373865.357150546 574.7933316291724 
1912893.6784437485 832347.5772287024 2.5335266978719244 
16243187.97964662 332388.6136654446 1.5295540882372407 
5723.643859303972 3307881.7410023143 1154.9429550868622 
6109.306672276231 1132195.833816865 602.2413691346413 
5469.680543151066 1561311.153862354 1247.0656793338371 
17850.675987858205 1854389.1511619783 84.69134626396573 
47054838.02174058 333691.2740107459 0 
5680.063081604056 1691699.3434110477 818.5675311683701 
11622.42043681768 656243.5748561579 339.02440095799614 
576114.4321794265 262779.5406204809 11.585254799692644 
14881762.107622147 676283.754015212 2.7448517019432632 
6698.347731127672 1148623.2104383402 445.08091507752516 
7324.5148231952935 919577.3303588491 363.06626180279494 
6544.027312634034 1754479.3101838545 449.9253567412879 
17903201.703091245 241366.56213543328 4.993492990349881 
6373.701208147318 2543225.3398850206 514.9528257570948 
5713.980067350635 3660812.1172483875 1345.538117502589 
42754.09043431989 1101505.0672268802 89.68425480503271 
7193.002692497327 1035883.7284198881 386.41506479443393 
9756.406168269703 1924834.1350414322 310.98881381280853 
7616.364998383837 638421.0916666286 317.8888999424124 
1159581.0686004057 1204074.950320401 4.369005978617211 
13959.816873494508 525773.3695472681 194.58004463123828 
5611.6728522907 3665161.2655768176 919.4271036827661 
6681.198001640689 1265818.3115841593 547.2586760086724 
5620.424519711694 1256088.6717453953 833.7181642451617 
5390.31751466231 2086156.100053265 1166.2356232321908 
6439.444989070486 2976190.9735676567 462.4174718444153 
6932.742979143516 982577.2860375374 442.7398757583836 
18275.870153405136 587203.9875408247 199.45518314758507 
32644.36625714587 1178350.2325669609 141.24858125189394 
37409.798910536854 1106951.9253961104 115.99575810361665 
18692.500299271473 674326.8905644391 182.07690926219757 
1019707.0207266727 3227665.389078717 7.465336588515389 
11988.416258492762 930368.2572497806 263.445365166248 
10375.115238967053 1200192.7949849803 258.56299983854535 
6911.157061697257 3500366.5206548455 966.5080923236818 
5380.157272651308 10476426.361861037 3744.1734267800875 
11547.679009361256 1460749.3987824675 227.1419948836801 
12960.389363438355 1083801.6063508668 217.18723050112143 
187221.66228529072 543856.9244031196 48.92030973039778 
102595.18856580557 298462.9750101538 53.44750498646272 
204184.61805371995 320890.3410319468 16.480027268087774 
8475095.253312359 2281331.0533554708 3.1971394758179055 
17721943.693611186 8428382.160414377 0 
14762503.676906578 496778.3392160929 4.540670148585497 
5572.207672867463 18813413.08100872 1532.0916459212517 
6495.602862778109 5581673.20752347 774.8812710589065 
6242.554854776383 5011736.44532177 777.0494026958754 
6318.674512440458 1341365.0597093492 607.7322226600379 
6220.959217320563 1646424.5452800808 781.5225834610992 
6572.228419820479 1162386.0736063842 788.3271201108754 
19885.37715962487 1463619.942101919 156.73615617526332 
19929.693023312273 2572359.7097593346 164.70164846806176 
5882.432911976383 2562945.1496305494 823.0124675392701 
3525065.185872441 492381.04186658736 11.997211980541351 
7364.985818973832 897352.6062234981 487.04003151297354 
14566684.263118844 403236.2000616022 8.028156951940108 
18011491.018702667 471784.8504083533 7.53222469713452 
48753.52530591551 5063922.547672867 58.984556149444366 
7379.634581714237 1823206.505059517 391.53237717370985 
8118.50146939371 1117769.3034795742 334.4942402647234 
9985.889876395053 691380.370436806 373.36636751525015 
7782.200062242648 846949.9562690792 626.4826029197288 
9409.655708890092 862727.4837871329 427.5465823219427 
10324.209158634421 932742.8354745946 353.5824806098657 
7829.846307400605 1717039.5652689668 437.92659070799874 
1420585.8829014737 3534442.192839076 4.393825327078574 
1932423.4701468938 2155498.1794046364 0 
16447.539972664 942939.6153332317 264.1173667884616 
5611.930597637583 8275023.619769223 1175.5368092236308 
5752.318033949123 2799239.516401898 869.2650137025511 
5818.649299892288 1861200.1167580779 858.2297146773998 
5645.94248841529 2084503.4330702892 1063.0023843626202 
6242.4469916979215 1390642.2817403316 878.8447342348298 
5396.810458358868 3244916.307061766 1305.9219373966644 
5494.938751875684 3479090.829623076 1136.3002619757222 
5457.267191712457 3002911.6719950493 1288.0854323791498 
5443.780637517666 3719669.1878527235 1177.3648414775946 
5429.683416285235 3353810.318286234 1221.019424644006 
6674.386354431752 3089769.0201309677 596.9151034282918 
7050.432165568438 1094163.6460361087 530.1308762469421 
5350.838404560274 6151835.346517203 3273.5609256727853 
713974.7156830246 559136.027946504 18.37522795585903 
60222212.582824424 58793876.694865644 1.1756969678157714 
6937.787461370829 25342248.200447235 535.5078477547512 
15045313.00187995 484267.48833844817 0 
5493.982581436022 4867424.186843547 1886.0468862069765 
5489.728866422422 4208035.763978094 2597.1759445066327 
