12788.949446049483 1073466.3306486378 126.47166160855457 
52113.28704633725 312406.3843149248 31.371381046792536 
45002.90452773299 379568.3445694162 13.057283365594522 
21491.595501138985 672865.123986054 71.02791416002134 
50290.01974153093 349820.46881884837 22.035883943900565 
10143.244707908294 886932.0268088796 281.343812760508 
99512.05994664616 252922.93940792343 8.236058984182824 
7418.280476969612 936051.8470639843 276.78477329000884 
6108.610931264642 2528595.727073055 557.2093841747336 
40839.58429641479 309401.71113729954 56.375283567016616 
290935.5970425228 320619.2470876951 8.418564830708267 
5818.799853276877 10722559.782509027 806.6948721809454 
1682101.6061303616 154005.67085129855 0 
6008.770526302099 1677691.4721833766 733.7722029571396 
418267.527041112 209808.79992386207 9.470458682090143 
7176.354984612036 25436819.846395895 498.8305187015966 
273760.72599512635 547634.2777236304 3.8163569893011404 
5399.909693847236 1984139.662020735 2035.9804779827773 
6957.892863777634 41877939.3467045 741.981228085516 
5892.1171529823205 1745107.3729677526 757.7534917014832 
12882.024665079427 721066.8232792637 158.94395004330497 
817428.1726534816 1252821.2540961672 1.1455037347502188 
6014.78294521164 1825485.219008683 657.6690914120829 
5267.417351683177 3951335.654648317 2182.4420956269846 
14180.782575040714 353967.9404836462 128.04621783734407 
13196.515174111193 782579.908328579 218.56031337750497 
15188.738872434287 660553.4755245162 122.55812870295978 
1515239.8024222187 179860.03072293513 1.2117482403845021 
9013.964049234555 754773.1022173843 334.935350905595 
7028.216508495442 7871925.781320997 457.7092096670879 
7745.870364601049 940017.2213072239 252.27892777453735 
2544278.5504782456 129472.87266729533 7.695470048155801 
7396.882084177334 507450.19285213173 428.02526457913586 
121200.89716202342 477413.52703161165 27.203943211489154 
650767.9903000575 354622.57527653914 1.3959585795562035 
392607.5884691826 518462.67913926195 2.644522780385422 
6027.708059871835 1429008.4656071553 741.7734474872027 
6441.889255978009 1862430.684019484 590.1179266639821 
6865.945645682579 1339804.3573753685 488.8472425180073 
7274.206511218751 2023613.352726983 415.63769828760354 
6132.690225718376 1534008.2575076504 695.7235585440949 
6230.573871315779 2502910.8575544804 818.72972028985 
3919342.5088175912 174912.4673243847 1.1717273072773358 
3922732.4065508037 140495.43632456657 4.302091775616638 
197259.84101575753 561068.391572794 6.6471161927466635 
5660.872143416084 3977879.2459806795 1213.4596561799474 
52424.89125473166 359089.1856612575 20.125487065705176 
10632.35838953404 481204.2796563263 248.96860131329123 
960004.6356837882 174283.94526861107 0 
9807.049140612315 892781.7492920989 238.9731476415201 
5349.308984036474 2138677.4116504565 1259.4275721291415 
5710.017746636072 2106192.858174792 868.0520125350914 
27316.89774092701 606711.6704404071 74.91167800530935 
26989.415504854853 827466.2386743869 89.33505534320071 
51876.28736189109 358032.64892174426 39.30634398536332 
110935.44573945022 301173.09841108083 36.894370400911185 
127158.33854039913 419972.005976965 10.72025041098605 
6280.740085563139 4419818.816761691 651.03011668536 
596897.0493183153 302530.27814667556 6.190824306183448 
13442.978987260985 2258152.593300777 205.43070420088998 
12907.761169972766 1452174.8951129885 208.78616551666548 
5293.909795595178 6394039.534200753 3074.2112052241528 
5304.4482922221605 4491822.2200904405 2592.4374906783873 
37835.48036613093 367955.4658197379 146.97102051642233 
12728.135758858629 5381208.772822867 229.14830662095434 
25432.957725917386 1018070.1156407269 124.62236352255479 
9628.024944890843 5024624.8685497455 261.0630497748819 
8989.097106649508 1124969.0560764726 399.92137706695934 
7432.366211954706 1269504.6240011519 444.2750053994868 
9604.130625663613 840242.7127862443 423.0523285938821 
432612.53705807135 303389.91311175993 21.938832180086404 
778154.6192965528 1563237.604302685 3.7449761036269136 
557414.4224845798 812562.6105693118 4.295349046280719 
6123.046119192265 10986186.557509169 858.4632616492435 
6489.615505303216 2124143.243669646 597.4825977709052 
6144.0178104278375 1726313.808238115 713.5258845445559 
92608.68205078033 1175213.3116515793 22.294914701338875 
71361.94005382009 394653.9042688868 28.916279517919847 
63025.63421686608 2039353.157552773 74.48536521868712 
2293510.073114637 265574.00590203085 0 
1576565.5239411304 1877487.1209182863 115.88848658550242 
1466303.6664889457 267616.5775807652 26.974126175972188 
3921994.42200559 191363.95410674252 9.432802812616323 
10405.618230458631 3722409.8504917216 319.3467383618227 
5367.4530202772285 3006834.2628925703 2212.8854992319 
5448.121958813724 3121866.004324942 1501.0676261149902 
5489.843180803078 13660962.573559687 1404.9615165374873 
5520.502854531514 6020878.1173046 1455.32056448488 
5604.7135449000625 3716940.9504668326 1244.5342398763476 
5889.490919536763 2921060.5685864226 886.1819165910593 
5866.045014662073 3133033.3413344296 1027.1350346545044 
6182.456936376508 1882484.377542799 1064.5987010837557 
5950.886275324273 11306727.42212716 968.8108143376911 
5802.014886259651 3591100.360817746 1035.3477346265386 
5749.377342007387 2578598.385093259 1185.5888902727918 
261974.94965319836 356326.7197163968 32.4315461042419 
5308.127223959684 52194287.80224658 2936.5339268352463 
5180111.014718555 591273.536831451 0 
5401.422454252417 16415700.911089366 2906.646684049471 
5390.543915455882 51317807.04813412 2321.628190082303 
