17270.493008500987 289843.98412345035 64.85307260723093 
8832.215683707214 2464653.9995116265 278.52138002723854 
6455.927420031846 1119776.7318683967 381.94081663977255 
5568.545173752333 2715389.0422402457 799.0457447837939 
6416.232654724562 1780419.8322388271 513.0136583870955 
5492.550806171996 2487902.722624082 964.1721010920592 
41002.38872438697 310800.5157969745 57.203277875017186 
66077.15530670607 400216.1782793643 24.692330527631917 
31592.48586248935 437601.52011692355 51.84252738880533 
12949.836127866889 427267.7353973852 105.68937240906672 
6526.2481655161855 28137580.01932145 737.5128493602131 
6303.174594646885 1553596.360039461 659.8772333233334 
77725.86962712124 300447.32817019714 8.976894766921024 
5818.558937644049 8729573.591554021 1277.2273349749648 
111613.43101361283 499706.2879368263 4.394008455407364 
47118.18813121622 452883.43427131197 40.69635741734056 
10603.64623729839 449102.15506191156 188.62615326851986 
5752.3775016595 3636280.7776416745 1014.3641888330208 
433751.85729541065 264451.95212027326 0 
5856.0518100484305 3711417.869507505 722.0769626398853 
260555.11591097046 237366.95961997224 11.194482086447882 
9587.35328621378 581965.116790346 235.75458585660152 
5276.1278549932085 5919473.898096683 2910.1148538919206 
5952.548546041944 1746451.811414689 821.419096434934 
12854.510314165405 918817.7218523347 155.1772873624399 
8937.7749658626 1054975.0486321643 302.4321498477782 
65226.58515729948 1284003.5648364194 20.20247682290676 
5371.2291810445795 8407090.738276789 1578.7077047774785 
254979.17808954004 213078.20020907276 15.676029988680066 
5772.371474326992 2366294.216454362 822.0818766751106 
6054.640044765353 3986252.1289274762 610.8559462134185 
6948.865715231786 1061122.7198735208 442.2431647160966 
497559.1653616933 223114.1806521481 15.625196064316093 
6102.381122299335 1603025.0424150133 665.6798950567604 
402857.97031991906 404091.68437548575 3.198085721702036 
6142.813542769752 2281992.043512105 1096.4745499890807 
8420.940264252198 543295.9701546213 274.7918946579104 
25262.441540544638 9057169.194033144 147.33580217709016 
19654.93345519765 544706.9622381802 95.94831439347224 
29605.330599565732 2648859.1121100625 76.75918648764085 
7680.961210798854 2208942.2284882027 396.2729528959987 
8287.931977696851 809252.6306149813 329.09775185688846 
5538.231634581456 3971850.1978189438 1013.2967638647242 
68056.91995410132 834926.2633235798 31.1988701484541 
35395.72043025145 650729.5476844321 83.52045924666163 
33932.160688003 487670.25352033495 89.85494993129595 
34685.26424817873 730434.7235283934 80.439222214252 
14421.65405091284 545014.9353435105 116.13583270014219 
15813.511171308322 458009.2602167494 120.43825237676259 
14108.755261436287 516871.85521281953 154.53092397551305 
81194.26423594731 480425.4382687347 12.774850281638031 
106966.88628757959 634550.9623016972 15.113669369330388 
88671.40962700945 645679.9755992186 11.492019515807042 
84183.84433445071 318495.1937556114 12.777864703516215 
5661.040818776973 3060268.4915031134 932.2036083287558 
5823.08921201614 2010861.4525364067 831.9257353032755 
191753.72282513563 786456.5668638959 8.532638494013346 
54893.805962950835 562183.0193812734 39.84267714095238 
57169.917956125326 558691.3481560244 38.44802568815436 
51835.41029844766 863733.2404057761 46.59276743572967 
76676.2113526628 444810.16349163855 46.51183920175777 
12776.25808039983 534317.4552402716 243.4501083108795 
5510.819080616875 6572478.002580834 1797.179945456364 
535377.6679415026 391219.02159142564 0 
434882.09629338374 303812.8541772895 9.377617827890145 
9700.740560047308 906893.6529126922 262.81513238110125 
11358.558888363266 730261.2873666278 238.07973321447903 
5360.1418972182355 14798632.630925048 3552.6004888536295 
13634.26193719505 1400267.7668116183 193.42562519018634 
8354.052762490588 1767884.7030584086 384.4754986275456 
5421.309454912934 14753832.081345115 2190.193480159765 
270911.8081482545 270495.3075865916 40.278842599560626 
5813.3936800456695 3038890.4416090758 923.0362526831836 
6619.099638071199 1802809.1205674545 414.3004598660895 
7018.115347112045 1665776.914026175 468.44982851728275 
7639.010794241183 6636764.403442745 633.9728991498633 
8099.90264215175 1244349.2152783382 428.66713612306455 
7455.64069735085 1560652.7540262383 437.5362026177701 
6894.541185819371 1156862.718308791 617.2042150845284 
6890.758616280874 1782926.5068151364 591.2810101316892 
8643.315459605274 859411.827232888 336.35233407244465 
8810.74872542376 619288.3503749059 281.6163974345673 
5884.703515613395 6330301.4410090195 1137.8644661041467 
238649.92524894935 426155.474252413 82.75755535549911 
716167.1088599946 588977.1370271196 0 
6838.0294263022315 7768544.865295159 704.7945085643767 
399076.639426741 684132.3560609531 11.763329127290222 
649749.2250109572 1025593.130049175 1.2072582075873062 
6923.873177173508 4116789.545730319 774.1398858795944 
5622.743725294695 2521981.6290970067 1078.6664516530655 
5914.717812067936 2400062.6539180386 951.7193102519662 
7705.49624497348 2024881.2010700225 535.4146209096979 
6872.6904404914585 4548862.144191007 693.4210993957059 
284242.59407156426 556035.934508166 24.396977674826864 
170242.19346865115 2788718.3284373637 15.148812890800684 
8547.915861037545 3013377.387549943 385.3636072816954 
18483.358249144378 1696434.7629851792 226.3716862459121 
131097.89756710234 821359.6565208477 94.87353812192174 
9750.819249034585 1460730.1691029118 278.4007927786409 
83339.41458897581 920920.299277019 46.34961383395972 
