81896.74360356723 89558140.5091334 245.1992995058682 
51639.78256349953 673858.26841536 66.32139647678814 
14823.631121027367 974055.6986618266 343.9697746608356 
5239.319610548333 90686086.67298222 17928.01577900641 
5831.469397067124 12754653.05958361 1407.8599587942824 
17778.347967333862 736108.0457019499 259.92777544659054 
6493.8666778966335 4088067.144375747 1226.2015346876042 
6576.039528950104 8148184.482698248 1020.3381443883106 
84396.56480649875 2035360.2318663183 53.28491026805615 
71665.8389799318 3201239.5843988215 58.38228938558507 
5246.6148506070385 42167421.86178239 9411.717925478075 
29937.043848336034 1150782.994391997 189.48133109513645 
28570.44924270749 854298.4281963867 247.34298645583408 
5253.616799134633 17086406.69133356 5461.396694246093 
18392.9170010493 1236948.4442608482 390.0974388202974 
5865.640411784905 2617102.587707688 1737.237006288613 
5239.743341028142 193285993.52136824 7529.050328536519 
353583.6027348705 702798.4050884219 80.25692725408244 
7123.1298437884225 2781824.3581993924 943.8437055464865 
10647.707149995858 2288961.2607474294 535.2303403629743 
258629.88144583284 648160.1667517468 42.76535541798884 
5377.2448209523445 10196369.905538825 3355.8215950905146 
56262.750017555765 954308.6410044308 167.4449137204492 
5339.219494607951 29379564.381654046 3637.4113583153935 
317561.04992879997 501237.7119213546 89.60572954108258 
38565.11724577824 987206.501478147 134.94367139451543 
233724.6486815742 651498.532749706 46.8156599462704 
22320.802516344647 1753360.7736178085 563.8864949692389 
5423.320264287543 8569464.276392836 2412.098060033924 
4511531.438755995 2049328.1323993152 37.31446240328382 
5628.460141468799 8951176.441180179 1679.0530084141174 
5477.6322128267875 452970359.85997075 6167.231167770788 
5870.627692249773 5409927.774891654 1563.9579245995812 
6199.830272785549 6240801.9741557 1626.4597847895582 
6237.641944149542 4862059.415597064 1554.2329442189878 
219444.6190401039 9001649.378855744 62.259997438078464 
43473.47933922516 1361789.4394246805 149.22006688431526 
1164877703.3748548 55286673505.638405 48.22767431786018 
440613.15796377434 9639059.250050362 38.216915175729035 
5276.925699007058 35291216.5505658 4804.85237779576 
5608.427165531201 2923540.957012725 2423.765649404192 
5349.538245481847 29486390.39109102 3935.7538767983274 
354432.4247666992 508556.4680102582 38.160720828211254 
22939.30203262888 3975866.6005757665 225.2513773187952 
87142343.12735647 3663895043.853083 13.826488291628436 
5248.99846571196 27275462.534825955 7963.11699923664 
3673637.4059922225 4297259.8550890805 20.62039015190449 
5298.766938990702 26050480.517945133 5392.580298172101 
5363.811556852427 11076497.800269302 3862.366475339438 
5346.802307904407 18431174.07282222 4264.392989096274 
5352.463694201227 13407267.647190247 4440.301981113582 
5235.233011177648 213444759.06334275 22941.742751323487 
5248.548185011819 49781815.5328363 7203.244561152136 
13594.023345724452 1228400.2995747384 597.492042789636 
8394.426658423494 2702764.989824678 667.5425829384772 
351550.5751724816 484967.704605419 113.49031797914341 
394880950.5434464 15058636806.527653 8.869341128313886 
322118264.09073544 15670268862.58783 18.154349212240295 
5234.931483811643 896555283.8929508 104756.95870504 
69931161.33683208 2697934355.4550395 20.781662463456026 
5247.250653233168 68438433.72748984 15903.936078272154 
107365372.26492284 352356307.75552493 23.374903621315354 
91072811.74989109 3675795610.484474 23.64664981283644 
4621832.475839485 48144611.668677196 37.12470838364506 
5246.313719876682 174891170.08863616 12774.135015126201 
5249.141891942485 68681019.68152595 7914.665855105536 
5250.112228246539 76637564.14268823 13402.012601034045 
5387.688845712584 12936311.850942846 4269.5951155141465 
5350.120315994456 17973804.077393606 6663.772736321351 
5268.736912694266 12033708.943504268 5002.013231129028 
5425.804402755159 12214075.982252223 3653.052853132309 
5262.211991282377 27842417.73253439 6251.256822541437 
5636.105461121262 9203600.536609992 2125.8966768073 
6543.578309173699 4823339.311789577 1496.955215394481 
5275.7621884797645 21679396.78814223 5755.494339964379 
1800679.613015546 705511.3182356113 50.460063415883674 
5612.469147218798 29513479.205576707 2538.9654542570397 
5595.6049307431285 25616024.46392878 2789.8039506947366 
8501.31277115987 8068623.61521073 1341.0037321723773 
5467.898175748567 55632904.73771494 4600.896249021072 
5638.562488473679 7834494.895158127 2634.4761722952894 
8776.706455266942 3280131.4680281384 997.2514819728676 
1002845.7041100839 3596489.8709684997 61.06052192438372 
9040.670929211916 4424873.285595899 788.7377295109724 
10094.936210014503 3487346.1784572704 957.1170842449404 
96393.05749858722 1096530.458607541 193.9082498624754 
17685.119148859187 1635412.2353843392 418.65939063740336 
11149.572949837 2140881.7001939053 743.1324409902198 
13558.97910161035 2366265.2367095454 637.2818973240045 
13500.204002818718 3058077.310340554 593.9169156527007 
12994.626403257047 2895243.3354379684 501.7698625315984 
41105.12677020671 1021862.6206814985 264.5638552629501 
22137.31708353177 1199373.0309395061 286.693768779065 
17061.963212178493 955122.3284987552 217.7593824311534 
25513.8833290489 3012264.2715321267 395.5019151671587 
195888.584189751 1310787.6267974984 92.48964407209466 
19113.12854169099 2247796.7944452316 355.8822851672402 
65889.0367230968 2628229.123839377 94.72897645450901 
25063.393405747363 1380390.3613488046 287.07949197371704 
21616.97099690523 2321880.5397335435 285.56308077146844 
