6439.076489942522 5102260.619643663 579.7505121248215 
6544629.274440611 122607.84834632876 6.745489545625114 
7192.638474683755 42966697.33277322 6640.389915067476 
96062.9533648943 661160.8627420847 18.858403299690238 
133848.51802314192 523715.798379618 88.98619760427385 
32157.10870154746 666460.5777886041 132.47588284292416 
5777.528437628724 1741041.0048157207 811.693078458744 
125137.18934714195 554005.0908368973 57.46263262147674 
474609.7486380591 318776.6853244623 16.04616150796685 
24003.422251051394 619402.132824086 260.86889976877137 
79199.01330396156 941591.2043692496 48.20532829428607 
18242.142563664067 1110724.0689658988 214.0091536773004 
5601.002159254409 2517586.0411095005 977.9501446782317 
580755.8058375783 276007.39774014615 19.79870511513755 
190813.38358128557 964951.979912289 14.347818891958815 
40220.835554598925 764414.5704533985 102.55143712304711 
29419.266961499845 1525926.982205371 124.1178578121106 
10451.12901270367 1922628.3763354963 343.347179134697 
217726.55599894904 640201.5921710294 15.919015485236999 
3858566.2926720097 3905049.3815995287 0 
14988.553715707358 1080962.2649099324 377.3780418475794 
320563.9283384095 1017758.3774980818 15.279462066919956 
6325.387392934431 3000804.2923136028 707.8910270395269 
12956.376338966718 1366003.9874914452 375.12974332099856 
5422.811086869855 684553139.2324947 27443.23473097978 
5562.839393371747 3810073.5572745632 1694.3150722414875 
6050326.627933787 111658.31302842635 7.234310849849178 
606655.1264634783 432377.62011743477 8.067845589581985 
10578.162032184495 1308173.8988491402 447.8341682291815 
5659.429536040272 8514447.938581621 929.386504127816 
14154.451732467634 1992516.4105271222 228.67406713948392 
10831332.511934627 821804.5227454789 1.0530691508142818 
2252846.3564097965 327920.7276220092 13.736024346397269 
14102.08686860985 1030238.3659068579 245.53720177979466 
12104.645699015298 641109.5695895584 272.95503463759985 
860055.0114135304 556998.0701631771 1.0642435823286327 
6669.579089504501 1678603.2206995648 420.8163629325753 
5622.849289231661 3571465.169914769 942.3412102975843 
4425702.572429143 206589.5742527409 27.096332001435034 
44468.13632759685 573402.0666727439 78.26955851981718 
13595.351166382326 1816518.803712499 372.6810188087739 
7403.681247528177 2320696.015851726 365.1429092454319 
46462.82378040739 1009041.429200106 76.61339047188501 
23809.559939466075 1019249.0558640978 300.8277095627505 
826365.1571155582 1177450.1396390118 2.1997869976618833 
13864.51898088458 1464061.0026869185 364.441525723517 
218815.9825115383 732168.5248364101 24.58000588928818 
32888.774461107 809022.0400684295 218.68601288667966 
44360.128222203624 709562.9760635797 161.34097596489022 
254356.69078966088 524993.0471263909 64.2863844760194 
761925.2424005519 316981.01756474277 17.84437412425748 
582824.910271046 395650.77300421917 27.816178225253147 
86509.58365966035 773362.7974752751 120.94960775145051 
38876.322735761525 1931862.9652190541 217.54660336387417 
532087.053634293 721330.7759683463 18.320930956758474 
22907.965103488117 1141342.5535328018 434.2955969104375 
447013.50729527895 3354489.7320176717 12.858511345664294 
5591.611074284249 14334275.299174182 1796.3786710207069 
5598.7926276263615 6753951.952680676 1923.690014254996 
9738417.694250032 257463.5524685648 5.419609125016018 
26755961.456650093 155737.52548582063 8.780295206781787 
8143103.819564696 232370.2390706252 10.583294651515724 
11098775.160914287 139896.69967481997 9.62758661499565 
738466.8764955287 1224580.8674156698 6.6800275616139375 
5807.992797952139 3491559.770198976 1134.1732439885595 
6326.145985768639 4031489.4838364143 907.9189613585575 
6864.349565471419 2259033.2008512197 849.8025256946323 
6519.485745936674 3151384.618152863 858.2871713012438 
7886.1684669403385 4330970.741191354 765.2929529968615 
26252.037902604992 1576085.0831420564 233.202190223788 
23027.281119245712 1094100.4261114453 221.11626307724543 
16795.66447582778 1494766.0927860013 293.38702679356516 
22779.65417252839 1176376.5733041903 431.7402029253483 
14741.819065234833 1401294.42485534 443.8221497724127 
15549.404306112338 1533735.9228495823 260.66469673400377 
5709878.627061186 846709.3436730573 1.0461255604494197 
4230449.8592699645 10236718.036047488 1.092663222314335 
2221757.599232934 2091669.596471896 1.3976796701644034 
4922127.6210981775 880404.4859271698 4.89967220477077 
6430754.346073209 1093736.5189190947 6.179473684989827 
2752283.1523866807 7200250.845568887 1.2649135466834274 
885911.6017499733 618874.6900819117 5.179671621021991 
7481.67484462008 1726006.9434759696 485.4123899995117 
8756.995641537755 1420832.972037979 610.6256783181988 
13436.076757427307 1590387.130045426 605.7379303090265 
6823.1028799990045 1774193.1361646752 609.3370452415766 
5634.395170969168 5496863.045872571 1283.114157607119 
5652.7927448606 4522832.519999605 1702.0881723750344 
5706.644838505879 2704607.5202483414 910.9114505073951 
5725.670686464466 52380685.535842314 5131.993886155454 
132558.53177569908 1001559.4192091606 93.8770424622146 
10457.657600376657 5862431.228626849 470.0242524208138 
10030.107387321217 4239019.507830522 441.5073172501994 
13586.475366320034 14675457.521801533 411.3470784467096 
132565.90812481617 1266047.4595674414 83.6123276910368 
47497.86990459854 1036540.1427431752 99.49548264388744 
186048.7835058557 1596122.4949327726 81.13046937202495 
15839.25042485081 1491407.4749747394 368.01738704516373 
14554.907648680815 4457755.088254031 376.45091750513853 
5588.1940871338065 44808392.57853144 6462.223731770717 
