5792.874130356034 1172109.516888241 669.3998941123632 
6198.2575968452375 1799918.7099558082 502.1331007322769 
25761.5767010852 557431.6053640847 70.19667487083757 
17884.854721941643 421525.79063587775 99.97191984917585 
314009.5989055475 298376.37713583326 1.4252314963214574 
5338.091742011234 6556427.158054044 1489.1440311180274 
6689.342330917655 665734.0497020606 351.34374275630796 
12385445.88268628 155042.71876265106 1.6825231138338497 
7846.127383101988 786057.9353022166 267.24765050943796 
7367.539697884584 789311.2221635203 263.39054803936 
28799.72557616501 606272.3193612763 45.83189356483824 
42647.692305639466 441916.07226630615 29.239714412682478 
5562.06562910642 1560752.4266151548 1043.8317021263545 
520777.717248688 197661.5111392709 5.2377484649118 
22453.42771149127 397896.00416274334 67.95313946986562 
7364.0615916245115 1176442.618672787 293.2832283477153 
299080.9924849015 278615.6407713324 2.8891588534646226 
284420.4704845683 347809.6106450947 6.1454870412818146 
5729.278742408301 1671559.3250510336 829.8196920184939 
76331.23445880905 1001938.7668475066 20.84303629947897 
46424.39820891764 383613.8994108292 113.37737885961891 
5364.394994798582 3382332.1764947744 1347.2349238973213 
1729469.8826508773 305021.39954632707 0 
22133.558476869235 436861.7587174804 68.80891269535327 
7324.93598362113 1079730.0706097132 335.75956059780515 
8963.042596868301 647087.9415145483 329.5558006771303 
8301.187237596398 1294612.6396495118 333.7568145847053 
5451.4158614985845 1782708.2552024531 1048.5095484998833 
800328.2797205764 117274.72217227802 5.795629751350998 
31959.063470603407 412300.9877814925 34.374263524391445 
6594.2324281896335 1776641.5485178651 504.64612543469485 
9760.688983766198 1441314.5136538139 267.0687341837942 
10799.39887973443 847421.2733592865 141.1803339908575 
16359.892701922196 707528.5495818169 132.7509673777642 
10829.18769274841 577813.3686400898 177.52398071770065 
14069.445986395567 649937.9023965676 139.09422956365316 
932057.0433953647 246772.48773604867 1.1209211422374112 
10416.000763149954 974855.4442605162 209.95516100581196 
6503.650856967697 912439.3550403162 715.6433106367253 
6195.876599249395 1011683.7794550292 592.5621481561614 
333096.12247593363 978387.0225092083 9.508836880388849 
179195.7073356318 252743.203572845 38.47736253831339 
93638.40990074995 965892.9991154906 21.23595535532879 
166305.54548657523 258224.40919816025 22.816145432565726 
1359966.809006961 279483.1619608119 1.067844499437443 
5476.050577215457 1773520.7421876653 1222.116514478349 
33706.37125451418 405583.1808823809 57.875265358738076 
918408.8173690655 1089749.071753497 0 
99810.60402813889 452799.80892889225 6.791802371506435 
5349.251683149695 3100487.898269489 1634.4120643294107 
5716.226784761896 1431974.4891892169 781.3325600223934 
46041.49971799103 185205.3869949238 51.86479416615178 
5347.451269895959 11791094.84831019 2663.8666281557303 
3245589.1443544338 413223.6992253539 0 
13386294.355003675 125540.38755050839 10.618976483866362 
5881.645909704666 3973599.758442998 656.7795245163665 
10207330.898426121 347402.4939438448 1.1093892479650351 
5365.707205610299 3638050.58985281 1466.897975377603 
12286772.813836426 247827.1850259004 1.4185265317266655 
2084344.3091863785 919915.9872332659 7.323311728523832 
2800888.8939051903 3442072.2884722357 3.232435220657428 
5494.986050353244 2848957.704682622 1467.0591047734943 
5496.343458141272 2650628.1758163185 1164.4306381053086 
828661.6877458699 174114.07739829825 5.771769482398222 
5752.794249043559 2370127.828034552 970.77695689656 
5780.075129628054 2384417.2212766805 864.9779293522839 
5601.18126676963 1830143.6672643712 1107.6387954619952 
5858.544093800426 1157324.1019389734 682.9366455949462 
7417.472127196778 1710626.2200937187 294.22788447705614 
8034.351890354956 836396.1629547987 579.1450628586766 
8459.299577295356 823520.9135297987 375.76719553686434 
662013.0929462195 223896.60544566723 8.543411178311269 
353497.7041207948 769082.5488309574 3.798126911786948 
10457.848870274587 1324213.1638215308 262.4967884897142 
6692.766512966511 1221734.2059395553 516.0552862556771 
7095.453958636562 1238079.5267403384 428.47145158080355 
10540.050707432587 882700.3503202292 498.7761146682101 
23040.005372614385 787877.2981411723 78.13658683252892 
7469.630136595744 927452.8342124573 447.42230260722886 
29455.869799966626 565224.4528863607 117.64760550700449 
20125.988717619864 509774.68268006144 210.74503645952305 
32056.496302405954 425284.7639965769 50.864849160188896 
108383.70728417861 1018251.1567377909 22.69535121254429 
801643.324013718 153429.3322509094 11.078400918729098 
23219.69080578792 692447.4394335398 137.91479400044648 
276823.7303821667 338472.6836993961 4.272517835867603 
9841.233301976974 910798.5309566195 278.6945507045622 
21113.890933818748 455340.2196795829 174.8902794032243 
21045.917046222963 786330.9527397138 202.9287713047861 
85869.0317638391 437937.45595085685 33.97519772437106 
229635.5725055932 418232.07839696854 12.42199983191172 
253289.15642147214 381243.0351043513 5.885056992297649 
89813.8604938743 548975.241043584 25.884978832765725 
337360.8792902396 535145.0904053288 5.169438986311846 
25358.77206020153 493816.8799979405 167.865564871973 
43709.22218854226 480825.88482726295 31.40623914490567 
25668.554693081936 504150.7827445213 152.25330641031553 
7225.190175135499 1236374.2810012314 429.1535391165595 
121113.04042770037 478854.18313802313 11.000340286970768 
17594.787343818785 822803.7644034782 140.66366505714487 
