8228.605214476838 188834.59639908565 77.27689787999681 
13898.542957159649 266411.45894102415 0 
8009.999848524763 26888461.44802416 12883.959139949604 
8009.995909615523 49688107.04434772 10701.656502832244 
11089.321985344011 380008.4976160533 23.013345555979505 
8009.999142572963 45606126.53773573 12757.546005070571 
8424.69855617112 211448.3933729111 34.911121511373324 
8010.00390045098 34713123.088294975 9735.298667738636 
8010.00444463747 24937643.2705272 9804.464586857945 
8010.035559833487 21287131.440201364 7496.5989595681485 
8010.026329841161 15642648.341610167 9420.34190130902 
8010.019281988226 19173368.735094897 10085.412725253285 
8010.034408042406 13213960.61327302 8538.170902004142 
12780.343782499916 306172.1221497575 2.096834935563843 
13474.817215801042 275211.22304735373 0 
8010.031176121007 16321131.341542756 8360.55142383153 
8010.038444126539 9488142.083771035 7214.540866333275 
12380.854465447166 308347.1550381517 2.0549251339396255 
8010.0477919103905 8843361.827143248 6679.61366380773 
8010.034724075325 11269448.995880684 8706.56409911829 
8010.025730064998 15843629.905901521 9222.872806884749 
11313.408069962545 375080.3125270843 29.951235785798104 
8010.0183370704335 19643866.809603345 10293.630472348275 
8010.0539347620115 6134274.3625937225 6193.31735149097 
8010.035432202501 10904263.262785489 7803.065373707019 
8010.041355856612 8588112.331401823 7071.53442954409 
8010.051935442751 6861702.250427868 6822.628819451174 
8010.002108268265 20373954.385354493 10559.199290105877 
8088.083544782184 1168832.8651992101 293.23099839882656 
8023.292250345615 840711.0381168545 479.0055628222794 
8010.087882154032 4423399.403646974 4902.967944316947 
8010.061656542239 6298564.724707238 5659.227882743485 
11444.615095798783 402175.9409658097 22.770940331459634 
8010.318141772839 11687073.55593605 3045.370364611772 
8010.034606142923 12751994.771478476 8177.319334160211 
8010.11190218435 3891513.7507304996 4759.102371373436 
11963.019030130372 318491.3617741237 7.4738501948861105 
8010.10835565153 3965656.7759289513 4456.180964888191 
8010.044918687142 7292038.173151341 7678.985555653225 
12131.10435393143 297745.7454927667 12.426790802699768 
8010.035415271975 11115905.301391307 8014.740670246476 
8010.035257824736 12511155.395205718 8333.771582590374 
8010.202347772088 4771223.991963612 3959.7508524900168 
8012.666660853454 1324541.9933348468 1239.886741668142 
8010.199003590222 7542593.490761772 4071.6399066776285 
11771.175824266493 325589.32925142767 12.550298192915685 
8010.086767412623 4375425.679583573 5284.622415514796 
11548.639040994796 366348.95997156185 28.488065959677158 
8010.058056552261 6341964.1321510915 6004.338831490474 
12268.390731422294 292283.60490586323 7.209292468483708 
8010.221435360761 4572754.999541492 3424.121304412741 
11907.659843506375 323810.04860515136 23.00569265966012 
8010.068382775476 4690933.563326957 5262.277889019889 
8010.8096973254 1701641.2462933795 2805.5166393656887 
8010.415775569915 2716447.591726656 3245.206114231504 
8264.60214290088 319977.1770989638 65.74224183433016 
8010.993777751689 5782797.476485807 2155.7967016948023 
8014.688160372154 2658019.789626133 1114.7237956859994 
8010.210098659636 4055225.449734445 3657.170179267948 
8394.271053252443 221171.03924135008 40.604694339438495 
12877.356037433588 308763.9379298376 2.020985978982691 
8132.024674980851 643933.2408651616 162.89758801923404 
8011.07659891543 5559239.426806874 2078.315765514997 
13112.17828435996 287616.94965245883 3.077584612546266 
8011.94546048323 3782093.5469271746 1776.1471736203484 
8010.067416308671 4704637.542560343 5772.3705313027185 
8010.135354478887 4248790.400270835 4315.635203322574 
8011.174991702295 4098808.147033024 1930.0785190301233 
8011.966674870853 3524569.99871156 1571.0126681473344 
11634.380526746 337252.836036407 8.301832281056566 
13009.299661315687 290130.07354690187 4.299577999535027 
8015.294932890034 5176960.525072877 918.3618306030435 
8011.1403794589305 4871839.081909749 2327.3792775433662 
8018.0030786198295 950923.5152977842 754.1920757111859 
8012.605589017612 2670153.608638883 1426.429276350576 
8010.5389180625425 2800494.68704187 2630.282176649468 
8010.494729352154 2159833.99240338 2931.520604249302 
8010.942525643164 11655900.179095142 2451.377962846803 
8012.231903363117 1949878.8062874777 1603.9795410098095 
8010.158564315338 2918946.5385445952 4172.569650850768 
8010.0200926760335 20377700.094086505 9966.22760563587 
12177.70059158502 384689.9594843126 2.0499645009067806 
8010.0141729125025 20818247.6780002 9760.56433349464 
11703.655403921652 328658.69390254817 12.310630108046537 
8190.220996008031 214037.72759433446 89.5267504660569 
8021.724883596918 2685743.313046893 628.0784258910047 
12954.686290143998 349667.2350836746 0 
13360.984865329223 284676.32875182823 12.292058328951015 
8010.208112293196 5127549.367587261 3599.366897925666 
8113.334699755736 418134.2632271676 195.10098135274447 
13178.407728525635 330444.9457680454 0 
8010.021308657904 15991154.535861783 9894.697937820227 
13243.067075517041 280518.9222602911 15.147600421359432 
13294.673292823818 276627.7029909264 13.730305158563532 
8010.160267349891 3069984.505599724 4077.2196127426582 
8010.10336425619 3739875.362248332 6053.9029357056 
8014.93009976302 975300.3607503695 979.464744790742 
12371.447465870926 293766.9206872037 5.234859418329826 
13427.255034225227 285530.86011030304 0 
8010.651630309065 1762732.0379399445 2528.2864202526234 
