9573.358646194394 8308406.106423063 464.2697132412514 
9477.607811377176 4636335.431922979 495.95484381962297 
8788.422236420614 7884445.702695826 742.875766728819 
8686.773499097299 7406021.310416438 780.5645655836103 
8413.35941643771 10403222.574155936 1459.6126053154578 
9470.518584769728 4883097.982362594 926.2705420109339 
8449.508680699704 10384238.004901802 1160.4830353843884 
11400.65769278281 1817856.6887600343 328.4179011395983 
18243.44810487052 808428.1322325525 70.46768927149964 
8467.40882413129 9489053.69738466 1075.8078011907355 
8579.908261224913 11541178.211677194 679.1790195176175 
8486.059174596296 9871828.324022561 922.2983221153893 
10176.593556786796 2694551.8298365795 406.1573854405085 
12018.989762942363 1244646.390640305 241.92131222951502 
8319.75261398722 12196585.298439395 1100.5398541683 
8513.49149809184 17721773.112299364 687.7880083823162 
16580.968944133947 1436397.7835801614 91.69145822707691 
8782.23930922594 5974982.843091762 834.9459943950422 
8236.50116363425 22070938.12729181 1332.358737885593 
9653.247383374204 3787537.9698016997 596.9449997994461 
18061.26865531072 843001.210111812 79.71372413972585 
8580.737163956264 9801744.512740552 867.033261653382 
8691.746808494687 9205740.070206122 666.2476458143641 
13128.027632895652 1218319.6088897837 247.2853586456804 
8793.070029697621 5981906.724413295 552.4352562012464 
9931.16134117693 21855665.89073871 445.3355861521893 
15541.094498847058 697622.3781694188 95.96072556778775 
11250.897252528888 1888674.500290869 416.31082856734054 
15346.632338603988 863114.3617225897 124.6303120280538 
12379.095903867608 1657921.7483166715 238.74321430971537 
13262.082079455238 944933.6726991852 168.96368647254346 
8451.820802069074 10133688.217325527 1026.1833766852567 
10182.681836140026 1981873.8832480847 430.45927144546397 
8266.646318897128 23894564.591849655 918.8500586595619 
14663.925033587075 806716.7728864031 140.16906433424157 
14545.501573684754 1995856.326311286 158.4248846084081 
17508.593432195783 819442.6932634911 89.9502701442185 
8613.13541456053 6687404.3372458555 797.4051277857624 
12810.995417370126 1669532.0252761156 206.29447470106962 
8314.098992567 32084702.991897527 852.136189512081 
10855.955739018367 1912901.4180389252 356.7163698708405 
11961.17767547987 1362754.6967124986 247.30550923011918 
11027.342559665032 7030808.7152734 320.5628807541351 
17123.08805391109 1765587.3416996729 89.05899137444175 
8533.596279203673 9248122.65490741 896.1382365843875 
8582.639258786363 8443518.219590884 797.6880136403842 
9432.780540861106 4921242.629997423 505.91554641455934 
15344.774660783089 856908.0013474874 125.37286946842103 
14030.635322432932 1358238.8530255335 166.55985245030143 
11828.555862093688 2171085.6511623766 302.5212539206293 
15201.597210947057 1212521.8322288727 114.46246718659594 
13101.060027879224 1371927.5897880609 181.4226086702886 
15316.78706935027 1046504.8642783061 135.7895396840274 
8266.275716744574 30501668.643333767 1000.1707707899508 
8245.426067547278 13654553.559663994 1178.0365664508095 
12743.665931424124 1273924.5687505337 215.3441870211298 
18363.792050815573 743383.7618647148 68.39495280245535 
8229.247976994835 34194349.842145704 896.7840493666483 
16915.550492513776 1037873.9533068598 91.18669284783422 
14217.215447700597 768230.1025334866 196.71718025363015 
9397.420100010968 5196947.912435118 470.3583288051897 
8332.00781752369 10736436.579974275 734.0896533537616 
12400.050787341845 1565500.0568832026 226.817791525359 
18447.184831141378 524850.2799842355 39.89572091401757 
10781.770038060396 2058618.0543957606 349.0220240381426 
13152.764136450995 1368358.3499356331 205.6505126672585 
11183.237450154058 1900586.7829079474 342.6812612491078 
8223.15985016448 44414090.6983473 2619.784586540449 
19941.298959549425 827784.5420896972 38.63435239116771 
8236.873251166295 33735226.821787156 1705.7074527967552 
8238.036042276455 29966162.152888294 2047.206684274086 
16484.12455978554 704431.6028987634 108.56250298879056 
8260.910007608949 45257375.32446496 1476.6078716248508 
19205.56517485284 709998.5862831785 56.69603725510797 
18896.738443806844 767197.8351178226 50.21135693313138 
8261.620097630897 35935296.681421876 920.7769865034759 
8279.304356821733 16882586.84169115 1312.6626636091723 
14691.61558081854 1011039.7404041374 157.36181868212432 
8658.810851047114 9020752.177715925 1112.4672164719082 
8308.09247536252 20745830.0040879 1268.2690724561078 
15974.572472873519 809693.9857097156 109.77882447819626 
8539.022167938907 26048228.470213562 694.367343439648 
8935.893803565341 24332101.793685537 611.381373872155 
11118.588294450408 3402180.331571646 450.0766065858073 
8444.556598314131 13518501.012376117 953.7520871921326 
12063.691622349175 1495836.1807558672 259.49631126562093 
9727.939291212184 7036687.115899393 587.9200186442639 
12815.73316540227 1313164.880730283 246.43339659088088 
9292.393510185273 6046956.544989435 665.8395168585064 
11792.146379831578 2860000.8920981246 343.9325729125868 
10495.533816563791 2202717.8341406393 471.6684678063317 
13844.86879436582 1108593.303292832 172.17849281410645 
18583.50643531888 708249.5663294578 58.57304196941917 
11621.508305715384 4139066.6978690773 402.65724450372124 
9936.931633272687 6717436.127487459 521.1975774850522 
10222.17905189583 4740343.461500732 409.77616254646193 
8340.882753864304 22214833.441191196 783.615386606718 
8373.147352225074 11806905.912111558 983.1397529934297 
13402.650618942458 1901160.7644902333 225.5370732304105 
16611.537889935327 847796.1548583026 104.9112030691781 
