8136.896071960905 15983441.66269757 1270.1394087007238 
23182.469844475083 360872.4057454609 7.520274920123266 
21835.370529181393 204582.885720891 10.251714675391227 
8147.887645759719 59191103.43003559 1197.8232721585791 
8153.520330819276 20663201.926091462 1081.0420789751674 
8157.464271577444 12600846.205596939 878.3394312546225 
19641.615948683007 273187.46429152327 9.55307687350625 
17507.25070371701 244653.95225724034 11.576614229075158 
8180.231337995978 14187850.429569349 748.634077463737 
20378.429745910686 220689.4012629896 11.300557318212748 
8137.185418087531 11397495.406611364 1212.0928665143485 
15234.086755396638 289280.8225708933 32.651745852511674 
13373.164500821102 365323.90718878096 65.22963115149955 
21175.70177489777 277248.09356834413 9.098684571546466 
16259.89631424726 405306.88567424566 19.50663849882315 
8199.107464666282 9492191.073775696 718.239087626422 
15900.422617863309 312496.7563921317 25.871983324183304 
17186.664028757365 291208.81881297636 10.047990337204013 
14057.817930435445 441904.3166167153 64.92126190691545 
8208.348033421284 10321167.503748575 693.1586698539691 
14802.927386471485 289578.65294309886 40.662097437417586 
8508.59694611052 6203509.008091086 613.3266246891416 
9096.01989580889 3473402.8627704466 661.0532663233462 
9589.90115525249 2952146.7584864045 521.7775426304382 
10708.265303702585 843083.9010455867 264.8526628133505 
21425.727030868667 275930.52783387835 9.098684571546466 
8724.646207969881 3795741.4919404956 634.0545487808976 
10097.404910824618 3081390.680599388 331.9905295769201 
11190.092826295184 840914.7182836279 196.70321745567813 
11978.054411772155 581480.9559047155 108.74114963495866 
10771.453144753565 973254.087593725 210.06713185984904 
8793.070029697621 5981906.724413295 552.4352562012464 
9658.350236948969 3508814.2777676634 352.42970101285016 
8211.206374839569 6337299.9920198005 597.502504460549 
11533.442559567004 699539.6577918242 186.53220645905176 
8173.902072802743 15164715.875642793 675.8698764499616 
8214.653043494767 7944054.751033755 501.682294212886 
10341.370851963144 2265762.4015342086 287.4067338350395 
10855.12370972799 778474.6529718232 242.5015868760649 
10961.562710668208 1029917.0637873395 153.9740571625098 
12935.284128925769 567042.1139468739 80.66689903276882 
8610.675558046833 7103488.320302144 476.7929660822185 
10192.831569949205 2292696.982670816 308.60199439297685 
10563.098636155126 1160225.0496967835 232.72487127941758 
8214.814413628872 7883331.272839864 502.08684516502825 
14500.981670121224 335134.71961007937 31.093566010526086 
8710.080144594778 4058824.1788333757 727.1619642356512 
8188.738713699118 12421531.000642395 683.9098664643939 
11560.79629260111 706705.784831162 160.17066309220326 
12806.148239853013 557211.5401024179 90.82474611093807 
9288.53497166499 4273948.183082783 503.58287973728204 
14212.165600706023 432687.4686119708 55.768739512884295 
12211.835325459426 947001.3574810857 101.0666121111716 
8747.32070592901 14704382.667160075 437.95884509200874 
10218.6512674686 1696666.874827486 363.48528527208373 
10870.736790289748 980709.2508312399 178.87406830044108 
9801.404126997786 2740587.065824096 386.0112247292369 
16067.810924303309 339005.2924627451 23.323216613031168 
13122.142745598707 462230.7885774996 93.46813385049394 
8935.55247771622 4821977.402445092 479.46232444540055 
8894.443087739422 7256649.795531255 397.87445181031615 
8672.065048808367 5521838.707484673 553.2510178470075 
11688.840991150404 607453.8673912433 141.3439281400601 
8776.181861692898 5268187.54895882 566.6515054032884 
10111.932089201135 2289503.0514451005 377.9901038030983 
11734.235316237855 529897.0951189701 134.90928701775766 
10200.266610131432 1886843.7733878088 420.3147236228287 
11145.514577372383 974132.415418837 133.90182679030485 
9530.933830334414 3456795.7992142583 581.1294577477108 
9397.420100010968 5196947.912435118 470.3583288051897 
17191.67924265086 289683.0365042955 10.047990337204013 
8799.037869087453 12498043.204032091 453.5275413282285 
14619.947385373542 291452.2787718419 32.07503372127137 
10034.320690912506 1964653.9435679978 416.3934615874145 
9290.384425646054 4267337.80436653 492.61047032822694 
10577.528239713913 1429074.6272849066 193.07291108502665 
8176.928319262074 14617821.731065106 668.5996657181623 
11713.895325400514 932051.2797514672 125.18646768957771 
9013.484371962568 3378667.5572810574 690.9822409119912 
9925.42999893799 2376706.589624921 394.78095195600326 
9507.047109824902 3109826.961702596 607.7906165100585 
14185.490200179342 514081.17604968825 48.310644657134425 
9367.529036120206 5480684.695452329 442.6957422109065 
9464.043773127194 3743322.386791587 408.14088105021744 
12396.85562878111 576471.6835522496 88.23583744213707 
12541.72324619597 519352.3504153671 99.25007827524306 
10503.092651804429 1045729.5231815213 400.9810854094809 
10633.968440987868 898370.7206772994 299.1551525920351 
9591.333950929631 2230145.141019363 463.0896904492215 
9735.662644488135 3297565.853361127 458.8636590627819 
9422.836369548324 4411636.3853146145 384.99755626076563 
9350.563691125077 4377014.316299116 484.42874821975465 
13075.513526335571 545098.4488243377 84.97975116596957 
8760.645880652442 3608609.3836290585 575.7804016099424 
10259.28686287483 1185669.1695709445 297.7587010993122 
16244.390245117378 405136.81576509465 19.507294012015954 
10302.912271871388 1055052.08869875 290.58727556242593 
12300.843644937479 663335.2715224666 86.9523294095239 
14085.034801520256 635932.0079619035 54.049221205917654 
11717.652607148208 669054.830132783 111.20690310698498 
