8378.528985455861 3633633.6440082225 873.8206998711738 
10330.009134441449 1010762.4902648921 79.18088393023444 
15037.897530373357 326490.65161797137 599.9965062405929 
11575.97242437369 479612.79089995194 965.374041481121 
8771.085344963294 7826766.73773191 507.86537917625475 
8815.26222486483 4797110.916730439 484.25852113094635 
8802.012331184875 6380957.0795728415 475.24445575981485 
8776.619103172732 6587146.451397779 483.6384172816224 
12606.860480613588 430633.9673616751 747.2616956903175 
10853.471434761199 511062.2674228584 428.5082062843028 
13573.51471256804 507241.2393767676 693.048760173712 
8486.649965776514 4538150.8042963995 693.1709248935924 
9016.653575685037 3396285.98516987 347.6132280344849 
8396.978118585666 3224623.156332508 843.9607675168505 
12314.002612036573 448019.3274333176 770.3804442207921 
8424.073062777057 2584230.251165597 800.8401409662232 
8488.113490302823 4162507.0845447956 733.7361277414783 
11817.151283157424 471655.47387932107 917.8187974512575 
9631.744405593885 1350477.456324466 154.27932620882177 
8526.104241130997 2674155.5922859074 665.7996683786895 
9826.013533970809 1404185.3930776964 105.69564860453178 
11648.173292216692 474692.3331101666 878.084839442419 
8516.485214487044 2878863.976547703 688.762294349688 
13828.385660881473 385506.76912904717 673.7338212649989 
8622.85975722106 2436196.885185603 544.1247277731636 
9460.421319020617 1692620.6040749415 208.78885629475647 
11795.604152795595 463176.1472072318 936.9790913566586 
14145.788773151482 383636.8111707559 573.4596980878962 
10281.282215545069 1041894.807569925 84.36409688043994 
8614.405544383144 3874962.03274473 611.6833822245303 
11914.791010729898 460407.24812619796 925.0957052079779 
10027.525975877397 607967.1183825769 473.5926948072382 
12040.368195462228 450302.6152197312 862.812682137593 
9082.288023721827 1839620.4872776621 252.4448348365766 
14911.353027745019 334676.3526284065 559.3666864548425 
11678.328716882123 465621.2596236533 960.3721267169444 
9538.544617558164 770812.289195207 195.56144205161246 
10760.112408163235 521456.9981551836 460.2750278216048 
9570.004851586877 1763905.3680609046 186.5363108686119 
8525.314946021728 3054483.5310186897 675.4479677999727 
12178.674045351929 433492.0059751603 831.9435681296043 
10296.992277414323 832858.303567464 171.33620507362372 
9871.774692313145 1071680.5894172797 117.45112400334202 
14837.287445596685 351782.1916590972 589.3310425477155 
13952.004595111586 376779.30929510144 730.067977113492 
12568.824436511717 422018.35247906327 756.1255580145378 
13624.20263251963 482122.50567230827 652.1116165098972 
8752.66896284051 1214568.086151331 521.8788193192078 
14740.963557577224 363813.1424765497 501.3983901473659 
8603.762975377309 3792263.0312217786 613.1857023145587 
14465.038550202233 344975.51834243385 678.2447371293073 
9022.492265883864 2268763.264256385 292.5378297403666 
9016.65905032987 2015415.7294710348 298.47956618888844 
10726.404055717314 522516.71898430114 330.2344245861402 
10159.28304577792 568672.6677619251 384.52109307465605 
8567.108177549373 2407332.4938474353 619.4911985739634 
8615.048424084642 4107066.3647472574 597.0516651003417 
9311.455663545645 918513.2087580338 220.23684821398615 
10636.462719139987 533500.3863963606 246.76347577412724 
9736.73424010292 633759.8320600733 627.2567985447514 
12051.369534063502 444758.7851356623 813.364507562939 
8895.249050396027 1536314.6726103728 405.9674381870536 
9027.912449657892 1498042.130710355 267.2989746401726 
8821.231686820633 2115597.063935068 395.905784918458 
8903.843796644123 1786852.121267088 371.5313640976523 
8571.921425515657 2210828.245939381 634.1557351459675 
10480.942227043439 555901.7548428981 312.85200234828596 
9642.801923716735 705819.0926107173 703.5219955959003 
14578.262395514066 442437.2024176701 498.7261844355519 
9154.171640251785 1103710.0230829811 234.91342381801715 
12485.711533887152 424552.590053767 806.921355624253 
9130.911441666343 1154417.942663469 278.337268352465 
14349.84581954237 355265.2948903063 629.6014101147408 
8719.232658211778 1420393.433085497 565.3595453656819 
8752.061551439136 1191459.3967219447 534.3886532890414 
8870.44180205241 1951168.970091735 401.60854647342785 
10424.93789253289 806508.7688439016 139.80740595452332 
8690.548201649592 1111517.0564013612 652.2319351637726 
9201.887176905102 953874.8395473734 241.0787293224358 
8919.611534601187 1556567.966736066 380.15674679173776 
9098.008895303206 1104988.7965528255 355.0005110831146 
10090.303898251237 647550.5281541866 378.69921661387167 
14591.000811596012 338509.84131967317 714.0178985467431 
14021.583004557127 356350.50590734405 731.644167561223 
10372.76465768252 809456.2372847009 140.28856363992563 
12130.855909498583 440757.1918518477 834.3571805330371 
9222.235172934728 1073655.8308691382 218.86578980102203 
12390.913033006163 429348.64790840785 803.9212425028668 
9649.774318334983 672001.6587111705 684.8847549846089 
14237.339841055118 371904.3230746476 644.5777220299431 
14601.580598894278 337819.2055788694 595.1834861789162 
9646.917307489772 897551.3041613176 121.12561027525905 
9425.362301903357 874327.9377053812 443.57451462670014 
10541.18311550346 542048.2936623141 268.280613203014 
9366.466796650884 914816.8680235618 272.3374254827827 
9424.978357235472 876770.6983875881 442.4188996697977 
10443.773616983992 550097.0424525803 340.8778714061172 
10438.836513576582 587449.7930835574 318.5935013571691 
8876.200883875124 1625898.641223605 394.1656859181502 
14266.391371377804 370450.88355545537 646.2751760152669 
