10365.370786939779 1049889.5170198558 77.68925074602288 
15536.099840006453 206144.08939421797 426.3156925772439 
8334.330370650889 9889584.747598544 1000.9632923809183 
8331.08920003279 7894567.520217186 1039.6926207066085 
8363.030789546201 3827593.8219013093 1122.4190520348611 
14878.471561833654 200494.99449456466 471.8536016258223 
8691.823023875742 9058478.340978745 554.4057706422759 
8338.183657296015 8667267.087860988 976.7116877552669 
12999.696104144858 316514.13723798783 686.7322282941886 
8336.606086788328 5494314.546941366 1027.7812995504087 
8343.381005566387 7903006.699970429 928.1187156323679 
12753.75789642734 320252.04419166147 681.7868189694087 
8550.062385222958 6825499.3302623 629.4012517686057 
12503.13763050899 363282.241162709 729.9223662047518 
13449.16238783202 410815.17112897825 599.5792027255583 
9200.326544097632 719908.9518795718 214.64920556197 
8335.56181397835 7415466.854846226 1065.1186545461153 
8578.604226140596 6462635.352122115 604.5452394001469 
9437.936569409705 1098415.4961874313 180.37151289751333 
8335.220873513228 7322591.6652647015 1065.3247489479734 
15236.388111598859 219904.36470841913 466.28906934474645 
8340.69545077289 5973467.374362473 960.0118314410099 
8572.283848026875 5042347.231101805 611.2783565725372 
11269.41274166037 507295.6926160052 954.4328973332945 
10915.700616657326 510873.03880127694 427.48029389432827 
14426.816857881817 204692.72999334472 494.8718447901871 
8342.365191017692 4822386.7557130195 940.601832040715 
8420.837340204032 6688931.283069312 757.044027337143 
14580.327410879803 216204.4132213635 470.6885892206999 
9114.011961191103 944399.6161559017 204.62283107961687 
8453.111649664042 2360370.99429297 704.4394709333365 
9805.655433403444 964898.8504901235 140.89428501127728 
8335.688153519948 6159253.128426156 1028.1867039268764 
11438.78291809391 454719.78517893713 770.0862447942246 
8439.951273179422 2522272.5042669307 733.3592142092186 
14084.98456135348 276824.3715962749 522.2262702446892 
15356.805286916991 207396.35801015425 440.2154992651729 
9914.037221995226 661109.7534382202 572.8376478414062 
8432.169149079753 2845518.7738345684 1018.543154081906 
8368.892537530237 3346806.7345012133 1083.893430432204 
8945.881394282751 3469087.0017963694 301.65917863265605 
8344.257412115921 4526075.701827701 879.0260657551702 
8932.663969381909 3181575.0423240936 335.673396299617 
10631.883104892298 558959.8180473174 270.3830216964877 
8984.488875775416 1369794.5771855267 353.92971876278057 
10853.204907079069 513522.40919154126 412.562564613056 
8941.576260624894 1941353.4185636807 403.7662913384286 
11322.276610818424 474843.06203366217 847.646269863691 
11314.543238126556 504080.7935732727 906.8339817892231 
8808.614322949014 2151660.1669037687 460.9298390329784 
8365.485394339803 3137412.3571590334 1096.395806522146 
13936.336507407048 280188.0334548863 531.7564177163549 
8358.874224403147 4011762.520415077 1107.5050752298168 
8488.075212685148 2118070.301826656 863.0217692765685 
12089.34402688648 430309.8161408613 772.7069515681331 
8544.08608090165 1982524.6389222918 663.3014805523546 
13821.306252262324 237537.19691882507 539.9768443561034 
8784.98634256439 3928700.313652307 447.7384461398976 
9017.88963623972 1433058.84713144 244.6905409368741 
10679.358917893245 530107.250140458 229.45418516855517 
9740.464165199217 1573077.9343551078 116.09099837042166 
9583.933208690712 826445.7076828263 167.38765379024335 
10345.242603473467 1283182.9335296925 95.78623878340318 
8364.77550377607 3588698.305871955 1087.979261297862 
10113.123489606282 569038.9726428173 326.9069287013465 
13709.000595577289 244996.5482845196 592.2734031049968 
14317.217005427028 208780.30450517312 483.95611071017845 
8337.925308113667 4414151.87616691 990.1414200608268 
12232.445011675063 358520.709275594 785.0271221559921 
10184.539954456355 847841.6870136521 134.3202445771633 
12161.898791771953 405896.0130258799 796.4697152233762 
13559.443704589035 381280.6278896272 648.1962121510628 
10255.45533490632 836980.489346643 100.55933548150556 
9572.812224595065 846026.3783247198 162.62248448180043 
12323.473429319192 429379.68733987975 698.9959809008812 
8432.691187089928 2742607.5782955713 1019.3281506397576 
8698.86246825539 1671809.1163279598 517.5111406984954 
14843.894045402965 200594.4473952473 470.9428634443085 
10462.107302146778 563465.1828870306 291.40786322679514 
12308.995231183488 343272.1609866746 828.8837573356898 
8556.554870891985 1751652.1569106432 689.328882619637 
14255.893366388933 235171.45022272115 535.6281958454184 
8527.916205567519 4180669.515359703 650.9087273576264 
10054.083138369544 627471.7562990658 380.53451468782936 
11793.70602913616 393850.3912236289 820.3986553433509 
11649.38938998496 443332.91112190153 750.164769251686 
10038.652756328334 632976.540010049 557.7362821498807 
8935.38017182633 4544500.796779917 334.9127631147777 
10071.922804731827 571583.8172380383 371.75638584537 
11900.119748080579 372199.80312786845 818.5066315447655 
10363.932745617174 1157412.474598335 80.17297040712455 
8363.440518933612 3818605.8417760916 1122.36771221833 
8359.49229164543 4204880.452285817 988.3680230128585 
11637.54210282851 445877.46159692056 751.199462502655 
9068.694680516966 1292942.2160984771 234.2058384474194 
9461.240396514797 1058831.8839024745 124.90617118174814 
9002.100919236502 1632346.6749186174 255.1186441792575 
8491.37638700958 2271724.312932311 814.466309779612 
9717.300662124013 1605135.2629300319 121.22427955118206 
11852.441292943107 375248.26689361146 809.4157461666107 
