10543.967238413648 1327111.4828347105 141.48944289859972 
8483.013633372497 9797370.640976768 1033.7395188262465 
16685.573661919923 492262.1885428003 855.3429853870099 
16574.01553925391 487378.4247991258 879.2378649470422 
15488.533465906474 524343.9421389087 753.3480784903395 
11762.700694829862 575780.4061124837 487.2938518244862 
9014.329282021512 6821679.193456715 457.19322374071743 
9124.47409248328 6155657.806487478 369.95007813880545 
8783.962771954008 4220892.516910343 536.0929776671859 
16547.504081829884 490825.6898444516 881.8057859733732 
8605.353301370313 1413757.6501721088 1023.5823631857631 
8528.712543698735 2006816.4395068898 918.3757787596271 
10608.143683204366 863256.6383528966 187.06843823548343 
11213.961343895753 565122.1410832161 716.135833141676 
8612.47618194381 6520335.133930564 804.8092656438316 
11640.546015117934 585888.7634749701 516.2863990783608 
9102.189347244073 3770218.3721690183 431.2157930201031 
11330.074163870802 574358.1788750738 685.3319093583559 
9932.342393570885 1482564.17802426 173.7091374401429 
9515.432651966286 3947126.91234929 252.26013897285958 
9723.021815579752 2031824.7334037856 195.07558508860228 
10138.276324794782 670494.7185610408 546.3083688323453 
10347.392611934592 776634.209027387 401.87212200182285 
8763.535675678157 3633828.795087811 537.3938173321686 
8701.507528596578 1706929.6932805576 774.3282067064225 
9018.203784113452 2869069.4645297267 445.09008415130074 
9993.280885202668 1115307.7963134544 270.8346891413397 
10401.721659618512 786513.8192014154 297.0808238273578 
8849.36766830741 1309271.368123896 736.4499526572865 
9206.490740818848 3235791.4704798013 326.2195851143832 
8769.341666175023 2027949.206138472 588.4569660543242 
9192.671375334294 3093711.956297173 389.60604086915725 
8909.661534787503 1243307.2514243089 672.5610023289944 
10216.764597750971 829600.3804084426 312.2451816858205 
9428.923440310871 1015728.2672306868 316.1086724655103 
8733.430476949288 2690634.6759646786 575.3266732169699 
9841.627953644476 1362942.5720380296 204.17957280534597 
9360.243650976721 1047389.0699422313 349.3884829908717 
9068.210323662403 2203273.2384758266 456.4460236755701 
8603.263865636243 3383996.918146205 821.0434545271372 
9706.9348903048 1165820.9740651979 238.52690939294854 
9048.262490612737 1099399.0052341637 725.228483125604 
8662.619322138751 1918886.274252624 785.4462186083729 
8663.843161554329 2011689.0325924347 654.1649187562998 
8493.828465822515 2882034.6029234813 899.0827018403728 
8734.853309989761 2641415.8335572565 553.0114758428517 
9528.360910310594 960451.5503753299 609.365986491794 
9650.813253429176 1373780.9416532589 249.60115590679774 
8856.724891811637 1610076.3285630094 464.6544362509107 
9286.897945053946 1217627.6964624631 381.2880570361667 
8621.82686558945 1828605.6199980497 787.6242813499865 
9882.44344598308 952195.3460743388 285.85759621816345 
11675.632366496087 577361.6163874677 577.3921958835763 
8796.151252598545 3431211.9820627943 526.8340248142156 
9624.291248968166 1063879.4442360045 279.75324830741954 
8757.601856556914 1246363.017858895 802.0129515971312 
8569.58720200623 1964806.7943407237 851.5308006508615 
8827.923400597694 1506924.6634128802 625.915611025541 
9537.31404336219 938597.0189222444 335.06208315531626 
8990.871745915985 1148954.3359333505 562.6018392744392 
9323.51107044178 1311120.7554646689 255.72983528583958 
10383.309713119623 741796.3536117264 361.2918320547829 
9134.525813468388 3153096.521754901 353.9842846768253 
11226.809227727907 584504.6934689198 696.7430666884884 
8607.009568730338 2498440.2897950513 823.5108963631376 
9589.90686720148 1664226.1589179807 226.9842064772418 
8696.334897596229 3020567.85925138 611.84267405101 
10082.244054189356 878353.503946479 216.01499995985805 
9154.123518846622 1762736.1509118339 401.25295699145494 
8802.670025039279 3054004.9649034874 498.09563398748026 
8702.637382871158 1639151.2352117735 839.5498356862716 
10026.567564290668 938003.9335577597 377.6712163764919 
9943.980457054953 943348.0788327961 303.208150890088 
8606.450770806352 2951207.2058118223 812.5284659227207 
8525.384602672595 2469113.6213842737 871.0229381406525 
8707.019875613816 1569316.6575172313 641.4254438929576 
8521.474577038669 2017195.4685476972 898.1093767682077 
8621.00732194375 3486076.2752637947 705.184552907923 
8497.881196053891 2404008.768679199 874.6015957779314 
9202.92561825826 1514996.3880699538 503.1569896826436 
9074.769839026874 2299577.873279795 434.91260831547845 
8840.79945037955 1688839.0505091918 471.28038360777117 
8817.411718536006 1801021.5872990522 479.21380613501316 
16621.023492293174 494803.74943439255 857.4027082604928 
16680.222236001384 493313.9988278202 861.7803295125833 
8528.712543698735 2006816.4395068898 918.3757787596271 
8607.773344582003 2255420.1327246046 841.6005645143035 
8584.822300467902 2542456.2322671907 821.8844517240598 
8704.004594991533 1452152.8729332867 648.1845767379358 
9914.346445191168 915986.0020886151 484.4907752260467 
9574.045742805734 2001325.6250831855 233.76995722945298 
10291.950191047754 790344.9346873976 217.30196408840547 
11261.63113056473 579648.362766084 705.8403914082626 
9213.303834173697 3006722.95377368 328.74857645354933 
8734.045045244806 2349385.7663827585 569.3443879159069 
10324.024409974485 835105.2220875222 203.31282839027077 
8909.734720869945 1137178.0023071917 637.3060709633621 
10082.392305012074 865804.432810189 219.24010509328056 
8621.517873333121 2938643.3928568563 712.2707874286435 
9503.194896528887 987977.6991293388 360.59809963617755 
