10327.868386933016 1052957.8173181764 77.7812116193898 
15877.790249577869 308591.3009671989 797.6994597321448 
8445.280354610586 2521239.032762534 1070.5375367653141 
8360.767722779561 6853027.451305622 978.9675757465708 
8811.352015657254 5249775.100523674 447.90114908680835 
8798.156872355732 6537928.389693236 466.34728321547396 
10914.341672118018 510679.3711834062 427.55308228941715 
8448.261014683048 2656329.689152794 1052.3080626200467 
11492.07469559355 496320.9216291035 871.7450778551631 
15381.054305558817 314963.3286935588 931.0957144695337 
8366.917399274646 4565995.962473407 908.1996470150318 
9648.785559520034 1218959.8110751568 124.58408612357171 
8964.340322447579 2218804.7882587444 352.011900086054 
10646.009402453616 537915.3311662835 527.3376981956725 
8576.352438830787 4929192.970803054 594.0578363585136 
12061.644387111714 434273.3813370474 854.8163213745011 
14997.391588690603 327531.65808404214 1002.7515479552351 
9608.396018382467 1374398.9002164733 148.32205401242845 
14579.961179294456 341696.85449643247 658.237373491937 
13327.077356405487 392397.5857894486 787.6581499871761 
15748.645449623036 312322.1431290697 794.9770545171925 
9577.245382723757 1683545.6427235887 179.2551381523861 
15221.893291247226 319353.02897891565 914.8511922149983 
8677.866456204247 1525069.4823910408 579.6382560210048 
8765.623322544805 4394172.340529308 479.77252443061263 
9005.061802698467 3524224.896278327 266.66414685271974 
8376.538186256606 4485786.601360928 882.73974143442 
12727.6970413178 411417.4357030862 728.0588663943913 
9538.544617558164 770812.289195207 195.56144205161246 
8825.895141907513 2032472.7479432607 391.7980620547472 
8388.404515644805 3912667.905908249 1000.1191128919654 
13032.68834519734 398499.0875752848 820.6687847532379 
10390.469391966428 611986.9785583499 298.7325363951514 
14400.158500568088 355136.5948914548 500.72288090009505 
12366.572531848213 415229.3588739153 771.3902520604281 
10026.41139623096 587017.1549705854 441.4504246499673 
14237.853912136383 348991.2962519234 674.4936837427548 
8961.925884793596 2486058.5803354555 338.16643027779577 
9849.861872897116 1031829.9639249615 117.0380982261271 
10214.146129942923 1042241.2327431219 99.78353945325676 
8797.943424908033 6539544.319565553 467.8503699442901 
11627.168268835165 475855.1580031152 955.5156816925576 
11823.787101517408 449033.78957912634 821.3248896801349 
8524.98878721039 2757951.6534315925 833.4368414123156 
8988.41575957699 1864812.5965677744 286.034690963649 
8566.54057407897 4130085.440515037 618.5028193628538 
10439.8273059134 606466.5901803129 309.37343417844875 
12550.900778345145 411417.6774003553 747.4943704492715 
14721.398389047172 334549.361231856 943.7123846809626 
8592.67061441948 3834498.6761455825 557.4024718088918 
8389.975595807511 4085476.9587268955 970.2426052306897 
14853.674134516446 328783.5488493971 639.5415978022897 
13541.625090012178 419402.7521488514 631.6803383067122 
8397.87545461268 3009987.1165635637 837.5481894453171 
13909.9105079448 404709.4461157179 542.6018613194346 
13759.030182369614 373239.0174388371 601.1940165637641 
9234.800328802154 1485100.7719469774 230.74403920890435 
10481.075452725769 572216.282249861 259.9043567977659 
11760.898552896288 461569.746518736 814.2240180893004 
8458.005676827523 4771268.162382766 679.9831646068596 
10120.378698439969 562271.8077109904 376.8600212727546 
8393.233273005226 3714178.4260148127 923.9616041287356 
12214.556804087073 427775.97297989856 792.6603918831813 
9420.230269568034 1046908.2860806466 368.04714516674863 
8457.942380881677 3132356.2410938498 683.5984292866221 
9636.74834241178 850189.9865799027 167.9080450614902 
8642.992697256032 2934128.357869677 537.5525217500233 
12648.97788086495 410735.35767615493 756.6030682761414 
10290.313363240224 1089019.587529575 83.56389342944041 
9079.209328545085 1186691.0201136111 246.7920566622534 
8801.014266616034 5154984.0649887035 449.6222294490824 
13171.587524610779 395016.41562961583 793.2852232201216 
9021.255140218422 1918362.0790306327 241.6843586448664 
10741.033150568808 529485.9088255184 493.5239963941318 
8469.284422828354 2861463.7339172154 817.8621567289879 
8623.384901061541 1319717.6742256845 867.9492126133358 
8536.275678495931 2333290.265633876 711.7391974312636 
8814.676712408447 2054380.1630447241 387.49685076187524 
9505.266547078172 846497.1173217949 198.94010417299074 
8734.679870548693 894772.5874212484 720.741383086056 
8454.975683631106 3236626.8064337787 697.8728995625734 
9433.578178472297 1155558.6556081318 210.51313341504903 
9169.078149148427 1352739.7488888686 239.89700162134272 
15000.205448123736 325176.6596325075 975.6010860093025 
13700.23702503553 377730.36871407635 621.7072570534326 
8905.76901339905 1187203.6186495938 647.7977660157999 
13583.425497596456 413273.6516010148 614.6228750352275 
14390.770481366748 335355.9627965881 773.1058548458136 
14086.305191228248 350872.2896768155 699.3854745404799 
11553.747184553697 481407.68580634426 849.0011622788165 
9272.489640709005 1089539.8845472464 223.0474984565135 
9839.257499938114 1098406.6686770672 118.4961446687499 
8606.721897758964 2375267.074726104 544.519773373702 
8448.467422030006 3364329.004810563 712.2863080554871 
8804.44546868343 1797827.961703296 564.1250120065313 
8456.768417709927 4824522.939549075 689.8862212311911 
8783.547267821425 3594419.792537842 480.21037396832537 
8803.461401749833 3625194.8656583047 457.68354038393215 
10783.219420372789 533300.2222404382 451.7243477601956 
8665.990245626652 1781877.8715586746 735.1776257342909 
