8310.008470337252 437.6077611208257 0 
8010.092244267164 1613080.5854186432 2688.039662439383 
8010.092287369924 1612337.8494941995 2679.8142693212135 
8010.099826399048 1057106.9975527453 2206.7509777030155 
8010.09701701379 1046861.6688835503 2231.2824748051735 
8293.227469696529 469.9808398716292 0 
8200.006898026906 588.1344688721108 0 
8010.10539386494 949392.8712247193 2086.4793782080246 
8263.870673626223 470.0251529602207 0 
8010.1091320827145 902880.1222591104 2036.4423269096924 
8010.114944638936 821263.576070362 1932.5994904222728 
8182.570986708744 630.9704312400085 0 
8010.123154616989 794122.5947379672 1856.102482010711 
8010.279967656129 365294.33850020013 1033.4548974898528 
8010.11294279182 942022.6005320922 2024.039569907124 
8144.5538802052815 783.6335579969837 0 
8010.235412446932 445525.2089739122 1225.106824993464 
8217.010183045742 547.236853269751 0 
8010.101841488681 1032140.8970648048 2192.147544585565 
8010.209063636578 527786.927535891 1348.2520530665083 
8010.16068007128 620733.5176229001 1558.957613183635 
8047.707246761485 4082.6447251368154 20.434465633254465 
8241.574491506148 491.67426140031137 0 
8010.224627637518 466969.0458823008 1300.9724980920982 
8010.278258502679 346254.9906653342 1062.2031779425856 
8010.143049538299 669580.4639795697 1703.8575105438892 
8011.179448804558 111616.85292544466 418.16403061095826 
8010.222060479597 499123.0488275605 1254.933036028607 
8010.253887667492 404924.7353455189 1159.7693786583568 
8010.146397496852 700909.056531245 1699.0913780212204 
8010.344884374498 274634.066581757 937.3282712522621 
8019.587494855883 56709.31246098043 229.02067797497224 
8033.451079057904 21923.444403283967 121.56148602120084 
8010.497101146639 232739.39685391285 705.486001602168 
8081.533364033534 1612.6185617256876 0 
8010.162067773391 607616.4950315219 1521.3665029708995 
8111.993930387953 1037.7171518017137 0 
8010.859379278131 122366.14327228673 473.41253729528654 
8010.101738171255 1034077.0519869032 2187.3870589315648 
8254.89380209451 490.99504501336963 0 
8155.509302565011 701.6311128361107 0 
8228.021991165191 528.0342774911575 0 
8010.6442164381315 151854.65018165554 553.5948448878175 
8010.244859866967 408385.11899534875 1114.8679383577983 
8010.115464778559 815555.169020382 1922.2584453351678 
8012.9177821594385 72268.1715989844 317.1379661440892 
8014.13387376145 64140.176893466356 258.9640994620309 
8136.2436949950625 816.2421302706935 0 
8013.619727530836 142506.19221212796 269.2926576611265 
8010.134589566832 755197.582017083 1750.491304020105 
8093.127303550602 1225.55972495968 0 
8119.284520063056 988.2270406537925 0 
8010.197508751091 550843.1991065182 1408.7487273199058 
8010.134424965708 766749.9306448874 1777.7544108152867 
8010.193788692069 571743.4120542955 1406.5400337842266 
8012.195332705489 104649.86647683044 493.17436919884386 
8010.39993633682 246759.00077420264 819.8706543218125 
8010.127152338179 741177.4684311249 1801.0461382777585 
8089.972058619633 1421.0218131618767 6.688673025146699 
8043.737220515333 16612.02470625293 89.59756858760242 
8010.512467502763 203577.01136468982 664.4811712488892 
8124.884983515369 923.1323292723544 0 
8010.152037841397 642530.1265110236 1621.9792830486995 
8012.560777463053 99035.30700463211 372.1076922230889 
8010.237687379695 421174.75076175097 1157.8697870057194 
8010.149595198316 734716.9635635192 1674.3499654657421 
8010.540057596488 190817.73332908686 755.647172085354 
8102.83100260758 1097.0126291777985 0 
8012.644956755128 91803.6541757156 336.0318925287968 
8131.309987462839 883.5795440207997 0 
8168.594106266646 661.7880717979939 0 
8010.216349348485 488902.34565446153 1333.418743281815 
8010.18654400565 582954.3147183206 1448.7011119211022 
8218.35398419695 537.2646106138084 0 
8010.151196840281 644680.0830524913 1626.8738916797847 
8028.524633452622 27437.39686667994 118.1962572437693 
8019.870035795565 42383.339933661686 197.1239818692311 
8010.612184247242 158528.19405201357 587.2624858082547 
8232.475116046207 525.3452192480142 0 
8010.567064314007 170257.45772955992 636.6610769685487 
8010.3692329469795 259200.1019510328 879.2103921271482 
8158.8626486057565 701.4962503678828 0 
8165.2979605722285 665.1710960697172 0 
8053.5072198955595 3101.7055089678042 9.08960584666045 
8040.571743568053 16130.959644796027 92.38263850475424 
8010.451719452065 221085.0790041914 772.4695443570356 
8010.592256010672 181222.46118014108 614.0391695071871 
8010.309393836127 325924.58929793583 970.6579680751281 
8010.303455625023 320932.77168595605 978.0455604540175 
8104.583765606188 1088.5130127815016 0 
8238.002706504463 495.98091392542506 0 
8302.145457378989 446.69037689714486 0 
8010.3712457814245 258354.05616707538 876.7684780226134 
8301.02147432581 463.00077615809664 0 
8010.467975167003 214228.67142085184 808.4322891705947 
8022.45402130075 46920.124093148595 176.95196452798723 
8026.462661912652 44867.05499258861 160.61532182807227 
8255.933287997057 484.3385681750209 0 
8176.5612730566245 638.6743075660478 0 
8263.085277116563 473.3223644243277 0 
