8364.451652146017 472.15877213059383 0 
8010.360946468613 1076399.93318521 885.9170462006405 
8010.2916923798 416601.3191399038 1161.6385245470512 
8010.299750751672 598629.0865704492 1087.0762846211264 
8276.654163014317 581.6717443709032 0 
8295.92427466991 495.0988106145592 0 
8205.825765757389 585.6421540869296 0 
8362.997220454943 479.50179388180396 0 
8010.300022828487 501460.126884092 1062.9022414705169 
8039.6045915365285 45763.71728627879 157.1264420584488 
8010.29447246689 430364.5507469144 1145.291338661645 
8010.295123010192 414569.2130715193 1142.4764922925362 
8057.142295130738 4502.852650808872 26.941015485799152 
8048.276251328902 34621.10681258014 221.62515422687443 
8055.595335871298 14512.19003764652 93.91998445667926 
8053.156459054428 14867.071128241456 87.98543157617416 
8010.34165331213 313270.9262724279 900.7897574987516 
8012.198506595203 77634.62886075623 379.0350933172449 
8010.330009743672 345534.3668095546 940.5920984801085 
8046.249384229257 39621.33998863827 242.10943903668868 
8010.3143524543375 365915.36097350676 961.4757810084621 
8166.971658277459 748.0048692666703 0 
8010.42301653365 282061.1524196768 792.3173509994588 
8022.748068305605 61203.67929270183 267.5900413389303 
8189.449545355307 668.8997321231385 0 
8016.202139998546 62637.50417927874 248.84703828411799 
8013.215029797856 86716.78756181 346.963947432648 
8010.304956925161 374312.46177647065 994.3545382872016 
8174.688458057447 683.3423656760929 0 
8136.635871766646 923.4680571676327 0 
8010.336358702791 345669.794531175 928.2737290071859 
8010.458811056032 229224.8954261547 726.0194890569987 
8087.480506761159 1465.2225376662711 0 
8010.599668849212 169358.86163118904 598.7076098533935 
8010.3718490729925 262444.3745496845 837.7214022224075 
8010.492613228038 221668.4787175748 695.3959764079074 
8144.522973454608 788.1986011730796 0 
8024.144836098383 54673.34492768995 193.47628363978174 
8010.301615214532 370751.0479691028 1023.0313504675538 
8010.300854900545 380023.0254330925 1057.7074925930417 
8152.105964243751 760.3977730562187 0 
8010.419351073603 302908.655609114 804.3299819534088 
8193.627253286933 631.5385384662306 0 
8010.868151954812 115631.44550351713 478.4894070477313 
8010.656338915011 148086.10384360512 576.0336945900153 
8011.032170441547 99132.83756470343 425.31502907647615 
8037.47493091062 45529.220893663456 165.4108035762895 
8010.302969025041 383083.48487161467 1017.1265837526993 
8013.695551599236 69264.12776166108 283.17434842096554 
8010.939852713316 105463.64427416644 447.39087988179494 
8010.434125171179 243149.82158297568 749.7328361796446 
8010.391552786054 248221.5281576257 812.085074183576 
8076.2675844831565 1814.5119270588477 8.274001793206486 
8111.55670057503 1167.1469945121012 0 
8288.065656204182 568.6382862727429 0 
8050.555855933457 15389.308371265583 93.22436595276903 
8010.364488410213 272132.73039590946 856.6877691812814 
8013.509711911258 86010.01106649774 335.3686809178341 
8096.087071587723 1347.293106367343 0 
8127.562447458394 927.6427777928209 0 
8010.5675813685375 180056.02402992107 640.1036056890422 
8011.051514212535 95662.3176854173 410.16435469981167 
8068.516369929779 1997.8360141099242 1.9050581699691587 
8204.18413142426 607.1953700525532 0 
8010.519552716324 196989.11048286344 679.6879383696663 
8010.5258029732595 202219.39087687712 658.8561497696692 
8010.562415332402 181279.69869966965 626.0178261452076 
8080.24885962288 1643.5870213566297 1.5641705072159895 
8010.766533638701 188877.34116732972 509.0140384786047 
8010.492257857666 216128.79729034257 717.3488616227266 
8010.4242077739145 253658.9322460074 772.0517770710046 
8010.923906744052 104604.84107389319 459.22212420519276 
8102.3168139953505 1172.1882440551278 0 
8013.590987943073 75120.83681553112 312.7628580516091 
8011.193794241881 86058.04271519512 398.69242989692344 
8010.307380573357 359199.90245177347 1009.018501833446 
8059.748434656605 4031.704958057857 19.59762087391516 
8010.760800094489 125715.91887483648 514.4714199656725 
8010.638075354503 152934.94503343944 605.6799998294894 
8030.658454998898 50232.39378749107 168.262678911617 
8010.588663813616 173869.0655764787 610.6420583037884 
8010.42478864563 259560.3362061564 766.0352163672355 
8010.74651513925 138038.4808156203 526.1630086128364 
8010.293072872469 419133.79783342214 1151.508241240031 
8010.431097823458 242831.39703750482 850.8029488333225 
8013.751556886127 65452.3871181064 275.20277914155747 
8061.742197451783 3173.2608509246784 9.213344442930982 
8065.046253035582 2867.985785511407 4.085686646774531 
8010.683346935888 140234.86952842202 558.7482222536546 
8013.642759593659 73276.02438390834 314.5808004246638 
8010.74202929141 135989.02650469536 541.5699946564808 
8115.522104142188 1097.1016236936323 1.9050581699691587 
8171.977480005849 685.8889796010881 0 
8119.740482907076 1091.9925410631763 0 
8010.515928323836 206175.10400104334 669.8730489474981 
8026.137016721901 53385.72955198895 190.70819268627258 
8289.838767006366 543.6725380030182 0 
8010.694747653726 143284.65928784103 552.0815599015714 
8152.093090077999 760.4057730745984 0 
8010.79526169462 120425.57723810991 492.73524167606513 
