8307.288443897269 460.85996554146647 0 
8010.233365424446 455979.8224998184 1266.7322258287845 
8045.0427030017545 4112.88488763213 19.659884429909443 
8298.072785650651 482.507498443801 0 
8265.32908792957 483.56387702512643 0 
8042.5418246970075 21972.500353883668 121.1817511671365 
8010.244513665917 448948.78903211735 1222.3833645839522 
8010.2457773640745 439161.16390106233 1177.6920671920739 
8083.636568058553 1494.2976359230765 0 
8241.26595939049 491.3085917164634 0 
8211.056181273396 567.2839107521502 0 
8262.28826943909 488.8519433997178 0 
8228.976736063672 551.6565319490675 0 
8010.272744306776 389281.5589807228 1056.0803957851845 
8010.341447482944 282034.5444090068 911.2277875584226 
8196.630462675208 625.9525658837316 0 
8023.036753877764 46388.491443407045 173.01128640165166 
8010.2597358527655 397594.799487515 1123.2949070640984 
8010.274226335813 374062.5778516809 1089.9343313701825 
8043.7764304408065 20897.733607856873 134.97837881958955 
8010.247143964231 423198.5008265951 1167.691225333059 
8010.364952332001 267043.4741457254 852.4297475856858 
8010.287364009608 349465.7366919285 1071.9398713478956 
8070.576521481275 2042.9722919246185 0 
8012.9179879485855 72251.02428932993 315.9311252454769 
8010.341221191448 291595.8518800668 928.8378899207278 
8016.117673577994 58477.34951596473 236.74620129289488 
8011.051122545962 96556.59090625393 425.46071166088944 
8183.457169087013 633.1502089031046 0 
8126.686612176243 914.6388672922949 0 
8054.36175190527 2614.8248776259925 8.749539912763757 
8150.64109166894 746.2227474641385 0 
8174.30241443081 648.3960232745131 0 
8010.315385177477 316788.7340031084 965.8156061975598 
8010.606304309469 168534.6652055834 594.1318730645228 
8039.605076322365 23728.108313565855 133.2024531315464 
8010.275283165283 368261.57179589744 1038.0234606588929 
8095.233064934613 1184.8379052126786 0 
8134.60856032576 877.7716953001532 0 
8035.7492139797005 35211.12677543138 221.70495973978882 
8010.35128989491 275534.15177282214 869.6863902210373 
8010.910629333541 112897.21430377384 491.36828127943284 
8010.319160604926 326316.08538964234 947.6686553457729 
8010.421483973507 249164.82935431556 779.3572088241816 
8010.263685772754 409752.8532950728 1108.6136734257905 
8162.907968907208 690.2551831177449 0 
8037.805268768822 38616.43238978622 202.27302636183202 
8010.252443605506 419498.5466663206 1150.8884577876288 
8010.398692886138 241870.03973078204 828.7185599837284 
8010.858904796032 122220.50375639462 474.3667358784597 
8010.559427859329 180147.97149812293 671.3090714208605 
8204.096179333588 592.5815293337553 0 
8010.446680448132 237401.5565481204 739.9853432889676 
8010.30964017357 332149.98910910054 1002.9780331700582 
8021.63449185396 73286.44120885404 225.18779325036462 
8011.175095143559 87342.76038638812 406.44193881279995 
8010.3311410437045 301550.4164683542 996.9879596224803 
8010.690011804197 139663.34618702694 530.8074517813748 
8103.801291329667 1082.5591518554265 0 
8010.404927695409 260741.23224602037 799.3230633023845 
8010.750475271733 134608.69773640533 505.1122384028039 
8117.806039797328 1049.107336250642 0 
8025.940543789935 45630.318090834706 164.751605449675 
8011.0283290858615 105148.03507678754 438.68846515673886 
8010.258923934337 411323.3174336966 1137.4049616606255 
8010.539371805424 190861.24301747096 648.4544619788858 
8013.08941434933 67156.59378806388 293.9193727687724 
8033.799246386696 43169.76443543557 269.84128050976756 
8159.308009352379 696.5051998168373 0 
8010.656581660396 154063.2111952973 565.7492491708811 
8010.615994686643 166183.2431386193 584.8904376656525 
8010.502560299678 205327.29026063244 680.2225709178899 
8035.658673731833 41094.65346165184 252.72886412361487 
8010.518700055783 200288.0381642794 684.5963059810147 
8010.322956657273 309270.4346938267 984.701539809857 
8010.286686605504 359156.5563061557 1096.5494306006567 
8010.647400667697 148670.2407752918 569.5643375869989 
8049.167432570897 3066.8192698087237 5.470447213818813 
8012.905715683347 83991.04255134215 354.1497426129356 
8010.484713415984 233887.23765804875 754.8169545113517 
8011.390536342597 79754.07789825636 367.0901698242206 
8022.5658612836505 58227.051531254634 203.79864352235143 
8014.800961734047 66549.43407195559 286.0094165014679 
8021.7197379994905 64390.68718043155 208.91369905637936 
8010.480832123338 216190.32608633657 761.0782141893316 
8010.446525889248 227757.78037407293 814.6429424975044 
8032.782705317134 45271.16750587694 162.4081248881773 
8112.46629547448 1072.5133794042213 0 
8011.183995945456 86111.13353635842 395.29594411074225 
8010.295175084102 361261.7687945554 1022.248490234132 
8099.238373750899 1165.8763090454022 1.9050581699691587 
8010.403601977313 287903.0479107765 809.3506287773107 
8010.311533872221 339033.089540071 952.3080531202751 
8034.699126230797 45201.196817929995 155.81045633893874 
8062.5250118698605 2280.5043618778964 6.874718919610726 
8010.372068344743 255613.3563525751 868.7923976451416 
8011.358069536058 81336.4264526471 372.52117177136785 
8010.672849219707 141704.08419558185 556.017483850972 
8010.327081177942 306478.88912963873 975.930205089958 
8011.027522053004 101809.28494996057 463.78315131311194 
