8009.978329047712 6608068.250979813 16614.325608939653 
8689.732385894113 237.50014013682755 0 
8009.978326315055 14735750.806552948 14189.036850542308 
8009.987524646018 5069751.879085875 7870.2522075062825 
8010.016426679841 3125787.1523801815 6555.427331704967 
8024.183338898918 267064.48143295565 803.0149659030229 
8012.919581875468 1715401.6558908767 4049.0801463947946 
8023.556560616766 1299566.776525972 2666.2323644700823 
8596.745171260589 247.01149163530633 0 
8683.002718075004 245.93652891746873 0 
8010.327900851241 2519317.8971246644 5871.0679596302825 
8014.446370744942 994050.3774467902 9737.829626364295 
8015.235032102584 437588.8829777345 9264.96069678769 
8009.997072117639 4004541.1478053676 6249.177798114799 
8021.60376350418 1280937.1716327486 3019.2945366853783 
8009.980120501564 2361348.5945824147 13316.720837307073 
8009.98896958293 1648651.9152584064 12102.561043282813 
8014.434995634129 1153948.8396623612 10525.213808549715 
8009.978362369909 3901832.4419021234 14095.595574235364 
8013.5172141211715 1691574.3150471745 3936.5232460502593 
8020.048043618368 199273.11452608288 8518.906081377112 
8009.980020921231 2347715.3420421053 13326.442506699255 
8032.192445302617 22355.080585498792 77.49414906467184 
8013.062038733893 1398686.9570768022 11367.82108086498 
8027.854889688438 227229.55562511587 8469.018220613458 
8017.860241872708 308833.8046473523 11030.284868151684 
8009.97981738869 2627466.4543013903 13611.750685618566 
8011.353092689902 2355347.4665677017 12096.263685277527 
8009.978375520717 2781213.266336828 13953.569255561839 
8091.591925343603 1234.058298761548 0 
8497.229884616987 274.28849605574425 0 
8479.155199882665 276.3027089389604 0 
8420.428470997002 295.86988012600284 0 
8563.084492558199 252.04995071752165 0 
8518.4097061779 265.1130777034856 0 
8438.194606396813 291.2558774466914 0 
8179.146710444291 604.6083438475281 0 
8013.400729273511 1489642.9458436978 11300.264467042518 
8075.987660231511 1744.2580171247043 0 
8243.829390089282 447.8405046636679 0 
8224.000209928443 492.7502259390885 0 
8537.622516595811 259.5888299316431 0 
8312.968224940803 365.0403013372475 0 
8327.095296777641 353.90554081541745 0 
8010.017620085035 2551809.107644901 5923.771088966357 
8349.680483478258 339.5451712157389 0 
8162.834913415935 656.2520205231054 0 
8255.667609638964 439.02714340427053 0 
8385.602417007862 319.86600368481857 0 
8233.440157299545 467.6089696985335 0 
8106.844312163404 1044.871090277379 0 
8035.454907133923 57861.85699019983 72.85345857868431 
8403.410856263055 306.4275991709749 0 
8264.459776983289 424.92081785739686 0 
8273.964384294391 414.13219400354615 0 
8282.492471959169 398.1676500922476 0 
8394.461847237128 309.22322932463936 0 
8139.967345550302 809.0498008816634 0 
8374.078327047979 320.6239556138229 0 
8413.124920655453 299.72963940087794 0 
8203.606839656406 556.7102609890525 0 
8357.831206871273 328.9739424806576 0 
8128.60162197619 853.2770874919211 0 
8457.297932932463 282.4625274630295 0 
8042.701336613322 20335.708273625212 66.94153206523814 
8193.935997761222 571.5080828625191 0 
8337.18804600904 344.5793580419949 0 
8508.865993043275 268.779638607495 0 
8063.277126415528 1898.4869921372015 0 
8291.882652789343 387.9732678791454 0 
8053.820145745411 2842.1503217050436 5.7814632616621875 
8305.912619612627 374.6985705631307 0 
8187.221001678454 587.2290641234198 0 
8050.371726831046 12155.785036054252 46.08862489239464 
8297.8804430891 381.1163538259876 0 
8576.625547061609 251.77219615555225 0 
8444.94204224795 287.53293445476436 0 
8013.061347926846 1600748.1249161218 14035.480373850607 
8014.427223101395 1379375.7044483917 10731.898628601293 
8539.724678697878 258.68678598207913 0 
8211.60588082686 521.9694020675557 0 
8014.427223101395 1379375.7044483917 10731.898628601293 
8158.50937089495 677.1839330034045 0 
8068.957979745357 1767.1724060989416 0 
8150.081467280895 723.3145198256519 0 
8468.234800421269 280.54737897466174 0 
8551.764904330503 254.0519521641807 0 
8451.681504735707 285.9904083229395 0 
8550.69022633915 257.50338858021115 0 
8577.04478992219 251.54716986208925 0 
8117.773760266638 935.0973366928299 0 
8588.457522861805 251.19169345598652 0 
8111.402418320429 974.5566184196825 0 
8469.748209831941 279.3224918161508 0 
8123.169188430262 881.1991658402156 0 
8366.484155661916 326.55273190113735 0 
8009.978997435441 2737098.6638212386 13955.566060856618 
8145.808286616003 746.6520503255501 0 
8333.905720280483 348.3236581141023 0 
8512.89019094357 268.70458312711776 0 
