8744.062726205313 228.9358812925139 0 
8009.975593989571 16966460.54495945 41495.59713051398 
8009.985900369633 58527017.238226704 7256.035851805891 
8009.975473362504 1440312.4061332603 43518.569753368225 
8009.984127981647 30706875.20992297 7943.854450544028 
8009.975563041464 1795568.0921980264 39134.41808396334 
8009.975828824088 1116843.0227522748 20957.406297427737 
8009.980891637426 26234599.680208907 8725.832338433058 
8009.984131186425 14538758.532630267 7907.301618493862 
8009.976677335726 2118558.3243075726 14054.657430946349 
8009.986397992228 10546784.909927182 6772.632575980368 
8010.000897233311 580835.4488483549 17132.136295437584 
8069.8017067216315 1784.8767102599236 5.875193186459975 
8678.610214560882 236.9836387821822 0 
8105.053004090402 1401.2673046221669 10.314461231062031 
8710.68101291548 229.94707627758558 0 
8496.622712921882 274.585309308141 0 
8052.2202981261025 19890.213893770448 33.11188201911514 
8009.976218970539 9557578.627264803 18914.88980452709 
8009.975551147974 1314202.8972121954 41722.494333177354 
8533.738641933363 257.62304413671706 0 
8643.856416529357 238.5895548312862 0 
8009.977425884939 5832089.62753262 9449.118346437848 
8183.760318891296 611.3836357328084 0 
8558.44874684529 249.7174757362804 0 
8009.975661728797 1009841.4478029755 19328.64289340615 
8265.202185175209 436.07863120304694 0 
8135.597307647358 873.8677936947544 0 
8371.759455500272 337.83094656406615 0 
8199.534486518134 578.1425048054098 0 
8469.407567445667 275.78971028563103 0 
8155.535103800766 753.2709447166799 0 
8238.172275100245 460.77598046370974 0 
8009.975490641327 1583599.825402198 39746.567481817285 
8009.975560226127 1333772.693220639 41126.530649565095 
8009.975653786736 1022087.9703616914 20873.909172300195 
8329.602425453073 349.9991093639545 0 
8009.993944155595 993647.4928573353 10864.568279523499 
8165.3808242521745 730.0408453468951 0 
8303.643165319874 374.78870337152546 0 
8253.517360920561 436.87015715983546 0 
8033.365149053025 21516.17640084291 77.04114166650196 
8009.985536972556 825660.9041729646 17691.743253501074 
8509.293675638222 268.88400513848495 0 
8593.156361230791 245.01859379814277 0 
8317.534933861081 369.56347717649317 0 
8009.98766828342 3774636.569864727 6128.678174742718 
8010.00740563595 2521635.892937413 3763.019359057237 
8350.303954267827 341.68380786719 0 
8382.816639034638 314.5573360304484 0 
8286.396079469296 414.78853478841336 0 
8628.056039696035 239.57785583076824 0 
8452.307505738934 282.06426735923424 0 
8026.241792608637 23931.582524306665 87.40367911767883 
8020.847366512214 262182.212635693 584.7447706603931 
8010.075380529138 888011.4101568412 2836.865974644991 
8122.736033181989 902.5857429039526 0 
8411.729642273232 299.43713281074565 0 
8009.982479549284 1480720.6522279005 18520.797336502248 
8009.9779779891 2434778.516931084 13234.518214684027 
8009.979339578769 7282387.515454833 9182.95436506379 
8581.449798773734 245.03731786830673 0 
8347.665657180134 345.12991778088474 0 
8009.981837966902 6227247.036180065 8429.861597047462 
8396.803090902933 307.1859421055186 0 
8009.980411878232 9890526.228382574 8807.71624263687 
8619.020357046731 240.14052275518435 0 
8013.449257753116 495131.308263999 1316.4826529892948 
8694.7035325472 235.71586283357732 0 
8214.922129057168 545.8691219299043 0 
8009.984475358762 4316858.958845038 7785.834020067834 
8223.756212384504 484.4078846504989 0 
8009.999250739756 3048408.5408405038 4599.590877560842 
8009.984399250874 5131804.4484635675 7968.144688405526 
8112.454417849262 1084.4705640954505 4.089428790857644 
8425.721255999055 293.842367627352 0 
8289.789311528139 403.94000139648335 0 
8466.280623324714 278.0957457381508 0 
8009.985912942174 4453492.838218545 6926.122810242515 
8010.077922843114 591020.4781004104 2047.1721755836727 
8010.0086272721455 1579855.85738321 3386.0402299983766 
8009.992209825197 3314673.6959457616 5300.479396024386 
8010.077412533775 615674.1171560854 2069.053116003867 
8643.324421088673 239.54066033483898 0 
8009.989273074983 3680344.89277842 5716.669385556082 
8404.477025013308 305.8747864421169 0 
8607.421736038126 240.92965723476516 0 
8429.325087633604 291.75872609727026 0 
8572.424692686433 245.2035097808809 0 
8017.846373807734 333442.4753165542 11063.518009303245 
8567.183499538709 247.92772599248855 0 
8522.69334841402 262.3543994413498 0 
8009.98085910579 2322250.9548742473 12923.83966605252 
8009.989999891644 903307.9932735281 11738.288805428547 
8009.9857228673045 1138562.045910215 12046.736978016213 
8440.329305000067 287.89025310641546 0 
8009.982564325625 5943927.984523971 8007.821252442103 
8009.986140826002 1340908.1364650435 11315.44015698695 
8704.101807070349 232.91890089143044 0 
8009.9756488785015 1243450.9622993758 39460.602319003876 
