24164.026921563745 91477.70594380003 262.1222277795553 
5396.673062573779 49454991.19713195 11585.816190101581 
20254.323110276026 582183.0196499585 135.206226717028 
5387.746868360934 79267005.51711248 11503.04612938884 
5405.415161223714 31003624.67852954 7781.178887079488 
5412.180643944631 19531080.64278845 5503.761501072957 
5439.38524661202 7816247.36770352 3268.7939841888024 
5505.087272167792 14256562.660037959 2590.9626628650926 
19370.005209673243 155032.9903922348 231.39019245261227 
5481.011653148558 9918792.941000039 2754.5287810926625 
17906.943113055106 166396.2439581918 267.8883114639992 
22692.464337456808 147610.71070939305 230.30784893290848 
23912.70103645898 141738.67793761234 182.84741367105374 
13643.279165388085 385208.3163360007 179.2252714149581 
14728.06035235237 457329.5309956992 177.7042973350151 
5482.358108865422 7779183.71490447 3157.119786885706 
17246.412384206567 413387.5938102422 169.4569749137458 
12291.220918809853 131028.55500245279 394.9546567273344 
16424.270076258937 172017.63965513237 269.20601553960654 
14199.946413745496 205065.18258342697 289.81610143777823 
15578.282037938783 202667.0375760058 295.1841219033077 
21677.785559788637 106061.52544905886 354.292328573415 
16983.685093512388 307343.8716440632 182.89389684651647 
20586.9906146419 150367.7280841085 235.51007785297878 
12624.83046390596 162957.62730066862 375.7493941478249 
11715.294801548593 412301.8568943946 207.81253851564523 
22289.781173110707 96385.17868729393 452.03494556461555 
5529.688769429471 4963269.819147114 2223.9218913087907 
10932.485906562557 271277.666423622 283.63794073381524 
11388.12195181292 457167.7031258578 178.7790252196957 
13127.25608820247 217942.18833044724 347.08116742030546 
5613.58360587876 4942955.771871441 1659.146159925157 
22059.517069407215 124510.44946367704 250.4054786647008 
10310.177241573689 493270.1040924932 310.05151197325233 
9611.803553252377 500527.20024291123 352.48827671149337 
21196.90941449922 187806.9501130637 218.75579455018732 
21005.694890569037 279858.3616534254 143.16435746656822 
5496.2928037981765 6534485.030667698 2689.794701567761 
7283.025269077546 1099841.747723919 528.8013889766088 
14551.739874175766 210458.0503356993 249.83457906426074 
5547.544633074153 5588560.005490709 2011.2435032469327 
7602.466024471175 817564.2371833837 695.8919593111316 
13035.975314869753 235719.07175058423 216.6977301010101 
10094.366596129623 304866.16920795676 354.2324945238295 
5558.243306257923 5319448.500553182 1823.417515502554 
5626.3994578481625 2916863.9320960874 1430.9590937764403 
9796.596549968028 590470.3519532598 305.79231106098536 
5525.064692760696 7108002.503228368 2123.0150461212947 
15621.051300612291 204756.13874418466 190.10084607538374 
16036.38955889829 185294.82897844916 322.6246329629929 
10692.910928681224 405902.79795394116 300.204904026094 
8025.696962463382 2160155.568509304 419.2477351056483 
9197.002638737811 396620.94310471514 379.96672277102795 
5662.614673550429 3066664.3268525 1324.8401068109815 
5812.1979964383245 1694586.8890321844 1124.5833165898066 
8311.282966171197 832407.4302710493 416.71642240709775 
6007.428539130065 2743197.9003279516 1064.2880499071375 
6426.796647368477 1153510.2275459473 735.4454557563407 
16084.087216552654 499586.8786343262 169.88098434677295 
5657.442484854773 4354779.759889105 1258.327342464192 
8698.00730974069 444238.73441445915 665.350112880896 
11586.57801619953 217194.6644111024 406.20530813958055 
6011.815810450617 3658530.1970851095 901.9692816080017 
7729.526785591535 1084714.0600596864 573.8267408464741 
8415.476635830424 686671.368250333 478.03891674275485 
9003.307979982226 2576929.849743834 377.3164089734145 
7851.578563476558 897510.7145564083 516.5682323035629 
5560.677600508634 4194204.1167088496 1789.5699801673402 
7091.991758052226 872241.3752608767 595.1911710617491 
6682.21519456036 1523696.2995589408 731.3041721476255 
5760.427564681456 3490863.3866336355 1204.2792191124947 
5706.561916991347 2803708.7995594977 1409.8664218003064 
8807.927445555912 450280.3668891373 378.98041939416106 
8575.017650885095 520936.64432312176 620.1199720094503 
6133.322933848404 2005755.93538559 959.6909419982815 
10754.997535093404 274650.07795218297 227.83305476795763 
6168.741422145248 1760980.9485572686 973.3313393037292 
5529.866061085284 5820067.870828844 2205.0172451334856 
9035.764114735004 657538.5474438623 328.32136042533403 
6039.381365422209 1962521.8306042536 992.7091133645702 
6929.8650468703945 1146908.372892841 748.8830995683328 
5549.587649412069 3503402.874852255 2094.5998909014656 
21096.33822694746 100454.62072888951 358.2727285394074 
7946.794240620453 709448.5015555272 535.4130091566752 
5572.406264072367 5989414.274418853 1715.718963995082 
6274.936693447548 2617498.8635807903 812.7827522052434 
6712.364596363565 966956.1271019441 846.0524825433727 
9195.091679192452 416847.54552679346 547.6397837199063 
5799.167144475653 2073027.849780874 1186.28433579963 
5583.386065195707 5684712.67717905 1733.3793245633797 
6336.233949898529 1480417.1357355777 799.9642194866894 
6842.632183047122 1473236.2558826366 725.1479844580244 
7057.923111079419 1046303.3375570732 831.3913521398878 
8521.633319478235 598421.5536990713 542.8564950759908 
6298.208193827442 1554636.564453383 1015.6375661492867 
6978.863236343794 1290747.240920402 732.7485892398798 
6850.111740931465 1687277.909021251 704.250266565094 
6311.36280354826 1384344.8622841523 859.9192719901241 
6329.605688408585 2225581.489192209 846.4493717915835 
5624.815173656537 4335264.225016274 1714.6107699354463 
