52639.338270367494 629805.8621914417 56.43149616497021 
35855.67921751665 502573.10373936687 114.66542790538932 
5227.583493858566 77913264.35388233 25567.41436651024 
29962.223441375318 10535454.084882777 129.7347698670359 
19707.20719976786 1141974.7249499501 236.78136193042832 
42118.0970220968 963901.4947861031 76.61476954078415 
5227.755478033104 62736741.239107326 20482.979184431413 
5228.1534091298045 72912410.67415063 14350.025012066517 
5227.717230127175 59214649.97384771 24806.247215206244 
5228.166478677198 54791352.861872934 15628.67542017031 
5227.8543766954235 43821877.31526869 17898.346418608882 
13261.30211322941 734840.7138084756 205.01539920897554 
11522.826067052374 737946.6011732707 239.83801631799258 
11999.116378911876 723545.3244779195 240.34948860239447 
5227.791056312679 48568172.16007769 17630.084058094675 
5228.318084780653 30334069.608185157 14745.12085193049 
5228.566571171628 43327240.36472703 12242.099235317883 
5230.884247976237 19249181.63864807 7884.391125216333 
5231.137938727599 13885480.896498172 6574.181795169738 
5395.391998111939 58220471.7501309 2191.7904723849138 
5229.448624532159 17659013.518063776 10093.01559770157 
5229.117992940972 25138931.778012194 9272.87608914162 
5229.241299988404 21457517.356281202 10271.07582643521 
5228.598944710933 26128530.753574234 11336.368023588362 
5239.36670395765 10252832.71650447 5298.6164855931465 
5229.481270126373 20823603.342294313 8347.9357046353 
5230.065734155726 19835836.86490497 8097.205627463972 
5264.282734268312 17455271.34203595 3354.360946381212 
5242.666806413043 9425979.16747904 4226.50937077564 
5268.2225407214055 14035896.212491684 3076.1074287896017 
5281.909618066969 8686377.651980205 2477.3592166961453 
5276.715991832012 10605086.541791255 3850.4752699258265 
5230.4738604855775 19547802.17553616 8577.222296402031 
7431.203437384884 1755965.966190738 680.8782281782844 
5228.583800375176 25508874.78660623 11728.986035098798 
5233.105136264345 12071758.298357405 6136.2402873244655 
8751.991772030997 1068664.2913320821 446.5415290305489 
5402.821164770262 7095138.480807119 1997.1123226890916 
7467.803256368029 2217478.402177222 636.6407597691294 
5230.569261980333 15904890.731113028 9209.787018946632 
5473.841160079912 6272836.289309904 1760.6892046325977 
5310.076569225611 8199982.64099754 2437.939763705485 
6306.54578261633 3231288.1574062784 675.1187655171557 
8028.948921977515 1596514.5264125948 540.27477272804 
5859.618679177138 5315653.139194876 1098.8991064823279 
5540.653153926805 4290658.16943356 1480.6715160342264 
6708.324269383479 1707992.2997994856 773.396482806858 
8600.697322102893 1519639.724399629 529.2496466352031 
5359.707118914816 5291033.846351526 2193.9656008704733 
7587.8398653600425 1742573.3748969063 591.8306107392857 
5498.961389922519 9087610.274520684 1571.2425227606327 
5740.747484430507 2583154.224740947 2081.0932020504165 
5559.976585682352 2870331.6284916964 1407.6397764857861 
5650.412866277534 3240277.41387604 1130.8784796619923 
5280.88650155994 8976615.516474655 3973.302222155723 
6175.940619165143 1617392.5197004203 865.1870812858378 
5272.461305864971 10858622.097907951 3225.697335735281 
5249.228174642348 12958510.019011287 4067.84059108937 
5432.32965949736 5552950.355019919 1974.205004725115 
5250.025097300031 10365623.611756712 4126.644563310904 
5444.395262498769 5732407.919459302 1821.8718857951092 
5248.487371680065 11297966.976262696 4186.969343161003 
5897.264741055391 1828378.2977347572 968.5947188803243 
6789.081428225723 2173052.8513317127 748.8324280352223 
5962.880322002877 1924504.3771135118 810.7677996769274 
5268.881280294758 13463816.443490315 3144.956533766673 
5649.444637304076 3257468.7464783727 1244.1988944317543 
6067.005272658684 1788160.0442668512 925.1861621168297 
7533.565008488066 2246592.1024483545 586.0544431943756 
6716.561223608504 2550579.5928025404 620.8454903718961 
5515.789381018689 5849103.269172108 1444.8937678062643 
6041.178762311344 1858625.7390310222 950.3367806925224 
5227.681357034758 78817644.8439927 25899.983482018702 
5229.659327484005 22335775.278645843 8153.633683723767 
5227.441840205586 109780394.31049125 34323.45002135988 
5227.56231455662 63677299.40547233 27010.629184072266 
5230.134761975698 18404295.39852967 9621.376443458612 
5238.068496173143 11467964.587125514 4741.073855701822 
10514.398394687 971823.6686899501 378.24002853101337 
9004.986991337119 857914.8754251612 379.4920245656213 
5228.1043813782535 47498456.86408567 16250.189143115234 
5268.367706621767 13962392.751514306 3126.74771118417 
5228.698821551951 22129040.101933353 10694.48361995203 
47452.52656558738 657212.6243992463 76.0318564278825 
5255.1085620709255 10850818.093739197 3940.96038083824 
5228.173804304695 33697296.82045188 12644.493490914248 
5237.1186698707115 12444968.459391035 5746.334269420209 
7571.708500144134 1688432.533056353 708.6210467024066 
8150.973335266546 1192013.5082611027 414.17611854810946 
5228.112638396383 43314403.74047526 16250.656569611125 
5248.184280693806 11174026.717681823 4230.072211793181 
5227.850780735311 43850305.197333395 18020.276796632712 
5227.687181306591 64066140.334157854 24140.258945775848 
38855.482373054416 839940.4426191952 116.0452058944085 
22265.389283279703 724911.679949042 253.02540751320785 
5227.480363075029 178906567.50702843 38158.13409294513 
5227.783132942274 76789599.79729944 24985.040674390642 
5227.49091014478 131690164.02238925 34925.774418392684 
5227.5958736654975 126888347.07592969 33593.02582948153 
5454.7977206357045 116659804.63002469 3176.6552310907327 
