7318.331255322694 484327.9620112101 292.1313335030313 
5227.075361853415 235114633.58381507 61938.94208758934 
7427.744970618025 458192.8550663152 270.72109283170715 
5227.213343358301 71880431.12978542 32647.43217135182 
6352.078826101108 1642794.0054021385 395.20741661321745 
5227.142474207294 99263046.73922 45544.98349368933 
5522.331764948678 2099288.299831211 1064.0352650684504 
5447.928753214105 5223162.301483823 1118.1363895678824 
6041.733059624406 1016484.7921044006 559.0310632066088 
5227.622230110301 28089152.892493058 17033.36563725352 
6228.973049729102 750199.3464411164 627.210656176032 
5801.518900511738 1387263.978664541 727.483636223166 
5227.203611432679 82523925.70676199 29361.18595796821 
6157.804682128022 892886.4944966417 439.0974260222553 
5391.891040578816 2899589.3696798435 1272.4906863859574 
5233.482017685877 6258233.468332472 4574.59086913402 
6277.013289069584 693987.4575840235 421.52656741792754 
5336.9112452866175 3855620.9792948957 1473.9244673463627 
5228.203150179005 22402557.74187589 11382.169892265447 
5247.65599683734 8138402.337978654 3612.7796018107715 
5232.0407208957295 11880084.456351137 5437.456107748296 
5280.492815728794 3497250.2077885945 2027.554197085435 
5229.2506083687 12801563.199012654 9448.210469489517 
5288.916553257431 5163772.204828426 1973.3479819423476 
5628.995506865553 2379152.4110550634 861.9141499292843 
5228.755965344531 12686833.18436207 12445.375264231488 
5230.408473639719 9199578.201649915 6652.084993542277 
5240.847199675868 7066456.2353856955 3831.785471303949 
5227.851438544075 21664975.409653038 14766.01409586526 
5228.245631612306 13603421.215071626 12799.303908983975 
5259.033485263612 5579448.634754653 2804.2978513535218 
5667.477788514809 1481316.6089948465 852.1619501583723 
5227.2698680322255 46056032.07914681 21952.977178642752 
5231.417954535198 10410972.276404046 6173.310081134255 
6010.516106998986 2604807.021241805 641.8163146504417 
5260.26775803232 3949361.3660497796 2639.1734063579393 
5229.021756760223 17619812.36227357 7654.912200587663 
5229.492140081697 14367168.376482548 7072.7690878094645 
5230.452896398437 15862842.682116074 6257.2803007352595 
5228.440251685484 18861515.805949174 9529.684330145312 
5230.586192365565 11451327.513077788 5844.93199334815 
5228.370941857604 16721821.364654029 9785.70069216931 
5227.705622089879 22577966.362578914 14722.670396725413 
5227.806646342783 20700038.85792612 14945.534656943906 
5229.683190312029 14077693.991529405 7409.796798672925 
6035.785752723174 2967857.5103391265 559.6725035737205 
5232.079961368211 8309046.920007684 5888.251531096932 
5246.567072266355 5057799.075562791 3648.697236963858 
5228.505091770349 18532176.340383187 9387.262159117205 
5227.245557541111 66454673.274048366 26889.118097570667 
7448.582280833462 454077.1067777315 255.9434951825206 
5227.4001880984615 26474238.08957277 20053.363989796708 
7358.422082050162 460868.76060471794 255.52774978140087 
5227.140892280941 108570891.54761592 34237.81575133181 
5227.056292504107 269274939.16216815 99937.13397296083 
7792.152951568556 414330.57566866314 219.72065941087794 
5227.125176143555 106011468.5092983 35910.162088899335 
7426.623502538539 457962.06291815394 271.58737045157494 
5229.901280757343 13748932.03986008 7124.17336368437 
5229.559576926889 10569533.505989868 7406.035998950098 
5227.315936123729 37854016.72359625 21106.661363790427 
5228.604575230605 14505230.843054786 9642.377209402786 
5227.885881345823 20973958.02819939 14047.6700944191 
5476.643153276798 2264113.265681811 1333.6986079057535 
5227.193746770778 94003328.53115249 29408.385484716255 
5374.290927710212 3469835.991766118 1864.49055029354 
5227.667513478523 64634838.23758716 15658.328526410949 
5227.1599133990885 85042091.04617573 37204.27110796106 
5228.060264989799 27420456.001351308 11471.714807044085 
5228.026461651176 16851409.674210005 13128.527464062172 
5227.080589004938 144985261.67045644 59123.308318592884 
5227.106731682483 171596002.19691387 40030.209271683714 
5227.094759919688 124950242.85220157 42658.17984857781 
5227.872775875028 27555952.372587793 12852.825234726806 
5228.010176711491 22054434.44054051 13641.0024177679 
6681.043328218541 568306.8192868613 439.17189701768484 
6730.270233476376 927168.6562437789 401.93991802405554 
7315.587997882637 487783.5806712821 263.2660989345914 
7615.276171931477 459595.94412570953 248.76501702523788 
5227.117786385109 112588046.5678633 36758.87691830566 
5227.125237119942 100424648.79438281 34279.38351527146 
5736.053448587219 1704529.7658555498 846.3682946524376 
5227.754851785543 31568876.842059605 14555.766819233424 
5227.54528364111 26595000.010336056 17140.02269571636 
5897.698450140351 1064459.0162754345 719.5549472055967 
5229.308909097781 11973383.252235748 8072.217263893114 
7017.254786184039 536394.5008926352 301.4311690895923 
6195.044695497289 877433.6939032943 516.0328825476427 
5227.076881355779 245041653.69821653 75417.92294888438 
7855.8432148048305 429339.17149478616 251.5359259192212 
5227.1027153633695 299110337.680287 48576.37407309075 
5227.10138179182 160336274.350752 55988.724638049156 
5227.084148837993 271696864.84980863 63128.82029508947 
6308.527415262634 2415748.234761452 571.2373523062436 
7127.849002852832 562331.952298924 311.06273846593075 
6916.396016274274 760775.3343125457 515.8857434091548 
5227.13618396577 101189661.4340556 44444.31664019215 
5227.443865537698 59689060.65661945 33637.54587344085 
5227.385538190808 78930200.45294197 28455.61071494465 
5227.310824176388 262019055.01220688 25032.213399721295 
