6833.720221712822 713659.0075056211 222.2937213020914 
5227.037005052489 162900737.66623542 61008.67930047194 
5227.0564823321165 170000847.59593815 44646.932787578735 
5227.065717859767 58674709.50969889 42282.005780591026 
5566.670588324028 1759233.9267961853 760.3660763651844 
6706.977216543028 701317.0141692109 257.705341283824 
5227.083533410074 56719972.00834781 34856.06488300813 
5977.135559756407 964882.1401668414 725.4639341305412 
6591.259868470133 489747.7003741529 279.28811793859256 
5849.079773315274 1147166.3047923213 612.3511975361951 
6505.27979933278 788974.5492455801 322.4808937629148 
5686.453383261767 1876487.3247828376 1085.9789516022051 
6202.880633510941 956984.5022713161 461.5964967142692 
6096.838033742665 839006.3754138172 590.9571007931734 
5227.218217591034 43069714.435734816 29226.581284983185 
5227.69759040744 26217083.27821999 13489.068851603899 
5227.484153385966 25023897.641541943 15773.615210910415 
5227.279460691575 52813585.51115946 20704.496086850282 
5227.25074101809 42164140.55640914 22663.83575672568 
5515.795012386016 2983661.3039643187 1114.7684015279597 
5227.413334382228 29419392.928624738 19433.80406248458 
5227.0908896833735 54971527.6529382 32259.70310536374 
5254.616571716998 6121671.419320763 3125.6005682502514 
5227.338079360337 30491986.111559473 18801.037223938078 
6605.424378294125 519669.722351047 274.69164220606655 
5232.9045370572485 5179154.436415014 3673.716493501619 
5228.072759976973 14553889.896563653 11131.235533823881 
6432.885902054308 646571.2994583142 424.219628650408 
5227.274977746751 29046987.7278064 24337.914174140817 
5265.429720351208 4680171.647493478 2193.7465447343666 
5227.0989620493565 60187505.97010231 33211.04356839953 
5228.110515006318 13513335.616683234 9958.165819288894 
5813.467060003802 2324801.0432053767 701.5670805645427 
5227.432874372484 30119125.783621762 17568.86860645925 
5227.731006135697 17339105.171471838 12295.682083796153 
6091.391497070556 937996.3240204722 644.1793164581156 
5734.214161077419 1312974.6519246493 839.5499280793656 
6003.1207554585035 988378.3384651784 527.786360388013 
5227.187694401003 70279300.76782581 28174.338917447574 
5227.964866944055 16504443.131142957 11514.812977028063 
5308.5685827879915 4510443.122625692 1638.4016747840287 
5764.632856935425 1226197.6774137835 714.8078952564725 
5708.842103717436 11562370.16124815 752.4635954311705 
6267.637682691846 853480.5430145229 505.1237867630668 
5293.123519290557 3611468.5373797733 1988.1639416309472 
6047.391603004463 997465.3806838653 466.4635304764908 
5483.282658189812 4794187.298874039 1011.3863803633922 
5227.509451156798 22369326.993647683 14944.833457757219 
5378.806432812476 3793104.746779885 1247.8082704359122 
5788.4366974911345 1004947.6889906299 738.1234050123675 
5227.194608671093 45793372.96370985 26887.630434863066 
5339.035414564741 3541886.94203851 1624.5449574821107 
5444.857336885895 4563662.898769097 1064.2149826647171 
5229.672777466945 9883506.698221425 8679.132005331676 
5231.995718930609 6932098.806843554 4662.7139249194215 
5227.6290782921915 20993292.806698415 14325.018811613494 
5230.370991884318 10082031.667785345 6079.0527563289625 
5429.709016378166 2674806.3102653353 1251.1300789352736 
6036.873700672038 987907.154214303 475.55699924648985 
5232.210440200358 6667958.718246715 5754.774388770078 
5396.661893136109 3625850.4733493524 1359.2404310262566 
5473.718908720958 3580016.967373599 1137.9949403247017 
5228.284035131001 12203990.203802709 9483.542472241803 
5231.808181476332 8245961.732895314 4881.3540109892265 
5227.571398958853 20219126.73770289 15454.59472927309 
6236.026643218139 775419.2031022309 580.4464195273846 
5229.870340686638 18683483.571550712 6639.535456336817 
5227.2686978871725 54264060.38995747 21158.929660959424 
5356.403162603767 3359761.097699552 1713.0925173295052 
5227.327678844004 41253303.49345717 21879.369113024197 
5354.795481303243 7841984.230204866 1576.4474718535303 
5850.641474926361 1192399.19784093 661.6110114574379 
5411.80884230322 1814179.2014805558 1272.49595882034 
5229.572719232295 23316557.91658347 6891.651593277332 
5231.602051255803 8908315.210781842 8180.159227194548 
6414.880333555634 773444.3720618217 408.6570989857155 
6432.504494516223 703318.487907976 417.5963154464273 
5229.18487895991 10883668.21265293 7585.033107030682 
5229.336228172053 17255847.396536402 7393.652384783635 
5689.502674210666 1720221.229341164 898.6068975365816 
5228.792987482191 12009481.288639953 8144.0810574676 
5227.680612397831 20294693.24150379 14466.260245933943 
5227.887089183036 18455171.803115577 11241.776937600745 
5228.021957640048 16580540.325425472 10699.885555027173 
5230.008126668013 11996562.531789226 6578.085257907426 
5227.281005954682 68129804.87143318 20541.028292334548 
5227.308653527335 44289020.26100403 19423.7675786809 
5958.702703222745 1437721.976615435 548.8363841142608 
6278.89200463481 1147203.891545325 413.3668534747811 
5227.276772549998 38213576.46450096 22274.562206325478 
6582.3170965570125 527406.9811421997 295.1477502237164 
5227.301863066512 46409481.86260516 23821.166915824484 
5227.075484005798 62883430.355015755 41935.51608331049 
5227.313612260733 29087598.657679457 26413.014258241987 
5227.059211887163 93649763.0136293 52113.54968360397 
5227.063019986654 107217759.9150522 40562.07483520812 
6395.616501905557 997077.8713227634 342.56090857049537 
5227.115160913565 39008242.66702457 29465.66583928839 
6769.668530259209 1219568.166027508 282.3331825533421 
5227.074943498749 161908250.44535437 43607.98877751688 
