76962.37664191808 687798.2302731954 81.11005140670953 
47962.925491364185 1177286.468654748 49.625262910801936 
5227.672415838715 138051070.39054394 34724.55978945786 
71784.36041197221 648707.2467256964 96.13691075672591 
5227.828115346729 112944171.11647603 19557.50992167173 
15406.407273331495 852516.8090681949 271.5927934896444 
5396.487091648431 55799345.46593049 2168.9827250137578 
5228.066767824843 39520894.927067176 16293.436240669762 
5227.88799342821 41962074.36378894 18746.181228961166 
16766.69722086261 7704109.306285263 396.72724939898455 
5228.540333248673 42928046.81537692 12213.496275903115 
5228.801326865606 23527621.743899524 11111.54883819767 
5228.52257814351 32701293.52912447 13265.967325631062 
43291.10145047209 1820309.186770948 82.36108844055993 
5228.164617144689 68728992.08558188 15896.029573939235 
5228.225202877902 28127367.64505627 14534.463424595177 
43720.823554080795 1207622.371845581 60.97057265663797 
5229.119495070692 21888371.015763294 9213.63964199531 
5228.243061669602 59290227.902411975 14371.86577524211 
5228.579838229777 31844770.495276958 12926.844095871595 
5228.576283014816 25374846.802909937 11247.652025247211 
5277.332597208944 10413418.88448822 3748.4366129846508 
5281.872738137825 14395977.779855788 2556.7078035381014 
5229.5027074348445 20899713.65994387 8370.632301089001 
5231.051772545063 16489948.388549022 9015.843263792885 
5239.421410379284 10232111.766481912 5295.523150623837 
5233.113546353908 11740519.524389464 6105.073970149461 
38929.96196762702 811390.5615539831 117.99777024003824 
9551.359754918552 1235360.4921363352 523.6870493225565 
5402.7360832850545 6726468.117103234 1949.5136018496257 
5508.677760967665 3257297.7158136168 1513.5092882307536 
5242.152573864584 12492054.538121114 4917.451125153526 
7986.036837764043 1599506.3725859283 548.3371311676302 
5230.1912790962615 27094324.64346727 8333.075919872099 
5250.025097300031 10365623.611756712 4126.644563310904 
7399.206890208594 1759526.1640016898 681.436032490413 
5707.075108962549 2975065.497043343 1262.4848544753936 
8604.213879271068 2334146.627190087 499.6807585680183 
5280.878419857143 8392314.175198266 3897.645846586064 
6831.939325846198 2267957.7875133045 673.692989119469 
5360.179254908407 5338560.118517186 2211.282605650158 
5649.971205809484 3762742.74188211 1134.960424460483 
5230.578652030006 15719250.722211495 9166.516592707327 
5239.486217000684 14656153.282946914 5038.73513840067 
5310.181504521396 9501030.393032119 2438.748951346337 
5249.164151674882 12565857.875586018 3990.7044522850383 
5540.822576238086 4363229.954903534 1486.3674556149522 
7587.743984676918 1828981.4333750228 593.85710837541 
6316.3706481371055 2056178.4482709167 818.772642826629 
5433.154134279025 5173217.129819301 2048.397191765604 
5280.851672534862 8439759.806883499 3906.591643048648 
9287.794155159685 2004270.7690514284 406.51530000157044 
5859.457102361333 5314753.778384722 1097.8170853215545 
8708.926455380717 1948211.0143999513 497.20716005272726 
6003.905679360847 4161791.4940770217 946.2466976734036 
6306.54578261633 3231288.1574062784 675.1187655171557 
5242.448454563644 11940030.694912124 4907.126449207393 
8862.896327292263 5947285.437715267 427.4454242871379 
6175.532318544525 1617738.1253233294 867.3743321147425 
6708.156655780266 1689924.8362127007 771.3893421158506 
8963.550358215034 1480734.572649417 436.269197721433 
5897.598080513779 2721034.5516189653 979.0019739202937 
5238.241779573034 16555225.478106266 5978.301349028406 
9130.303932375753 1215894.917789731 558.1202448507178 
5740.747484430507 2583154.224740947 2081.0932020504165 
7538.319268135953 2253455.8013184657 584.1227987261889 
5278.426141466062 9896963.806655234 3813.0304074101814 
6789.081428225723 2173052.8513317127 748.8324280352223 
9401.681989941513 1525627.481002956 417.3327631723138 
5230.144948949314 16924755.288783833 9209.569571056792 
6716.677241305812 2556439.2184538133 618.1722058870448 
6041.3808502034435 1858301.1473072097 950.8693815442884 
6120.730721979323 2377282.301856525 801.6171986928578 
5515.789381018689 5849103.269172108 1444.8937678062643 
5898.923395385456 1830397.267685028 969.0620870416572 
6067.847363847432 1797313.6979840612 927.1764159630161 
5229.3473689965385 21477546.072608717 10354.85821577012 
5227.698032112149 57198285.67776531 23294.89706678163 
5238.434373741016 13768617.471301198 5921.592805293788 
13970.423384189158 2285172.5934183323 306.46928812993355 
40026.64424190944 825990.6552561836 118.14487865007726 
5237.972254094135 21257853.17144997 5758.170917594287 
5264.539267763748 17451238.29276801 3334.771532820806 
5227.726781307146 48930816.81000434 19784.27052401906 
5498.743438220318 8264480.406352589 1556.4942155059266 
15348.108390291412 645065.1954573604 229.70946778024015 
5227.597234225204 7498276011.166091 75310.50712312745 
5228.180603334165 127674941.8811091 14599.898832692657 
5230.815309054872 18963520.58261255 7854.71293763351 
5242.6645469896175 9188965.105918838 4224.0380392139705 
37360.621259924446 514607.095979818 133.85349154673003 
7930.461666060888 1437372.9649390066 565.8072313060133 
5231.151308113037 13517043.918226486 6529.544332408225 
5239.093709829731 16982878.897239666 5698.138059771423 
35554.00230797649 1888187.3004113138 75.26662173614741 
5268.462863451926 14017190.570249684 3065.1075871111634 
14216.618389716125 824166.0025123003 416.15120305058576 
48508.61442242687 1412653.109183084 102.37324680526102 
34433.24526469203 637007.8635053419 270.3826134670204 
5227.599437613453 22646938034.93262 104206.79933177106 
