5227.001360438695 188434626.3825323 69077.04947874756 
7382.035453479028 722926.2349375854 203.4699596513543 
5227.014081393119 66887841.66834019 46460.680339007995 
5227.085055267101 64367132.48966945 36772.77678311529 
5227.059301742713 63974138.95227236 41300.65061681376 
6050.548462582055 1017021.8272196561 468.8989170736999 
7083.984304721871 817270.5589193482 229.65630381594974 
6734.02665694662 556208.5468203821 263.79389937443494 
5667.202894451783 1211923.5389958387 897.0778205817126 
5531.189044734316 1419579.5952473963 699.6223222926687 
5228.355544372223 14194680.662012048 9560.123404668493 
5229.217224388034 12622272.7605728 7735.681729875744 
6590.719134762454 614639.7989345454 336.3056813956482 
5368.359758813441 2763813.4971958385 1119.4531147486284 
5754.382290615528 1579379.0981905172 616.4416890663663 
5308.33808579477 2925367.0574991503 1571.5587236320664 
5227.2882620732435 42581055.32810698 18686.23821676645 
5229.730596850036 12964713.034642378 6953.682196757204 
5227.3200213009695 29781608.68202937 18782.114595034494 
5227.202056685388 45347279.42554021 23425.308412341223 
5227.746565910705 16060376.269859485 12933.959799319358 
5265.534024054388 2265674.367941537 1994.2626299991125 
5227.275385153613 30112852.098095056 20838.290096294888 
5227.591762474491 21676934.438644957 14345.17593000452 
5248.686570751769 4391402.600570093 3091.927741715715 
5227.2978974924545 27839793.19613994 20155.985227089757 
5227.632064069605 18668034.22273533 14113.068736791662 
5232.015580263648 6865177.948458557 4670.433185704207 
5298.697138033369 5195882.012488903 1870.4224195856161 
5841.55262901754 1501995.9748905795 584.6054702474623 
5227.308995564961 34264349.67989394 18846.076426675885 
5232.804499079408 5945037.122415644 3817.113582551443 
5230.811889758937 13091264.197935995 6181.774852870765 
5256.361625234264 5136743.970574283 2766.3408316728983 
5227.379976233916 27961292.56103009 23293.47658414574 
5227.8933552639255 15613270.673280435 12050.870778782722 
6016.234489434254 1230437.769136467 559.3521942835451 
5228.083826018283 17900283.2859266 11622.99722902837 
5408.413852086707 2059804.6512933546 1435.2976826331335 
5909.64193187028 1205340.491755919 590.8687852955018 
5791.192132330494 1018176.3028036251 715.9067523837307 
5438.048529310248 2588510.8395714806 1047.836243475779 
5241.497183580672 8146949.052782273 3004.8703027742827 
5228.083147091076 17897467.878941175 11623.59780630175 
5227.774582902302 15728799.103461953 13263.131279380104 
5228.095072343379 14695011.801925642 10574.755161050132 
5499.091804956519 2497601.5291120806 744.6881109974888 
5874.20524204321 1201627.061787824 593.1055954956746 
5232.120133006868 8685180.834944347 4320.522400738713 
5227.407263101679 25110412.050053895 17931.263754004452 
5228.113227226924 15225884.149124037 10567.898799054467 
6037.997359233703 1016994.9897344643 481.1038949054029 
5227.397267803237 27138772.618695036 17167.227218765525 
5948.021510140216 1100469.7476155206 594.622881959722 
5227.247443302178 33447190.392825596 22449.32898313575 
5227.452673489754 22964342.234295476 17440.070594257137 
5490.027992276342 1918214.982420112 878.0664153176862 
5937.477001904463 1217368.663029939 542.8490941329483 
5230.8806601323495 8497072.412082745 5242.045676020431 
6474.282537475334 678242.36468511 300.8247359875739 
5227.392659950696 26275731.179510612 17886.753318424413 
5974.29600309028 1205098.7240547526 489.1335775247064 
5765.494655198724 1131398.1554879888 669.8583023887442 
5231.472769676355 8974563.242478307 4970.119668933627 
5780.72759717575 1231890.1091569485 648.6379434609195 
5227.194590035576 77474219.91038916 32790.75751725687 
6467.0011088979245 814978.7174468419 320.6752632423816 
5227.459663587642 21670171.49391072 15730.628944409738 
5374.05772673537 3786226.9694422036 1117.4329546562315 
5227.024072928496 58806635.74432441 42422.836884775745 
5227.041540874974 58245803.101780415 41070.13683870437 
5227.1790501359455 48781712.304104485 30159.54821039359 
5227.55973158264 18475746.19677761 15400.393159016452 
5470.566794107691 2563995.444125987 989.5500189062705 
5357.906489133283 2863084.0623047524 1439.4072139272373 
5227.852482046515 20327306.489885245 12219.316015610548 
5227.088531440488 51444008.27227254 31894.871058890807 
5763.556038364447 8734823.832517557 696.2935404318789 
5227.010917920446 305466928.79502857 80888.09935856982 
6491.092564175262 867653.6112341516 281.1495044255106 
6958.609857900472 1294286.877967673 250.98068926560939 
5395.448159291297 2483168.5219100593 1639.526370619995 
5287.759201990009 5008484.990811656 1947.925270837913 
5232.005252134173 7524212.671809102 4644.9634294023845 
5230.162551924546 12703016.722358854 6507.507536938856 
5227.740735496183 42759909.81563668 14102.634762155696 
5228.940705738269 15411925.065770349 10421.502126313442 
5227.168040039437 58343776.76981251 29098.1207379086 
5227.1987389733395 34976136.95485219 23500.126153193985 
5227.856955169875 15089328.57131494 12541.139593010674 
5227.191939427826 39616471.32486273 30158.03057551729 
5227.743290834506 17069062.377082493 12485.771450375038 
5227.154026659171 50086052.97554163 36784.362490883796 
5228.0438292364215 16990312.014817312 11788.396609376498 
6158.29358821598 879835.4016799186 446.2929404315626 
5227.555922482349 20452860.78037681 15191.954995362203 
5227.0035951812315 3454084125.7377763 98690.33011973092 
7162.606783438255 548013.7698734341 468.3622083458481 
7287.020786218534 558267.9966046144 281.15971433425653 
5228.916961129649 290324268.45853984 9985.635777595286 
