10089.321643430923 319214.14204577764 91.14453737331908 
5227.100545874081 188480719.25208023 38989.08818280364 
5227.030481149501 149449753.2991648 73065.97810102515 
5227.063826186235 119550367.02506605 56455.731175472814 
5227.067869165479 83569695.64459424 45272.396553456434 
8741.904223028852 338282.93150857446 134.59594231035285 
8721.634553993756 525379.4978285321 116.57670330137277 
5228.339720573246 10761547.18697512 8226.933316531226 
5227.083860512246 86726053.81833607 41693.36658713757 
5227.151146156071 79702129.2771833 35475.26592296558 
9060.500075546073 363327.3073614501 137.18417249599895 
9091.969304002496 448445.62452758563 131.58609914913293 
5227.154900521055 69753191.44123292 31603.29130027861 
9650.044006481752 350332.42973127036 117.40292000427186 
9736.283461190613 326377.79877300933 100.70029199235606 
5227.133068101683 94161491.23135294 36956.12000279387 
7542.231107814727 420490.8678749057 173.12282045007606 
5227.281415924432 24855735.65618415 18799.797991175925 
7829.345042953165 426146.3686503981 158.70084306239167 
5227.177089729157 60298137.326193385 28881.46475567824 
5227.2035720854865 38950852.75532132 28058.793341966593 
5227.159562590226 52425636.54833999 32296.025656038328 
5227.101987991863 68543860.44087635 38351.14513343253 
5227.191969091301 43028925.724445686 29861.44154675301 
6614.499190822148 656415.502261161 214.58987312592365 
5231.876099105853 11437284.411836628 5109.66442864278 
5837.272892853413 894312.7362106255 429.6858767096528 
5227.337962981176 31061988.941940997 17417.682506874702 
6432.983132921515 552783.4198400783 221.74913826084185 
5227.55027313118 18168032.17963378 13402.518278692358 
5227.164226582063 48091771.88078799 34607.24056930328 
5227.382025629504 24359359.782382205 20927.215087327957 
5227.268380467721 44994856.12002226 22081.523072915075 
5227.17136857432 54496885.96110438 31703.003163081627 
7412.574854743389 605438.1989971723 135.24636361705132 
5227.90769069169 14918516.656523567 10835.48565454968 
5227.2110404878185 40252490.85089104 26365.514372962898 
5228.687489711003 20870063.638928004 8047.641244627245 
6768.302331806837 546914.5072123203 180.58078405577407 
5227.179521028455 64249093.50357005 26328.928790908205 
5227.53659945387 23637010.4173533 15382.109002843996 
7916.301440331107 553792.1914309205 133.6456996187671 
5227.494384957725 27953327.12155969 16654.87511889727 
7114.115151486232 521402.4766862565 156.22192718785635 
5988.708140332752 985120.3565303439 378.0925211997318 
5227.38678399366 23772813.114081204 23247.41509583665 
7238.939420647 434456.097597237 238.44456058858793 
9171.690762961667 358586.25408264465 120.07206388690688 
5227.957492159832 12076060.247590281 9760.864617749512 
5590.41429958222 871295.2021889081 525.5195176809873 
5227.169576088041 62457441.93889268 28369.420929538875 
5227.205669349595 44597953.41677629 24537.358969944573 
5227.691506818094 17583011.667722665 12535.962166701165 
5227.20058300984 44558104.491546825 25648.971482151068 
6129.144343377808 941341.2778075952 360.86129710296757 
5707.706371930646 1745674.9225231325 481.5905746656272 
6021.763143912671 826262.486188662 372.5386563855043 
5228.312288400847 29264801.182895117 8983.718018177231 
5727.228081686957 1245178.6514800673 472.7754191828034 
6900.9990303939585 514497.4309232846 174.30318471347422 
5227.834594956613 15621179.310091732 11862.213306882795 
7459.309651196993 447246.61328160437 134.95223946270087 
7030.8578930004915 500737.38626951224 219.01558411484442 
5230.263574187467 11207157.142578827 5540.772754761707 
7224.578168830273 528309.8942168584 146.92858485622318 
5227.160043314898 48279088.24031238 34817.74351596355 
6359.113719913277 631701.8148466724 308.32232521888943 
6236.511206856597 702757.872674446 348.9381546313169 
5228.209866977967 20950420.374530934 9278.03370538219 
5402.347682299224 1112794.6617071377 674.5940759119385 
6178.912184829553 775264.891078782 385.786117891449 
5471.449174266726 964488.9693064321 620.2712529045192 
5232.838819551134 6456655.122980786 4113.872067821751 
5229.575739432712 8090056.68045155 6666.066682924858 
5304.949525869579 3301451.7853727955 1490.1750199727903 
5227.664020098518 17723639.79620213 15429.784312765929 
5232.321467359647 8092428.850607209 4610.782715695292 
5229.921575804195 8518846.155150855 6482.006488103859 
5535.684233630797 914112.9828440308 536.1380110560464 
5239.647944485351 5156054.511194951 3155.2247510171046 
7860.959827208806 609312.0673050031 120.59996812408603 
5233.3508207965315 11626085.291072903 4027.8280915689156 
9685.238845134027 321802.35453530855 101.80068459797363 
6696.350142742174 567903.3239180982 214.8236930728028 
5231.254573793209 15380714.202060983 6066.2969419081 
5230.039053250799 10335205.695674015 6089.581568740797 
6974.890065131223 475529.1170543911 241.47916670279892 
6901.183711147877 514212.3164323446 158.75912845461747 
5319.521928369548 2096347.2285978494 1072.4037115541594 
5237.567365276491 4829320.020580124 3524.679555853811 
5281.378833938047 2537874.2720892946 1644.1558836009192 
6697.896081069184 551804.9789430057 220.32975375025072 
5265.1960914994315 2483699.9385748436 1962.5267350826693 
6295.419966559995 736766.9686187776 293.6346257844579 
5230.448333551117 7711033.83298315 6156.897464053472 
5370.245172693429 1128761.853339736 753.2680524263446 
5503.977996150083 911304.2895439155 575.6881661097818 
5248.737360608357 4626444.930870359 2936.960376443738 
6303.713111163294 707972.4189739611 268.91125479456764 
5345.18181651263 1574421.5296626121 1116.0402162439505 
