11856.906244405414 316420.7548720679 117.51335197694142 
5226.990361036942 575044581.4166719 73333.41439238926 
5226.983432921395 105251524.3074551 134981.73816119623 
5227.00315683716 181113768.44340774 61541.97958163357 
5226.985830535195 80513020.89940938 127048.87611460371 
9903.716816720003 330001.271397526 126.91584102033532 
9042.689601852953 316491.04711598257 179.1960424783109 
5227.0059439711285 147998811.00093403 63366.330872694416 
7817.417835744214 344877.3608100327 120.03955705710916 
5227.01652986808 66411120.9338126 38347.17508171733 
9612.341914995803 320485.3719087908 182.56622326626226 
5227.0461355400075 64123577.7697634 35030.39324818213 
5227.057304813294 42223564.27222328 29683.62905046167 
7136.301058691926 370802.39047387434 154.27700179386278 
7382.353150496773 351690.0289154064 196.29218989460588 
6863.053323285068 377282.64640955883 167.77737066359106 
5227.1124385797475 36682076.89320228 25165.948934022912 
5227.166613406077 29261419.527291074 19234.122067783246 
6619.2091221396 416442.0130917446 153.36211060284722 
5227.032395364695 78507109.13724625 38480.32583078872 
5227.074086718278 38930370.93640441 27619.644003798217 
7788.769523516467 376229.44910850585 141.66753830256994 
6760.050213706315 394755.4118083883 147.72928455687725 
5227.180101850031 36381923.04261372 15450.15918432492 
7540.008640077035 342151.3578857841 167.08289356991978 
5227.121670875182 29215090.113788206 17886.898944128556 
6452.452462478765 390736.98484749626 159.6758667935083 
6358.62490721368 425868.8767639512 164.14996453748313 
7562.714444345552 348024.9136689245 154.95491290032913 
5227.812664052913 15905175.804306036 8554.115305731737 
6191.808192463671 432737.47537772876 194.87599080022528 
5227.730970244774 27166402.785464987 10070.417121128132 
5227.382063426619 19122114.07650772 11703.60646932705 
5227.25426608393 34408098.21434958 14187.022553462906 
5227.491996988965 19195233.65392966 12996.34534126259 
5227.335707546157 26812036.74456674 14504.216428402297 
5834.030365942865 485333.88483694656 315.1018364978968 
6143.763483525942 452924.8268393205 192.28887563464178 
6081.434845709786 435715.60368641873 204.6001358967111 
5229.9637799898 26585627.071952816 5216.485546624668 
5642.159381876219 587783.0624490468 376.39482142800045 
5233.316742220486 11830973.240873087 3111.9900310753706 
5562.270049443563 658165.9324337166 388.3605505353088 
5903.773107185208 513911.23498632625 242.9532613225158 
5993.354279979836 462507.3517371571 271.00869807376023 
5228.233810251256 6920943.254447813 7479.957631262939 
5600.791134174886 824218.615395252 369.2282486756008 
5928.153855724987 571947.8231998885 233.4397878313401 
5724.262383344566 533637.3982807989 363.7964841960924 
5427.8089248468705 771347.4667931973 561.0537950338689 
5505.790287251727 678162.7741727151 489.467851558647 
5230.062168739783 10407655.036389563 4444.058872327712 
5454.769629790174 754437.993710482 527.6786151642334 
5382.419237600082 956898.5319103404 640.1608192770133 
5692.687830879686 595630.5374613346 309.19848748403035 
5517.321477649761 658598.5399354232 450.53706137025677 
5773.475709880733 495219.8664018144 382.0053477145011 
5228.023550350133 16453602.67554787 7190.8861590167635 
6413.082788770984 384108.2025763757 167.8560873757956 
5229.254443340113 11157987.715364039 6174.530707026459 
5228.185355930736 10018550.39960907 6967.149075935969 
5348.691746157254 950104.4433856218 765.2312555732964 
5228.405773025528 8768349.036571406 6281.042918056477 
5230.813801088626 4498540.232854803 3586.2717212089647 
5230.15556529435 7653899.082668898 4489.289795294618 
6182.633744472818 427491.23898641294 222.39254514778494 
5286.00968533383 1205505.5446617824 1057.4424593614287 
6044.042431366322 449923.1079358292 211.965808906719 
5229.868038323695 7881510.802772716 6186.935908933034 
5234.414379920369 4134913.0807628357 2695.606265323141 
5232.052336972209 6290472.457187804 3518.610175048472 
5311.347864534381 1131034.4197309949 716.1799683536817 
5299.033663693495 1355089.6770484636 841.6387765424683 
6387.524374979799 402281.5447288895 250.22760659915468 
5267.135527423582 1398372.0965867513 1127.4272404870408 
5233.248271196579 4761259.287244198 3218.132303421163 
5800.818359964525 496998.0096965261 354.57604153845256 
5702.93301081516 538634.9836083194 349.5962980134767 
5252.895025050542 1951110.9920414498 1351.8356487599567 
5444.169359563692 712778.2175009056 542.2173696751673 
6036.388624734775 492603.310353643 206.23075918392686 
5239.150269581539 3359462.1430484974 2264.8106281433775 
5236.456494415742 4691701.982372079 2473.288772220913 
5784.367890762893 549424.8492809825 288.26950830602107 
5245.717189859836 2838309.0924546868 1937.7680824646889 
5367.306045289831 828762.1604948686 654.9579901129679 
6394.409599939858 406444.6916291369 192.32753589587472 
6013.0216556723335 448826.40277600486 277.565588528867 
5252.475205784984 2427331.5728829354 1660.0905143786206 
5918.0082148657175 489196.1738646199 246.66074448821982 
5358.69227314518 996257.260715906 743.9923565140191 
5243.555494409352 8296980.573231871 2116.3728945037665 
6011.26298016638 461841.73977066117 248.54630117601434 
5265.075280472598 1269942.5400800947 1287.7287168113455 
5857.275261095637 500031.3341751363 289.95511209404503 
5244.095127248153 3644259.752290213 1768.8376805481107 
5309.7160920550305 1186593.9274623238 713.3968778935186 
5258.640283578249 1251040.2403943043 1343.5123341042427 
5248.918182395891 2398933.365535836 1758.9524988693918 
5248.480476090849 2426408.7087933896 2195.494525667165 
