5227.00265331854 77531864.30814928 48651.06211158206 
13243.64443948331 345054.4251932408 193.75006522932205 
11963.404653153057 378809.5755600869 156.39191606706532 
5227.618833835136 144073088.4835855 11022.428936587163 
5227.051744960946 78576222.91123518 36587.92164441366 
8117.992015290877 371055.9967896464 161.47763988596935 
5227.05406930947 83268743.04780258 46258.46200275471 
5227.056611027865 51701141.343052246 32139.68383254311 
5227.082938540863 54414661.53105068 31289.853741365685 
5227.098624048095 35033541.30074371 25319.24604676115 
12208.646941398029 361395.06171394594 228.305931284795 
5227.130679917107 39768947.278402336 26333.69644582791 
5227.113207891341 39345759.87282731 24502.670407910657 
5227.083839348466 71678276.04622956 25944.336702696484 
5255.4525397586995 35419754.43918947 2042.591234082917 
5227.192048391334 24506172.50255499 19071.510402906053 
6539.279489409797 466601.4250789633 295.2099302381842 
5227.4259440700625 19386914.335930232 21073.36703431638 
5227.140757257727 26459414.07138382 19652.87578953809 
6304.345840028383 444474.3803555351 199.69601602465474 
5227.2503435916715 29781646.23407674 15380.390549961066 
7823.731338901497 379837.8464158203 161.28868552633276 
7615.613630030297 384966.8727267457 235.38219885204245 
5227.4549875925195 20054176.81624367 18783.533463341362 
7360.486569566057 683717.8207619246 169.74309177236645 
5227.207686667143 24054125.917260025 18386.30629375926 
6886.928755865688 467379.16351508733 236.6731686474597 
5227.4813372486215 24023281.004997797 13003.833510344 
6044.265121620763 469801.3313010565 208.35533661694464 
5227.850929158207 12182472.232640352 10012.903603233342 
5227.466924176175 14953705.184326991 13436.08537472167 
5227.526306664648 16082556.39161537 13261.31817729805 
5227.956647966634 11618540.100535361 8654.559876772468 
5230.010544762833 6628119.679399799 5429.74574856117 
5229.126381045433 8591258.165190838 6470.097948932706 
5227.87152822748 10752394.615239825 8933.858899838475 
5228.07554268666 10500239.816654092 7690.602883634649 
6020.2279560798015 490851.2529643177 249.36860879475987 
7203.980279194155 600762.6147537857 188.06350356717715 
5259.8481886838335 2939604.162533843 1565.2848651597815 
5865.9260200239705 552189.4877802591 294.2170665787591 
5228.465684373638 12540695.111155609 7284.913169735327 
5259.472304111663 4391670.1426087255 1787.1223321772163 
5227.524978611668 17498654.10073014 11743.752892548615 
5238.366211614039 4836275.579902905 2436.048024919991 
5227.618042547204 13298341.920110663 11021.297374994023 
5231.418713861465 7862719.750390452 4614.959176499095 
5229.12412760033 7442159.36729076 6479.054387475052 
5227.755674824791 12396359.282401249 10353.438338982169 
5230.293924907601 19026828.323412556 5129.294303499571 
5235.480996981343 6020588.01082203 3384.1237955629017 
5227.404121108601 19574531.38339693 13181.130819640659 
5227.53808699024 15010195.240983069 11592.783654521161 
5290.885576075718 2606667.6485696235 1140.6740886874575 
5232.775911368658 5862326.679417975 4193.286124971463 
5227.7092274081715 14789938.050432794 10654.871803917085 
5235.614498229026 5743398.872985626 3130.83073976194 
5228.366185145243 9375267.129280103 7562.950964957925 
5296.862635495897 1702338.522091005 1212.6662472647695 
5236.648305688055 9633042.073783249 2815.3041023532724 
7173.944447381663 771204.1806301943 175.57782529400183 
6943.441715985212 430278.431157927 281.43157909487843 
5270.907292407843 3627784.4023411907 1258.1399511442798 
5227.61734218904 16598419.640921019 12530.906857208483 
5324.19657394228 1204785.6518042115 943.7753311741004 
5435.177968234092 1092988.4742479706 694.051604772821 
5235.760657873679 5272185.784847926 4028.457268471055 
5480.355057785882 1059839.5829198451 619.3746582932604 
5228.424940575874 12004328.856790261 7741.1236953190255 
5230.19999171991 8875216.553420221 5065.237588503853 
5227.415724365408 18899169.37554831 13198.331255986159 
5694.372869257293 671200.3812018987 424.4014293975612 
5228.141519050691 10361427.408497363 8836.872717502058 
7075.737032361331 424206.93202184845 202.8950012300048 
5589.8787462231785 778316.9706969835 478.46234951396843 
7124.014759334074 386940.7444326112 183.3921091795608 
5229.429332770966 7818572.783720055 5323.968860405209 
5348.43844646162 1208119.503726412 830.1251053747231 
5560.59860782013 846195.6607919871 494.43484765110645 
5235.9757704411195 4735104.598118863 2940.1855046421297 
5797.130210130271 727190.3233355088 320.307386217474 
5671.368067408537 694897.1011209104 548.4093181441542 
5404.523193548013 1073048.4260355458 737.9347303637993 
5233.898790175634 8537539.513824616 3737.554300003377 
5834.21556471378 695935.9798272471 326.4766177599122 
5770.800070303825 1008048.4883532587 318.6623645834715 
5615.204831661267 725882.7986041169 504.2805464047203 
5642.76142127519 754263.6536431129 467.3495554577614 
5498.78093626826 1094461.7689591616 543.1011393919207 
5741.067873205722 633839.0398624849 450.54451972758466 
5233.695803473624 7724933.216409735 3837.4427899073135 
5384.65068146723 1464729.2904002683 773.0458402138912 
7105.280907385058 448898.26172143937 179.7892431463731 
5367.255389296721 1546985.6887292378 781.9424007248972 
5281.6261160953445 4554869.235248771 1181.7768467044368 
5233.6160179086855 6750483.3895657845 4141.6971384172375 
5535.400338955035 860423.1836161985 695.3192048970488 
5750.119790934166 596190.6524919998 364.491382856189 
5854.930123895604 567372.7802704235 347.8494004826275 
5376.750495313192 1050987.5047178245 866.9692628918029 
