6022.079116615214 3175089.199050737 893.5461983753462 
6038.711801131769 2804604.382782525 1129.115502794668 
7519.1888386795345 1848470.73453571 722.9369845539297 
5289.762988938589 63185339.66362278 11893.59948952492 
5410.436620614324 9205958.303199278 2683.8398215502393 
11176.8176077652 1349032.0132303576 370.9659363642749 
5369.832206760238 12073934.748597749 3773.2825469806485 
5231.948513776708 335077884.7871704 22099.073444155674 
5229.968452128405 718538664.9332966 28401.89583483097 
6154.213106799728 2822219.5592141934 989.4488640165533 
5637.399346045288 3320083.9103950197 1404.255036820002 
5604.215614863267 4416049.159757142 2485.2371839532025 
5310.587933977088 16379745.276835192 5253.973020053737 
9100.599946020962 1608816.580240065 794.6590903405038 
8270.580750688801 1619772.541807755 778.6129844833633 
5686.597363798568 8283541.023124902 1360.214945507927 
7799.700013190988 1920995.393011448 641.9783492827203 
8133.166269746884 3885604.310377418 597.8778117988231 
10343.84212490789 827354.5655713605 575.2587783166989 
5263.0258413995625 112356762.85466795 19368.00169290525 
5535.096210740199 5563924.22137454 1485.6980942900905 
5866.743892807432 3192261.6242555818 1497.2563672673139 
10130.928232304983 5036260.003023287 484.7853185943171 
10796.807880063136 2235754.5671998737 534.5112952236029 
5230.081945166656 313766320.8341406 23112.253676347143 
6898.497890674788 2477882.9559270795 743.7807578593877 
5231.965494998007 127177937.08549525 19042.513354193245 
10833.502064623246 1152316.669878779 417.55424689118155 
5480.215649477954 6861824.791884714 2964.8844059705993 
5470.269884506767 13149580.584059583 2847.3833417148876 
5229.590039738329 984425780.5964267 81131.22411264776 
5269.1117052740265 71743662.5591432 11448.888867640459 
5244.297466299589 207474167.52223533 18180.958878734178 
5523.0501492847825 26364728.940223306 2201.801305550417 
5393.852467465083 16752935.583412467 3502.815607685187 
5390.190734691042 21286359.89780231 3741.0283490921765 
10159.28259011085 3100546.1641383925 534.2778135849115 
9578.75237328255 1433799.3203934378 676.0208697175786 
10271.003199908762 2308119.519000922 565.9913956239693 
8202.366427049668 1787410.9035848673 727.851079799769 
5234.514372574416 299120594.3439296 17479.06640573889 
6451.319364374698 2644468.770301702 1576.4959987422758 
5368.6038981112415 28962773.4659272 3797.290482601178 
9573.734140541996 2331616.8999246573 529.4085386437857 
5342.270584205041 29865666.94759662 3667.2387932152274 
5704.882030887359 3846026.051770739 1180.2347116428725 
5620.188423073353 5670241.197707612 1354.5537771045888 
9061.82506918973 1699398.394242363 729.3933460402335 
5229.698566403391 1026927344.4319583 45997.4581827627 
5489.311560331681 9263777.72217846 2285.212774215991 
11435.162525879161 1269657.574132599 422.42543731244666 
5229.992933084266 2762527449.6356273 48253.65477777095 
5230.009327784866 1239583873.253709 44269.95201476548 
5230.019013900948 843359972.6734215 31651.488867604872 
5230.1411291799295 549882045.1371315 30164.42924631489 
5231.119959168156 362369942.5008756 25959.3230903638 
9378.734450864138 2501939.4069181737 646.41842374435 
8530.092557384034 3468511.3576877937 662.0176193440063 
5235.540738914224 275202195.57924414 22117.561733811963 
5269.249697979136 321236621.0290978 20634.50725108138 
5303.682707989377 203889040.68115714 13858.475842864733 
5270.886502687248 81916462.8403783 14634.84529560024 
10569.21798386943 1668586.215649773 623.3877464906614 
5308.111575924713 42142789.124300696 8848.219148883793 
5230.425144343326 345180399.3671631 27556.249388784607 
5326.699803233504 116903590.89430365 7071.242622170519 
10020.42003618378 3086226.136104266 595.4849169708465 
7350.537487715457 2590969.697659999 756.4252236038838 
5372.675415714731 15664738.81546647 4051.7618943165294 
7861.2973340315975 2379876.20350678 868.3443859047478 
6509.64517807728 4539189.755807228 1030.4404174775887 
6841.009631175967 16183551.162843322 953.1328119365173 
9596.848730172533 3303102.8684898033 642.440953589653 
5443.634975359442 194902053.33661368 3405.1471034234764 
8210.059481925162 15919651.449954461 660.021512588093 
10958.965833372233 1831708.7812969205 517.4528431094849 
11185.133957483224 1818191.436675563 544.6202754790594 
6957.887303961061 2873750.2805005363 807.0183723080465 
7881.799842884355 2158108.5136362184 1018.1467263304709 
9841.265863783112 1940051.26438844 1520.4138851720268 
5360.910066457543 42882556.10930428 8142.1066056581285 
6134.626247634409 4768952.264492669 1092.3920474849226 
7207.579632379568 2802305.258187568 1423.9124089197896 
10719.745888930778 1627008.0309065212 674.9173128279275 
5246.2059133030325 199682032.42963406 20272.278089226147 
8332.098001438724 2870198.702223167 672.2880663610842 
5459.721169523418 11086483.07829819 2800.065082241572 
5571.498443502353 27807931.285659235 1678.8175207054169 
6363.713398871451 2808456.438636897 1163.2843390739777 
6317.205009461336 2893092.8007450304 1409.595874341598 
5253.707303946032 135579672.8470424 20196.28500172481 
5288.860145522706 74584971.96991299 14423.532983135216 
7274.739393777159 2822850.8385263267 982.9397719945042 
11267.643266357489 1594016.8908502473 635.0950494273202 
10836.311652478234 2381937.6644538627 553.9712972070602 
5841.855841696557 6264909.358045625 1391.2471467123119 
5297.405579437414 92127523.38459925 13806.494901436852 
5700.321263831529 4949288.805708234 1533.3870554858054 
5310.381149542057 40707530.32170959 8648.552558760673 
5599.7468353133245 6246789.728185306 2575.360192350638 
