6994.598602224667 375202.5619813128 130.54620915869944 
13889.006264228925 326735.30323836004 148.84136169111838 
9399.291092400998 313336.0776573898 178.51239466222765 
5226.990158358795 3337560597.790144 160995.325346991 
5227.020909765607 460684087.0289044 72695.69475671931 
5226.993151061725 198595375.09347486 99965.7243085133 
5226.991380015285 278133261.82356036 85603.00829180164 
10683.230464844039 333081.49735987274 136.88422491646617 
13526.150702351708 329281.2189997271 120.19585220071325 
5227.036118643847 84691826.06534111 57080.71276420789 
5227.024046905314 90675322.26704685 41035.84577925317 
5227.091405644927 178764907.6814984 28161.762036536988 
9012.70230549611 328340.62845037587 160.84835902583765 
7717.587296869036 350832.25671231246 157.6148288886343 
10338.806170708705 334027.63081836764 143.27476264815007 
9655.114821326815 340732.55866402964 120.47987517629255 
10092.410554610882 340268.08213953185 122.9741848605018 
8240.912106209576 337414.46398549795 203.9696211255992 
8552.789080597053 337542.87738412566 146.74170422659003 
5227.060017628109 54001481.14677952 29960.259357846055 
5227.059459988616 48006338.71584005 36580.08037956368 
5227.047271393578 61567189.10522251 37655.46884292433 
7411.123191521155 353792.65243933885 151.5813977132105 
5227.187053843046 23823768.017942745 20614.476275020515 
7321.388977112684 354271.83387828554 189.09621089379527 
5227.205667827428 23420646.85005558 15668.664011526773 
6369.957741912016 418825.38040464796 192.31078726982375 
5227.097797591872 32342779.915345144 26986.387903636547 
5227.333426803225 20932879.86738548 12640.261192169535 
6743.753015491198 384079.39633978455 147.41850669481147 
5957.92480994085 421514.8447806564 231.46385107735358 
7116.591196269512 357632.4794455756 140.892839404319 
5227.801451441224 12961691.14129298 9284.896236767327 
6579.061285459977 447659.37169086415 166.02307071978603 
5228.3773684582 10250094.108965237 6714.485576699024 
5227.322830396163 15512710.182793193 15100.663993913196 
6910.473604081235 365751.3731502186 226.90911358558148 
6155.300053046148 452086.09523808106 234.56610608189666 
8371.273182485827 339089.5674511972 143.01110994588174 
5227.104232392995 43110749.43545314 23933.003698549564 
5227.139821128187 33317276.875683002 21565.409088860502 
6896.496017801343 372619.7248233682 173.64981575536876 
5227.132537103981 36487269.46934537 23848.04837972254 
8446.84440235031 335751.9131914098 193.30734808924356 
6268.943577884249 413668.4556253573 208.76410596967304 
5564.659219807975 813957.8673616316 436.2973418576115 
6569.048959511521 390588.03946186794 164.56877419815436 
5696.923101990043 537720.1571039639 339.4650774231449 
5227.564471971915 13599376.386095459 10737.540740479346 
5227.380867552644 14702114.809996484 11398.458444750944 
5778.151495593099 486905.9346443388 367.79030901815037 
6158.100418190428 468629.9442756096 170.8054249183718 
6199.482675168306 458697.9221559067 216.6548171651255 
5634.89627062446 560018.0291305265 350.271411658301 
5230.668157816498 14799835.36514615 4737.203315126188 
5230.815852331573 4416275.71683623 3598.933962896755 
5507.008759941368 738973.4466593387 546.5744490170441 
5881.425754319588 561714.3347858 257.263667968731 
5494.722966716883 800479.3388684441 526.3298040013882 
5227.266340547563 17993037.23747959 16431.710673903675 
5840.570915086769 485370.50755920104 378.2600169544412 
5658.270346154927 594757.4951872844 347.7527194255921 
5229.321986148226 6753010.370421782 6011.04766441517 
6594.047568841355 399912.17816130945 169.41597900160036 
5448.022379095427 783296.0843254732 544.1670628365716 
5227.118810450406 31449332.567985915 23463.10023203201 
5339.027996041183 946873.0368865413 794.1718731942001 
5927.797564877727 506998.4002368615 236.07235814517878 
5229.171419360156 11354720.761559295 5476.799659481552 
5377.095831284691 948620.7502675338 633.6576490510802 
5434.077604559707 738388.4318846387 599.5867246376672 
5311.381013908787 1077457.5440304116 712.0109878014337 
5243.494051837319 2868327.296882013 1992.5087520107459 
5229.005010743561 8357544.322230465 5704.076213261406 
5299.895850927922 1130632.315931265 830.8765412125648 
5903.575848195291 503416.9427802786 289.2194958345535 
5230.755273259679 8311035.265545556 4662.530830365161 
5406.914327562225 789700.909374221 715.4040216606278 
5286.233697019167 1181882.2995832413 1033.7002131412232 
6589.56520296169 379972.068771381 310.12836776245763 
5808.863844610286 527945.6028753896 319.14258046489505 
5230.707122918874 5935141.453964379 5009.83842945994 
5239.219988245935 3549475.4031191347 2245.0708268591034 
5821.544654736843 540759.4914153368 300.4421265249001 
5350.069454485826 1114735.9952282563 677.934106094963 
5248.913354981447 2427011.646275448 1752.3517158566303 
5267.204022946746 1383119.76589388 1121.5202137560832 
5407.960230685272 802995.371570155 588.8895891729425 
5367.678328925988 820921.008547594 661.0098493231618 
5253.043437020031 1792803.6109813463 1342.6255186031763 
5265.087772166734 1348983.1859999653 1291.5310325779012 
5235.773922270024 4438624.84829291 2416.974875866102 
5229.298760548618 9771920.36679184 5274.80753129309 
5280.292496015549 1355453.4088486065 1064.426702322018 
5233.782764458039 5754889.427684027 2787.701876779222 
5233.562113283076 5682710.676077994 3124.419663912676 
5233.743795042061 5512114.6917833015 2996.531967573299 
5231.848108116515 4600129.038896648 3486.100643223883 
5234.406448195867 3979181.4435321223 2614.87174825093 
5250.203475508336 2580046.379171415 1626.4233891245635 
