5227.00112833082 66005724.392200395 50752.60168864865 
13254.93329616654 343680.5146537349 194.7817729802467 
7173.122885906554 828401.7206490135 176.56842440889002 
5227.0485602930385 85448724.9137895 46258.17107106953 
11893.516323483544 378652.4003796346 157.16006249198347 
7666.277407409343 378109.23560733587 163.68879463343862 
5227.085948074331 37829595.95023302 28081.84385097117 
5227.062487921725 60691311.88718548 39436.16675642115 
5227.07012811855 69323906.40905881 40516.07205631471 
5227.142477994341 28133367.20472881 19800.9399501691 
5227.098555643103 50007288.66352823 25618.704222245196 
5227.12451099185 40860963.93692351 22983.755985703978 
5227.1132797577275 38835511.72497868 24219.84141404752 
5227.0794601490325 68373431.09625073 25308.29088044281 
5227.245437861353 42546941.29961615 16325.954245126077 
5227.421272087184 16134209.987686878 16821.386872623985 
5227.471566712453 23235196.12790325 12927.579146619943 
6304.345840028383 444474.3803555351 199.69601602465474 
5227.757146167827 17949974.176212486 10601.598933404246 
5227.260219158812 21765191.681776527 15039.38124981233 
5227.527142541695 18481868.610717654 11948.530040995302 
5227.540555360012 15739275.65458083 11294.24793342251 
5227.884491419358 10654341.623990078 8912.835697471863 
6639.210427311748 435479.5048814108 230.12281510609046 
6575.768695725399 444513.4579825181 249.0538694805897 
5230.010396701208 6622772.44240104 5429.986180747948 
5227.275673084437 22243518.626996033 14110.289126610858 
6932.999041003561 434213.7269334447 198.86816374531026 
5259.551497385854 4424938.239939368 1763.243393560381 
5227.246740340215 19915230.42760083 14385.649532633743 
5228.52976994663 14115158.228454912 7107.314505152136 
5227.415724365408 18899169.37554831 13198.331255986159 
6042.691634168042 477194.3993223934 203.46987599495822 
7486.719124742569 410855.5925656693 203.55047996713023 
5228.142022181436 10301561.366691917 8784.249122454525 
5228.39535397194 12512837.955117825 7401.554893564551 
5235.610969169407 5742665.208368177 3135.4251211927026 
5960.847033702287 523401.5630719182 260.11671731458455 
5270.858296522185 3394363.7179029295 1252.0147532201527 
7360.5709622150935 685831.4211591581 169.8145170846415 
5231.432270401334 7860840.070564859 4527.850006226508 
5229.126381045433 8591258.165190838 6470.097948932706 
5227.622623406722 12397142.764112571 10636.606916281291 
5238.383908503887 4835822.507801776 2433.71693716927 
5227.469406452458 15060121.202558821 13420.769012820701 
5233.411897308664 8536518.670168856 3763.1358999181034 
5228.366348041254 9089103.461515855 7664.120721299594 
5781.063482870108 632029.6166636059 395.79093944388967 
5290.924254538514 2607457.7560435645 1143.6113396308785 
7263.924127304873 554364.26607266 170.06721920357094 
5227.524667846432 14487549.723281607 12631.245477137802 
7612.233707490093 411539.78749389085 183.48267361728966 
5252.431276865078 3176526.651763165 2663.581599764764 
5229.427458308073 7644156.225575767 5285.868141797735 
5227.250689826013 21753658.44278496 14418.572410843193 
5236.670433682992 9693450.482874513 2808.5009775737153 
5296.918134628091 1709522.9088105871 1207.614035742076 
5229.123960360773 11265368.862763673 6648.7575929944105 
5228.475290465697 11234204.635520844 7346.025710262549 
5235.755353280353 5248822.259965075 4032.1022242592935 
6974.79808845571 436334.0353320806 189.36874906193765 
5232.774944467201 5662041.294571506 4167.094814220107 
5228.645457257842 10422861.763162691 7287.135923262897 
5230.20883146592 8999756.526031086 5223.385141094485 
5230.290935333938 14916602.051824775 4946.670279342623 
7035.595066850426 409633.89278676454 218.62665047243374 
5324.0973028788385 1189786.8233470349 941.1265322482598 
5228.073386403401 10732092.100825753 7755.279655997932 
5483.921010447553 1047878.9561051859 618.6924724539259 
5704.1985771119325 672243.4344418062 410.180219814554 
5235.9757704411195 4735104.598118863 2940.1855046421297 
7211.587870363343 403168.8350659278 240.03145308423987 
5348.43844646162 1208119.503726412 830.1251053747231 
5435.166078695606 1093486.568721378 696.0607143096785 
5367.185892101193 1567529.690449087 779.0118451195377 
6020.21297080572 490801.7859369616 246.17863933627328 
7105.100481211652 449491.59172049875 179.8644524166816 
5230.209218388977 8738818.752773557 5067.925711285236 
5596.814710169867 798097.6938190815 474.2857788728138 
7722.964109025602 401943.12445442786 184.2693235093632 
7645.368975665115 384841.0502054152 231.3800141284745 
7667.903852838335 407898.527727675 186.06706174334585 
5795.772676006475 661257.4199795186 361.32759772615987 
7126.321458879265 402063.5929833717 285.47467228818243 
5281.624804778729 5391191.142770842 1185.6220690886332 
5561.70042416073 849358.5611165332 493.25293731021804 
5651.67726826767 736837.5389274391 445.59516405178346 
5623.435788444643 706282.6509969056 481.0446690183878 
5506.152355771984 1129883.156076582 542.1821147389942 
5404.523193548013 1073048.4260355458 737.9347303637993 
5535.400338955035 860423.1836161985 695.3192048970488 
7768.806127709683 398638.4442981192 213.52120467129842 
5779.2667611278575 660599.8444030926 302.3263632715568 
5227.712463466494 14727220.570104837 10634.710641141144 
5376.750495313192 1050987.5047178245 866.9692628918029 
7075.754318294643 425051.3744859362 206.02852297737402 
5671.368067408537 694897.1011209104 548.4093181441542 
5770.391244957395 1034428.6163660786 308.0684796569896 
5530.285529388758 1030668.9281885322 522.6549121773508 
5394.825358769924 1103190.1615066645 759.0534019603597 
