8325.599717097359 389743.9874472248 197.6182826113304 
7901.733658758009 448833.2908177727 181.7708465974294 
5227.004745222417 72131790.78752935 44421.38432396325 
7401.47099676327 394447.6142599156 178.47713173154716 
5227.028766744048 64257834.67154638 37159.27804570949 
5227.0619577868765 55862850.34732104 32455.79755544597 
6541.94257553605 471058.47167041857 207.72526964876516 
5950.583512911784 534693.1377881572 246.0556664345179 
5227.3048485486 22307202.7091325 18445.45801922545 
5227.1529105445425 24306473.46684273 23383.598436691173 
5227.066265156592 49757526.26211693 27859.840413541824 
5227.56439301633 25905442.8223176 13547.416040288746 
5227.110975390357 30249006.780517317 27022.82915825154 
6062.758760401135 646253.9050003804 219.8796344579115 
6480.559962783356 484441.1396119167 193.91309675681472 
5227.315197305372 37914159.54680015 14544.390135491354 
5811.74657076707 1729060.687961243 316.476832278552 
6312.124652225812 478481.9993547043 205.21145158913305 
6008.709383269786 573900.3474132139 236.36091777831786 
5451.624623672229 934427.48767127 690.1165067732568 
5227.115921357361 76284545.14319077 27616.279222448764 
5659.676309674019 717876.2201897397 403.4386886370353 
5227.333044639947 42608286.57856276 14434.749316422187 
5238.2656093471805 5194155.071758926 2461.5291470776924 
5230.2363405292135 7775837.19479589 4827.287059668686 
5266.8187043702 7292673.801858448 2143.9529382155874 
5296.904595109999 1758403.3372482506 1210.9230672328476 
5227.3949660425415 25702730.096952576 14132.791572474283 
5324.7124816447995 1115782.6701956894 917.3896705561546 
5235.666897463402 5623275.572664127 3119.6002981770976 
5227.24698254245 30994371.263284504 16935.895718749947 
5229.122891232437 7669131.6671354985 6013.899055156161 
5228.584181998924 13217408.068419788 6867.658502062985 
5266.979106037148 6163254.739057035 1980.7552854937496 
5231.40599558793 6435685.966727501 4349.829108820013 
5703.0135388694325 631238.5085122617 425.1530747457136 
5270.767878942836 3378166.3237305824 1251.893493513853 
5367.780680051955 1262867.5885281956 762.4656303585303 
5537.563885841736 1167147.0823115099 587.1259959490695 
5281.677311511613 4309798.12651615 1136.001297122425 
5394.958440369446 1095193.4241195512 756.1110094980444 
5229.910156304363 7707720.515103202 5495.113573369271 
5290.94669887788 2278180.7630055593 1152.7566357356807 
5233.3071771205705 8949984.843656808 3811.3189246401 
5584.269765662873 1236499.6991517828 513.1445478825218 
5227.301064451032 25123620.65349591 17631.77008420471 
6504.928444567089 469854.2088307876 222.93776316632605 
5229.487921872825 6153779.890708698 5942.290444952221 
5616.548762828929 1231350.1268129633 445.5792264529823 
5565.713020316136 714943.5733796628 506.38403960099714 
5228.222721840761 10853051.597364182 7390.907562490891 
5228.233689386627 13588515.967743406 7520.932186049478 
5235.6878168089015 5203171.356039247 3998.0478869850244 
5633.259783071645 645325.3242369944 429.7089041580538 
5227.129334430679 37103111.44082706 22301.752658961414 
5236.612404164055 6406244.894376284 2789.1665820859034 
5681.931109448724 733343.9475710336 382.09451947641224 
5230.205315704165 7744007.220503822 5340.246000451149 
5588.556292196263 771463.3571492165 483.24626423492253 
5230.213335311259 11586958.523807112 5072.048358769785 
5552.245389035311 969167.0308485454 560.4493033645016 
5557.867472664894 754565.6603190023 536.0698997798355 
5277.814234600208 4528020.578625459 1193.7313602209827 
5377.015230950458 1032276.1827876713 874.2933482627569 
5872.018096909265 593938.789766477 289.9423216063355 
7752.046712180379 391381.11303908314 238.4103162242347 
5313.370072037418 1157916.5105405839 896.6508078170812 
5228.052658645191 20609503.711712554 8542.950945022967 
5227.078565453439 70376139.79728363 26032.00495300467 
7148.522691690918 394617.125603179 278.94750506998736 
5478.19483953695 855642.965684366 586.9404614540547 
5818.743494428091 543841.2781439419 301.26598122345507 
5227.071381801094 45443860.35283353 34027.28285673368 
5227.120788614018 35422917.44915499 23840.477414402074 
5227.107598956454 45844167.932168104 24605.646873184716 
5227.284596019696 26853839.739166074 20662.584718916805 
5242.511135681261 4859601.5413160445 2816.636455403961 
5227.16790068573 67297088.35919553 19075.28084965902 
5227.064695442477 53988329.960066 35185.17923803143 
5227.336294838806 21318342.271658357 16856.023369559625 
5348.508037524598 1082267.811721316 831.711256177779 
7344.155441699453 418159.43573802273 201.8668352574357 
5227.10721106595 48315087.27423941 24650.461914317595 
5227.621409398986 21218544.466729715 12691.879526201197 
6085.916104516424 477473.35170944466 236.31139054280848 
6398.357570635565 458719.0148223072 300.315603869066 
6968.761090470356 432768.6478683384 195.0231127559547 
9573.834328595582 368672.1347393763 187.8224970539485 
5227.38711398376 25952394.782188386 14515.383353797146 
5228.112372273574 15489512.406602455 8161.503312569801 
6981.674592169276 431705.29511627683 210.5129504410521 
5228.08248404789 16069848.432173587 8455.887582516716 
5228.068272894876 12879161.995019648 8494.497300422374 
5227.748890517531 10502624.408540672 9581.400617520807 
7276.2130040760885 414209.91546062194 216.7555270281137 
5227.274028808295 154000098.34391284 15676.675992100863 
5227.578267609444 23650545.926441975 16280.023083792916 
6909.441617667936 697148.5631445793 189.1128012376316 
8180.330334095691 394155.2397622316 207.86373031018124 
5227.004455452127 212749060.43374473 103497.57255442349 
