6037.550111135157 3083978.850771031 943.4645915970284 
6020.958472872221 2819079.041360533 1164.4296319381642 
5661.557299376457 2625069.570605724 1318.182993567114 
5522.193049042093 6722851.657952871 1655.1109043622307 
7431.33982456741 1673269.6799951012 624.4132660595407 
5419.565822437418 8567474.3022573 1843.0864372419815 
8808.686340549508 1596125.7935998677 459.2305896037072 
9235.55255489104 1532712.301176242 357.88202711947895 
7550.853440228689 8290499.03510855 542.5968176122897 
5433.016530844802 9339427.201231174 1909.4286510585116 
5334.14707215324 29231459.065527402 4843.962474785901 
6333.188445271126 3589684.2905805246 936.1972917107664 
7555.171789497472 1932337.5204309213 602.7295278437133 
6146.577038176728 2523523.5043985327 993.2690284361967 
5779.854695656972 3849419.792061844 1126.1422926445534 
5987.039085239743 3346639.6379688103 942.7872499887874 
6205.317527734488 2969550.9950240836 758.234502553917 
5993.281795918303 3497527.1265608612 1244.1996774154306 
5706.5576124050895 6776916.18764798 1334.715198504375 
5313.33321296245 16542642.174076783 5250.3820867019185 
6696.299606430079 1845707.3810745631 664.4993058571874 
5382.648754178367 14074690.458331537 5741.109832645786 
5311.30549362421 28695132.287008315 8064.883442376851 
5414.823737102636 9243713.774544924 2998.05468155332 
5547.9221717281325 3558815.8239938198 1351.786702462705 
6145.20477833824 5243935.502695466 838.0049959473442 
6722.6304036652555 3157194.053779766 645.0075995762737 
5229.140194084251 63281353.42733933 15379.692475645292 
5243.771708057751 24869300.029969443 11249.1170991313 
5234.333918391526 72374276.295608 15279.569602689848 
10388.389962546633 861529.7786089963 587.4738107360096 
8297.472995865412 2069783.0365379825 754.3762465862795 
6344.286552244506 2179234.15090462 787.2581900239162 
5840.864015129251 3973019.052917937 1010.8643023616469 
6254.004072256367 2800126.2261906993 734.7978279556264 
6107.976264778132 2923567.7877947493 934.1875257098814 
5537.140245318577 15136258.838749642 1536.7075518955749 
5397.00733992913 11867542.788324647 3629.4819527708673 
5244.327600169664 34981354.575129375 9722.435616375169 
5298.183185568564 30562769.07757056 5604.692729480718 
8634.339226705826 1443387.416331355 464.68593916169345 
7800.134558719669 2040230.960086059 560.0090279322667 
8511.954536713323 1404106.5474913933 495.51190656226083 
5235.691619353243 49132908.70039795 15001.214304103123 
5262.532569660538 16042406.791059852 8147.200435401173 
8873.784327898828 1321161.507157308 667.4571123486078 
5345.029164660186 31385945.003682576 4131.589555951988 
8956.159838741123 1189480.4121864433 521.5037092554077 
5228.764318036256 94730664.12462153 20386.66084222409 
5357.621912655388 15067630.568458471 3298.290016690988 
7811.235357204105 1918958.3789212948 543.5712296494364 
7940.572540277042 1747543.4223130695 611.9689415784909 
5265.4477209658735 29525524.792944398 6892.418764248687 
7575.2090862827845 2351584.8364750072 597.9740613442686 
8390.961700526292 1403877.9748657905 525.14217780842 
10152.344017618225 1719018.7072900988 405.73132621439765 
11319.057957681678 1347165.973864752 427.2506420598253 
10617.613493066223 1260476.0237951702 429.71566853457404 
5229.311117501598 80538677.80598573 19043.826048952873 
5229.233550682429 83245742.04140896 16938.126804602336 
5234.855717876105 162783693.94533452 15502.064784901906 
5237.4860962775165 89479205.01437122 15189.061280142902 
5244.688269475981 40508110.739514396 10948.114535287796 
5270.110635272114 63441007.561717354 10795.128198800136 
5244.309027249268 56864638.73442268 17019.55653076578 
5231.401002669952 74460087.71663119 16138.775907870557 
5302.446404762801 31097533.856590554 8500.001276219664 
9249.64562324357 1372962.5881210214 400.8207583645338 
5330.180791209821 33104185.946770336 6374.85543788958 
5343.462762063699 27034566.33470791 5335.912442541894 
8412.164069769437 1626670.0201848606 933.8062901386506 
9232.189504391568 3932065.3798051653 399.6929479457839 
8562.850849957205 1544630.0162039485 556.5839359207738 
5329.4472589301795 29672357.527358208 7676.973487450206 
7860.459158557476 2156002.2221115544 582.7206402406493 
5246.7935321301175 46438536.04715034 11156.652072791292 
5419.249376721339 9471137.080888322 2606.9044348122857 
5449.573359200947 5702190.198384497 2043.7553611878307 
7512.665234809901 2561060.556818048 751.7020676031814 
5369.70295586555 34026517.41267402 3421.8242931043355 
7015.961946573241 2094566.2961246092 1012.0842333401669 
5392.482998196312 18877543.19362825 3753.8243322231547 
5386.740199585312 16248180.80959975 4367.2761358254365 
5235.196442081176 86953139.58575241 15853.349135245602 
5291.732369502402 43346484.12490898 8235.738933856655 
5682.131438021057 4911572.090233918 1542.7157253920177 
5403.011356413135 13210523.200783491 5030.851338407056 
7191.002838417735 2310984.4637120143 768.7058902606218 
5427.823583557315 15597702.015546327 3076.781376431728 
5780.091355781031 7083013.036970752 1215.2850721858542 
6671.792178111745 2803256.5606689705 745.3417604909399 
5587.442241992073 4160061.2591232117 1320.897411383989 
6048.131937750165 4524860.481674759 1012.8919999460084 
5374.080686330531 29517454.88567462 3670.096699388896 
7692.762493067947 3325241.2164516794 647.072669802411 
6320.423431286833 2783983.972741646 1104.9353727949524 
5383.362201024939 13818720.710990474 4754.610754141315 
7127.684110245426 2910619.1396169867 713.1674824593931 
6535.730614462414 3120536.0101534417 818.6323879349463 
5935.380419192228 4606021.171858777 1169.9695113466373 
