5295.462912153843 6947176.22134693 1724.6146302226364 
5305.720371218384 2218638.90535063 1277.492335465847 
5550.553212334571 1392000.4345612938 744.5530750835748 
5244.965929898207 6555166.669202466 3583.8425447865666 
5250.2718967914 3240623.481963439 2442.017370733124 
5247.759083803039 5136338.787751801 2547.39928554001 
5306.713613378456 3064595.7720908523 1204.3691111285896 
5299.6429615606285 3760586.129905002 1569.5045612747756 
5598.385240677025 2863362.5608291244 595.6914366433916 
5310.700715869688 2910791.850312928 1160.4918033848298 
5230.301854170108 45207542.60127941 6024.864214974735 
5416.821568347843 2219876.553933237 932.8964742952013 
5228.760378492344 14711011.311945353 9462.600781145387 
5241.263445184331 8672443.187675754 4083.3862581088533 
5229.9590321163905 9871812.36515258 7066.725226939579 
5228.054781622012 24555340.09900458 11135.469750192411 
5249.509334999223 4684321.991462184 2271.7973608084594 
5366.538134180237 1386793.3450020782 1000.623208497525 
5337.992228158147 1759396.618859345 1016.0422940170595 
5229.224109137409 12708637.33892564 8558.979265968952 
5229.15489625835 12919892.361454185 8668.07021913658 
5252.270847312867 2945258.7002654765 1900.552863881173 
6194.149894510598 1009260.1106021163 374.8580811871176 
5228.925955818395 14649427.117842898 8586.77865059203 
5272.075972032239 3089095.272606205 1838.8057773475548 
5586.132745189898 1048597.5250471297 672.0710909877622 
5648.260226635314 1996420.4261854317 631.9127469938104 
5227.917610292841 23106092.329344206 12378.796214861706 
5348.892613059699 1506161.1997258891 982.3519561955884 
5332.2383318509 2674772.715389712 1070.641656730855 
5340.8467999783825 1563619.8621394406 959.7932352307716 
5228.811558354681 13602935.083623374 9703.089325547056 
5227.16870864266 80853788.69076242 40615.388401856515 
5227.621061401177 20910163.292748418 15142.413341604894 
5578.399395453102 6257527.7963821925 729.0666580386315 
5227.805839071118 30567615.361869216 13240.17429244205 
5228.077815922685 20725492.284560636 10868.976246646685 
5227.564067776569 39281681.10007736 15059.090311673597 
5227.192056999745 81584725.08770505 34432.75685572114 
5232.38001703643 9882550.14592451 6273.773016010311 
5227.847573902629 20090319.917091396 13002.211155366893 
5241.995070671336 8047704.206766106 3927.483764649008 
5227.220945920813 67817017.69987775 28719.7857650525 
5227.949644154437 25208975.254027486 10448.96986323494 
5227.280681871887 261728022.71646556 25431.551790410533 
5227.4215694632985 22569082.581673525 16181.773813442709 
6008.193720190149 990487.7159298391 681.051356180907 
5231.5157675134415 10472074.23679865 6397.252903244422 
5238.669355145903 6087805.409216179 4525.716686731153 
5521.691113608653 4559312.577698216 872.3802392819878 
5229.66662654919 11129384.283115506 10470.818866109686 
5245.717351426749 3319034.5021916544 2588.7185636634244 
5227.217386209731 89343712.85082406 33274.875580052 
5229.377586692855 15380822.660314271 8114.635892004028 
6110.87237931179 1067770.6525436542 439.03436737153714 
6269.026219314744 1009985.887145437 362.972605900241 
5227.361000919728 37816208.73447619 20412.56813602148 
5227.709222202587 62290528.33005454 13948.139486198952 
5544.451568048529 2104186.7355665923 818.005487900579 
5233.380093083268 8081765.384380044 4424.67391784057 
5228.14854144733 15970142.53415166 12150.074825088806 
6624.262921398398 747612.2744372836 433.15378210196724 
5234.21129068814 6937893.658098763 4901.30432049267 
5233.2676271200535 9994757.681550583 5287.891189094882 
5227.268771023786 51407757.603118554 23922.801556312294 
5227.162455223871 113849002.56757842 39094.637474613286 
5227.726684935259 24280225.603533182 14025.610758920837 
5669.708499180148 1486842.1101194127 482.52804418626704 
6957.156029950105 702137.5908804097 323.49078960621455 
5234.975465646508 6245618.937247328 4908.676658661546 
5227.833793048118 28921024.127811566 13111.642890148138 
5227.475997406846 21332521.042990882 15315.042872080918 
5227.779575812388 17294429.280433998 14104.553842079124 
6072.481146707261 1402367.2467163494 447.5314671619783 
5229.639214204668 11356785.01458192 9500.835467766947 
5227.2433461431165 36721933.08729832 24919.06487560438 
5227.386216195057 29848827.850043215 17044.251046064288 
5228.18653713696 13163751.216113925 9806.132059125643 
5235.010008977917 6972166.307483059 4416.578928506739 
5227.367963166645 23905291.38466747 17235.565157370726 
5227.34125067885 40765779.82846925 20537.759367926326 
6632.983408952609 782281.4230974677 458.2785593163562 
5227.356968412989 51927435.27950753 20430.949722066798 
7166.460068487757 751798.5819877472 220.9885039273289 
5227.210054896218 1296856666.2765253 41247.62242219679 
6986.850451143934 757282.0563353635 327.05030728962095 
5227.2661324445435 85369444.41061175 42973.857737819395 
8242.194152109063 886285.4106909415 270.2154802875167 
5227.250054965906 521245147.77011687 29308.763178157817 
5228.852325095279 383084338.2942547 9775.03813450962 
7490.679196635596 773624.4240498283 314.50945477756204 
6172.36204806592 2847066.8190548685 774.0892709743746 
5636.902441763734 2348608.746542387 944.9977258908597 
6596.240788197493 1025327.8939274151 484.6829878093357 
5227.302322939217 54384466.35498375 27211.410007340397 
7748.769937825447 948322.6786411544 290.19127311085265 
6205.8384835204 1210048.3640690688 400.70925031575433 
5227.336024271278 53437398.97013566 22902.891701929344 
5314.985678328396 4555924.91303353 2391.2670752272793 
8004.503692170132 1370629.1249233116 286.62884256007214 
