7284.545659461512 504772.72453125176 228.27151409580466 
5226.990642250721 538996045.8819935 140573.71724317636 
5227.020571352388 78984183.32873802 46178.336747666224 
5227.0112613547 136453938.1556295 70571.8413697831 
5227.109847202566 37681238.03295856 27124.874344181433 
5227.0589163709365 73542314.33906142 32330.23528940854 
5227.378913998338 23242827.642184597 14801.235041979833 
5227.093969640387 65898102.831269145 30229.913374823554 
5227.526518403412 28854902.115482494 12074.295800761905 
6014.151406918151 619218.5090006067 300.54241518027294 
5455.764118751866 1871586.519227522 718.2882651557572 
5228.922953665254 7879702.149391487 6325.188483377335 
5228.501211630523 11305283.431835232 7550.212460023151 
5740.303389808857 727515.5023707262 526.4279509012658 
5872.672249237391 708269.9103146098 330.8655572196523 
5227.204431486672 28522986.336306334 19078.750076887645 
6191.503584614989 538022.857357369 286.82367827967425 
5234.864217311611 4483417.655176515 3487.210763370106 
5230.48768333317 8040525.430253324 4703.626231815519 
5233.564899501322 7594442.056911031 3945.0765809607433 
5227.279594138889 21654629.376959294 17827.09819235251 
5231.50590197255 7858290.586621699 5046.00292545772 
5228.195759406393 12992374.231474914 9598.842297437932 
5227.861720327073 16852736.37635518 10715.198526629114 
5308.503468914329 1929943.0089247099 1193.1552341278514 
5351.194059830183 1694694.625585054 1217.7634906774572 
5799.685519420996 746285.2943620773 360.44395916496103 
5227.675282823287 14855928.076383684 10898.0408476597 
5227.216794225829 25734495.438726842 17687.474005317967 
5242.69477283012 4848109.197998298 2540.5084340411704 
5260.010579503806 4054614.8115066946 1623.7628624682418 
5227.874180164972 12476209.231464379 10418.326918471457 
5670.976151507933 767232.3557326695 460.41545903381973 
5935.283654204375 645866.2388319649 345.68356097031716 
5279.092643055723 3617292.7766429866 1404.703549773977 
5249.6645715153045 5477902.779789166 2343.894039518593 
5227.238108282753 25366033.692148063 19041.724684632616 
5263.788070854625 7550137.831517654 1529.2858698845982 
5229.6769725298445 9900564.22764051 5211.695436958609 
5407.894143027032 3115812.168504227 798.3638928973293 
5227.283468552744 22300415.856295127 15337.475479592993 
5242.570082431677 4708538.015547161 2621.8183902975006 
5227.2679428190895 24894895.883578923 18580.89074257478 
5667.526864057436 940127.5409672696 454.3023646918012 
5290.55087391555 2647164.294655268 1547.4201073540776 
5386.885328957922 1348866.186582262 879.5339102990856 
5296.385189414676 2790568.490973816 1085.3600157775036 
5366.010251692567 1605258.9355960242 1114.8975227153603 
5652.090301320627 809942.8005720887 575.7715531791422 
5409.068941483903 1171521.4580074705 763.5186548906958 
5227.030605852883 116523054.83322011 52753.566993685476 
5528.491127029191 919946.6666859632 577.6426374322824 
7792.4966724467795 434544.02698963985 219.48384261347866 
7408.62255272591 485955.00944540417 217.74033200534652 
5251.591741611342 2798866.409150191 2265.589254506323 
5509.706199792662 1148635.5994796809 689.4067510584858 
5227.030345855616 130818939.4777703 38203.47556635096 
5227.038033498088 199048741.3351991 36566.09769861541 
5227.14926315277 39509000.816261366 24929.150104306143 
5985.188366002987 609246.5149873169 374.2632240162688 
6141.656896551486 565367.769634655 311.30757743951074 
6362.650739574335 511544.5001128494 227.91628470020805 
6164.021726482141 558862.3850213549 293.1806892970871 
6186.523948447832 554437.8661448896 296.3617999272929 
5345.972567054401 1829758.3232081193 811.8716256366388 
5227.178563907797 33494163.17356348 20497.742282635598 
5782.912896287604 737313.7306132008 437.6971116972622 
7093.958772849329 494965.58711948455 229.42115635003 
6172.472789589851 758368.5078284416 282.83265251088966 
6242.655708109977 849955.5413050714 287.35171167784847 
5991.195412970802 607149.5072705706 359.8458795198086 
5227.13259514911 43416318.03568082 26040.785375630985 
5227.092363459391 74674103.79264796 29982.022815832246 
5600.801072164044 1018992.1315614257 525.6937827748427 
5227.033766405029 107120437.68000247 45853.355955903295 
6264.885478553807 591022.4437168549 285.49037134873583 
8260.896011417437 447693.73110098287 212.13224175336376 
5800.354902106449 616764.4202684953 388.99512988529887 
6476.118193104037 492134.59840607684 254.518360062619 
7555.4089594509305 462608.01389769017 216.0392214960418 
6283.089976607181 546662.6975393232 240.1004292426938 
5226.990600308181 1166588852.3220265 171093.6808668461 
9213.481634545558 435298.79430102115 267.1914801704641 
10987.821923477093 440623.46550126345 218.76689049214247 
5227.02863653462 347683649.59233636 99492.30548647777 
5227.138505558621 71107072.78535734 45383.9351639361 
11000.195111288429 590774.9944021624 231.2636147751535 
7352.514746109552 521520.605466624 236.9119508165966 
5227.081156602603 103011053.69094995 38014.70334269815 
5227.069337014308 57895740.97912302 32987.37735449689 
8217.992386598466 492013.1275375435 236.42208736674812 
8392.366408497075 464140.456883975 264.77367632356373 
6530.881689952829 514805.1574983438 270.6942098847707 
5227.2857583554805 23359338.47059556 15878.601323976585 
5227.192664931116 45031782.67380428 25923.70017261432 
5228.51782472694 12854715.201589543 8176.532157732581 
5227.1084072144195 74154090.79275744 33306.98618412002 
6471.801710744341 586911.0964040359 270.2430607027311 
5967.131325598039 676745.4468367324 336.47432268349513 
5227.050707086275 71653205.80245008 40669.868656581224 
