5227.017167018901 313438105.83774793 80104.73899106501 
9801.508359501553 319759.0716353627 160.0774738307695 
7416.794984750078 357315.41486920964 124.01993291270907 
5227.03469462183 91276841.39758563 35556.675611079925 
5227.047301466012 65365870.97452679 53770.868636774234 
5227.018626343551 118910942.44619377 43432.62060105527 
9910.336854311772 329393.15115996765 148.38498992423237 
8023.081164298838 335496.5077374466 123.38409738504606 
5227.053077638939 74218619.00055546 49153.10498270265 
5227.068688340946 99933161.6010014 34114.064916015195 
5227.121824142893 40806508.35280665 30197.539257888362 
6374.211393281375 411704.68767542194 152.35605313289417 
5227.121433512344 33778626.55433997 24087.705127947393 
10139.975126755624 322970.3234677819 146.6749198237338 
6839.779773335964 379738.5253055882 165.2733644991571 
10571.954646833492 320423.7181330104 139.66704271579815 
5227.248532571615 68119996.26566067 15317.161201821194 
7786.436572297603 344587.1904271478 155.0621928381437 
10738.490163513448 325810.62683366775 121.82315477805734 
7176.464709273268 359967.9663500285 134.2096227038832 
5227.876107719243 30223005.713488534 7864.346571913748 
5227.557085330115 39597331.70831489 10283.171601609965 
6069.245291720527 430390.6590637566 232.8783179932857 
5227.23263041143 20385669.75104117 16364.72857315491 
5227.297275305698 19033426.192039054 14317.454781417331 
7356.598198763944 480895.4183935811 130.49928660080792 
5227.362499400983 10298973.782154646 12624.135070239949 
5227.264846293705 21957419.272559974 15650.502431439012 
8204.279432508354 352610.6343349108 146.3167911982755 
5227.805871849615 12499099.107471526 8966.754087948242 
5227.281389400196 18347382.15293814 16345.971404699678 
5913.330757718708 480953.3463197784 261.4941391349879 
5227.87519898575 11453813.661950454 8135.974701724039 
5227.5026014355635 13036236.532943983 10433.958144175296 
5227.727590645186 18394178.17541142 9451.873177981064 
5730.855847049659 552490.2550211048 314.55890485355803 
5230.846890599474 5448223.094547121 3742.7589066999117 
6935.752143193832 394893.66425207886 136.78493630362553 
5970.9066232419145 477793.63924171077 223.21478029429906 
5228.511055045275 8526596.017386958 5929.122097400753 
5228.808557276197 8533750.079396423 5085.908593078859 
5229.72118433405 6652374.72927577 4803.570795079125 
5935.605079784614 460942.40477587713 231.2038122011936 
5230.2550250593185 6181092.75180234 4050.3424912159744 
6891.396499732285 366434.1457005133 166.0651406332549 
5238.264797915645 6174928.488479485 2458.269885541269 
5232.856129087142 4317528.177532779 3079.3635543191485 
5227.872470562271 27760704.300365034 7255.930663466829 
5227.909113473799 7374653.693675347 7560.971082039455 
5619.731894855693 605997.2600426002 382.5546024958991 
5228.346185183511 8556972.39180338 6369.758299912451 
5662.038297710451 571529.38032034 346.5803142979299 
5548.726369593896 674182.7323939299 477.61952939374623 
5230.153368480575 9389390.477798352 4585.407372157638 
5239.44713964291 3515169.2873453526 2203.198633896056 
5463.778646899238 908957.7236509119 566.9208318050817 
5291.584746964107 2116905.843061185 1006.6532386418144 
5686.587428894929 547719.1206604663 367.0912712039966 
5427.995964095748 829874.3868315872 602.2860028810709 
5334.852633978982 956846.3654902262 823.4776023334334 
5230.046108757021 8491636.19718769 4683.963478333371 
5392.7449116366215 878392.3146609598 685.7242330900302 
5285.350049193246 1392122.4707553498 1114.9228935703297 
5266.321807707113 1232458.81439976 1222.8587995532034 
5238.309725004299 4278230.998252976 2369.2056177937147 
5227.564467888195 11481468.622414364 9763.70338407543 
5246.768176922952 1982267.721794824 1860.0288170841081 
5261.048086411124 2983970.068000273 1448.3685527026769 
5501.987683719871 818632.6002597738 569.8104338566186 
5246.997314643311 2794792.6477533523 1671.5464996883065 
5312.044037509985 1008046.8049607382 704.2950497764367 
5228.11848474787 9395925.200074822 7142.7264644590305 
5228.022847167212 11233076.585280882 7097.496417481639 
6835.052965819822 380561.6624049134 188.83826558459046 
5251.422267875216 2327659.7560559087 1511.0548226902263 
5227.635754575672 9572036.897659162 9926.867363891697 
5751.400983312172 533351.673083012 303.1455054488801 
5702.792676656302 671656.6189153362 307.6937168237584 
5227.373581123501 13794230.92195991 12270.57061168077 
5523.327264761001 714307.5421468058 477.9233989736614 
5243.946338465885 2914256.246792321 1970.969841723726 
5350.766671948935 1025748.8000472857 647.0050362262793 
5362.217340496411 925193.3268054243 694.0765099583515 
5656.875284964983 585994.27080074 354.0168871050248 
5509.241005525 733803.8426536318 506.9098082267532 
5699.31429590212 557518.901082247 308.64640091920944 
5233.17253824115 4092979.5667247092 3017.220934349953 
5227.064011862139 68689894.78330967 39340.66168370721 
5227.432534920575 22973399.1902248 11735.367710394858 
5227.465437143056 14400058.899312599 10557.07854423984 
5227.224501752888 32434782.4371745 16392.525442045044 
5227.015114503228 99857198.0188601 40819.71240098752 
5227.836164279259 13389834.746337937 8716.006139775744 
5227.318877717922 12790658.82332619 13642.960266804104 
5227.142763532159 25780607.13238778 17875.84684445475 
5953.682535087813 470321.27745123766 252.9371359107094 
5228.143545945105 14923182.281366643 6565.01082647061 
5229.988203061077 8968261.296316288 4691.452627839974 
12887.23014274143 333817.8079282476 122.05682504448157 
11063.77887516767 328963.9141208946 130.53820167613657 
