9006.719276556203 4512.990875862733 0 
8009.975747745326 26611566.456532467 49590.28805105261 
8009.988493066514 75071918.93089202 25042.402506777697 
8009.988134377771 69099942.67343383 26192.538775816036 
8950.17296227377 4815.849743520803 0 
8792.762897816221 4883.13829821702 0 
8858.227743006679 4836.181154953075 0 
8010.764598699779 5393016.356588685 3913.304719291524 
8009.992228920735 54178110.71955881 20773.03694695322 
8009.977465828904 45283768.11966811 36614.191786977346 
8021.622713956751 14451376.969515031 942.3235479265011 
8190.142119452514 17098.381940365685 8.450997468104198 
8009.97742150106 28293376.697513916 43062.765832578276 
8317.906675150807 8850.620571270592 0 
8228.626512399655 13803.668059472273 8.07512979464533 
8009.990520929949 56362586.44737874 21238.930381825852 
8156.039955251386 20430.414324655223 21.065997410176198 
8619.314283061669 5567.9678364631045 0 
8662.635515071684 5554.327566407521 0 
8009.98880389005 65382197.62489972 24320.628223745403 
8009.976384346752 24516652.729306825 48934.662490549636 
8858.219993848616 4837.295653120747 0 
8010.066558175227 15437382.184007265 10553.322131330959 
8019.158442094102 2733162.7945246925 2625.6355594229008 
8010.000443510215 50629779.74157987 18062.53391248575 
8522.641785374257 6549.166185592176 0 
8009.9812605716725 20334645.600467302 40898.0334139919 
8010.06007979567 17702008.71567353 8973.73984784412 
8010.265428637077 12111268.55835453 5989.067660016875 
8009.976210382927 38088488.38775934 45968.394838086315 
8687.717175420421 5377.5789879482945 0 
8013.301082599171 3504550.2049932987 2242.0989812010025 
8009.977846676957 42752719.36110574 36113.43075849225 
8759.345379695998 5016.462900751407 0 
8009.989392295238 62195881.75857883 23234.138168915943 
8423.093432898368 7155.364893732661 0 
8010.131106056693 16017217.493314657 7575.745057082107 
8010.056746477094 18913609.632443316 9545.285679952696 
8009.977373494792 47725296.4423593 37241.608862231325 
8009.986394247831 21778430.588394977 39620.83396389627 
8010.0248672665975 25980849.338444643 13586.049784351131 
8277.599363942094 13498.50675804662 9.368395388372532 
8593.334449042764 5858.576863441247 0 
8009.978098083107 40927557.01983407 35584.78165523936 
8010.328500253516 8279636.46251801 5273.463954738684 
8348.064012331588 7861.241889197543 0 
8009.977280173831 46781610.0144532 37534.16722607806 
8099.999133359827 65769.05106314775 100.44994860432578 
8010.848697960053 4084918.709302913 3426.120108389145 
8068.893128637648 52782.97599125153 123.4818806477274 
8009.98262871546 27227166.960995488 31527.544679801777 
8010.029871823403 24139780.165205456 12073.434885882112 
8009.994073321937 51675858.63471373 19830.466401987054 
8009.98824176701 68165363.30712566 25568.48188560549 
8398.502463044017 7349.626299416941 0 
8372.62669249129 7653.431515472823 0 
8492.14672771575 6656.271916387275 0 
8009.977656066802 31569421.76152281 39768.16942961936 
8009.988694209562 26884451.86030984 30103.09408183148 
8010.050919896939 37455124.13752049 11749.057272112066 
8009.97944978657 32817075.747745354 32328.394794796157 
8457.98487057584 6940.809538163126 0 
8260.58905476712 13152.773428559769 9.373680867930393 
8010.003668352834 19730074.152506996 27135.167050618915 
8009.994603775446 49801159.48579932 19378.9642946247 
8993.026895970266 4548.875209211989 0 
8010.093087670842 11544374.812345916 8369.93698085843 
8010.018316463722 26562497.37015198 15167.347772778367 
8010.015308491379 42319993.44143439 15971.828327047751 
8009.999449629253 52357678.26766202 19349.8278926796 
8723.018670377085 5272.040093449931 0 
8009.98805027351 57960149.89923533 29107.060692477407 
8021.849054952107 1020606.1398372517 874.6993794252523 
8009.990134687671 58714138.98903879 21986.15193631829 
8010.001119502828 22546211.57484677 27663.46296016807 
8010.045813995206 23099132.758328572 14190.563918497519 
8009.976980969151 33309989.394913513 44633.26135612903 
8009.991920697383 23437434.3566677 28438.62128806687 
8959.030107687722 4764.264115957287 0 
8009.989309372792 61312635.76944328 23273.202619303975 
8009.978527638046 25224313.041281268 42312.83400392993 
8048.563938577225 115479.05035730991 172.63914037387974 
8556.105427245693 6181.867256355204 0 
8009.978375927758 29313536.558419596 38342.932349424285 
8010.679802732489 7461603.61029092 5475.751943839002 
8562.219138645469 5956.204338565595 0 
8009.976358912187 36078920.00352242 45583.32093653583 
8010.010449216312 30381945.15297217 16257.5409189993 
8732.989190444921 5112.544109898423 0 
8010.276325266752 9486906.67150218 6739.18663037252 
8122.91824944839 51678.79823177598 92.99416991635053 
8010.158790692791 10657440.480206277 20976.03573856354 
8010.003367372404 30973346.764871985 16778.953599166423 
8032.822196424593 706460.3274776614 605.1873658153731 
8472.36473139541 6749.6688477191365 0 
8009.999577673397 35264319.81232923 18755.03849506095 
8010.169396296789 9558460.134875327 6933.75987291767 
8042.412017643128 587131.8633398295 444.1953061576123 
8009.988318882137 66863438.46008271 25146.904868954443 
8009.988553819283 66596883.97320768 24616.40266841278 
