8964.591591824865 6115.598106858512 0 
8010.12158014755 18947499.66566132 8960.804509600099 
8010.146609807714 16092706.849121269 7827.588632676132 
8674.52263503756 6522.042494907985 0 
8887.734935141309 6175.438528213687 0 
8566.167445318206 6554.565859212309 0 
8794.072816694079 6217.279138065689 0 
8010.144780262087 17883733.214821473 8316.740051804467 
8018.383187631212 739353.7172401556 904.3039386029908 
8907.076710241372 6135.240767725843 0 
8031.938959454879 259927.70810082156 437.15514735003785 
8013.300468642438 2060492.2411279033 1593.289577488323 
8010.863566454187 2993624.9339386206 2272.0808994083136 
8010.326201178527 8373597.14267931 4761.698369569151 
8329.569674856259 8749.927422941604 0 
8010.220111012437 10545421.582202071 6090.182086496987 
8010.144939303578 17989191.27307423 8311.730401806772 
8444.126239503643 7821.529340684936 0 
8010.174921237433 13804503.37036023 6986.763454059442 
8228.310445170388 11551.121225675171 0 
8717.822658104136 6343.213282964192 0 
8963.35993454177 6123.506616954133 0 
8010.175618700092 13096079.470804948 6935.018847471782 
8010.242182875486 12214470.093436696 5896.309555294035 
8010.3673898749175 6455979.903174936 4334.09562614069 
8010.177885939165 12734193.093580974 6842.821152465549 
8171.984230232647 17116.679847120504 11.784513576506157 
8010.130831222416 18436562.6674805 8602.558380251834 
8010.31880550325 7593187.905798394 5206.762314918777 
8411.264910810465 8235.105223305005 0 
8474.53389120256 7430.8976070802755 0 
8010.3325750054655 7839216.864223198 4657.266729053398 
8377.698291140403 8738.496322697585 0 
8010.264708266564 9766847.17166207 5409.624848854473 
8010.444327713033 5407131.2408164395 3963.383681357188 
8010.787334557257 3266916.14187603 2528.7391829840435 
8010.1601678990955 15213907.22529706 7435.519920690112 
8010.245413134273 10211395.646078562 5713.804786002495 
8261.632047853118 10243.799339257122 0 
8311.594172899191 9391.729078749082 0 
8010.5538873542155 4678136.187347069 3133.1422074877314 
8278.923574489512 9769.661101196349 0 
8010.255911375488 9408975.412233785 5654.176504891481 
8528.252386704906 6871.732726795664 0 
8011.44080720825 1996977.4295861537 1994.0652733520283 
8019.535700062588 533004.9955559681 703.2676509876774 
8013.849285685207 1119837.6357182306 1090.5559170223662 
8010.33324081415 7188918.236520884 4966.56242326602 
8010.28240454102 8687438.243954485 5104.277888777694 
8013.780104251295 1193705.4393493913 1170.3803493792298 
8010.205670424215 11236989.914134478 6373.815889023607 
8010.395879357049 6099715.717372536 4074.9690484623743 
8010.383189485236 6216871.474389259 4224.309546197882 
8010.352893975387 6806843.028581585 4879.858093361832 
8059.755360620957 101675.06148048269 192.96430946275586 
8734.495549851268 6291.419433615402 0 
8010.823099771116 4210198.107703381 2419.50715452642 
8010.134912136372 18214520.45892311 8517.977013514523 
8778.295725196775 6262.8484351032985 0 
8010.442236208853 5860197.016334589 3890.63531659682 
8010.193462467647 11720264.642288165 6515.977054242435 
8074.192884722051 57027.935719816516 91.98918810482814 
8498.848049012615 7224.61160473348 0 
8010.185572573433 11994936.692564247 6695.352225918612 
8010.162857945525 14747704.954980962 7334.024801618309 
8010.721873273797 3512592.5350156073 2662.5136504288957 
8010.940996072143 2516988.915931645 2138.32997047081 
8010.200075131104 11283318.065623257 6504.88343932832 
8013.443373782513 1564681.2419195834 1364.2572472842592 
8010.938637816369 2544348.854996239 2132.3006291360375 
8010.5530934211465 4414758.515069582 3415.5974133746204 
8147.638933665885 40185.706227017596 39.43683605081635 
8010.139143958201 18476068.37901202 8360.976567880067 
8565.010877066501 6563.119201364235 0 
8010.463429806605 5647779.429266232 3766.233368199766 
8011.467180696501 1801671.3037097459 1800.5331273786098 
8010.20590873476 10920798.781808704 6246.195711773378 
8010.156816828341 15444775.401585646 7490.778555203967 
8011.518749622314 1733757.267523015 1765.0253288325557 
8136.290649881039 43126.76241812302 39.642991998720554 
8010.190516033924 12356987.707241908 6578.026046324035 
8010.20671505401 10799233.27448885 6238.463377405591 
8010.172537166178 12974161.874646261 7028.684460337174 
8113.21265977237 36540.72509047848 50.426774899843075 
8010.477428434593 4929157.744518099 3651.8715723453934 
8050.532703436172 108202.8784691866 180.5045260598785 
8097.39710693358 44641.96591850708 61.24748112609185 
8013.443373782513 1564681.2419195834 1364.2572472842592 
8010.261166706545 9970159.385424923 5467.161667184321 
8010.542184359832 4999943.462583867 3300.2413478512917 
8010.133727154942 18802875.432478763 8564.010541869971 
8199.580705658711 16322.962464771961 6.273383653975538 
8031.2209316793405 402973.09782706754 568.4203944243609 
8010.172246706641 14331051.893436685 7148.534236779902 
8010.721347359492 3674958.021392234 2710.1918331440347 
8065.689220701801 121912.70090348447 144.20427966331852 
8010.605948868058 3905413.533532294 2948.839916679323 
8010.63472066626 4076549.3693717225 2821.314419123631 
8010.174012427562 14221699.63621917 6988.437985635577 
8010.28240454102 8687438.243954485 5104.277888777694 
