9204.528268990585 3997.6593428160395 0 
8009.975432433217 17756919.577077243 54062.43936373966 
8009.976135269498 16251234.164578209 54556.79738656392 
8009.983734753087 243411220.2875494 26769.38042395354 
8009.986218900029 189604634.31260836 23646.214884887693 
8009.978635274723 172417193.3160189 30731.039560721125 
9102.003697046679 4144.130546955832 0 
8009.978015732826 124055331.60396251 32033.721520653122 
8009.975986945679 23570899.319068287 47826.14804294105 
8985.290620765569 4160.149494263518 0 
8009.9754941294395 17239501.41137454 53726.81533207888 
8009.9834461737855 105204249.97746272 26909.298619598725 
8009.979589849118 135427377.429171 29163.95045737885 
8009.984651927514 86156356.04591608 27674.99266302319 
8009.984337119602 149134261.42278898 25735.581758672815 
8321.72060564467 8343.39514673446 0 
8009.986320125894 189214016.96207124 23422.590153473357 
8388.299254184054 7190.075431196476 0 
8415.725696603178 6886.881343998189 0 
8010.1997531160705 8005878.617148248 5932.959423922684 
8012.881918455478 4867967.936302378 3805.608678533222 
8009.990801672327 53579162.967888206 20259.658444508386 
8009.984405545731 149066538.60575616 25599.87984469682 
8009.98574225431 99003217.73450847 24767.10481962031 
8807.25113476408 4625.2708000188095 0 
8853.47028927895 4483.63489567228 0 
8478.856448447004 6176.72062190553 0 
8539.465540145367 5827.059854478566 0 
8015.708138004356 3301985.2221945203 2928.4996635489915 
8009.988832106653 60090815.86305441 21446.049573121378 
9153.178841932495 4100.56195808597 0 
8009.99331925219 49534969.63351845 19292.422473525643 
8588.153776345425 5619.930844842536 0 
8285.058024189317 9968.097982398247 0 
8009.9776113582775 28027777.21528113 37154.26399109182 
8728.173096905533 4896.307780206495 0 
8009.987193532797 71306205.03895958 22248.015926560427 
8009.98665864656 75804947.07032745 22854.599892926428 
8010.002683754625 13882526.754996862 35402.26275245359 
8010.06660877454 12982872.781629978 10285.340542529959 
8254.670146701152 11058.915587409156 0 
8009.987653840336 66911413.24790754 24281.219798312166 
8016.618637391297 1384764.01401499 1441.038162371357 
8010.0400225759795 24761824.883277822 15465.973798044459 
8009.977075023574 41827131.57588293 34079.12345184555 
8009.978005838435 130646095.83904433 32050.737940738923 
8009.985780187337 79270970.11398895 24974.71121908436 
8018.038680612837 611070.7677171716 784.9128509033484 
8177.363937793648 19027.589435989463 15.15469486431969 
8010.048242979565 19702567.676815875 13592.27135780547 
8955.081818878922 4244.9613409727235 0 
8009.996285025427 45559828.068998314 20813.009946711194 
8011.46640673722 6612830.738778619 18089.44959589012 
8928.615947584298 4261.796995254907 0 
8222.436928674864 13009.492336925625 6.937075963323399 
8009.984410215435 100277062.3423977 25830.652540742027 
9172.72186194054 4057.7082849094973 0 
8009.977111347877 27129430.6896875 40794.197753350476 
8009.9775789156665 38499261.88320786 33108.40369351468 
8009.988527230716 63529102.68543411 21844.21709341975 
8010.087160299789 10602925.93279833 7498.88816487844 
8010.019733221893 28496728.922914676 14340.33117674472 
8009.9765060123955 28146975.955226123 45966.11613442358 
8010.052590338726 20460217.46585039 12245.383671957896 
8651.102266354184 5293.094324740906 0 
8694.106570797434 5016.743214622087 0 
8883.542372042224 4376.643807512572 0 
8514.064900524507 5918.461657338394 0 
8775.518863021223 4701.003888239777 0 
8759.903573054919 4730.416467552967 0 
8009.976893434072 42759272.82690201 34959.51483424251 
8010.140779247632 9468945.919502413 7226.045188334525 
8145.205697100769 20491.037740161053 21.70233774732416 
8010.053359065852 19966682.454775155 11534.798424637298 
8009.976491514099 33900931.1623129 38316.79744560744 
8009.976836361218 27431278.84990916 44994.1134104547 
8202.390168896743 16523.259048878965 10.51450725002737 
8901.725453038422 4340.145648742339 0 
8009.975724558176 30764857.486817062 47190.01602863471 
8009.976822048073 27570546.20590621 41406.31742878156 
8009.97876921098 31220143.563499592 29942.900741368605 
8629.33957922953 5345.369640091989 0 
8678.847295836382 5158.554114571829 0 
8009.976124134312 32936722.453138143 43975.71027339464 
8010.007585908735 30074617.6571321 16380.079766430921 
8010.077651834015 11449198.286109108 9091.43341834678 
8607.68386278196 5510.9176063011255 0 
8048.708491544967 366603.7560534776 484.64380625635937 
8124.849323067476 40388.15471432358 74.88695968165503 
8093.8327960150455 44012.07475617199 86.07134110428291 
8009.9823148160485 22668911.628543075 28101.367568849528 
8009.997872698097 35694062.86882656 17564.856145232327 
8491.989406002545 6092.843639223829 0 
8009.976306457444 30911993.641520508 42688.00707232257 
8010.074093423153 11611206.500620684 9177.201900531845 
8009.9778012867155 22643554.645847525 39667.2753380372 
8009.976862955866 33069532.381980427 38687.13402539251 
8009.998913394387 36433121.88197617 16869.66799568718 
8009.977582539772 21406496.672963165 43468.15406274251 
8065.170660307225 71727.1745794179 173.38406678957267 
