8009.975612792405 27001208.72359474 49317.5942214741 
9344.739123663534 4289.618042061432 0 
8009.9760204781105 301977691.0213524 48256.280270621806 
8009.987035936714 89342042.83398256 27457.603563733195 
9029.402508418654 4342.087982713355 0 
9281.28621053532 4338.600573743408 0 
8009.988166010927 67935496.38662459 25519.55248937206 
8893.525246727415 4697.111218156872 0 
8672.641021919802 5229.927222060538 0 
8010.063949402351 16761590.592669953 11204.302310573861 
8727.70860124494 5218.918816721584 0 
8009.977617995051 44128444.32009513 35476.88319224055 
8806.895138623471 4699.95224301709 0 
8010.079641872717 13358601.990875212 9201.100696794714 
8009.976275161218 34040794.01089359 45754.32489702451 
8009.99197786808 17878562.021236762 37843.990619652 
8200.04649032563 18116.10567838527 15.451650464484917 
8600.361320959157 5659.483470886728 0 
8415.151808735822 7165.168288579199 0 
8553.738100222054 6079.561249466267 0 
8009.9804356642035 33375190.504709244 40165.35467460929 
8009.976022171884 24593193.48609841 47893.30224656929 
8365.779240009639 7669.640824064496 0 
8009.989307937167 61524186.039911285 22840.8967757528 
8009.980567407026 20797654.774026103 41598.76218622323 
8633.19035960799 5366.300856303622 0 
8009.977898996351 26770123.9220335 42566.61065047278 
8010.00729468899 28966218.9173729 15408.33230865024 
8009.988852508492 63810773.59777178 24241.181339265477 
8069.506020970442 51079.306314483794 98.73377845851668 
8009.987383174643 81283266.0798257 26746.07599462894 
8009.976615953733 32601993.097855117 44176.041033333575 
9021.24014713652 4373.184599615918 0 
9284.601932258465 4317.643084848874 0 
8958.243663232237 4441.8748958192145 0 
8965.221515976347 4412.141990209245 0 
8009.9792096487145 34236875.24978855 32337.764029209655 
8009.991730040898 53052750.69281354 20875.979900961578 
8444.648492906874 6828.0084485146335 0 
8010.027466357775 23347371.77134464 12647.88885318246 
8474.438044623821 6660.115540849746 0 
8009.9968400278685 49523285.46406515 19264.18702424863 
8901.874448507859 4666.027704266291 0 
8009.995123980574 54415302.00156031 20015.994027679953 
8338.167139095704 9017.260550961151 0 
8009.989654963285 58909849.32388966 23963.752296271967 
8009.99262198283 30851414.035837397 30011.967561997153 
8010.213385917531 6514887.657004679 5077.798191821578 
8010.627448669377 5209998.999539234 3800.0023520370214 
8166.114825115448 18597.892394317063 15.401501413513307 
8010.0784106176125 13915577.21006805 7234.2578036847735 
8113.9266704939 87641.58400165218 91.12642092684732 
8009.976688986047 37506081.55301869 40549.510907125776 
8010.094816170567 11056129.496868687 7978.864103817857 
8503.666017464104 6620.324543979516 0 
8009.987035936898 84651773.88288079 27467.61797306408 
8245.425346276574 14961.292573777837 7.996365683484644 
8150.844753751036 20787.25431442948 20.934192890944274 
8009.9848560081655 26609533.496859316 30907.79991168346 
8037.407330737333 608892.2407475569 462.44854012877187 
8010.0059660127135 30652889.059703775 16151.682179646024 
8020.391017195607 5885548.8864253815 1537.632977906584 
8010.036943473477 22499711.901667867 12055.150814604855 
8009.978128688034 38378492.176207356 34295.87006784655 
8010.760613565156 4212370.882341762 3498.3650658800834 
8806.246902626617 4729.195915714436 0 
8762.081458374996 4916.583121722022 0 
8010.182422420592 10354843.58701667 6713.3962254498865 
8048.753562410016 92592.42742914872 152.95027974605898 
8010.016405955138 27751572.04002046 13920.009254141652 
8009.976963841216 47205545.871098116 37549.34215267999 
8018.9536603241995 3109657.044072898 2794.136074403445 
8009.987418554991 74781611.20927994 27079.45446677072 
8009.987890211241 57588144.143171914 29005.51019925985 
8009.978654202255 36119127.969601184 33583.38003282172 
8010.017266871266 28236947.11969309 13901.081087130748 
8280.095294008861 12843.672671941771 9.388357273800118 
8009.987051735245 79263401.77627994 27389.886185874013 
8010.001604502279 32411213.240421526 18245.494762557748 
8010.062386928899 17367375.75100784 8502.73037580634 
8010.005844660867 32012595.21966114 16790.69908353142 
8009.975744697476 25507569.44382102 48832.00131579016 
8009.978925011035 35078277.22126581 33116.49499431328 
8313.211571620162 12295.121008611708 9.256120920808991 
8009.978122948875 38302260.75806132 34301.82734029454 
8009.987753940411 58382310.06726961 28929.170734040432 
8009.994395378195 21940285.96655045 27907.826708719742 
8009.990982524246 55717099.39148116 21482.21266249564 
8120.401014663662 31855.834195312793 49.47969796975244 
8020.010253655195 2311450.0250654644 2380.6470498353347 
8009.977109780308 45450443.02944591 36527.75043815996 
8761.4617851709 4945.852896844215 0 
8009.9774529663 46410144.29352478 36490.904314343024 
8262.846688179936 13377.519656107226 8.11948883616885 
8301.95436079784 12868.069551963807 8.138892368494139 
8521.912900739433 6291.170146921843 0 
8009.976959124899 72309950.18069796 37719.01358978952 
8010.197398535365 7597825.3383337315 5988.099521630582 
8010.197097917262 8650073.869132442 5383.662798606506 
8009.997341509294 45030045.069399685 22031.715131865956 
