9403.109137458616 4174.386245569024 0 
8009.975627893871 20556823.193798594 56054.291483416935 
8009.975601145685 27062002.49661703 50665.86231883873 
8010.019907776712 142696031.6478413 15692.532659358618 
8009.984794071768 110118353.35104887 28832.311020159123 
8010.002190607132 137849403.89906693 17129.785659469788 
9079.293348974024 4208.620099085193 0 
9372.468123586881 4180.3720600523375 0 
8009.985151021802 98389441.36393008 28282.125831101912 
8009.975758864705 19165782.054682158 55059.17952164891 
8009.990268816653 66944035.25407846 22883.337626206958 
8009.992717623492 51942382.441787474 20271.861828203353 
8009.986578208056 80035816.58461078 25892.380542445564 
8009.992602495986 63150391.340939246 21156.91245610691 
8009.987697379705 92856870.83472739 24208.767973202397 
8010.199612146736 70768112.35434864 5244.480971010516 
8009.984820845599 89263380.67238076 29148.677546654624 
8009.976994193417 45963612.02872669 36682.99513420607 
8009.9869320747375 76064187.68478861 25060.153413635682 
8475.760992225865 6372.328930136238 0 
8009.986085973562 80017657.50199911 26664.220270621816 
8010.069043665446 15816846.251132643 9662.894001193283 
8009.97647287445 29868015.1324473 46527.15775936724 
8010.196657072327 7932406.617813167 5748.813599417574 
8338.455135800868 8966.84524663385 0 
8880.773328889609 4475.297553748163 0 
9049.481546688505 4246.366377072393 0 
8018.0005564838575 2352071.2732919864 2370.050952530315 
8122.350156906015 682449.4673045308 76.00962410954037 
8009.977110774649 42460016.95844013 34893.56897693787 
8009.987803566519 57821467.9551124 28732.409528533943 
8642.476545513782 5410.863691020845 0 
8009.977006010096 44410928.71045186 36340.07181892717 
8010.091146889771 10454306.06517954 7214.298280431001 
8009.986933803309 74322786.15613066 24497.51595488197 
8010.013575038733 54813789.3948604 16867.21270489652 
8009.977590374992 23708461.78763622 45678.15816543413 
8444.510135241608 6575.703850664198 0 
8016.57386692314 5523919.304636612 4633.9007790520745 
8790.193920414757 4783.856679346969 0 
8012.9806257414975 5603612.788014393 3461.2762316862877 
8533.130278946792 5958.899517456479 0 
8010.060375603554 17802318.063530646 11516.1027997163 
8010.078049188886 12187855.911001893 8723.940390911685 
8019.910215385098 672329.7826920183 943.228496014961 
8947.571997393334 4350.435817146085 0 
8009.976230262665 34476398.49576578 44616.896846014395 
8010.024720286421 22250408.977722935 12476.832614441271 
8386.14731184997 7314.058484213833 0 
8010.064184431405 16547527.017901335 10528.263047988561 
8009.978028414139 40479518.35946629 34767.597012954895 
8305.844085109238 9373.673039392337 0 
8999.812635781125 4282.173140727293 0 
8263.023162632573 13375.232008590297 9.176260838886197 
8009.977279456438 28515532.08440377 42689.89837560022 
8009.976431621279 24913751.14029833 48838.86612443335 
8009.978010099334 30234421.298052095 37763.41538258273 
8721.97601997034 5012.795680490789 0 
8009.9771935377585 28758622.81245676 43887.80469743168 
8009.977435939643 31585932.295879547 38734.851397471735 
8010.023428796545 24769403.829392947 14438.402884380339 
8017.264754428398 3297378.428718422 2986.0985697870333 
8009.979643397063 31017877.209716346 32114.019855849954 
8009.987084368033 20990661.384351313 39666.32067712513 
8404.588976084036 6932.071147534464 0 
8009.998646191074 38943893.033787206 19083.00659997444 
8009.9961122201985 45407479.19939156 21559.941733290834 
8211.918516838668 14900.854593251242 7.818892137639446 
8070.473339643334 64633.6227100463 110.19288777920657 
8009.9777821757025 25678438.325323567 41876.44289596718 
8009.984684880125 26192851.863015514 30804.491659982763 
8009.978615375489 35643418.00956787 33499.90393524411 
8009.979001916475 33312703.188564572 32644.227233587317 
8560.775809060533 5684.159874998293 0 
8009.988439474277 55728068.345981285 27863.217671821512 
8009.975637718195 26782675.43065885 48508.34551903444 
8093.868167270797 43129.22143766597 80.26677325092119 
8010.081310891526 11717597.802901978 8511.594351458325 
8986.046915227662 4283.690913982204 0 
8678.490011501046 5211.323682236484 0 
8010.000851363146 37573698.35267556 18711.911673742532 
8205.207121088404 15337.112537369603 8.029311139339644 
8162.222080124488 19351.21862067788 15.24145052146059 
8010.10160282072 10647919.11337278 6633.886645165401 
8041.4366214396905 184802.65460186562 214.3259155115507 
8867.74871052381 4508.7340279196715 0 
8828.494326948352 4595.865760827374 0 
8600.160964905339 5552.909060895308 0 
8032.658952579355 295686.26890196215 370.4774920714593 
8009.980458432876 21685642.400420308 40658.441535399725 
8692.832508738586 5073.374498656651 0 
8275.02365039884 10157.687194327129 0 
8605.211722179594 5514.158618339898 0 
8010.055525075431 18637005.01928939 13418.705709581303 
8009.984958622284 90923720.88147414 28943.856604961955 
8834.759515127871 4560.848446991356 0 
8009.976547715993 38475323.14025099 40948.886978583636 
8948.152297512655 4336.883989888546 0 
8010.001586906592 32426003.017092712 18031.89999740668 
8009.97811488318 38067856.37354222 33643.468269860605 
