8979.107798057248 5629.508280064655 0 
8009.999116435114 306949790.188003 47285.0890260842 
8009.9946370491125 215823887.411133 49242.15248233875 
8009.993382140563 260915446.87910837 48569.84386729249 
8742.788307439227 5644.942534012095 0 
8010.003601705359 161863169.86361334 37041.07428697003 
8009.999700413534 242313182.75821152 46564.82310779472 
8010.000086790169 224436703.20956323 44046.974786536055 
8010.002650225622 190815114.15216747 39777.5701986406 
8010.00116682035 206382333.23346072 42315.01782863004 
8010.004703279014 151192335.19597042 35776.114470496235 
8010.028045087214 84683817.41184166 24860.022298038693 
8010.0016894212695 192260652.13815305 40076.68344863401 
8010.028119993245 64861463.085811175 23809.212451050156 
8010.010806872713 104371142.3721282 29368.400931997392 
8010.065815239314 30978438.751606066 13743.309844583817 
8010.034825778019 58574392.149009176 22398.67041097875 
8010.013704222563 93520939.20822442 28372.918823629414 
8568.401449132549 6113.976477362329 0 
8640.439814244171 6019.175309496365 0 
8010.007958964745 128971952.36414787 33125.28834898165 
8339.177111124576 8420.428381272111 0 
8010.00706882225 139265934.73170394 34065.923921332156 
8010.010117920933 119284865.89667074 30588.139858361985 
8010.009344839992 109424556.95792167 31068.381302615773 
8010.00525912223 138257673.60609326 34535.23960300123 
8010.115110320339 18970055.40888619 9176.169320584804 
8385.626433224399 8190.561211602693 0 
8010.008184260374 120244686.25105014 32127.56599782159 
8010.061808883458 37874111.41508971 17564.402838224876 
8010.080574836355 28089607.49409357 12684.21259284511 
8010.041909193904 44620368.93619533 19466.009714433385 
8010.016867274386 86310337.66703549 26652.079266074023 
8010.040563553719 51984830.82939121 21153.56572573307 
8695.01591234581 5982.241154238647 0 
8640.439814244171 6019.175309496365 0 
8010.049979403386 96770283.2974141 17616.21705563258 
8010.14165647585 15894090.703555513 8052.099471645708 
8010.008805668131 130275112.42019466 31606.17572310033 
8010.166563923201 14500272.765654907 7209.861246438213 
8010.05473961591 44413402.025224805 16225.2415984367 
8010.029318406117 63457534.85608683 23236.499143872992 
8010.102310834619 22439965.24261814 10125.595194682965 
8010.2417365603305 12670589.358450012 6076.317714039079 
8010.039469910466 51212402.07428671 21190.997752472947 
8010.094023183214 23812756.159651276 11698.497559553274 
8400.276134727934 7899.992177944045 0 
8010.39367341253 6518486.0529281385 4836.681331040978 
8010.088860130092 24986953.751234416 10816.162888603627 
8010.058669467045 41275447.83556865 15100.680046822994 
8010.023512795284 89099053.25781561 26118.09566942324 
8210.069355178188 12987.95406318794 0 
8524.756238898759 6410.9700589666245 0 
8010.605772781068 3911915.745656596 2950.17281690955 
8725.002442062952 5861.556765078729 0 
8194.635251352145 15940.51652782483 10.537491708490478 
8018.383187631212 739353.7172401556 904.3039386029908 
8430.329137292558 7624.326373967045 0 
8010.306320854772 8065436.501145699 5575.294940102402 
8028.611280026529 347670.3770163525 552.0543316238545 
8009.996032458161 215952989.29023358 48914.00423562594 
8316.749711309629 8688.222213008017 0 
8010.027011034341 88325743.16776535 25480.560171771627 
8233.445868110139 11609.2107453795 0 
8086.215600627667 39012.784417700794 83.61366913583811 
8010.747448095866 3079008.209009465 2577.3038842287274 
8013.027093882371 2466630.1503758193 1730.0245225819233 
8695.222364874298 5976.759334852454 0 
8045.394497080066 165187.6740357372 236.30782438267408 
8128.862562491016 34369.770309865235 45.14954314713329 
8102.332324295503 35743.01763695727 48.84693343393269 
8065.046595497724 89309.51674516259 116.30322508707785 
8010.048123053661 42257247.82855897 18571.676535852832 
8506.892670844416 6635.299689250833 0 
8013.278507409812 1620200.0894608467 1387.260615077705 
8114.72752983393 32230.677116037026 49.28157295904316 
8010.4331160224365 9687727.466204293 3980.9666099434353 
8307.108202415173 9043.804825687612 0 
8010.4331160224365 9687727.466204293 3980.9666099434353 
8010.057065223982 42065127.932375036 15296.418749313532 
8148.965282782625 23157.235978382043 31.8825464394779 
8284.495084806213 9315.25422771237 0 
8172.353859327444 17578.598200279466 10.614720042746017 
8072.528715182853 86744.57942403486 125.85381965830516 
8039.779945436149 292577.927628205 323.00737961781886 
8470.652566860519 6996.967658539406 0 
8290.454587190063 9095.619374790364 0 
8567.213899424873 6255.017720827579 0 
8010.044013667437 43347207.887845114 18810.2438873348 
8265.69891089184 10121.613978160713 0 
8168.470803744975 21581.737126215707 60.83946257566038 
8545.835732545993 6381.835800080687 0 
8247.267636730883 10767.315921018975 0 
8545.721586612672 6383.417214713512 0 
8144.136003306165 25862.23847952098 32.510000815310015 
8455.771047953021 7198.166283999435 0 
8436.007078446517 7500.230330633201 0 
8450.400467376516 7329.649745790534 0 
8262.636112319153 10352.886800885903 0 
8733.499829982553 5810.901175128523 0 
