9373.26615134973 4178.413997984887 0 
8009.975457891491 21153498.352182887 56645.038792009174 
8009.98630066397 176783113.46037528 26941.87379463177 
8009.987910465913 100446111.73438506 24094.31830591113 
9317.292917495775 4211.620230208008 0 
9067.8275017627 4214.89082022872 0 
8009.985026776891 87507507.81423144 28400.081731314083 
8010.013305541766 55015997.18713279 16988.063162346774 
8009.987916506714 72275426.90594447 23224.62414285548 
8010.199612146736 70768112.35434864 5244.480971010516 
8009.984890765096 91058381.46206523 29611.908381165405 
8009.975758864705 19165782.054682158 55059.17952164891 
8009.975601241365 27067243.76443937 50685.91048459704 
8018.0005564838575 2352071.2732919864 2370.050952530315 
8009.99268243732 51953836.101023294 20356.26040193464 
8010.078049188886 12187855.911001893 8723.940390911685 
8009.977163026658 45030371.37969654 35736.382916356284 
8867.73478082439 4508.749674072354 0 
8010.064020868938 16552722.648344118 10527.978171284429 
8010.024451946521 22452588.382973008 12597.56104778724 
8916.13494624341 4502.21802525652 0 
8122.350156906015 682449.4673045308 76.00962410954037 
8010.017368207107 31607998.30719551 15694.277413435795 
8016.57386692314 5523919.304636612 4633.9007790520745 
8205.236926012945 15336.455926252384 8.029311139339644 
8009.977195995343 28703677.278401222 42583.550092590274 
8010.008078164525 19000991.489671435 25347.89834463131 
8009.975683578081 26459043.496608485 48547.72704690294 
8010.196657072327 7932406.617813167 5748.813599417574 
8009.976362159735 34009731.77257341 44472.59979843735 
9050.27355522942 4272.515181730185 0 
8560.775809060533 5684.159874998293 0 
8010.060581447 17782730.262648355 11507.10331857184 
8009.97807130785 39683187.759149715 34471.626513152776 
8009.9995681919945 35120151.05623836 18491.558547564517 
8999.593238447509 4282.698406793613 0 
8310.55609595863 9302.002403659666 0 
8019.972600291778 655348.8815534096 853.6105413410943 
8009.977359704171 27213737.014639523 46444.23740934615 
8010.018548300102 27825277.458919004 14060.569378974953 
8474.475486759227 6395.898154314929 0 
8009.97638578341 37859036.61631407 40644.96619685839 
8367.575757811688 7481.383249879755 0 
8009.976976687181 47195544.493076496 36868.58917822856 
8009.977468486792 24586260.80411624 45237.692414061996 
8162.222080124488 19351.21862067788 15.24145052146059 
8338.443214936557 8966.250460857627 0 
8790.170837249228 4784.000670815165 0 
8070.487173080232 90194.29695287446 117.34209889323002 
8009.975645722727 26997614.7915923 50111.42215198066 
8009.998406800659 38955548.4098267 19385.959977166058 
8009.9777821757025 25678438.325323567 41876.44289596718 
8533.130278946792 5958.899517456479 0 
8009.976392711179 31886859.308074888 47527.976020130336 
8010.083675610034 10975145.045877494 7943.82040407499 
8010.069155788954 16786723.548016317 9660.057962639026 
8010.093537856498 10146791.94519481 7004.017508049861 
8009.977527041768 31381355.170837633 38725.211775030984 
8755.021739750278 5010.152533597611 0 
8009.976976110322 52253887.75517743 37202.128210917086 
8009.978142057165 39087040.442283474 33873.191099468495 
8012.980991102477 5603634.964120898 3461.340771338002 
8009.976205403549 41623730.51022567 45065.87104569218 
8009.987084368033 20990661.384351313 39666.32067712513 
8009.980118207439 28888102.622181773 31156.749062252547 
8275.02365039884 10157.687194327129 0 
8678.490011501046 5211.323682236484 0 
8010.000658192497 31975442.366740674 17635.477337739656 
8009.979001916475 33312703.188564572 32644.227233587317 
8042.25618010692 154834.7947126396 237.15009551551512 
8009.97756568176 29821450.835065454 38003.091589635755 
8600.236898783807 5552.458979936467 0 
8070.405882107918 1184064.7254048332 168.25815653619645 
8010.055032891828 18888295.916192718 13641.884355766524 
8829.135289361226 4596.189908122366 0 
8947.571997393334 4350.435817146085 0 
8009.9974106079535 45116515.364265986 21706.597526282138 
8009.975650223787 20261799.03757167 55536.26456850105 
8605.211722179594 5514.158618339898 0 
8009.979691380764 30081277.87024369 31919.942335031854 
8263.023162632573 13375.232008590297 9.176260838886197 
8009.981459470999 26638920.858097754 30280.65911017276 
8009.976994193417 45963612.02872669 36682.99513420607 
8031.204703276209 384082.1611265154 389.9905112991317 
8437.434787461927 6954.841707858718 0 
8642.520602216582 5437.72424191671 0 
8399.069662281754 6973.63825945443 0 
8009.9961122201985 45407479.19939156 21559.941733290834 
8986.239567755672 4327.286028147581 0 
8439.339579960386 6852.049430337171 0 
8010.10160282072 10647919.11337278 6633.886645165401 
8010.002530847178 18901457.07067648 26971.876975767675 
8645.350327618955 5339.357672823749 0 
8009.980821673995 20711466.29894826 40935.63030875401 
8773.35882915141 4914.368349940962 0 
8721.97601997034 5012.795680490789 0 
8835.999803884615 4546.08433377686 0 
8506.98370696492 5993.669723316422 0 
8499.68011118032 6057.453914921971 0 
8398.359445247917 6993.540269531511 0 
