39514.06952776899 55681.99295603274 1.3571231995238882 
8015.413368586508 47600071.018317826 2248.6765886073617 
8015.422493908918 22426163.913478337 2404.4998583712636 
61414.02798628263 56021.87984544707 0 
8014.8902758667355 23613780.33994975 2306.7678129641745 
8015.462350458098 27941451.972566094 2266.918368540274 
8015.51970769506 47153549.87966431 2227.6071324992017 
40758.91728857842 60867.7297944217 0 
8019.64480907191 11681600.613575628 1275.520144622704 
8018.323644607139 7533834.521153121 1644.9205700555622 
8016.036617422835 16867815.70223046 1835.5008187749368 
8024.939535001446 5838851.291021286 1040.7112369521453 
8017.172406607195 8917637.422880126 1361.4402348741428 
8016.036617422835 16867815.70223046 1835.5008187749368 
8047.314363139216 5261297.358137676 1471.1046938899149 
8021.583298968377 13752809.628254134 1180.46776699577 
8029.21324746168 8401409.263953933 938.8422332131886 
8043.969740062296 6309045.205021748 788.0228984835314 
8084.464963831055 7022248.418315668 649.5343397662516 
8021.808627698857 7738361.029119152 1158.3635565524455 
8042.14877123822 9908315.537982576 854.4111412304405 
8041.130750636443 15209971.124664608 860.6257208063846 
24120.675564309793 336980.25038192037 44.64088608156036 
38265.486204258545 65581.9558676396 1.3571231995238882 
8089.778134136259 7185788.260791315 588.7433310674103 
8226.260168160637 2943050.5968141956 392.59118834746073 
8098.152452713097 2698553.0637335423 483.88394887962977 
35619.50199571718 69200.41094370626 0 
22512.01925302909 435121.4917374725 31.892895891340647 
8916.775585789772 2152348.91042611 348.4821908942578 
8084.437250070799 8871814.847400162 697.5327483095614 
8098.512934399152 2592605.2081527645 436.7118543948348 
33633.5922559947 71548.77478121639 0 
9599.399740717772 1374853.2083834857 210.53113686367755 
9526.904697153683 1910296.8118732346 258.12506861650843 
8091.552256250296 3736859.0401530573 549.0201813463359 
11773.542994259213 648657.0485556953 103.78741460784416 
9176.384944426978 1610686.4032347724 300.4287946789067 
8020.401937378999 5526695.433188887 1579.0140133672771 
10124.023442869986 1357749.8424186008 242.20490286877532 
18205.971182168585 575978.3398194141 57.57630513359096 
10423.676808356688 1234388.4990624187 183.8871592986059 
28419.08294214239 88823.07820889776 3.6101019531766934 
17355.691663227233 537536.2148598344 68.85764067208234 
8016.632682787146 8182200.942932591 1547.9356556723367 
35619.50199571718 69200.41094370626 0 
8092.5144915151095 3888711.325163238 540.3568921343336 
25194.396530126785 273102.1447539298 20.351803742252123 
12385.387065664205 706018.4344789225 82.2677279218695 
8063.456388450139 4755039.465151889 731.8579655558326 
8422.059671384686 2294728.1493641324 756.9560397146067 
32149.58021239018 148422.54651553964 2.262906738774709 
30643.097484747974 64486.37905670394 3.401223700589103 
15164.006310258701 580308.2526790119 58.571311432047885 
8543.663154936381 2466191.088155292 378.57216821792326 
11426.44246694486 1050886.390128977 132.0363074176286 
8041.130750636443 15209971.124664608 860.6257208063846 
10771.160644195434 967254.0436373478 148.0228480337542 
11265.10988837719 932635.435397417 164.7767292255939 
9138.50117710156 1746336.1840340076 314.85134779925704 
19086.742897980243 563553.2239079659 46.163886684273834 
21828.71618080903 469406.50855073833 36.24087093390804 
21204.40052189584 426337.7809613766 39.55508716824542 
14055.870862507862 778845.5005144284 64.90010946950972 
25607.393103011094 233878.59385076544 27.22485262788269 
8023.005897914369 4820060.342187471 1513.6820433603968 
14623.828832114448 778866.2273040893 61.36876318439764 
32541.32484401662 141701.7434227341 2.262906738774709 
20460.899620416058 396333.66057527065 44.03218156071318 
16328.339656755936 561341.6389723561 64.54023474085926 
13222.797649984226 730128.7959263865 72.86550791971237 
8023.259157085354 4213895.600799805 1505.6916058786476 
26480.226130087613 152288.85654380938 12.178310334219223 
27503.621991537533 164882.8073002174 10.458360628495628 
29369.06177156458 77214.44937207368 3.401223700589103 
33450.10854482074 131514.28565096416 2.2742417850638983 
19513.66220103959 605173.7475009349 39.01384416593878 
16422.817942882135 540716.1897699367 63.16078491896529 
13065.248160090032 661338.7946201095 78.6160125183534 
27581.641013386143 136250.9345795961 10.352199641997533 
20084.40070751027 464979.66600320005 67.05454509781583 
30309.43804490182 75298.05377613506 3.401223700589103 
40489.59450711202 61826.12476004084 0 
26318.01490104748 157075.29143373572 12.325093674747848 
8020.407818544036 5462067.35916431 1571.7507074590585 
29578.28361343235 75722.8182228929 3.401223700589103 
38517.41999521334 64252.55864836532 0 
39329.299504848066 56072.81022458266 1.3571231995238882 
8023.054221658571 4311792.739259588 1506.3251905251989 
8021.583298968377 13752809.628254134 1180.46776699577 
40579.68013388854 61207.15550324977 0 
8014.799709306444 483456630.27395463 3714.5437730385784 
8041.6794201432995 10489853.297918279 759.3779760816253 
8030.071303900811 12567680.68444388 938.5836043412244 
8016.189024251602 7401561.929308244 1869.5099617633628 
8016.039184310764 16464428.112814477 1841.6794412327915 
8086.114350047099 6167134.457485488 617.3410023395427 
8015.5702904396585 6476099.714012714 1971.740310576591 
8066.208681718512 7441682.602799473 723.778134724822 
27717.570855809492 484637.9820591677 32.58833628062811 
