8478.50827774913 499944.4277531747 155.78029841922776 
5348.068328252494 16155289.669865131 7083.083386668997 
8004.696339935592 491637.3196494218 212.04638045052235 
8106.623073062228 544398.6201265786 113.65405549986279 
5363.504338728657 22315603.126337934 2916.554963568019 
5349.754332577923 19051553.10492497 6185.524530262928 
5350.244142964118 9692477.834983006 5367.498236650477 
5354.700832071887 5900231.444706893 3237.1942812899674 
8159.543674877915 492995.5100501284 163.42482257718694 
5348.395142160186 16015096.708816893 7008.18518715304 
5373.538925347155 7808220.817523691 2514.4739446352464 
5348.15919065799 17349086.231551822 6802.959322381467 
6042.915786562311 6861415.01899443 819.3326555102585 
5629.890337204593 4742026.972913641 1577.814238766176 
5350.2727862756265 11380376.392337052 5114.303440346535 
6989.034941199509 878734.2459432313 410.3999853186986 
5463.818858109442 2870338.9797572107 1920.522760195406 
5516.682555750807 3892572.6652537747 1743.3218100081672 
5367.964896267395 7609449.0551322615 2804.573749806011 
5351.605278183345 11822354.019461602 4861.77583601045 
6164.955503699455 2168802.740484294 869.5060248467196 
7208.244882914554 809771.290197577 362.94366461860903 
5428.6041486850245 3160957.156776921 2055.672526372504 
7455.860329984209 1107311.5780043781 303.13183799175846 
7773.915588092016 1204748.2442261095 227.9816274434586 
6544.153351643687 1260292.9374773873 588.1189155030557 
6891.2541894468595 857708.3067215014 423.9772181189937 
7094.0781288717035 947242.6095146869 398.8262069141475 
5553.788475641487 2795224.3719698368 1668.6295289709647 
6450.513444606928 1293206.6784301666 944.3390189213392 
5375.3034770205395 5108932.341492456 2720.434406843222 
7382.242839376454 742447.6819482978 312.28362189042804 
7680.415238937228 815387.6821599567 279.24620824328974 
5596.851340544483 2348702.521098522 1599.6605422307894 
7251.633810510315 782923.7222058892 394.88296955912267 
6238.636285235529 2089452.0513706177 666.2657061722509 
6108.701689032945 1399017.3795232428 1054.9706349291675 
6205.314205241243 1734534.8616515778 747.2750203569233 
6778.377511021502 1174971.1872675598 453.8243935231091 
5880.64298139776 2652366.0209979955 1084.501050374163 
7571.19451786198 708161.8422450223 395.4412967386311 
5357.134270785699 5795303.575249083 3148.5077972229014 
7828.421386685428 689381.3282427706 264.3358769902268 
6603.212323471765 1445642.44781399 541.9368451955063 
6367.4983952679195 1299670.0911912883 626.5179826849483 
6839.234913332249 1307010.4057309022 439.9529834623175 
5409.53631451223 3969917.8671515626 2186.6934711380572 
7084.181060610616 849025.7146861935 505.89649521615536 
5530.435887298211 3477078.4602317135 1844.423646017953 
5669.029349441709 2132423.5376422703 1530.918847171376 
6718.9668764809585 1127017.1172874244 473.6876201471599 
5375.870745634198 4129564.3436668813 2356.0318428962587 
5374.508294157107 5532979.228450036 2653.6638484732584 
7517.072618144023 749594.4921110233 309.61658702857625 
6330.780561227459 2390742.5408938983 653.1470814846489 
5988.433396350065 1711160.7233640596 1164.0745605713123 
5351.370632654922 9248462.121611608 5076.520985562987 
5363.844010368837 16527816.227939876 2935.6352470951474 
7647.322911088868 669075.841921592 443.43048255892444 
5388.353906556438 3366379.0460205823 2274.5546249962326 
5369.382500992532 5936414.77659976 2565.4580159147745 
6668.373116199451 1149214.2586930357 490.7582271398677 
5937.452556627175 1897831.0784525364 995.7182374222521 
5739.899690631775 2865410.5140902214 1339.3853946137788 
6058.8427720349355 1746237.3077729663 978.2448857363474 
5764.557491432463 2503620.7197373644 1309.6312583055942 
6477.772703278642 1284294.4889338263 645.6525854713709 
5880.210403019974 1696276.3466596657 1216.2218812627498 
6626.078210697633 1200984.6426261733 676.5692506385528 
6001.3441568299895 1567973.277709929 1045.3055514498828 
5387.545381200824 3660871.4156468776 2292.6391337293303 
7895.666517291128 620086.4124965367 152.6441554548682 
7971.897324506666 607099.3485246369 239.30886461646608 
5409.628189812324 2975949.2999161775 2095.6991391062897 
5847.53899201639 1907605.1509710248 1495.543542066572 
5368.08909988786 6680697.824687354 2922.0506920630983 
5362.724635426113 6240377.672256536 2956.3392107468712 
5362.136415236286 6223263.950712707 3004.5562979757647 
7888.988862653985 646480.4799500378 175.94211336083333 
5654.160524471252 3046441.288580141 1462.7532331609832 
5804.399620598405 2163287.5601990707 1283.852087747702 
5941.2481336873825 1527407.9013010222 1384.259504470591 
5366.9363330087435 5414631.020461924 3061.435940086606 
5811.796265183807 2076387.7687272653 1376.4605984209884 
5350.678396980897 14486691.365766263 4955.47017536533 
5377.061542359899 4128694.3175453222 2424.976346822684 
5373.570950980442 5377640.544779324 2803.906160766714 
5374.845814890809 4664925.806191638 2788.108482522938 
5361.587397497515 7641450.695906449 2956.960015491878 
5786.078515920403 2400788.6307859346 1215.1430669444037 
7119.401810543713 979662.0759888788 392.1321314876702 
7183.665295303162 899690.3482198024 371.76942372199346 
5348.701961035375 14244322.66422534 6240.302535858677 
5352.349733105067 7496632.697405463 3872.874433058181 
5348.328436995364 16666483.120152391 6556.834120983798 
7758.143693587547 691356.8880890249 298.34719903293364 
7201.006717398344 818420.879221321 328.74777230795456 
8262.973207210152 520616.3615890068 179.35243138722493 
5370.128937757383 423119710.23794895 3827.0511472661333 
5348.599337782164 16878466.17717634 6817.041514770716 
