9822.082049182789 1443262.051335611 131.891497869932 
8107.6356476640685 692089.4011592675 528.1715427028373 
8046.754888167481 7360496.89469637 920.032057380782 
9631.225325579177 1850791.2984940303 142.38055497352326 
8400.20353215102 732469.0171780463 146.26939887586673 
9693.316750865564 1703923.0647572796 138.63288822773822 
8049.986016293474 2800631.2896030154 867.091745385557 
8119.359375576203 2384378.0949018113 422.92165561397616 
8070.00296212805 1124591.213958338 606.362039938588 
8330.190398213768 696206.1936063468 196.41816364663094 
8050.062784048146 2114678.924365056 907.653989617804 
8392.572562165453 771412.4916886387 154.2819827307739 
8198.095521320021 1613118.020592324 308.0851471046097 
8063.658946894273 3242477.819075462 685.2971163377425 
8124.303949974554 1182173.4175442208 401.4617172872805 
8058.774313577025 2673572.3106177384 736.4635365164756 
9761.965458424173 1348723.8690198953 145.17690414631477 
9765.06624061133 1401311.200956955 133.46795751030442 
8060.744717172094 1948316.3378053647 719.168380811287 
8102.146478172963 2508128.821337126 490.4527312320965 
8053.181105499803 1480221.6063403669 937.284111089905 
8221.385717689005 970405.7488104427 339.8475612014944 
9635.443899666745 1418265.7582815536 139.57656844570226 
8243.920179330938 3119609.9281027466 286.920586176332 
8180.1949789304845 2020742.4993729875 334.77925102102705 
8075.889218853287 2611071.804749286 566.0432922174075 
8165.985955620127 917787.8419322221 366.82665005758156 
8082.669320404893 1157163.3429394623 550.49979196429 
8086.7405831357055 863456.7089717914 510.3579240484877 
8130.810376658488 1112386.3445732188 390.0951728064021 
8116.975751145135 1257795.6719253282 456.29382660496265 
8244.884682982067 1079957.5427183702 321.3347780321261 
8175.711738975675 720823.7956124526 352.41746808440314 
8291.559687245692 796802.8557178092 207.68636236432525 
8141.632294073694 992893.7374092399 372.19592878413243 
8071.0374461017345 862711.7619098927 592.1694977212394 
8144.704888599157 960652.9687569411 357.71144036916246 
8140.169355043401 1085149.3563936017 381.05268537768563 
8067.545514574251 1308020.5247326037 668.142428741319 
8064.091495148784 2419799.676865132 681.5068312424518 
8066.3924826309285 1375155.3706124448 658.3527231740651 
8301.339596058995 818550.8113804697 179.63103066106626 
8077.59880418249 1744567.6985348596 582.0377429601178 
8245.757000197795 973032.0234661435 256.979060477491 
8105.405381967424 1540799.0237365994 486.31723661109896 
8120.615986456329 758616.2178864488 475.32737467197325 
8049.040461697602 1873325.1930501233 911.9614480655019 
8241.134459826455 963254.3176574612 332.90615046639925 
8065.457478529175 1665593.7749975042 729.4484912851565 
8311.878636921183 925438.2608109642 167.33730493061975 
8256.705158390607 887270.4938803021 281.79560536907286 
8249.517448941984 951596.4973804033 273.4889625997831 
8269.01381133047 832144.7004153975 219.83259333743223 
8324.223285666212 874744.5636160643 159.62515236595073 
8115.497618276437 1345148.174467043 438.7457238591406 
8081.283959212173 928714.1514366369 573.8045309536304 
8049.384012239506 2749642.389204064 909.9593000700938 
8251.58090345225 847918.7528867873 324.7012835578894 
8050.076796496514 1563356.7032918194 857.5876629316288 
8114.337352960623 1434971.829975805 448.5346663642765 
8284.2094508429 987970.561067115 181.86401921015482 
8083.324921434195 797403.8978509816 559.8382948707114 
8110.37889293025 1569591.841862623 441.1085805756837 
8050.280269348906 1740422.9456944861 851.4984071399022 
8268.078785968466 886935.3080662244 296.1109171500961 
8284.601839910054 874798.3111432598 172.48094089445436 
8113.736966236167 1263580.5561167388 475.73359878595227 
8066.70540788708 1226886.1377795357 733.9264049236042 
9821.393824941073 1396876.1316924067 132.3653553735721 
8257.097548583632 948090.0205449101 224.39858762370284 
8053.069358821529 1862970.9272320822 806.5248143267909 
8066.421653174031 1974886.9250541334 631.7259408328679 
8143.2750232886665 956359.4188717552 390.01021248457874 
8048.460041320122 2983887.4592599673 936.7714213487318 
8053.699644265457 949610.2243516932 754.0881669772001 
8043.960829416358 3624394.8367697354 1001.4012969282534 
8059.75284022697 1297332.8994216267 739.9756809735661 
8048.7333446829025 3033851.4682574174 905.945371197414 
8267.279812686225 890568.3553372803 260.05158761364794 
8137.999891044495 1109003.5470516682 407.7849376300114 
8061.881529087888 1726152.3899129415 687.2809885393688 
8057.652271605379 1414651.4976644956 738.0319664119854 
8046.311868103663 2032944.6866300802 939.7770988015511 
8048.760861248369 2959028.052193634 931.123380721529 
8297.984268482887 672052.4863332323 210.5502964915213 
8372.534872950375 1301729.277509469 153.57995173075096 
8045.2333187954855 3163129.484547898 987.6761121989925 
8043.442006963676 3761660.140743467 990.480834309698 
8222.94388590164 1148416.4153262465 312.2863824788931 
8247.52103892315 920457.5848512158 318.2830678531835 
8065.6375137070545 4967097.087875414 664.6656905236725 
8046.087283870465 5303647.276148042 964.8980224657251 
8051.306253510815 2213727.3463789024 840.4794233924753 
8055.984808363019 3238455.3762951307 737.8068971763884 
8104.522718055034 912762.6835855315 503.9305127621816 
8081.595939482064 843139.6201702738 595.6889220189394 
8141.56962611448 1065221.439054484 451.7846490656024 
8279.841098020286 745066.1079775281 226.38468798921443 
8338.442772880158 901356.2748379011 165.2779265195692 
8328.324893850375 755167.638749029 214.24996813411963 
