8015.070240171954 193090673.38792998 2541.290242779194 
8316.806487529539 282004.4918534538 57.21915728074529 
8317.538526929031 260222.75137933643 114.11120089348864 
8015.430907975658 14360357.783226212 1644.9476932459581 
8015.25404997562 9839984.143319562 1785.1963130444533 
8175.490789310795 285718.73456397536 211.60768031133094 
8229.257893062068 442094.510623612 203.60914096609164 
8015.660917206815 3755007.2931369916 1532.2160494015188 
8257.440160406455 351716.6471696284 146.13718412057463 
8015.095719428833 13440624.211574938 1709.305448643974 
8015.890154472139 3937580.6780729406 1415.8872483587286 
8303.4530803503 294498.7417460093 65.90010657953181 
8015.563782503976 5244843.995135387 1599.2208096439513 
8172.037502558275 313512.94576510607 309.00823662493224 
8022.584103737168 10744572.136759989 1096.990023869383 
8154.872337139806 342106.32407913095 229.30018303353648 
8316.43252305842 308275.57546598697 65.35303138387101 
8016.715401998006 6028181.4630817175 1263.7590347398962 
8250.699216610876 379450.74422900204 126.92692747083503 
8148.818668222586 374409.2133178016 232.79568927440292 
8016.518424086849 3420842.706537962 1350.833787381317 
8265.909246899722 395655.94682218175 116.38584156032813 
8025.628950483486 1884955.27964394 1043.9671273466568 
8161.617208865157 317560.8698508508 305.894260578505 
8035.695360556761 1457302.0689922 838.2544632886863 
8031.2413514153195 1606924.3534226923 824.9144793661073 
8142.718533910986 370653.7622454124 304.5715864759965 
8016.987999172784 7587866.067203773 1237.8759562992404 
8027.4965287608175 2589745.928599351 916.7608965159088 
8073.935729592429 9396156.927968482 535.6994565315406 
8015.3560911496315 4558178.4614568055 1734.5593254833252 
8049.794898805972 1506625.205147082 686.2268622574767 
8104.503650027037 626508.0831715404 440.674142738926 
8045.991420918591 1096807.573542177 712.7677307644148 
8039.000761602945 1705271.355381823 759.1940981179744 
8121.732968514566 450529.4743249153 285.546004113365 
8078.663704789347 657056.6349408327 627.8136189326577 
8108.6642228902765 915970.6438585867 331.8444502066796 
8160.763340818845 341152.4362118121 315.6384491882107 
8118.462048787842 436603.4138341693 422.90889426387923 
8067.154012710263 2330245.7153055957 563.0225760356427 
8298.472973277 355221.5471474399 79.29754103363322 
8092.642399428321 4014650.0019096257 401.9373758907013 
8023.503046717879 2889585.6483302624 989.4655835119444 
8042.3276488070505 1313095.17860062 744.396443109882 
8115.280268834078 483338.02044811717 457.95563805710043 
8054.508529538734 959713.5154929188 654.7578214783312 
8272.077493697547 427824.6116816575 94.16472384256284 
8039.2706976239215 1495501.9970184274 794.3446712533673 
8019.603048145469 3205752.6390485736 1136.3824312882184 
8070.407061720196 742958.5772188407 552.6914458276975 
8087.670157437105 6590290.821816899 480.55031491469947 
8090.071778238713 5121076.148912106 415.5898411969561 
8128.672442321639 366566.49649298924 392.1192229868002 
8083.578627687908 827529.0546306113 523.746126205345 
8017.595848780576 2778763.2574064066 1185.005165850296 
8062.226078828085 2687628.9698922588 587.7726593753584 
8029.619169229014 1671892.840718849 876.4007374848073 
8140.26481882089 402426.4242103051 240.0761291506955 
8102.875300651821 662245.8533023293 503.05859879294525 
8024.7919424472075 2161434.086633836 966.0791824715398 
8021.63340011274 2291191.692729433 1364.1935838659099 
8059.42166137485 959051.6629832395 677.0438646534194 
8075.3594042792865 718567.1869953898 576.3555369497583 
8045.981202765401 1223905.3952626148 734.2702710842377 
8039.990876111424 1432246.130752224 944.5879271548059 
8283.999795241138 373897.5114497795 100.69089679138605 
8022.975018177997 3134945.3807383357 1025.2091468764752 
8278.156825067166 401762.5893048125 90.80221859993384 
8020.698587085388 6449893.16157474 1108.5929364321796 
8291.58843120033 371469.9237112506 89.34496709234728 
8061.205982243763 2436700.584681522 613.6267368007449 
8130.859165149863 384684.5890516743 254.60427665052052 
8016.2134330788285 4323562.647529585 1408.7470639806154 
8294.428867513963 339542.54919674015 95.1192497270745 
8136.089257777272 409466.0672621324 244.5449889151935 
8101.122367468946 926920.0522812725 361.28608184688824 
8017.556968239081 3035918.6102956687 1201.9552602404387 
8114.093280054267 595930.7751447395 341.58986564464624 
8111.076747682939 639818.7517134994 371.67152723622115 
8287.011368994368 428848.2878102954 88.9727099676649 
8301.255062082135 283424.7866644743 67.45286912122414 
8068.643502398832 996853.1251340553 591.9486543445836 
8017.411639770641 3198914.9572353787 1153.3668477794681 
8247.31754763081 542894.1041854455 152.37280679574064 
8081.708436954246 615996.776743572 534.4925816928369 
8030.094768701407 1502598.1704413015 855.2290629278314 
8099.496197281394 791852.2690282175 372.30249865065696 
8240.485734966196 526691.1822055031 164.7841752094627 
8279.37289401687 399957.18087206525 90.6896195775162 
8245.758732493978 490390.4314140913 162.06053773582653 
8029.610734225523 2046717.7849596373 928.552857962862 
8134.06917185643 421599.6790850129 244.5022552979664 
8236.883058367624 612458.0511341628 150.0294568238795 
8125.449839055116 425726.06366092735 271.3414544311007 
8096.320179004091 963800.0789252883 481.2249293414092 
8242.877066724133 468114.6734306718 182.87624012890893 
8097.670577842294 961597.7764454094 486.7203916464262 
8053.5527236262915 982893.8434712931 641.5314148684834 
8086.0519589600335 3333145.979466346 485.00265066421485 
