5227.037195279337 85246971.15180126 54198.66938852033 
7317.145569005778 223443.84650705493 71.4808442991642 
7397.502843553879 221329.6110121948 72.29847377123504 
7309.698573865258 218957.37278130875 76.00904976771184 
5227.056015008116 68557756.7577273 40525.83871797379 
5227.083760990117 55726824.15694983 35915.15565084851 
5227.039391041636 82920866.25500773 50416.72023117218 
5227.05724283613 64279381.578959614 33086.99560337141 
5227.0515183742655 70642572.9981376 41277.86646540054 
5229.618813261815 10001513.743895108 8236.046183849603 
5232.194429079609 6389364.966550613 6092.309409849049 
5227.044597969215 75060679.96923772 48911.06699824865 
5227.062776802812 60819077.19773948 33022.25471836861 
7168.070130399667 222525.7250836708 77.04820869263855 
5227.04812951491 74054063.43925737 44154.81732626641 
5227.0806434892565 57362770.94592896 35734.42159147036 
6521.665201111418 268305.6078906951 143.9877469525035 
5229.237359346962 23658410.19674737 9958.803175306752 
6670.996534987369 263370.2417773549 128.01875143996216 
6754.040121099066 240675.61362912212 107.03705045732758 
6604.57846477122 267254.2924998389 132.64958265779737 
5227.046748144924 73594094.75987835 45718.81422470585 
5229.321561690411 12506761.79664996 10135.740224139872 
5259.498533117508 8433240.175882442 3676.6673213083764 
5227.660805480114 29757412.680969067 13478.659124452504 
5227.907420661098 18390842.81259149 12305.542867816683 
5305.480211947302 6626409.822337507 1585.7438995140624 
5526.766912322552 1223283.8268853002 633.6043590829175 
7252.873127333309 219905.2533522877 87.37156297072643 
5227.254510271809 44361420.2695252 18856.447527522836 
5617.405126275846 1487881.7807757426 506.9692118270377 
5227.040634742709 78014964.26746047 49414.46606821681 
5227.134491298959 48031269.1929012 23702.86126793266 
6819.281787804481 235728.56563293212 98.27078750967645 
5227.241219257383 40288055.071560964 21466.63079686236 
6452.081964833827 273766.6988161964 156.89071145659847 
6887.643143218736 236961.96807334697 94.57513433154007 
5228.891617884309 15270931.358390804 14507.610735480604 
5227.045940233143 75393233.31683229 44407.29064285597 
5227.38534287864 25731876.818949204 18153.092006143 
5227.258081206403 35686578.881367356 19999.981188518927 
5753.644532522765 489290.4131940807 307.1456589191685 
5227.043007156842 78976226.16619642 45589.70256423648 
5227.064556182227 59816090.841609456 31817.036554226655 
5227.072293549682 58881319.92054045 33857.3272926779 
6244.101034548437 321125.80021562084 211.39632464219636 
5264.69427454511 16465800.90622691 3480.6056643190955 
5229.504775881362 13604680.131454362 8519.323953307272 
5227.1099279110085 45915008.755432576 26508.469768666706 
5227.154183111169 42418928.01183834 26767.67736096619 
6951.217477077171 237307.16498514646 88.88711768439335 
7091.24026629525 223819.95000537633 81.59867158600888 
5227.089502729195 53573548.0035884 27492.36489005986 
5650.678124415434 816472.4781492945 410.84539763705357 
5227.070469125045 59255850.13469254 30896.6918067714 
5227.333284066023 30862239.82301209 16986.67077715244 
5270.616202355886 5344565.158100242 4654.803577864294 
5711.872209359151 507300.395361766 376.6716538921843 
5227.326221908541 32294456.84480134 20451.27223138007 
5227.770362252888 20591306.513864562 14921.96032515903 
6347.235617211905 293453.4799281859 187.36056079860438 
5227.432863501505 22340101.45877629 16806.134665698555 
5280.392824720128 4216363.872747671 5198.455756174635 
5228.009312013512 28290772.741959803 11964.046748904972 
6390.002799054256 278723.75980682217 166.19633299501376 
6283.310499842631 314514.6762621528 200.6120096033657 
5227.052520317937 71984524.77368262 41013.178318547325 
5229.204520947465 13251331.826845078 11548.061870835594 
5292.5972599993465 3894271.4419568465 2913.5758104703973 
7005.193084499822 235324.04065552077 86.57057984051963 
5334.851867913168 9189017.286545081 1205.6738247561814 
5227.192720939192 37329514.151134774 25546.295896671625 
5345.8892346476705 2912679.957930981 1135.8787675885947 
6070.218712709233 380700.99704934214 191.72584075802453 
5966.899083076811 406865.0005685595 217.30273656560624 
5227.087941283095 52152290.388318345 27999.539248466717 
5227.041555755723 80881970.99252734 49205.64046668182 
6146.494859779208 378002.98782191536 177.84284534347978 
5227.039721640749 81829029.64499438 50384.347093536184 
5227.462291835953 19695020.847189307 16253.441171632141 
5279.711744448314 5653802.442550958 2407.286770489619 
5900.6554579399235 434205.94023752416 226.57572917459194 
5487.837821336166 1880540.2269784599 726.5379692987235 
7052.023956522888 224630.1646154846 91.20644392557705 
5832.771865099329 628542.6543924081 262.53719970961856 
5431.5214325128045 2804471.673649295 849.5189483740172 
6162.324698310804 376396.6018764682 176.36055136009523 
5227.19327858615 41430308.400574476 22367.835363070353 
5227.328575309018 34715965.77832864 18014.778514032176 
7359.199467007946 219259.39417942183 73.93119448248086 
5227.120276180225 49401973.87642138 26143.44417566137 
5227.07785995398 58522397.51094133 29462.669945953538 
5227.084239457545 54778491.03884438 28414.4498299027 
5227.184408517857 38730105.7704727 24390.25664837154 
5227.0928871367605 49657933.47784932 29583.425054189167 
5995.076333920191 398235.23028408777 210.55949651020057 
5227.571880158851 37670390.486865304 15538.86589853869 
5397.407432519295 2265422.461673471 1178.7254640011947 
5227.101282108471 50164508.585233085 28558.570788502486 
5881.67347041376 427043.92926369153 228.68372209735915 
