7791.111461385773 587775.0655406058 123.94119963732794 
5227.350276629961 66252914.918979004 19005.696753764005 
6677.232499386534 278540.94974382984 176.62435202669548 
5227.311657713579 39030288.06206186 21032.622405430313 
7935.401723553978 458115.6807569022 139.2974110488901 
5227.345899160919 44349848.296919726 19078.99122746109 
7699.534864526855 582516.8337331007 144.30214321093186 
7053.34357200995 297763.2096150161 166.4995564828622 
7002.702005539308 303590.7899790671 172.46197747606686 
5227.328988041736 40128149.870954655 20067.30415746781 
5236.338618070997 7873370.859712662 4806.84611566692 
6056.153770766689 499458.7381808591 255.6356189395424 
5227.420389225284 34827150.371570565 16515.39182487335 
5929.141254470671 529352.422992962 277.110044808013 
5227.455740724677 32317278.37099319 15411.307041194952 
5227.579534661861 23878852.70854137 17118.235486722035 
5265.83489486542 7131598.936393126 2775.545790949744 
6415.313725022994 330511.38080409745 233.5701656973623 
5298.3973210603435 2131286.9207929494 2195.234929362057 
5231.185247157959 9375364.662988259 6814.342662979409 
5227.336844020298 37957415.58045519 19256.18965547928 
6498.77908543283 318543.2340968335 223.4903408504065 
5227.350495885303 43459974.12339337 19018.971549349324 
5227.538597148153 30309075.991681192 14347.51969552129 
5229.532109971295 11739766.682051215 8949.238915396412 
5227.332842157071 38119922.55279317 19702.336947345444 
5370.613935568915 13457203.044258397 1319.1772572098946 
5227.556917376032 26229198.666093968 17732.045723751955 
7838.403198656652 461688.7400817836 139.25174371566055 
5228.824948464349 13970472.41271348 10276.803436463997 
6258.319705035973 422225.4965539509 270.41217955163404 
6157.9999456663845 435731.9904798424 292.1183624905047 
5870.811660489834 632660.755423019 321.3673648917793 
5799.1884880543585 624499.4847747204 488.8504888289815 
5330.936040760833 4368935.849349812 1473.0921911319838 
5230.2986845173455 8361915.333121289 7555.260168749276 
5490.254168382061 2571428.114382415 977.4080320445385 
5241.0285896141495 3805229.1156057976 4396.29414079668 
5452.520944213702 1493250.834277148 1211.8548725267565 
5689.139814504417 5345873.14207349 438.0687465640683 
5229.710336733724 14270412.584113164 8642.08095223635 
5227.612742532786 21828344.609716974 16204.590443943996 
5233.007250136867 16829748.529391214 5544.716166442152 
5227.675803956394 19928438.23420214 13858.270438032698 
5397.145793426533 6194026.00755638 1057.1923236685905 
5230.211109506207 13691881.547333896 7951.910487305266 
5248.581801173896 5901208.016002166 3854.9603563852197 
6348.641910647124 497618.9725129868 249.08859401260088 
5233.803049556946 16027167.40384163 5284.356838935722 
6592.620293313058 298125.9845840441 188.34843935636724 
5230.131999592057 9078971.882948583 8359.672431177652 
5228.862376395416 12342410.199555181 9514.634211780934 
5338.546466983924 3147622.549640015 1654.0399017425752 
5231.098523336659 8080605.395926941 7244.348110299133 
5228.617432794029 17244645.54626324 10668.795812092674 
6119.443885462779 471971.96734023537 338.5485129634429 
5227.597038161932 29192172.254496418 15760.214336663088 
5651.70827479059 882119.8172393041 517.2118746812289 
5227.618840443044 27813810.946375012 15306.65844162276 
5227.805116969173 19861449.909359224 12740.243373574911 
5232.156317027636 7139626.229590628 6237.962038752525 
5251.3214303659215 7269121.083735317 3293.975535403202 
5227.364329657776 39089852.78626977 18654.75374331614 
5309.76031958525 1718306.1541113006 1992.3982729863556 
5227.485833185016 29868179.634889007 14924.193570793092 
5227.628775894814 26521414.003674526 15049.14757964248 
5228.142953702702 17583323.330730103 11731.439426439983 
5591.847769318575 991875.6448204403 539.606505054167 
5229.037652890637 15349101.128278702 9377.320226053762 
5227.685641406814 19515954.853513937 13498.486335870504 
5228.146018975533 18498414.51099079 11099.93396270644 
5227.841969379429 17913205.494066488 13113.889523368378 
5262.598240971334 7825610.7602762105 2974.0299054180077 
5232.505298095723 8256100.469789503 5887.824550891293 
5229.949902140653 9094980.992515555 9752.704471187208 
5228.692542976045 15288792.790335638 10942.730407056257 
6558.186291413103 301763.9695018046 193.05302509913412 
5415.976030330774 5385740.575344436 823.8003686013382 
6295.686813560088 388092.83660666196 293.0096356382753 
5227.898699448016 29544084.92942553 12387.194135128568 
5255.711968071109 3343845.7353060176 3536.5427994731895 
5729.4660825438905 717358.1718471001 605.0406175214716 
5227.43613012072 33513105.469348103 16143.131733577678 
5228.064609318969 21168979.17522814 12134.90112424548 
5242.396216663172 3485528.2805044805 4169.698192917283 
5227.650670164183 25571047.360694885 14365.493212381089 
5227.379670267821 34772271.62108483 16788.721373983815 
5227.400204951929 34498530.10389119 18276.470796625104 
5231.199560969907 9123206.668904033 6677.194213974005 
5743.833862117539 984999.3937930265 399.75994522002395 
5228.577439591744 18034093.987197958 11458.82618313508 
5228.044695915834 20741501.11827726 12186.058871289666 
5291.0746273016875 3455989.1655210075 1824.546871240473 
5227.563141277245 29948698.804161727 14006.605781671213 
5227.609212718887 27574605.20819986 15397.735187520722 
5228.668303977293 16086121.147058435 11259.45102095584 
5227.573578172877 25216717.406525947 18523.4096710093 
5528.077319024037 1154853.3945274567 782.377501363082 
5227.435336851624 33575063.882380694 15833.054471050975 
5561.156896150248 913259.2323999067 770.7618884297166 
