7126.128423434196 230339.4212188346 77.32111613640889 
5227.093178263191 61879915.70232956 35376.91131125673 
5227.0999635467 55979194.39565076 33674.27633447299 
5227.101495003561 55271015.10237479 29970.959869670187 
6501.50564909475 281711.66549787007 164.28773736381297 
6350.470840629954 307839.8397963935 178.88819966680356 
5227.45119200267 27550066.414854772 16679.85905713781 
6855.217167428796 240168.64135116746 104.14844849145442 
6056.15443489936 386399.9964776348 212.25425001190214 
5238.222769475687 25901316.44577088 4184.414859959819 
5311.188487539285 9078873.718648275 1490.300515010292 
5228.147897414885 16160412.153959857 10933.82821368377 
5247.380741405148 3970516.5352867926 3116.035574292017 
6771.661817759614 241566.36750912893 107.53236827537506 
5227.093697319133 59620828.48177852 35314.251512551826 
5227.985510551529 20375317.771350693 12080.03625755062 
5815.8933509107765 439567.4429357986 275.1699468895542 
7027.114400423168 235358.06004709378 89.39895934630587 
5232.601875017438 11759791.921580108 5246.7396434257125 
5229.07725326489 14822925.343779646 9185.01738131093 
5229.642267760374 13822260.63573028 8370.12166558618 
5228.254056593598 18253153.313093882 10524.565363984906 
5227.111574953253 48427289.591307886 28943.20106941774 
5227.303610311432 30179221.273361027 19263.5779535844 
5227.440682261929 29710942.952854265 15261.042184901522 
5227.094405452397 61171833.89938544 34212.32858362055 
6561.966760617024 266608.55033042136 146.66523853164878 
6169.315963044165 376581.4088694448 243.2319545832482 
5227.139077256552 44628498.866943255 23796.272063854725 
5227.106251953281 50648621.867792174 29268.78297434352 
5227.295528257153 35762172.251638345 18422.793169561694 
5280.500652168985 4640003.382661113 1650.2854250392243 
5227.460755848636 19708659.57936487 17909.25255705802 
6619.01480646315 259464.90962277027 136.64735094572427 
5912.930867785419 464016.7115517332 228.67669986218962 
5228.010726049771 17040105.23293188 13456.399744707272 
6960.141718728657 234781.827163381 95.00613647305929 
5735.021723685186 542025.9636654995 359.4327645596564 
5227.228869255677 33456264.444643684 20773.398866141943 
5336.2229895341525 2195590.620609783 1251.9793701743874 
5227.103794519004 52339788.898793474 29645.484196843623 
5227.538972593079 21528891.975101802 14672.7618867253 
5227.418741291177 22316673.227475695 17468.7781399099 
5227.1082438112435 57446500.45005658 28134.902205810256 
6298.788669574802 333572.4163597326 200.95802167140255 
5227.115218909081 47070300.9847803 28237.25697906485 
5229.450415692354 12439325.986806396 8580.543474971131 
5870.235254300341 595786.1588876067 272.1196186965501 
7107.855959792623 235030.49955520054 85.5504813694279 
5602.138172902551 6061884.155574437 620.9789840723445 
5243.372986552904 5404502.489095317 4474.164171956366 
5227.186058724097 40824525.91947464 24540.776836131852 
5227.457075380506 22883454.977834444 16058.59079287401 
5264.504155191686 4894389.539873914 2455.8295155752853 
5228.527228325704 11833723.90089323 9652.933576934576 
5432.313239548228 1887939.1081949456 891.7518987712443 
5463.474511972329 1420566.7524236455 806.380010089491 
5227.572466459237 17793956.701947637 14069.253285027486 
5227.135808343499 45264136.72866587 25146.4042944337 
6676.617280885912 251880.37882399227 133.12174776628353 
5230.617926888473 7574698.02105988 6232.186365998303 
5227.114798364809 53388196.01597731 27365.14386723044 
5387.942348445377 3498043.0008972236 1032.2420912122045 
5227.110752108511 53649141.284201436 27521.259473947684 
5227.710241913317 17834764.211395044 12888.64864646559 
5231.124101085729 6948994.4538283795 7230.165924708589 
5227.123932330515 46402630.62159863 26278.530130716765 
5227.1649235770565 41288125.91533155 24915.45560037799 
5321.231057908639 3014378.55215018 2256.58971676736 
5227.098635422071 56513327.3965201 34846.21166947712 
5565.376540065194 3404102.558682626 719.164705551057 
5227.233739714135 37098179.48290078 19799.171695827023 
5227.480347104995 20893787.12640814 15486.178759234108 
5507.911607110231 1297245.9907712387 881.6219911199034 
5227.245973208762 31965966.712465584 22436.869264813955 
5227.193837212923 37630163.71303225 23106.280498650627 
5230.286653067129 8815101.382632043 7573.765844850153 
5232.674413476438 6237354.122429464 5533.956591087025 
5982.70251343899 399681.58463981707 210.82683968043884 
5518.6813359361095 1652039.3117971362 799.3749758979999 
5631.241158777158 847381.9519291787 414.76745043029365 
5230.574051186629 7831002.9794804845 6678.361040393582 
6233.352311043686 356696.0266093518 231.07582047482018 
5227.113796932182 49845922.87046867 27989.428229811678 
5227.1494037393895 43162325.3341958 26600.382487889594 
5712.220451639129 485664.85399637633 364.23803980502345 
5982.65126077809 399773.03873707325 210.83902774614188 
5227.3112460566335 31924021.89956251 18727.017538261996 
5389.935429003323 2929502.74139988 920.398536944135 
5227.33995022388 24369906.526272055 21437.897464384496 
5227.184402419793 42840394.153252766 23196.24946786587 
6245.178145154237 337984.39829638414 201.525504222129 
5227.395585209322 24982124.284617595 18742.0308797033 
6173.293762755346 362053.0085035285 241.43362315393648 
6707.18352919921 248544.31286150077 120.91592329215965 
5666.8006274895715 656074.6638551897 359.8055247990834 
5227.343058525102 23316362.477434423 20747.889650960293 
5227.197452000235 49380569.097811766 22257.881190176973 
5227.187075167878 39890630.949483156 23273.03477970155 
5576.88696810145 2491112.2446817937 766.3452217046039 
