5227.161510609191 42934818.74681735 24114.46034620466 
5227.16739741239 45498475.93349578 23298.415530246064 
6991.465062504425 244032.32922332844 110.05893053020095 
5274.019777120949 7964441.615707526 2347.486729837271 
5227.921944546308 25986888.951951757 11733.191394358659 
5227.164120771369 39150556.524721846 23364.510925802286 
5227.206080865257 44023955.040703274 21265.277586209835 
5951.038197093752 421147.9757966526 240.82227682469477 
6443.482928023957 299686.488809308 192.7965926690208 
5230.7618085357735 14118303.335529601 6699.778687992083 
5238.7702733153965 4789327.004166047 4365.832631784709 
5232.046706261634 7204467.930886936 5923.410174914266 
6521.412798915677 269581.4121078519 168.0248813490349 
6928.829432312591 248739.8190053354 117.80071150675529 
6709.6972841337 263031.2626772847 149.33784668115 
6785.221033417865 250267.88251969955 131.5440328504211 
5334.019467221633 1962667.7243915368 1624.8770476802508 
5227.797705783118 18812072.187149025 13216.933109560203 
6049.160185390609 402130.3001393753 226.60125377973893 
5227.457957100473 22180614.197651614 20358.196337944275 
5227.168539804155 37955023.54807432 22745.414631285203 
5784.347415125699 535812.1682764468 333.27041865556765 
5229.635579752188 9617349.172294004 9486.104721629923 
5227.210368349359 37197467.15512133 21750.93435444876 
6653.093867586321 268895.50927905214 156.91880404290708 
5669.226511521712 827509.6816467944 602.9086652438415 
5262.811739353321 3684937.617277764 2811.5018401305842 
5227.1638898884885 41241804.46893839 23803.48387687679 
5227.253205016829 35478327.19371683 19450.36801757396 
5227.236935456817 33091973.354918435 19819.416827517463 
5433.431465358171 1653267.812275958 935.1060987361901 
5227.445885002196 24065475.614484683 20813.030049195255 
5227.377193802233 28611027.254182186 22589.306717754163 
5227.664108500186 19745286.874767866 13680.181893692941 
5227.535601277143 21246330.23463418 14710.29009236141 
5227.493051564731 21192762.044375505 15377.359562912745 
5227.403428007142 24350241.477056563 21106.756348450006 
5227.19782880122 34455341.94583254 21869.86462260079 
5360.433810910086 3034512.282425381 1172.247260318819 
5227.260754217068 36010182.8529328 18487.1598665813 
5227.301109223667 31866448.48239149 18782.94019455946 
5227.161953430454 40829120.50078234 23848.850708613154 
5238.740271475263 5508231.373159345 4807.717750187898 
5843.281253634901 662159.2547488927 276.03533662321877 
5227.382494523081 28143525.272586793 20581.014954720977 
5227.617798033885 19879833.553451665 14124.53416552995 
5406.605698622824 1846250.1558525986 1041.7753878414828 
6382.611928252922 323955.8322430808 213.38528910843476 
5296.776676962057 2688551.7557869796 1376.591540761921 
5227.831964530405 26833522.66863142 12349.191361032099 
5227.3468289641805 31329240.47134146 17421.790827549972 
5228.725335105408 11878036.413872248 10719.84487808931 
5227.3125337670535 30433439.46985405 18255.847052049536 
5245.0041635252355 3924456.356716783 3364.004049510386 
5228.622758028525 15345998.862895917 9783.67508489666 
5228.691135471668 12963180.622147325 8829.702862806302 
5240.6760770562205 3024265.5498969955 3732.8488228681167 
6199.566335962836 359249.24899080076 248.03411428291565 
5228.320561939121 16125710.125246914 10229.078928371251 
5233.727625135084 5702198.284651609 5217.92535128222 
5227.454496554304 24096303.588257976 16006.448297956418 
6857.126835788465 246725.4270746391 126.06407970832102 
5228.033971267375 16747260.740718782 11114.750602869542 
5584.638037385603 1147369.9476915356 666.9519541967697 
5227.3489101803825 32217143.873131834 16674.325563796163 
5233.528939482897 6162996.763614825 5595.130544683353 
6279.2384640326745 347474.3430975637 252.6522049072869 
5228.479402128115 12739351.664348938 12518.43425348853 
5229.578670915807 10301576.03471076 9782.872619349071 
5228.86417296358 11166343.638818128 7761.853191354697 
5620.138205788441 1166669.989581112 454.29157607528464 
6237.8623421235625 351464.4890774209 228.05784464929928 
5227.488412625726 20940086.935973004 16454.837260679036 
6078.990752331988 396199.2363870373 222.93680688382867 
5227.235222275618 34994180.14470277 20148.105492991428 
5492.053833271661 1261850.174581419 715.7426901380832 
5229.471282603902 11164339.662117396 12183.5183360976 
5227.8437345586535 17805441.22151994 12910.333671468044 
6590.985588577669 269883.0953823128 162.37616802477348 
5603.302503023545 15662875.30097825 569.1510941379822 
5730.437621311759 506058.2824305566 402.43913710298153 
5908.147834361431 502525.31629697094 272.2736293098733 
5227.331150771835 33836911.07916911 17118.18731872209 
5880.505701737606 592119.358852888 279.4605231694515 
5484.488637327084 1523071.762477518 1126.2269020140882 
6148.268163773356 367503.53777167195 269.6974248562321 
6839.851910587427 248297.0144284732 129.12337619889237 
5227.384447840431 29744706.378606193 16973.10697994225 
5246.540729544868 2714774.716683435 3118.7770886198937 
5230.52288006541 8346065.764169482 8351.137621549422 
6128.869639230388 380279.5729013906 278.1476638337583 
5230.57963076229 7521906.25637451 6764.5909601893145 
6577.412612147747 269806.3050492703 163.760110929463 
5230.557699635163 11336064.382466946 7247.559253225776 
5530.806507841096 1516297.4421604502 650.47185810824 
5229.83767300696 9003262.02433725 8438.128633937868 
5227.487155994357 20374088.652255654 18015.806180857286 
5714.532578711817 657552.402411077 409.5792051290298 
5227.334069982424 29358169.746389717 17824.82944585833 
6346.892619238163 332783.24327896483 221.46749124932754 
