7126.172630004894 230345.80445552044 78.33660933939517 
5227.094405452397 61171833.89938544 34212.32858362055 
5227.0900692475225 59939695.21597995 35370.22105566711 
5227.101495003561 55271015.10237479 29970.959869670187 
6056.15443489936 386399.9964776348 212.25425001190214 
6173.293762755346 362053.0085035285 241.43362315393648 
5227.295528257153 35762172.251638345 18422.793169561694 
5227.1082438112435 57446500.45005658 28134.902205810256 
5238.222769475687 25901316.44577088 4184.414859959819 
6350.444659397794 307837.17174073827 178.87981057307994 
5227.252274996328 32290793.24357477 22253.68414576852 
5232.601875017438 11759791.921580108 5246.7396434257125 
5247.380741405148 3970516.5352867926 3116.035574292017 
5311.188487539285 9078873.718648275 1490.300515010292 
6461.4566636530835 287533.23081085325 162.26910597377068 
6771.661817759614 241566.36750912893 107.53236827537506 
5227.228869255677 33456264.444643684 20773.398866141943 
5387.924016318574 3531203.5910106846 1031.9818525112464 
5227.093751150982 59548226.81049903 34839.51244388272 
5228.147897414885 16160412.153959857 10933.82821368377 
5227.303534316612 30175470.461175285 19263.24829430035 
5264.504155191686 4894389.539873914 2455.8295155752853 
5280.500652168985 4640003.382661113 1650.2854250392243 
5227.123932330515 46402630.62159863 26278.530130716765 
6233.352311043686 356696.0266093518 231.07582047482018 
5227.588063001238 28600995.5023262 14016.796749903784 
5228.254056593598 18253153.313093882 10524.565363984906 
6855.248741908944 240190.30634722646 104.16731659597411 
5227.1494037393895 43162325.3341958 26600.382487889594 
5229.07725326489 14822925.343779646 9185.01738131093 
5229.642267760374 13822260.63573028 8370.12166558618 
5227.107650788596 49990055.13227548 29288.336570894968 
5336.2229895341525 2195590.620609783 1251.9793701743874 
5232.674413476438 6237354.122429464 5533.956591087025 
5228.010726049771 17040105.23293188 13456.399744707272 
5815.8933509107765 439567.4429357986 275.1699468895542 
5227.23366409561 37094446.22833256 19798.84844538067 
5235.56977819258 5214008.733295952 4268.69728225091 
6501.50564909475 281711.66549787007 164.28773736381297 
5912.930867785419 464016.7115517332 228.67669986218962 
6561.997811413073 266629.3679236088 146.6845815628154 
5870.235254300341 595786.1588876067 272.1196186965501 
5571.272621861738 1938107.2260168544 626.8585318314466 
5227.111574953253 48427289.591307886 28943.20106941774 
7077.977266025227 234224.39455455384 84.37657950633904 
6707.18352919921 248544.31286150077 120.91592329215965 
5227.129005613633 44556254.84986663 26017.020897942 
5227.17364383867 41393679.82373947 22720.55879329731 
5228.527228325704 11833723.90089323 9652.933576934576 
5227.106072612897 51387667.19842203 29546.228368357464 
5503.521510026564 1205954.3513661723 680.5524645156381 
5230.617087102636 7784903.494933231 6240.070243220844 
5432.313239548228 1887939.1081949456 891.7518987712443 
5227.22920503706 43521320.48368459 20432.280653673075 
5227.114798364809 53388196.01597731 27365.14386723044 
6676.617280885912 251880.37882399227 133.12174776628353 
5666.8006274895715 656074.6638551897 359.8055247990834 
5227.709903514109 17854861.707520165 12919.605077380564 
7027.114400423168 235358.06004709378 89.39895934630587 
5982.70251343899 399681.58463981707 210.82683968043884 
5767.529299981588 555054.5205904447 354.2468995147014 
5227.09776287899 55603734.830951996 29967.814609727662 
5227.103794519004 52339788.898793474 29645.484196843623 
5227.457075380506 22883454.977834444 16058.59079287401 
5227.109993170132 48775992.037713334 28486.644293908932 
5227.135808343499 45264136.72866587 25146.4042944337 
5227.39552552861 24967388.46401053 18740.428648647612 
5227.437876315511 19514209.31338659 17439.385274910772 
5231.124101085729 6948994.4538283795 7230.165924708589 
5227.164869425221 41273942.29416185 24915.595688817728 
5227.480347104995 20893787.12640814 15486.178759234108 
5321.103633426355 2844416.272536548 1155.623746154057 
5229.321417333372 12876465.78591142 8863.489096524887 
5227.20182341042 37061639.323935345 24497.342719441393 
5228.105507154878 21583036.2853714 11814.199568011723 
6619.01480646315 259464.90962277027 136.64735094572427 
6953.40027466823 236135.4846520188 98.28080426457312 
5227.104505179117 54114337.67947184 28799.834119228908 
5227.187578143964 39781799.99710945 23358.484111450467 
5227.442385561717 21978058.468815785 17202.96939790253 
5712.220451639129 485664.85399637633 364.23803980502345 
5227.308611888512 28767615.32324408 17571.956056242543 
5227.200131821957 39972837.09069967 22595.676564017394 
5970.322947967946 411018.30553757615 221.07537798443155 
5227.199023474347 45355392.57946689 21182.840749814222 
5227.431311257585 25524060.286158044 16476.282608473943 
5227.440682261929 29710942.952854265 15261.042184901522 
5230.286653067129 8815101.382632043 7573.765844850153 
5631.241158777158 847381.9519291787 414.76745043029365 
5227.434103322505 23438835.1029804 16411.759461425932 
5227.339894300284 24355241.008366536 21436.29123150337 
5227.180979551718 39069330.51938341 23588.128571987643 
6296.597834955833 324713.94186837453 202.8211718885265 
5227.110752108511 53649141.284201436 27521.259473947684 
6910.901320393262 234481.94860749962 98.48905740959789 
5227.538972593079 21528891.975101802 14672.7618867253 
5589.356714419033 1616453.9889535299 584.0702120200897 
5227.985510551529 20375317.771350693 12080.03625755062 
5613.111610805891 1018877.7569507346 450.98880384005184 
5227.532213236332 29310915.140149347 14494.29657365779 
