5227.206866297254 43997030.2464405 21244.594575346266 
6985.459706096042 246668.4919753976 113.81875746640027 
5227.165132546819 41409400.32778389 24549.16341660757 
6838.364682470072 250830.30000297085 132.8011036283005 
6346.8680621029 332780.88058085943 221.45889975094008 
5227.2270434425445 42181630.08198664 20016.167121773327 
5227.55455545591 28011965.688720316 14375.773925545567 
5227.437515111227 20888687.93997092 17693.43872822275 
5227.255862620034 34051572.67151259 20574.294689788163 
6431.039484387308 301604.9010308857 199.15197636663277 
5227.530880918008 30089939.17379299 14810.81144036464 
5227.171653751265 38489185.762953326 22932.20009768774 
5244.381532059349 4498208.89022426 3652.829960564718 
5264.024779141959 3397956.29428336 2621.570681884025 
5227.500235452026 22706937.92665673 15740.699590089394 
5227.199792195978 35076827.06802274 22301.560460682285 
5280.90243672862 2102078.7686870703 1542.7170915797476 
5227.328598456564 32449007.371814236 16601.55225220152 
5530.806507841096 1516297.4421604502 650.47185810824 
5228.275004984504 14679653.786699142 12895.091582238014 
5227.1669726395285 39312870.02991049 23868.865102167823 
5228.86417296358 11166343.638818128 7761.853191354697 
6666.832605298067 279071.8290420532 158.04010045443752 
5227.3468289641805 31329240.47134146 17421.790827549972 
5227.264840236905 40535719.31706565 18597.541126686152 
5433.232791716584 1661582.519455702 934.6345619503976 
5730.453370758859 505993.55649624666 402.43819166662865 
5786.606828356667 536223.8473239391 328.44758413734974 
5609.079905979378 1330399.7423138816 628.9239216753997 
5228.043162046389 25174699.645069882 11204.654390955626 
5228.043469570379 17893151.530017205 12109.914632208003 
6943.840876661682 249945.42415028778 121.57862076163502 
5227.185775325889 37710406.675557554 21819.70532482453 
5331.7714389563835 2760980.7519670837 1087.3094781997627 
5239.21169823661 6402555.7156219445 4353.75590812821 
5227.443209940289 29444934.620850794 15518.896672173192 
5227.227631348322 36434314.165241465 19308.489731816506 
5233.139657124772 6884365.734356173 5257.776518642671 
5229.634986379099 9377714.061430475 9500.984673952002 
6034.593677535763 465671.9660273687 247.64942504673022 
6253.425263361777 351660.8103598268 233.7450123500738 
6761.227218598507 253290.99927409342 132.18953774280286 
5227.170738159474 38909571.702378854 23602.879572291753 
5393.554032630953 1945016.567604728 879.6636315625097 
5296.778722467533 2689571.497963336 1376.5769509578972 
6072.6235228124915 398216.7256334311 224.25796928396554 
5230.84477307148 10668447.8116404 6776.966693577152 
5227.454677324507 24055800.272025406 15986.943547451614 
5227.915894357422 16816994.15957497 12423.812773047377 
5228.725335105408 11878036.413872248 10719.84487808931 
6488.3894351442605 295527.3691012733 194.9251869153724 
5833.861295735841 520469.17771251185 297.377670588826 
5228.754626383357 12381699.37885336 8559.709704663721 
5227.6642448032035 19095167.43409379 13673.692929768247 
6521.412798915677 269581.4121078519 168.0248813490349 
5971.41001681357 476206.77989252197 241.89730927093015 
6590.985588577669 269883.0953823128 162.37616802477348 
5366.637997365055 2261120.019517663 929.510442613299 
5677.027357841268 671608.2291838641 471.1252300382569 
5232.4088973796615 8135532.488741686 6107.388780954651 
5227.731754410257 19524445.1117261 13287.786972704958 
5230.696026475583 7679122.217603493 7141.855777306585 
5238.739873798332 5446468.417152756 4790.625015205543 
5227.782887945614 29046564.853964143 13165.379753990583 
5484.488637327084 1523071.762477518 1126.2269020140882 
5875.735629973722 507879.7105589966 287.56868258204315 
5492.053833271661 1261850.174581419 715.7426901380832 
5229.38497284123 10097092.108324388 9201.868511199424 
5227.920316535774 25970567.33539866 11777.715853291451 
5232.481682609532 7369178.74969555 5740.556725872123 
5228.225606592425 18525817.399979275 10448.44591070287 
5227.381707002007 30974570.90915606 16353.107649077929 
5228.704484929694 13424726.093311915 9032.25273870357 
5246.544364140211 2711338.8073902735 3118.790804308666 
6128.869639230388 380279.5729013906 278.1476638337583 
5632.774123063206 828434.8910041426 451.5319670978182 
5227.221692631751 41788844.13035801 20983.199617074257 
5228.037936067018 27032893.832202516 11735.071888126799 
5227.956223902103 15556689.343338963 13375.731260501725 
5227.253690316795 35823138.50836495 19013.137207068907 
5229.966138715658 9462202.605205465 7541.573243378301 
5227.894929627545 27227912.24941112 12438.07087006811 
6709.570276632545 270628.7649422173 152.76797661022422 
5227.4961374606355 23500134.87420015 15973.452463884261 
5227.988831606632 13621228.134307612 13513.968240167409 
6148.268163773356 367503.53777167195 269.6974248562321 
5227.250245163082 40293457.079619884 19110.66067429749 
5917.33819409927 498281.7853245674 273.99631785334174 
5228.254108611969 16137436.43899749 10574.850407127302 
5262.868522694243 3723505.4441950335 2815.190613460667 
5236.878893648548 5861703.73541813 5943.5628042035 
6577.412612147747 269806.3050492703 163.760110929463 
5227.3268242356135 37074973.82457821 17879.167634414516 
5228.540116402336 12714891.77700362 9963.481914167493 
5227.276733076953 32265319.84562023 17977.2234570493 
5227.375002916431 25640930.35651301 22024.649478979296 
5233.516426228554 5385968.646987942 6210.134521979353 
5663.769666698689 816477.9102903587 604.7876088398382 
5231.168328586911 6433821.621779577 6419.808328787611 
5259.770083656238 4287192.454015832 2699.0840001600054 
