9270.192675151244 594186.705840928 189.10741300604838 
7909.698120202798 597647.8235290968 138.41456192542537 
5227.591596612788 50205561.838725954 16706.351632617563 
5227.56391253706 42123484.31772039 16814.987706615648 
6322.7831989921615 593163.6046257644 347.8961734276686 
7468.826327785049 1112421.0685849225 287.56427411920896 
6379.27940255188 617172.2144579551 335.35576903052123 
5227.595475171954 45298476.234148026 16294.108781883595 
5877.481904405399 806020.861909284 557.3514750592504 
5227.600850243298 43524969.39957577 15864.527260712342 
5227.852635935546 31985129.432211064 13516.116282407245 
5227.722823285472 35049688.64191547 15091.449760082145 
5228.278102634797 28174471.376008026 10775.537554857665 
6099.820378160708 797824.3942380052 552.1392431860496 
5229.26830930466 16078588.656299222 8822.795670327867 
5229.377498458177 14928556.245784933 8484.828888885757 
5227.871366663222 30127574.337628618 13598.272715162628 
5255.995221812518 6960508.543323399 3045.4007580757857 
5428.475095676632 1838797.4558956346 1449.5815012543421 
5227.612175339177 42737253.378198065 15641.314444371015 
5228.1279587463705 23451602.503206175 12429.594612633255 
5229.5461230416895 14284293.294289408 9164.9399990274 
5731.556516630418 736908.2639646365 564.8980858119265 
5227.6324839447925 37469151.93400556 15283.788148807507 
5227.603001110536 39392506.72114119 16609.15092430044 
5228.03386280219 21441309.677946754 12852.404217075658 
5233.098849475485 11584366.325935991 5695.291973030485 
5227.910503414793 26705407.537444353 13197.68283053016 
5242.298721086266 5183626.921202066 3806.966901447587 
5227.932831230921 20631501.24268667 13879.851827113509 
5227.605658282849 40263467.32158641 16444.338759517057 
5228.52015189136 18473117.65925385 10015.890802424068 
5241.9356964519675 4610545.78396708 4486.945260545319 
5228.091207805575 17801251.67578975 12545.59047977049 
5524.321616230512 1398770.748699428 1491.4133099031874 
5232.234878870551 10626616.20813455 7041.936642516599 
6199.859353396856 1164548.2786053498 529.9987251840682 
5228.756131429671 16865599.719122957 11618.649850280708 
5584.906297097878 3962660.232464115 1021.0310206684279 
5230.450882598678 9469549.42884348 8060.896167591507 
5232.469836815225 11571044.738843182 5946.514948826103 
5228.237675331567 35272010.525362164 11976.811783379948 
5231.174713074098 8554397.481231932 7714.03189415319 
5227.925504626046 22165192.46943781 14168.073311808934 
5227.644837397905 41042888.78782502 15112.62495185382 
5230.418153959376 10187297.004261421 8182.732072279087 
5240.6410326439345 5791397.179414216 4841.813104087676 
5228.161108875811 20260519.92272939 12118.996050936663 
5233.910689803239 8190508.154570139 5352.993667013768 
5228.425146586134 22348822.17726015 10289.456223729896 
5231.635325646759 11105503.814670913 6830.5926491253995 
5262.741012329621 3869914.9596213177 3476.7859752938607 
5228.942129047434 15559264.256471533 11571.841778372323 
5228.0899454933415 26118074.168739248 12311.52102944793 
6321.070400694655 782742.2747543843 435.3713959071369 
5228.407343197719 19204599.407877408 10480.677774709591 
5682.628726596852 2799034.300019742 655.9923143713978 
5228.247670269245 25039472.111116648 11121.468781701764 
5230.340069019285 12489418.375638869 9594.10736368233 
5228.357320992558 19423434.2875542 10851.890552881481 
5227.848091316504 31761197.581371415 13600.859458009949 
5228.395711165237 24503505.809344027 10432.888399409792 
5279.644304661857 6533611.78879707 2110.933832595437 
5227.865682161551 30959341.34639551 13244.356710973818 
5233.690309242345 6851563.868421719 6295.306593681793 
5228.434927266597 17199838.424101684 10771.58573295395 
5230.525891815526 9687872.099772027 7794.017183092672 
5636.252533433262 2314535.060253973 724.722844067281 
6147.934467638503 1205599.0428845105 483.91345150917766 
5228.267333642245 25410521.463502243 11054.15845071216 
5240.933747275703 6068408.262441514 4130.416131403263 
5360.810315541497 3228208.224166331 1306.220437364514 
5229.665444282053 13442469.795117777 9768.160739833049 
5262.696636950741 4334192.307693168 2573.9613071615236 
5608.722266584718 2906155.357564855 761.5191210979084 
5231.204744790382 12601973.617504567 7335.592404915675 
5227.6589846435 35809755.32910751 14767.432389423268 
5258.068223958445 4801057.309017898 3349.0264102668616 
5231.5250154852665 7806732.081602784 7426.058877506906 
5515.678130761403 5632511.2076927535 1161.8338176897337 
5227.749208860289 39395693.537795655 14650.352932302065 
5296.081840965645 3043528.6945131724 1798.2270976081827 
5291.478855677328 2498657.561541894 1824.184875422498 
5227.65713032378 36516136.610915735 14908.563149455133 
5227.6132673106185 36907945.695992306 15352.10818336671 
5244.152142667105 4748799.904326757 4133.081383330945 
5270.847141163372 2416978.334487764 2295.7123160636866 
5230.40459269882 13008640.489461973 9359.565186247619 
5310.291201092869 4957459.9605310615 1380.642242720061 
5227.888640323131 26460340.23700432 13262.876715301705 
5233.120284910097 7521227.159059057 6504.595656169953 
5377.3877362226285 2804341.1736444533 1194.2327492650945 
5227.792476622716 24740467.198777042 14423.346799069464 
5232.198504928299 15549419.350941267 6672.474189993693 
5262.696636950741 4334192.307693168 2573.9613071615236 
5227.951559471745 22237884.935703985 12937.708801888673 
5234.584105679233 6616152.313244147 5039.625552427348 
5228.425703228976 20516633.050686218 10150.285921332495 
5518.5476847379805 3406150.315642473 1104.7323830738396 
5227.807270249102 36656414.4191736 14361.485986756035 
