7815.507538610436 513557.3917449849 116.99227194284815 
6948.6622862279455 269376.5603213233 165.17797334929844 
5227.22286552804 43731225.63562101 21332.260643915335 
5227.199893167099 40309297.40582255 22766.2512060741 
7064.75847225873 270659.3879451676 154.36496180692063 
7562.215587230261 542937.6693900792 152.58976729439857 
5227.645616759884 28048055.78367714 14421.938980803108 
5227.441544094271 31525217.17900826 16155.614717549419 
5227.285696097779 40719151.90295302 18256.14365109022 
5838.1109266915055 472186.0447896343 307.4940307315038 
5228.465625343542 16134425.234763952 11067.81412049075 
5227.306355967106 43537904.31204145 17647.281314508557 
5229.726224684299 12433657.133988714 10386.32909832171 
5227.393084029497 26143430.55724403 20872.10006550891 
5227.98454038861 15271357.68204606 13346.699690544225 
5228.161084365514 15018068.39118797 12217.81991312472 
7656.470884443683 530475.7491568594 126.93980864072375 
6162.331001724338 384247.3398412853 284.9328786272869 
5232.805776201575 10029801.018778577 5619.91862003889 
6023.765358366533 491708.99445090425 270.9736608631531 
5227.311066512249 33145515.69351115 17592.102456142547 
5227.623337048727 18499553.732280184 14524.021984363486 
5315.636542476279 1925972.3928778763 1099.5347441981612 
5228.790464774158 13765880.384008378 9146.609616426807 
5227.445502687969 24167484.866008773 17207.261255865535 
6427.941416492277 308535.8352852814 212.09385359083592 
5227.426919995891 34289111.02013731 16847.15261935657 
6791.762388181857 273233.61978895357 160.40926785841512 
5431.024272154401 1635065.929891006 851.4317118236127 
5232.109575166099 7166065.3145990595 6210.112938692848 
6251.281716247456 435916.843736556 278.7050365970709 
5227.255786321208 36669988.41544965 19327.067413388162 
5228.079098404881 17376385.2271253 11488.67094851298 
5623.9833533420315 1054027.865714022 727.3970597917996 
5233.329998331079 5216076.263089966 5145.084747885245 
6934.591441446535 271129.05987337447 166.66984171104437 
5271.8760571946905 5893460.60400386 2154.2757976790745 
5229.750098779331 9129297.142150203 8084.666230884764 
5227.211340809359 38353456.16119969 21458.487789035822 
6552.566242390255 290712.89528445894 195.1425861040567 
5239.75346993927 7872910.662411476 4524.629234105989 
5228.086875407555 15438630.351900216 12677.199077872827 
5228.977741767975 12728932.303223798 8551.90342516145 
5240.854015887451 3453340.4053007644 3992.0566453660417 
5227.223617335086 39143538.56619286 21145.265008123846 
5229.936550239208 11264242.451994684 7749.261291927063 
5540.954797609843 1711619.6182858944 500.5871191460492 
6062.595823401269 497343.23197009636 255.64668689055551 
6324.6322387591135 354331.360675382 258.6634031907081 
5719.526725440947 702635.894508573 423.8385477522314 
5481.541594423379 2098132.3661559285 743.8380787429659 
5227.618590180686 19642823.85149375 14841.688409164613 
5227.444174213265 30390659.322866216 15921.681526498509 
5252.983527882106 6379899.25238007 3144.5579639341468 
5301.363350257285 2522529.6886113556 1375.7901415030744 
5228.582974847924 23032043.934803724 9679.469907382947 
5227.4143645024615 25864591.264846954 20214.987852621936 
5574.199087102297 1316474.2414771453 722.2190281975958 
5228.750556493406 13300294.774462307 9980.416639116043 
5227.49358271145 20893291.158413053 15746.185119820384 
5258.680203885545 4413129.682607399 2575.044774378045 
5230.254053015138 10343064.660615895 6950.476257904445 
5227.379073956994 39989609.02117198 16570.926001155265 
5227.5795675265845 21691366.612583194 15563.599374102861 
5281.462322381058 1936826.6033943412 1594.9924657760125 
5227.285342719925 35267783.32955282 19785.247494688247 
6682.694698872144 271650.70270080684 176.83547643735048 
6992.853170070245 280496.40201793803 158.01626788810003 
5227.4738689459755 25268210.655224778 16809.06936358188 
5232.453829102053 5908525.093845005 6486.705050785624 
5251.746001809088 6706412.866617976 3553.758844763573 
5227.458440974695 22876748.157068904 17906.59694216856 
5227.200920518342 40339640.895046555 22073.99811649341 
5227.272862411917 35333768.80572347 18641.01667043567 
5698.312522471355 681447.6169859951 439.77143090012106 
5267.978997274382 4246055.143302266 2835.397358758674 
6763.59378825229 273064.10972332396 162.6860548137422 
5227.869970664719 20120785.84775997 13082.308301259567 
5227.40305516955 28711187.221787706 19448.726438317393 
5227.261037915241 35676465.39195898 20917.519099770892 
6646.741708188365 275994.13693179446 180.98914000230573 
5227.583963881312 22318651.639344573 15386.289099688242 
6386.6721902557765 382436.96615191334 207.84880274177007 
5230.467251176028 8620325.007238757 8316.18279953075 
5227.451334529445 23479295.142305385 18286.4345898693 
5227.310057680514 37814068.13087074 17475.776370472362 
7616.946525825408 551043.3938852337 146.3711857678494 
5806.578112285042 601300.1953385879 375.65790951698847 
5227.540700055384 30045595.257768966 14859.501779441427 
5448.646777390993 1417461.4396351164 919.0643235768861 
5240.222371374316 4913957.116712514 4390.480268300376 
6577.55830112279 289004.6437999923 193.76017550790192 
5256.648997977588 5358610.45265542 3622.556959049406 
5240.28767352835 3879879.6794060674 4102.20049361545 
5229.302360718796 10853501.326290093 11356.911945160422 
5227.201768361436 40220206.13819099 22001.322481963532 
5228.30802869476 15316313.713525908 11660.633776746881 
5230.699639274323 8145466.466449017 7567.178036370291 
5227.546914917641 28981794.785420634 15142.910377592205 
5227.266897545841 37396551.43034585 18569.746265932725 
