7893.564216288635 796363.5235875695 144.36993473292083 
5227.475457239058 41095247.06815104 18053.475331735503 
5227.454953237014 43588828.37347105 17547.060404269534 
8052.257571551237 478427.95136321435 192.45596862171828 
5227.467082328372 43633427.1913947 17262.984356278328 
6452.348251599867 557395.5932424745 308.2708992753344 
7462.197821477473 1110721.1806158698 285.3108471797962 
5227.670007646972 35101425.76896419 14684.814207659954 
7844.332539669597 836797.4250772143 252.10256732177862 
7507.308647620788 510027.60832042975 255.76806038442516 
5227.70837463817 30503657.357703384 14915.389516584768 
6268.137573771253 958746.2180084299 434.3426434388733 
6061.6031878941285 638119.9470780798 438.3266432830869 
6030.853179014305 1005108.0223679129 493.7131731947236 
5227.476035588202 42556277.496775165 16973.410061355353 
6300.970512706135 580297.6985109504 343.7094693914401 
5852.934600022801 695559.5356211979 528.7482005611308 
5568.576072087753 1999739.3074366406 852.00518347554 
5732.463033843058 736630.77125445 564.6571206243076 
5490.691353398029 3008438.2544711763 792.4173960623035 
5227.501934416143 40773134.478752315 16382.632253693406 
5227.494467093287 38310946.60432258 17423.788592294055 
5227.624350495473 36020410.828743845 15897.92189385498 
5270.616898205739 4170584.2408673307 2541.1249061159992 
7906.155718436693 532128.3201474476 160.84787816572253 
5227.488074128082 40174897.51015882 16755.22364691404 
5227.761926565059 26483814.77881977 13637.8233522792 
5227.65600606748 37125209.21695518 15101.799419162326 
5427.6076388567735 2178750.5123203844 1459.2991093806013 
5228.1171292321405 28440106.809267476 11660.21295839009 
5227.606801499599 36750667.566530645 16019.572969639277 
5227.731964685235 27605229.26599755 15342.21000492909 
5260.231893452735 3840256.023001425 3372.539426834065 
5245.217105809855 5648063.862087231 3130.9859752926873 
5237.3163443962185 10219387.097475056 4737.54979667591 
5228.168440887347 23956919.563955832 12053.384555334713 
5238.450899892627 7091628.754633648 5248.478503563409 
5688.756207573284 1752208.3860172573 820.1899325774654 
5227.732478267226 29068009.49428161 13894.881114374066 
5228.970233116251 16240686.598826215 9760.927094201314 
5360.8179318068305 3421013.1219150666 1309.1191487079282 
5227.913478877439 19587440.6689821 12734.033782352151 
5842.27543045261 908890.1305025892 526.2870835532364 
5227.7354046392875 23086524.714643504 14425.926156192701 
5229.377498138071 14824533.067328434 8470.218335852825 
5227.775338751887 20661179.31299474 13406.985574331762 
5227.482375759029 39429893.34313528 17703.26521462608 
5229.571713379017 13574589.06430533 9520.828206206352 
5233.192571673034 7749822.658952242 5458.497064260435 
5228.837692912725 15236772.486079667 10828.549516844421 
5633.447808037051 2386259.427719545 718.8414092006607 
5279.64565582869 6235671.810351555 2092.934854725164 
5255.97089728433 6955610.903926176 2921.711796390939 
5227.715951128173 29403677.948976304 15682.979525544515 
5286.202696763626 5350176.697757876 2351.078839867029 
5227.733069726533 27588095.00294307 14074.54208716517 
5231.057792532149 10121099.722450774 7285.922031778613 
5229.296999536092 14382450.706993554 8761.45787182466 
5650.707498149219 2757714.223043218 696.9219675510326 
5334.955318328467 1925680.9795340528 1735.4646502886862 
5230.213606328321 12958197.733594079 8925.422137127338 
5368.3770357707335 2300234.4306465043 1024.6338832962215 
5230.714545216996 11302354.980299568 7759.0292987203475 
5241.9356964519675 4610545.78396708 4486.945260545319 
5232.904546212423 12201053.90090374 5970.570408393812 
5391.571528896668 1842409.80936736 2048.8487588506596 
5227.9108487112 21251405.020609405 13055.109210252745 
5230.419324353175 12521340.828619037 7997.133967301905 
5228.434994121191 17261732.908145033 10772.86854155958 
5227.70976917526 29611085.60400332 14846.225800485137 
5240.271190660471 6622584.548577845 4201.2154003887945 
5231.840965863505 7987661.13938482 7046.756829044975 
5229.044152529209 27041850.80115361 9697.651729482197 
5231.243507335882 9296650.112545837 6530.375012746364 
5228.278453189847 19039497.639293186 11376.087071986862 
5228.084345152269 24777537.33596733 12412.783872852622 
5227.8296108443865 25552606.34909199 13250.12712069753 
5228.519003761294 17969763.686656233 10087.927563652207 
5228.400697137984 17801066.78290135 11001.702825781933 
5301.515336109962 2970643.029407263 1518.2230223112058 
5231.003868476636 10996228.30247076 6733.672753475852 
5231.582005706474 8643307.489820154 6471.641630431115 
5227.488578513047 39028834.45021795 17551.81439124209 
5230.419200408456 11621292.76800685 8178.407444326081 
5228.198623947591 22253735.491074864 11207.617029584684 
5228.095929086043 19026428.173742443 12179.599886842925 
5227.475919343879 39795910.61057276 17061.897456344588 
5228.233658630447 20175574.749075163 11903.182641490734 
5227.868048051902 21322570.21495604 13177.515575315298 
5292.04613821428 3301321.8064382873 1820.2375974514678 
5227.733676128204 25831909.2411368 15016.858814950136 
5241.8378202100475 5055739.504378866 3877.8308577920184 
5228.323465637447 23311721.82132406 10606.793286579912 
5229.508718234411 13759932.565247737 9965.006697213461 
5233.074384731126 7750578.784058618 5813.066387882017 
5228.484998937534 16690595.079070572 10583.3174945356 
5231.026629570554 10549209.593681274 7524.225718330561 
5228.053671545574 24834510.891185045 12551.68802106875 
5228.197790658576 22864472.166633032 11220.902335912884 
5230.3220620701195 12111902.326228393 9059.726092350074 
