7948.327962856569 456262.17697344744 138.03094917922948 
7813.832412265621 606008.9572227286 135.48224661267278 
5227.355645353485 40178663.03586517 19880.431387789748 
7065.245433470277 303736.65144298354 170.87545430507288 
5227.551552428522 52762173.76402916 14291.711004846515 
5227.336069283068 41394018.67991686 19625.73954312946 
7732.941710526644 584817.2032358719 145.8984482649416 
5227.364182321647 42619597.587778196 19421.297164654774 
6640.580684452375 304115.1866685978 185.00918081342476 
5227.7581087323015 26330670.629539017 13053.841987597689 
5227.624320806869 29170176.933072865 17164.808872974132 
5227.465278343572 30440007.79218816 15334.926869236027 
5227.790924343462 25279091.658136442 12579.474079868683 
5227.451017251846 33170215.724215418 16210.944007080849 
6220.870287676052 459082.9559241393 316.3664310270505 
5749.062049452665 1870063.0702437165 381.0194878261201 
5244.530780139175 2862717.8396636285 3324.9468959891497 
5229.126791161876 15048631.686388614 8737.05837004552 
6075.789003240987 506775.67096339434 259.97817789725445 
5240.615659630314 5331354.640984385 4092.844108799759 
5302.866137365448 2228124.846381155 2294.341983435025 
5232.766378682248 6216777.144128412 6035.1155269919445 
5229.411296804337 12558213.93842322 9337.971033038957 
6494.874102203334 326882.2372778776 215.01694309319822 
6347.187697793499 380425.00229439075 270.8597367430391 
5272.539364188491 2481591.800821289 2020.5988223474783 
5330.633155046618 4370612.033030566 1466.9903982045707 
5228.619473601481 17094159.69742494 10663.669051878933 
5227.633209187736 20894339.25915993 16050.282775073423 
5890.536492002522 514631.2956461829 297.8071483493078 
5230.046151521659 11857138.939965026 9588.30551323253 
5265.835628002233 4776401.341290485 2689.670068065901 
6426.620940955911 357311.9975116292 248.43490411820545 
5402.7889204146395 3063007.7753167325 1298.4294600352184 
5229.110824579358 15614613.594636789 8939.900069030295 
5227.384431625033 38303048.05744374 18654.9220175273 
6590.355851431231 304258.1850299042 194.35708009008653 
5368.241300037783 1690401.517811942 1611.8368281705857 
5905.488184102101 491991.3417602774 302.0011069504875 
6036.0859789205115 659374.1271666825 293.23073528225314 
5228.370002041396 17249069.66501158 10259.354796784439 
5261.120954270409 5808572.806633626 3046.767850785549 
5228.248275869862 18511638.965967383 11120.977092271021 
7827.917546133867 580007.176950804 155.4824079818523 
5240.389895818654 18078039.231851418 4267.850802148434 
5228.929276416389 24294694.41161329 9976.618286329767 
5227.480101396861 34522394.25357626 15300.887587647414 
5487.396994653326 1246068.4898436323 507.3519433855888 
6261.381237236141 428832.0445646226 280.05417112733016 
5227.992913003923 16394837.696691101 11929.135667028224 
5227.3963965212215 40405869.46452437 17343.39482918903 
5230.22139723141 10671889.962747062 7852.185162815364 
5227.43538328126 36040371.69509465 17872.253015817045 
5227.44097520729 35403874.010679424 16428.959468843997 
5228.087622953577 18590689.247810543 11474.90274338323 
5230.827174146608 7636676.123049707 7708.976048010645 
5228.035798772338 19429320.974330988 11775.783338499394 
5633.36936182337 803298.0611476263 670.0152477047124 
5234.1554431096465 8010731.981809642 5173.280872630072 
5227.4630087538035 33778130.59425817 15481.509393874605 
5233.517491120748 6904002.267507294 5444.685942108704 
5237.045208026485 13936329.731173685 4745.65423661576 
5227.5727592328085 29720521.714965705 17993.497978971274 
5230.131189008027 8780135.574660921 8192.767075401547 
5230.053775493275 10293474.578671481 9784.721466213048 
5227.639478072855 22075809.061510466 14821.250048310989 
5550.683733913987 942768.9088760501 696.4429547200289 
5228.969236716386 13570207.940947637 12155.038405973442 
5561.248390362863 1980534.4254258021 434.7894366635778 
5231.195625386791 9440526.86652479 6756.377081304527 
5657.8892447570925 762089.3745062224 588.2098651901616 
5233.238457003677 5610410.77540033 5769.081829998649 
5397.145793426533 6194026.00755638 1057.1923236685905 
5715.785078879988 724801.4110695781 400.31968127700134 
5227.726157735424 22471424.04069868 13526.417151479032 
5430.9630573842 1926044.5652990574 1124.6201840178169 
5520.487072673458 1243241.5450589117 1150.12149491454 
5227.366352596291 38621995.831360884 19382.435544907028 
5227.661421195864 23949215.276930578 14109.568388309403 
5237.35768753804 6928669.542455257 4882.263351346232 
5227.695081080055 23048226.435240444 13677.850532439072 
5227.443583747519 37354818.74908825 16369.463652712095 
5227.672685646616 20250045.043700006 14620.4674340267 
5230.418042471734 13470395.372166583 7202.1122713515615 
5227.369538022348 39842072.041653216 19065.544968115115 
5230.4774392112395 9204205.98720978 6986.4276438305005 
5227.3647405163465 42384817.45355697 19452.11707781326 
5230.08237113531 9442711.12782043 8051.767654107499 
5244.519642010982 4516980.209226528 4596.112769939727 
5227.677344557684 19113512.888419718 14590.93158737711 
5227.539660575619 36958315.72077302 14970.356231619391 
5227.399258403566 39316880.09391566 17325.712847834402 
7747.024077648548 558814.619395127 165.89840356606814 
5227.3996574683615 36463170.80936878 16847.01615302522 
5227.688409673207 20728784.9649988 13770.508306808671 
5227.399044495124 36591045.800680324 18364.796958509192 
5230.3339555825805 8848375.39569419 7381.883158665929 
5227.393071095163 36255266.84887974 18983.717760864234 
5227.769679353223 22641634.14695155 12850.04027675878 
5227.401608389364 36079052.092917465 16693.039234754884 
