7119.513885358139 227552.05018882928 89.4531775729335 
7136.684884857335 229379.0579684645 78.1504955880665 
5227.097575572077 56917419.42123677 34680.608039975676 
5227.097920641411 58047514.65963863 34453.24612216266 
5227.11365421742 48814913.9438347 29220.229181362833 
5227.111072148315 54541044.40240602 32617.806892046243 
5227.10905044055 54206994.7982873 34086.44503606734 
6404.241375299238 293032.88318941294 190.66069332958673 
5227.124013350609 46523431.836270005 27795.66532035433 
6330.848191909678 309004.4487402169 180.0444155251979 
5989.052682878626 406166.0109666183 217.42382162661877 
7027.091573810958 235353.80498589712 89.39809843681573 
6676.608768611532 251938.69872251488 133.18428272020313 
6501.50564909475 281711.66549787007 164.28773736381297 
5913.13408498665 468744.53806829447 229.90049921860967 
5232.6171004590515 11618511.859708296 5226.59675381801 
5789.850952340457 467482.2524492604 284.61346488510344 
5237.34656369315 48097115.11010043 4293.372943827217 
5227.391168463272 22103846.142696936 19714.553439026775 
5228.55297612768 14881775.822428314 9299.734379727925 
5518.628835013155 1643801.174469145 798.2122738568672 
5227.135654512704 44620557.839213334 24332.91161274013 
5858.408468761156 579239.6408449936 274.6578618642219 
5241.944164195246 5697174.927719542 3696.2976269476644 
5280.652308109254 26739658.17889794 1850.8562874115462 
6252.292723641822 330527.96075991273 217.3301395602029 
6756.34580839619 244196.304957665 127.50201940491898 
6178.33068582668 367323.6250296404 243.07621062545175 
5227.2956188341805 33103686.187571842 18281.011425875236 
5227.363687001969 24324713.13759172 19210.08687284974 
5614.464765695533 1180074.6828641351 466.85037172125175 
5336.2229895341525 2195590.620609783 1251.9793701743874 
5677.653242756026 695776.6453549939 445.0714796477981 
6092.183400866059 375101.14450747287 262.8296204896407 
5227.1950486662 38683192.661265165 23547.4560411429 
5227.133322796807 44092892.18435558 26418.57496661736 
5387.942348445377 3498043.0008972236 1032.2420912122045 
5227.105405680197 56088731.33513494 33197.39974234238 
5264.501515195598 4893401.749040063 2455.7899372182833 
5232.548310341156 7733231.11750982 6099.3105862921275 
6538.438787554691 263484.62351094093 156.85518912925227 
5227.122131194039 47003216.31114989 28212.214100649082 
5229.680955545795 11399899.925318044 7721.1452237464755 
5227.257089761275 37087753.04609376 19079.85563431288 
5227.134029875101 43642733.3829957 25631.79063916636 
5244.763546597202 4005941.9384163273 3387.112839102787 
5227.335168768819 25781212.824536204 21294.000919238897 
5228.17124624241 15836438.943910148 10506.593426762201 
5227.126478327627 44821981.55834834 26165.33811425616 
5289.144649569021 4442862.440622728 2809.3660486744293 
5227.287240690472 30840202.81073974 18600.320094842424 
5227.201637648883 41691399.81001446 21225.536508091576 
5227.343058525102 23316362.477434423 20747.889650960293 
5227.162177338179 39486731.76462333 22799.93671880243 
5227.133341157136 43265832.557768434 25762.64389741785 
5228.005957366884 16712763.024607308 11459.261687882476 
6979.376436529798 229864.965530308 90.96665886743209 
5227.392613999555 28437687.32325327 15838.718912591621 
5230.2180669708505 10344518.76401929 8716.63661240714 
5227.20037141117 40194470.073657185 21597.979967604428 
5227.159806410748 41160792.2764494 23170.96910541468 
5229.127485300708 13458288.215759194 13437.949091513176 
5236.489249764036 7010139.039704279 6638.936681640968 
5230.435806441891 8445571.723713158 6770.902598971954 
5227.103929039306 55693779.270694524 33839.59181172167 
5227.724797323809 19256060.67391763 13332.447103127088 
5227.245973208762 31965966.712465584 22436.869264813955 
5227.727153078822 17232112.08577467 12326.600086212597 
5227.227762644467 36312902.071176186 20435.178043988388 
5228.074995814563 16176916.528327068 12645.12066336901 
5439.99391076696 2498139.1766332407 953.1945895478834 
5229.5524399568185 10618606.524973541 8102.8723488816195 
5733.707454572642 551958.5107367442 361.5270607411418 
5227.488841341768 20332789.24375087 15372.161588163359 
6606.017725703995 256218.62953045417 145.02069394329493 
6053.157199483485 388411.9466554386 220.1909110440851 
5227.917402832737 17684048.10738056 11664.9837780392 
5228.086274593332 18236271.215080462 10613.762773896422 
6934.992385640024 233182.42883685895 97.42721471938012 
5311.544196841318 9074909.635200255 1489.1487646075773 
5565.376540065194 3404102.558682626 719.164705551057 
5227.279290032568 34288641.23138489 19099.83547664652 
5227.4349562673415 21400082.34226034 17273.344528283993 
5415.596885872369 3201178.690503023 1157.7871602969876 
5463.474709793533 1420381.2455139093 806.3366962812959 
5303.862528502239 12855935.741364678 1587.9166839000482 
5227.562246065992 20501768.53909028 14430.673703791561 
6210.790667507027 354149.81013103254 234.47278354954872 
5229.451295036291 12435467.769536056 8578.861015954548 
5227.29764539793 35268074.62957558 17802.47511227992 
5229.194722051385 11505504.130646208 9593.197539358782 
6619.030110971617 259468.60678388513 136.6524925620834 
5227.574512202884 18535510.81311575 14171.413616602775 
6899.865317930902 238528.99941436804 108.9947092789872 
6841.825712738186 237371.06128720642 117.28626477044875 
5227.358853963124 29742802.42441284 16285.604933730508 
5227.466457354477 27919744.689674262 17270.08884810088 
5717.133691179499 641013.1374913199 390.9416552793557 
5321.237051531834 3013742.6005103854 2256.675855341094 
5227.55683832637 19853922.932620637 20814.95154901091 
