8010.229817434801 36305477.7953972 10378.56685628679 
8248.670183182534 115036.2742422585 5.784516822661486 
8180.997384749247 113330.48541858396 11.901112840814248 
8010.324863025797 115324151.08677144 10371.976199452223 
8010.229817434801 36305477.7953972 10378.56685628679 
8010.344529583526 57449180.79768303 9486.222119283106 
8010.378211530939 32508294.913029928 8866.257068363358 
8010.387867314053 17887773.751675565 7114.89764708239 
8233.535532496164 114442.9084952909 6.874187965558037 
8010.392841336554 20958800.16700862 7044.340480608521 
8010.344529583526 57449180.79768303 9486.222119283106 
8152.019327476395 116693.7288098935 9.29711642896435 
8010.37312598232 46556573.87938245 8930.418687489466 
8210.901786509003 113651.39973434774 10.258219346156675 
8010.353267259568 41528317.72800725 9239.972715612015 
8199.619006166984 114300.56389593118 9.245338580805209 
8010.36252612009 37378048.185901165 8968.429660321483 
8168.039230835336 115961.18393323035 10.869943063942538 
8010.326509020984 42751499.98547727 10018.141373393428 
8246.861996059655 116077.29773299878 6.830856316566207 
8010.480893191065 14651184.086257933 5467.054998359166 
8107.239987790624 125017.14598705966 26.327240493355088 
8010.326298924532 44359939.25981422 9788.167232423675 
8010.481091479011 12615533.339574013 5202.731131387715 
8050.84382230426 767939.5188419387 143.7906441864967 
8010.393020303378 17901234.26421689 6989.681682522219 
8010.580842130656 9505113.73742584 4547.009538512229 
8140.095312866757 115284.70205137615 10.898486568921195 
8082.726141034254 149380.1482136607 52.432367468024495 
8173.685735873942 114610.82614829323 10.258219346156675 
8011.754849764721 4844698.028103427 2712.4246125222694 
8010.4545126306675 13354717.860913157 5783.755120045945 
8210.901786509003 113651.39973434774 10.258219346156675 
8035.438847186788 425947.85678581404 264.1269855035612 
8011.327454476996 10966621.500072159 3035.2495031238627 
8134.485077902305 121329.43844057986 12.373243255920668 
8128.984476954425 117459.9555050628 12.841163983106876 
8189.561501067336 114681.59707197567 6.874187965558037 
8011.292222298518 36277013.97067527 3034.227787819823 
8010.82266783828 17008424.325301126 3696.6658755419708 
8012.180066960298 5280050.973413534 1912.0942166178609 
8012.094217005057 5321926.978218712 2202.2718831533953 
8020.2778386701 1715300.5108480293 572.1294825285353 
8031.45460564861 1150573.6149101283 356.7182216584417 
8044.680633790806 344277.40117133054 157.1506098932962 
8010.551311677766 16154402.47566241 4965.72841719884 
8010.409835298226 15587885.883989822 6747.059919094786 
8010.566858507165 13488104.554601006 4679.649716736011 
8191.739223516819 114465.3508887491 6.874187965558037 
8063.944003826532 192819.79540567784 102.09243802337582 
8010.9016435341555 7356576.798620924 3551.8373439489023 
8013.606495676155 1929476.3065329895 1350.0103785830552 
8022.323006800818 1161600.4864460584 438.97897476967614 
8012.601262753963 6209888.434485783 1603.0317973838532 
8012.596010658292 7764279.831086578 1802.1934014220228 
8011.181391546792 5394250.958945794 3222.7626649053486 
8010.644944555177 8468103.642974421 4286.738767986673 
8010.723139392402 9001919.322691826 3924.561901805235 
8010.449924554781 14081808.909582028 5888.409753753896 
8011.505937007027 8746142.3379915 2915.9055301099734 
8013.831981776725 1977208.318178425 1096.8138294634145 
8067.649129754707 200848.3785900266 79.27108438137466 
8010.751243297628 6834181.253857454 4019.6273477775103 
8059.10190829057 219344.67904505317 91.56502666986576 
8014.974325228619 2220439.2310419832 906.6561236587422 
8012.819197298746 3544609.038905301 1445.3951362537332 
8055.907029547842 218164.84744809184 96.85536400646131 
8115.44382444903 119928.30258182024 17.907969943635916 
8039.099189956751 1749470.3596882948 242.40141864126807 
8017.87054673741 1275046.345169165 665.8683943022237 
8028.390967116666 6703193.546018021 383.87343673930945 
8010.426976281714 16913604.591870006 6622.824236279981 
8010.3335679501115 43315967.16047353 9682.479926990334 
8120.850471688846 124453.19388714196 15.059528121849997 
8123.729709080138 122528.6396488428 14.588096519270769 
8025.169840536002 835482.545434145 387.22047126578576 
8010.449912891728 14718489.709293563 6218.645749667011 
8074.95927804856 145188.5979188663 71.90249167771611 
8010.854164267147 7582370.955733824 3350.557102125871 
8017.013114938491 2813888.629431447 801.2337925996683 
8086.650562829445 139673.97040414013 43.304377514658185 
8041.59171322559 332163.04802246956 184.52810304293806 
8012.631856521441 4053082.254576616 2527.6376392380234 
8072.279702582178 163958.9411586004 61.0266604860566 
8180.310657578404 113426.88035408632 12.35304848973556 
8011.77448147046 7497416.532676722 2353.539899452792 
8010.438113868036 15312657.11804608 6429.033840881353 
8010.342231644548 42080791.80481677 9575.806155494625 
8101.062244370096 123358.90610571203 32.9209199923548 
8014.763279398032 2439115.892918731 1038.6617620667353 
8010.682716532764 7551143.5948607195 4242.3912021410815 
8010.4486464515685 14810577.700709052 6226.39480876342 
8011.881682905818 6143513.5927651925 2496.663273473203 
8168.214681008476 114535.66981513028 10.299827518587856 
8139.8365408918835 116894.10330342723 11.901207905067485 
8115.588075239642 119012.91207694849 20.970015375011982 
8010.373659945824 46545075.42796044 8930.920570086699 
8017.404610387268 3684987.7657009796 760.4092623591195 
8100.499416884643 124285.73789689672 33.09391214042041 
8010.431492890329 14043647.84964911 6466.540438161843 
