8339.235887766015 96331.94383562036 0 
8010.051453819957 93453014.78649995 15236.731839510918 
8339.235887766015 96331.94383562036 0 
8010.0583674174695 94003677.79185617 8998.087301264808 
8010.064461427153 66782853.226637304 12151.893352183646 
8010.064687829301 50461176.552101456 9230.402922583118 
8232.855599532184 96599.12239926602 0 
8332.119995766421 96525.97832671898 0 
8010.06401686436 58251564.457099624 12282.619002711703 
8010.053411119665 40577111.334937885 14791.709724324448 
8010.1165923227845 41876444.52495658 5209.237835781074 
8010.063002175516 36018213.71130307 13186.358937898605 
8010.06805017954 38498173.74268415 8216.295180403722 
8010.063002175516 36018213.71130307 13186.358937898605 
8010.087923691321 31957476.175778456 6567.585340231097 
8010.071638072793 19607825.927016553 7259.762285479458 
8015.035235787558 5097720.562041237 2718.6546492430707 
8232.601124113993 96689.24438667532 0 
8210.473233277367 97241.2339032692 0 
8010.111173456249 22219052.331438217 6111.107862879142 
8010.42542365728 28473063.934009165 2936.8639453708706 
8011.834607335044 6282957.2236834355 1783.675353366074 
8010.1840558328795 23474277.08053675 4352.0470065117515 
8016.828045149934 2780751.183323864 2212.217669541602 
8192.42371633023 99227.75703065428 3.3286849985149995 
8070.558000757029 217084.1091331298 82.17011552290367 
8207.011603264857 101969.44677300006 0 
8055.156471441995 175937.49049007698 90.09550551264905 
8012.818370055076 7898156.280770842 1620.9753312216353 
8010.179676519301 25768116.893897895 4492.614865307194 
8038.9995995889485 1002002.8769502882 210.6890183872606 
8010.171426923682 9661771.648914535 5541.115662068705 
8010.066532646379 19564356.821429897 8474.188629522583 
8010.065184038975 22995415.35895279 8786.99885474545 
8010.075838607267 14137796.949503206 6704.164678132259 
8013.8755875160205 10408429.544973465 1020.4140955521284 
8014.062808709735 8087015.657179229 1338.5959654461992 
8010.064776081434 26740516.705556877 9171.094353116227 
8156.60815502366 104330.31223846572 7.036091767975945 
8130.180378695023 104611.62306544946 17.484774562966745 
8140.399238111914 110693.95817526037 8.583731844294363 
8010.358617134241 20863520.776683986 3041.125374230864 
8010.321805784894 15999690.351937115 3143.0610255406527 
8162.304175704002 109496.93764241881 5.536888710098631 
8148.07956130394 106545.45097872968 8.604071064708075 
8010.129469770251 11124259.657311594 4792.275364404129 
8010.476222338614 11478160.682277722 3385.006740964729 
8176.5396343282155 99703.81816891299 3.3286849985149995 
8010.163725184422 12813565.110562585 4592.9961989616795 
8010.206462037897 8487630.624540187 3977.833853625629 
8010.141800831405 17546392.852007203 4787.854242882392 
8015.308282388442 3483298.605942873 2075.7766266994004 
8097.421799920696 117506.411988508 36.98101887524734 
8102.76259362193 115488.20952121432 33.92113586261112 
8086.840903115434 123983.2622683971 42.64714829981892 
8114.852283180118 112280.9760857718 30.34685788956096 
8091.874254450764 118395.17207858255 37.67121583945354 
8010.0737158816155 18647840.864225816 7005.504729538253 
8032.771972820981 750191.6735615261 311.8876594669069 
8181.645040811696 111058.68550249984 3.103275796304475 
8021.538330635169 2006098.493400433 530.5203590014476 
8034.164809962968 409531.0260558327 269.53500115483234 
8011.1616997712035 8114868.8782466445 3782.1922520082417 
8023.60557009906 862125.2119663694 467.16579951100744 
8010.07391352547 18513801.009062454 7006.570710316989 
8010.11319018559 19726422.518813264 6209.157992244651 
8010.106201420307 16387066.193591127 6338.22255111069 
8027.9383941263895 1597118.5705692188 385.9170471062111 
8126.511473226265 105322.0503353398 17.859134736350228 
8010.110958963081 41063124.55397648 5405.3551797616765 
8045.43026552336 196768.77814833313 142.5508682797216 
8011.526057107197 8699598.720888922 3578.725686678198 
8010.798645468078 14744306.76016285 2107.0547335915808 
8015.84166354297 4356787.796062077 856.2461122306742 
8051.657936607671 190925.91740728158 98.69901703827739 
8143.7439625047755 103553.6395383148 9.212107132723538 
8010.08793133467 41114834.25662728 6548.474311852984 
8018.849387085276 3364047.347169893 645.5185061722159 
8010.248667938539 9167506.073616633 3916.9831282129057 
8010.076805674891 13034406.722477168 6573.409380381114 
8010.273189616469 16468670.248539116 3524.089225200976 
8169.573784751883 100420.7464221456 3.3286849985149995 
8027.023685419479 530453.9603201319 391.9757252429107 
8020.871901118061 1466945.5771697154 594.0330797160166 
8045.9116398928345 197790.16259327193 139.8435977300976 
8332.119995766421 96525.97832671898 0 
8016.971444788709 1594797.5474937565 658.7654468216545 
8169.692395779508 100392.48823617144 3.3286849985149995 
8010.458673132573 14673995.92779294 2912.0730631496494 
8121.402481566551 106175.14369370397 19.696965468251236 
8108.291743153253 113715.6005722872 33.77614548725666 
8119.86781174074 109623.2085246829 19.384411063803114 
8186.220330176092 100573.14708871441 3.3149646306641714 
8081.663151402924 138548.2393195213 61.1400716047029 
8188.028470857727 99443.04668829248 3.2865726656083485 
8077.492898387712 203134.85131854707 61.455256307890096 
8109.379024932921 114310.64385359829 30.479942611084596 
8073.833377497202 160266.50164412704 80.88685036429547 
8010.109466106522 23416903.54095734 5519.340580795555 
8079.361112461944 156880.65826877905 74.93346165943848 
