8333.222604873617 95545.21714104002 0 
8010.040270440938 1006203804.2341946 33013.527369994415 
8333.222604873617 95545.21714104002 0 
8010.041854246542 324105676.05720234 19670.87372255945 
8237.412051328436 96026.83931476659 0 
8010.041537455986 172975881.32443956 29151.79500589504 
8010.040566733325 189893025.48445567 29839.14740025741 
8191.712916092814 96127.25425564504 0 
8010.048476246748 44749733.984167926 14726.632491937218 
8010.0483156478 72757189.44427542 11625.30493386257 
8010.042305988703 105885286.71293671 19401.110568318323 
8010.041524611023 188678286.05548778 30797.84815786572 
8010.042197427689 139575001.24991333 19125.423499274228 
8010.042493665193 78534256.37337932 18564.589058482252 
8010.044418590898 62925608.25686217 17137.17551024356 
8010.04147371449 187914807.7752379 31847.245371958037 
8075.2762039062845 151598.8519164865 71.83252712639734 
8030.627116094687 2958672.1885899194 376.2612853876482 
8010.041961617018 145957273.20373362 19217.926756297682 
8084.994013246157 132225.1645682608 59.41518615076788 
8010.043250789478 67849879.51357432 18148.752573062047 
8093.320823853428 118422.66874244717 39.769944744595236 
8154.034320291901 103719.55157013895 6.551989552256271 
8010.04147371449 187914807.7752379 31847.245371958037 
8010.041524611348 173325031.2722615 29241.96141655973 
8055.203312625778 175729.32455802057 90.08307625407753 
8045.075413607092 189897.70852813387 141.546305451808 
8022.6479427052245 608263.3428541855 478.89066084130536 
8010.203143835906 22818394.032726888 4239.849050991636 
8051.966243625106 181677.9948243178 95.4690044415619 
8010.044706128506 55434130.80489138 16540.015493123865 
8010.045724271287 53194645.009662025 15823.6892322577 
8010.053570599483 25471023.689302515 9441.889244707507 
8010.0517478826105 27720977.34977907 9797.33319924634 
8010.049369503404 32798311.851954803 10635.383281985401 
8142.47749319341 103333.24598553462 9.231514422452177 
8012.769370405522 6274960.674045138 1928.5686880885862 
8010.812845749081 16267703.625005405 2636.207602779964 
8161.649514053459 102615.24277268005 6.552937739548343 
8016.506679397108 3252391.823569821 1117.4256422474477 
8041.66920620627 1572060.2382378243 200.29135027154894 
8063.206629426155 172557.67073349978 90.08210792569088 
8169.233719042984 100189.86994265836 3.3286849985149995 
8100.481787438512 113497.4185243075 34.25313119348924 
8010.049705636162 42294130.56395539 10320.955075297905 
8013.631905857506 12842222.231036171 1277.5453698120368 
8187.706788691248 99331.04726849533 0 
8087.842663840244 124183.54966215491 42.15814543282337 
8129.1483986891035 105564.54153966343 17.42758722792237 
8037.3526409670685 722963.8237040082 265.58695801461187 
8133.631391931334 104920.94505056561 17.340134154833116 
8010.107725455111 43174956.49064843 5614.978030996454 
8010.109829965238 11570377.074134875 6083.824970430574 
8010.0629238649135 20833882.207303196 8205.21975031367 
8107.493907020324 112574.44376284438 34.26423249773238 
8115.0647174487885 148782.83626418252 32.73677891117182 
8176.270329431512 99178.63339583219 3.3286849985149995 
8182.987418251798 99574.34815935628 0 
8010.048440554641 58253992.996548705 15032.80027302121 
8125.142326840092 105671.2467631739 17.34610833098909 
8017.507564456604 3771533.623977787 754.2828239158434 
8010.073671873735 17843816.339225862 6963.3594102532525 
8034.415970233521 1125171.554390239 264.8116701627056 
8010.110136224221 14109458.65698788 5305.063584910597 
8110.275741120377 112236.62805532661 33.77614548725666 
8010.043702002776 67376099.40900797 16812.933155409202 
8010.046823774512 51577874.56628806 15556.036369270292 
8010.064107615309 18957322.193814617 7846.952054798292 
8149.497472878238 103007.98797569377 7.949504025351644 
8102.149477226358 113207.63145786192 33.78006420250445 
8010.177215544605 18249014.3486223 4780.732434797077 
8010.055780893613 42311826.20849748 8829.66649572598 
8010.057436824736 40517997.601649955 8590.255720101039 
8069.349213587091 172269.47603263604 90.71527452764792 
8010.279564721383 25050289.464739025 3447.383506328309 
8064.311541319954 172553.91178263127 130.23307533632274 
8013.091610197131 4764194.190146038 1577.8342006412663 
8018.837456130245 2841602.891798975 613.9805241296784 
8118.3107906174055 111643.32658181177 19.709057760613554 
8010.071615866191 57149617.50606572 7513.97168005237 
8010.12267936603 10910839.330773149 4905.926234446951 
8137.570387118627 104838.68063413084 17.426190120234338 
8071.014714597577 172302.27523067294 86.79472748488442 
8011.834607335044 6282957.2236834355 1783.675353366074 
8010.071638072793 19607825.927016553 7259.762285479458 
8167.382736103645 104176.72125251751 0 
8010.077291751215 14905779.03653182 6543.624874351715 
8163.399577958844 102999.13733227523 6.525105061723002 
8179.690997070091 100717.18589826683 0 
8010.261825469047 22523394.55165617 3781.943896497511 
8010.0489049121625 55685868.50776601 11119.147508026273 
8010.043030650883 70019716.45790838 18364.003824630534 
8021.538330635169 2006098.493400433 530.5203590014476 
8010.047598026423 57368369.8660876 15354.601611882206 
8010.048975595947 53078445.51102003 11158.640407178333 
8010.04831573702 72756630.41165414 11625.298567484773 
8010.107991941553 31709383.457058463 6406.628023807855 
8010.806580917033 6073110.98571895 2887.9890113875167 
8139.882599665481 103454.98084287318 17.416081272326664 
8010.055907757873 38117597.27220775 8763.975430290486 
