14964.768364301523 69401.8474887173 0 
14271.863615753595 47340.62019730878 140.63299922716635 
16129.48921479057 52893.52985195512 82.70043734776011 
5277.822647882887 8016215.056384981 2776.432042630184 
5276.520740472412 7980680.328904541 3063.1485429967092 
5276.811607529341 7263657.333644948 3009.445391992858 
5277.230855857084 6892734.735055088 3012.1810648668106 
5281.369165202369 6084754.817326114 2405.0096261037884 
5476.266738176684 1115399.9220484337 909.5937218865557 
6267.515581395977 239083.74651527847 198.59284392688707 
5277.531975721762 5033826.074224715 2853.1073017257204 
5280.412616036596 4376820.685959327 2522.7421943170884 
5360.363044939765 2465414.885702821 1292.502801134093 
5288.188906565653 3912887.725710586 2119.3730825478697 
5289.559205163785 3375950.6263070814 2025.2431788401589 
5283.8423277689535 5723636.178739138 2285.8031801874763 
5295.174525425756 3241669.02891472 1894.815998008887 
5545.824587421039 815535.1250157264 759.2772204401042 
5279.5325270133 4929565.309207321 2635.733552070157 
5634.725724016983 1061324.4127532989 694.9560341515801 
5293.045053069241 3685282.3261625385 1965.0999180244487 
5966.226188072476 594366.9165746062 396.60936211676784 
6606.565874662204 223831.68230754265 258.27337339593885 
5353.729693897872 2842141.231460586 1393.523079357575 
5379.36066067688 1725876.981561094 1200.8099831166269 
7139.263687408269 156939.54696742573 137.59372608745124 
5528.658864688117 1408802.537073502 823.4550206062345 
5337.757734827261 3604623.563440738 1425.7366509767276 
15368.804338524222 65418.67771805886 24.061377049923077 
5412.573489826893 1088591.8506039658 1016.154480972997 
5277.281719364891 5384612.753670859 2830.9469826336945 
5345.739390965691 3055651.5798670608 1482.9870645269289 
5278.7366062421415 4814015.601884057 2732.5751358599414 
5283.782757167182 5818005.714797019 2370.9800940532523 
9154.064186895765 95722.16369374213 45.3889883579918 
5620.755743396097 1288080.1987852524 725.295754472523 
5713.05522521114 632336.5754932892 456.61733188354174 
14705.480606222507 48073.696543418555 88.35052084065654 
5285.044337646884 4021387.868486234 2281.058895353535 
5702.387506495532 1842299.0703395668 523.0130206296825 
15691.990146926462 52443.91934922336 86.06910132998848 
5812.737261182849 497233.93650750373 426.2045362302809 
13741.70828942543 54040.95361710604 50.62296073666376 
10408.230005555874 74778.95518005539 127.83731079868247 
7571.829649214332 443957.3059310993 113.19257072409741 
5330.4342437399755 2290342.9289321722 1731.8627525097602 
7821.475977101253 459051.8307028483 101.17451967904445 
5284.885561107403 4604303.145974451 2442.092613390425 
12031.93997658459 70692.39030038903 68.838360365947 
8745.194446607493 95580.17927719679 65.99093422832406 
5280.775800563913 5226250.584619289 2505.504957497544 
5286.0557121744405 4381481.326139027 2218.5247874308247 
14093.114675211535 67209.75674573585 19.748965582304105 
5300.936780832915 2994715.9624572117 1850.617486157705 
13060.859943937827 69501.64230635457 11.156245014463885 
12536.170326180289 66074.22377352299 74.61239285451992 
6895.727724370084 178724.6399850041 125.80249949538268 
10807.50716870665 99784.91376003074 24.102933225434256 
5277.711797986212 5916811.340493694 2782.5439233625057 
6657.909690950304 201220.8038787742 165.56937898463534 
6006.000474717472 323272.5014244606 298.5373996297549 
5366.400225279753 2155337.338120673 1536.6389971516464 
9386.271725168759 85218.22853962789 56.62979745866974 
5684.496939196992 761126.338842656 579.7965939214564 
12807.42689509652 64826.46483982808 86.41782436377275 
9663.049102053283 79260.12706306661 136.59478214051904 
5658.563631771358 763877.6173229127 612.2272182582096 
12268.128858104043 69105.65757849233 33.8895683133623 
5408.154805680284 1382843.583970904 1098.9777636540525 
5314.561140256612 2744337.256220651 1615.122966088075 
5299.41884471882 3005266.5148852374 1799.4810082205224 
11709.919638995303 77249.27554872708 26.620823861284453 
5378.172641722204 1501356.7413879747 1233.454002746104 
5352.95510983635 2166130.6988808764 1651.328911526443 
13477.129047754874 52336.53345831277 91.19446664898273 
8062.086021477053 126508.60007484484 76.09459798903588 
5285.278413691547 4677625.997839026 2180.237959697823 
8253.80167104346 128788.40270475105 57.30160236707479 
16017.273123684674 62998.67666114492 22.53730480845806 
5279.049047164473 5380528.710391981 2669.680662562501 
14309.668236116118 56008.08848830342 36.15709338039128 
7606.716535657379 368349.32371186756 121.19907367311723 
6001.098587010947 329961.7415417572 303.4419193842228 
11334.189166937796 74176.29119880713 36.66665843452985 
5315.857267326332 2578278.133699578 1576.3508877178995 
10202.12740419422 82403.21869256922 111.66093381793672 
5281.941145960471 5297746.017162823 2459.1614599811296 
5397.112642463342 1898602.4669622828 1076.949930831294 
5313.909307724826 2770558.752509758 1708.297669524722 
13303.508193526577 64296.3254947239 30.724096715228622 
8459.745474933368 110467.08289983684 51.82457343039703 
5283.857416863918 4698235.638161253 2256.930807015242 
11117.145358208683 75969.55267408563 34.91854981439821 
11544.323871208207 82175.58164701506 27.55051572042151 
5405.12468419819 1600011.9633388796 1072.3136817668692 
9896.067127337828 83003.14027445803 132.0706609321847 
5348.977929398859 2269724.0643193456 1527.861964185894 
5288.151985808305 3953846.099550962 2002.8931176793108 
8623.132583736824 104274.65343399829 39.75409754049856 
10949.286062055504 80144.12350979922 32.509228308376095 
