5320.506406033202 10067013.096997075 5286.041901154452 
7194.816813745197 448426.09298993327 841.1896058935035 
10812.052235191864 330488.4526635182 1048.163020622666 
12055.984556571071 352984.15975981345 875.1583106072226 
5579.2912978955355 5348138.730767793 1903.5959756967582 
5322.46609525206 8966778.005832862 3593.8942031670176 
5322.963844898645 8636189.635393579 3477.826607729079 
7794.071818762246 435305.2577915825 1218.122536961303 
10549.523173706571 438143.6710923487 1206.1386029731034 
5525.215388008523 3180755.245784971 1914.9520069921068 
5323.507695705158 3076630.8058792125 3260.052646630293 
11454.243513634907 364758.29346346896 973.4166854916691 
7636.451513807846 434068.88514582964 1372.6984296116898 
7204.758833662893 448236.4291813757 875.444241249879 
5326.812893643479 2382865.745566549 3021.8753697844236 
5349.928763802224 1866857.724638358 2634.40088919104 
10968.042714609828 409534.2661238465 1004.1063204559642 
5493.324361302353 2963515.397058518 2119.996929433154 
11133.862110516195 409326.7697253046 926.8111894902678 
5338.368902503837 2175324.0761497407 2796.5585158169442 
10736.492894013763 393114.12344663 1046.8558279258414 
5455.89535556237 2685975.041257722 2219.5989612648427 
5414.096863820874 1421334.853186249 2519.4796944984273 
5330.495674744208 2652458.8655872704 2994.2454318908685 
5331.842586435085 2205038.186955994 2966.3549524355703 
5563.642254180967 912036.4345616784 2307.4299977218916 
10555.06297545458 377266.16648552584 1160.6077426254794 
5574.2701446561205 1074345.5723421348 2046.9202290752858 
5330.206384264109 2412234.047316436 3015.066309034092 
5872.575795401574 752183.9194098215 1976.0840266333028 
6697.070280582263 553681.5636288222 1138.8745481647309 
7060.835213099507 489225.2448671309 895.9662497760843 
6637.209806259273 556964.2349824496 1050.7667907259834 
5388.939176899915 1608563.9868147539 2343.0942050714502 
5368.992097105711 1816570.7639212646 2472.441509544996 
7182.10371320776 470052.6596152702 899.5726056973069 
11232.572861317034 401916.7743625969 1037.8253912199884 
5688.984922100255 2101793.323942165 1626.5957646475822 
5346.893026814725 2042287.809279277 2684.723299972271 
6225.2756313278505 791672.8625992552 1378.6754228881375 
5758.258309814612 1221112.3484533846 1684.5012937348383 
6333.9982256508365 580889.0663090909 1441.5757836474277 
5855.7487246855535 1697321.6423732436 1609.641550438547 
5388.45055619704 1717744.4983360977 2363.968415797784 
6971.899089328973 545810.2162881539 893.1540459461849 
5498.772319177597 2005288.205840599 2082.4930804815003 
5780.877166434723 846208.432932094 1814.4013901050905 
5483.469421797107 1443505.765601132 2228.1918481957428 
6204.323232721436 865075.1131820944 1413.684708961798 
6443.22338467971 653181.8577903503 1254.8772423809378 
5480.306007549125 1249191.7016449259 2444.424815316608 
5336.921052689952 2089048.1470291545 2896.4470924388165 
5336.950796120911 2367591.7389982385 2867.629071901421 
11420.375745947134 365210.113804898 977.6747016356801 
6347.964394544655 601325.4758966593 1362.4374686224446 
6399.464260446168 541718.0243016274 1333.9248414466235 
6416.190117938301 652284.890932912 1299.125766776699 
5818.291298934905 831941.2276427984 1769.9723420506368 
6164.982594163142 692792.6805796268 1479.446934420972 
6022.309472181421 704689.0313571873 1705.3935430512831 
5333.542942358869 2314443.6048365035 2879.426975033455 
6907.293424456218 523997.77248936886 928.1116946487491 
5681.981225326872 1130163.7266080682 1742.3485592334316 
5464.564972466506 1545624.5442506224 2135.8544227797156 
6490.260770125904 575615.5129186056 1209.2947696198044 
6563.710320936026 565115.6224521098 1174.9069584713463 
5953.714228741212 1042333.0518569951 1556.9411860654486 
6067.708342943243 902760.1486571014 1450.8693794761148 
11311.083421021236 393591.3905090528 959.5215154312464 
11319.411536395986 391096.8784077204 962.8426454648848 
5447.878129725046 1232554.8824025395 2720.0579561905756 
5639.7720076479545 1544927.4954892877 1855.9727018282542 
6125.612914414766 781853.2782653186 1547.1071340064111 
5968.063610642727 743241.0093841307 1658.8112554224144 
5621.694486235657 1333140.2452979055 1948.8270093553333 
5359.538116107315 1828812.8425992664 2516.4507607507967 
6806.682053892555 494958.9192657755 1020.4679355798941 
6566.441290584311 557070.7924549186 1273.549739088362 
6123.564359609049 843980.007216054 1496.5864511283664 
5516.392456483611 1341202.9806882704 1923.7437436012985 
5992.737984838623 682328.0684658323 1721.1667665570242 
5929.216953269091 740799.0643857592 1763.3616925247488 
5644.016287876697 860321.3312989364 1845.6530388504507 
5595.0383314424125 861065.9427120603 2179.312480872184 
5504.45875837113 1403163.4012875431 1961.2357892302277 
6759.660845351789 499221.512464973 993.3701521927721 
5579.324439367105 1038448.1960979702 2115.6776385974063 
5612.506826503166 931537.8660945578 2086.648038840156 
5496.535671248621 1168296.3986179389 2412.1419582726867 
5838.048715086233 954052.5780267323 1763.262471073543 
5458.618173147419 1479794.8924216102 2201.7102479508844 
6067.076316246182 791736.5003409277 1613.9302399951039 
6835.862881597517 488651.9849162011 1143.138307812629 
6615.278381176471 542970.3446059336 1166.5491927418723 
5447.878129725046 1232554.8824025395 2720.0579561905756 
5957.151055201856 864402.3884980888 1515.443984399905 
5624.406837049097 978975.6336334418 1911.6413741362182 
6721.729937894923 531636.6298852577 1144.2561624784319 
5462.380242542577 1333217.0286150086 2402.924060645823 
6831.501170769896 550249.190806926 930.7942526980222 
