10727.85910711687 458845.5312345136 1211.5923599386588 
5329.437002077712 6308568.141020928 4166.060830897693 
5329.437002077712 6308568.141020928 4166.060830897693 
10727.85910711687 458845.5312345136 1211.5923599386588 
7045.510529660259 552572.3667125354 923.9304787276176 
7965.516994084046 460193.090911451 1350.500543102905 
5340.101377386207 4707020.320008424 3295.2538439843916 
5336.134873146812 3319488.4149964526 3532.6157387007115 
5382.1225548498915 3670836.6205828153 2717.8182201963423 
5339.600352106347 4275104.820215394 3297.9338327003397 
7802.532547056336 465578.34526994545 1063.8904623027981 
5354.400159956091 2759553.226718425 2934.3027259815303 
5357.018464105093 2492825.1791324923 2784.0323865346495 
7310.587074682631 470025.1846693678 1001.3090409989782 
5337.662499347282 4546477.396477279 3427.063276463419 
5418.700054023241 2281064.555817387 2573.767489405726 
5391.274678692068 2060447.7729281068 2611.045852638999 
5329.841829535561 3387042.148668328 3434.545250561312 
5354.840419336599 1981131.7994990617 2806.3361130871767 
5612.27116504918 1401088.7609085157 2013.6805797300096 
5342.449555458838 3231155.828300123 3364.8157155271247 
6427.687584283508 764419.4258393148 1366.3802542738456 
5442.847353465628 2144980.4373717336 2435.6041338100154 
5736.598084504523 1300772.8116752391 1781.5782594318255 
6934.860973693566 552408.1877716761 969.8678295658133 
5343.721210997643 4675266.732728652 3271.524648990509 
6026.296466892993 886351.9441250709 1681.0779866218845 
6564.681688684901 576051.8595713913 1328.783167338757 
5688.117181669299 938943.9124601707 1827.1341846033977 
7132.661494798293 548991.3485720503 932.5853859486242 
5336.707464058913 3185162.4773252606 3480.24305466318 
5351.124521969459 3032954.994182394 3043.3504845070893 
6610.270673759696 519091.5178135628 1114.207487903548 
5337.149512717691 3135435.395093496 3455.8639008785935 
5448.822795785077 1658873.1250732704 2368.5289017493583 
5346.142889126434 2938573.58399961 3180.460686859837 
6575.888479457178 531959.4727284411 1144.9525148141288 
5421.033535282059 1775562.1579072103 2496.8609284197196 
5666.443273486326 1908002.6460195775 1932.4975916068852 
5349.095928454317 2840368.06179714 3102.450603310062 
6508.702110123957 617387.5745111088 1426.8263786735058 
5954.907470260828 831361.2804755219 1874.5528521443355 
6047.170138914419 832027.5130782399 1630.180704730228 
6546.457745152446 646489.3400306581 1246.451094239105 
5533.784817456553 1652625.9051945738 2150.6656171757313 
6791.973784140608 516298.79419772484 1204.104265141191 
6376.981017026506 1124826.2516964495 1399.286871051464 
5500.947141937724 1260548.3958176114 2275.8357746867864 
7963.915602081697 465002.25824837835 1357.8620432726598 
6048.976217405261 693796.8668373153 1554.3521739859548 
6048.558949515823 969170.6920784175 1558.2431309096248 
6837.777083956936 586665.7279704316 976.8909029322448 
5459.76700584547 1412192.1370030837 2537.624068477873 
7266.033509003837 471404.12425986445 1009.441174104214 
7174.491813915595 488200.2997982989 997.4084794798953 
5543.141803328095 1478645.5146525924 2066.8440550173173 
5643.700979482773 957793.2445933121 2110.8439787690577 
5344.231637821836 3261532.691254804 3243.825077586745 
5922.274729858617 1070146.950431596 1652.7959763317624 
5507.891953117121 1029158.7820691686 2176.5728249343874 
5664.964455999836 1567576.9191925833 1944.066119563097 
5384.076205202463 2157138.594919177 2793.4337284790718 
6291.702154596583 854457.6273792638 1464.5047334531296 
5621.694486235657 1333140.2452979055 1948.8270093553333 
5628.251525189511 1215621.4157642443 2044.9298764588127 
6298.391933072578 853715.047877892 1430.4448403689737 
5872.369239316412 962359.8887876306 1757.8663610983504 
6165.185987415417 782993.0410642412 1540.988432659752 
5429.415115357316 1687669.169155654 2594.1737609409793 
5505.977194633306 1162677.827009975 2332.0626221799516 
5345.173892037032 3004451.2843700787 3215.888903781751 
5348.677013263747 2970813.1082535163 3138.9809594052635 
6685.796093291131 586469.854054711 1025.0442947388283 
5784.734599740177 1906815.3704981436 1722.9189513661188 
5726.439500436871 932972.9658035007 1868.531724599456 
5446.250277741489 1826571.2725202376 2452.951615144234 
6644.763319542443 537416.4121824304 1053.1061591770774 
5428.387627292828 1887031.787315236 2464.2489258064024 
6999.872038307684 496615.7864143118 986.412909905252 
5350.459857124972 3036009.9515947383 3044.797113539429 
6204.323232721436 865075.1131820944 1413.684708961798 
5840.470993704604 968597.8729140025 1735.4973185401466 
6807.041177815407 499611.13057213504 1065.9881308363715 
6144.867648028156 818455.2635871115 1511.537154151031 
5485.991855064782 1474176.9854712589 2245.621011912387 
6737.648731207482 576589.8974438752 1018.608267384069 
5460.296015047286 1343044.3757397095 2506.725655511685 
6114.754823783373 903869.6097920297 1493.7706827540178 
5470.400016623674 2007891.8916179738 2253.302419794522 
5506.103734598792 1075671.8482728316 2217.8997445215964 
6381.579531263332 1095385.368459524 1382.5213270491936 
5478.7395572466985 1985347.9981385488 2312.243844481045 
6243.194185924184 780611.1745645261 1495.0086318852852 
5345.677330834167 3375817.5469380775 3161.667936299598 
5349.435458431495 2797226.8308275677 3078.905061988057 
5455.967770867298 1518705.3074427464 2585.1717618533166 
6546.457745152446 646489.3400306581 1246.451094239105 
5533.941161885727 1057735.3996862124 2079.4824843010892 
5523.765096094089 1196101.944316511 2173.311473735416 
6098.061561203827 1092295.5233446192 1511.3691220163512 
