5776.939716260989 1993149.685517838 573.197875723996 
14155.500833698143 540084.7435741461 104.89874577024415 
5280.934274256812 7247560.763307057 1344.5569691689263 
8292.225759035788 1454155.900804929 434.3496794363573 
28207.909823409624 382877.07755350845 63.479077677778555 
9319.286822217615 830568.3820750213 323.3389360020086 
32158.756679374215 342462.2114153182 80.01304413616599 
9398.502007764782 833801.9391858212 300.59380467594485 
9723.49406112084 871683.0274788338 228.4449914539949 
5257.99959314151 3039707.038414349 2008.3131666309412 
29117.027877701392 414907.91147945024 39.230021454431146 
5228.693205302149 32021067.19893562 14810.58665091361 
30683.062011679875 357859.1239018969 106.78333484919793 
25301.01545494705 413490.76101778285 100.61651079384455 
22249.71411104573 520755.5592647551 60.744112763700954 
10455.535692971585 549193.3849483109 263.46651623240973 
5240.740100680992 3372740.9335674783 2807.1592629081892 
9290.310196910925 675361.8811936082 348.73315472554856 
18912.868148184556 445218.20792852424 73.47877318427697 
12782.262041416845 462415.4947950941 158.8997194290235 
14437.041803027396 444454.74549794337 101.44168781744096 
28161.109480651867 406180.45916379726 54.2364472142873 
36623.22706847802 438285.1975518232 33.56461519080529 
7413.087577516224 1625716.8078688933 584.4031114631717 
55695.09440331214 390240.4954090292 35.75207921489595 
18516.64802770204 412843.0465720154 93.15442918901472 
26614.70678673771 365318.14319717436 75.9136858417111 
8852.687924994487 953143.6768330075 450.99362121427407 
5229.028110140561 30795773.694987535 13865.528306860222 
5466.263591029305 4357962.659586735 1350.6596006474208 
8284.371315199704 2099173.048990193 425.0114324694657 
30882.625545397255 485073.49144325266 35.615791325850296 
25622.791250171373 418859.33560092107 70.15265601284914 
5233.594640667457 6711383.657281647 5072.000007784993 
29672.165694882104 393304.301253445 41.472550667895256 
5235.794404085143 5523543.101103771 4219.507033567894 
13209.304227220224 645565.8046712219 132.38903577105486 
5232.103742556765 6492760.558943253 7948.082131998088 
5234.3832652014635 9216389.159567202 4983.414111419076 
5231.63495126981 17191249.60543386 6599.128477756094 
8284.343972106171 1138024.8448021258 514.8705334888356 
5229.4003976800495 33002247.38123717 12920.701118148962 
5231.052705777878 19447305.81905269 10639.627689224222 
8174.359489251371 974989.9832922086 754.4182468130008 
5261.330024766901 4397479.220266717 1928.7724823647836 
6831.246184604077 1896190.475847348 734.6591933715085 
5234.832042187506 6120786.709591139 6331.362259101236 
5234.9847604670385 5794592.062921733 4463.324789349084 
5230.164811372541 47969562.72290957 9041.918200579707 
8513.778044184553 2052846.8512035992 359.3334655928079 
5236.170530614266 5267364.266622265 4037.604269150177 
5443.289508039971 3055577.2536962572 1637.5588172542637 
5231.361858615413 37068441.192145705 7066.019260388713 
5232.933340683957 11433701.127115242 7137.287575649755 
12716.77360001494 761560.6656740026 153.74720772408352 
5395.610308500173 2560124.1786527005 1986.3259098509657 
7628.096553284786 1239927.4318411215 593.0943986319675 
23751.143173545082 423956.13428556576 38.80104614548568 
38172.6436000442 404337.11341812706 67.92581054372285 
5236.261233200993 3591957.017997926 3956.0527404755658 
9405.465340718445 750110.3996771701 291.7145861179036 
5238.780340635862 3988263.7134455694 3219.067779756566 
11390.54680303474 546732.4381536293 156.31660756123483 
33827.10806640154 361161.661470953 79.97338228730501 
5230.1142746687 53152574.81432747 10633.032627201184 
5233.47668608037 9009091.424023118 5660.8893964579765 
20168.5323528757 412528.57844692527 106.62430435207679 
5229.498823737272 24466895.049145393 11059.112877516542 
11314.463486538742 709583.678307661 167.1595743472124 
5240.082444506734 2925131.0059631984 2684.866267938648 
35679.56600911687 383572.2211007274 66.49582499702414 
5229.093804725229 27337776.223219853 12981.418198193622 
104905.68165038801 490526.68332208414 37.75397949873208 
5229.190095178466 94343198.91189963 21174.260949624593 
5229.642231860992 120848400.26653372 19784.360832425253 
5229.698580883637 43048619.47579829 14298.384736419477 
5229.582002111454 51674241.790194966 13855.092201616953 
5230.292059629461 64302464.508804895 11387.28718170231 
24754.55291090157 577726.7340915321 53.6562119283291 
5231.7298696445505 32862507.326228686 6951.803304077128 
5230.056955162835 48908444.10457466 10490.108075925984 
5234.487072621381 10453865.013589283 5490.649087753741 
5233.276359232323 8239635.046111547 9222.151488051928 
17025.76114505613 596702.2668700843 94.05822981068657 
6111.884689062742 2200929.6051720446 1451.0570953492972 
29576.584359165547 725525.824648255 45.891903101483976 
5232.541529805565 24390140.42979219 6952.886338028954 
5242.932339244297 30267423.9173767 3871.841426048124 
5258.983792576677 12660156.853341985 2511.629191509731 
5233.287987968874 16128208.170607656 8143.476398800463 
5273.5446618624865 5063471.920683113 2686.2122149858496 
32605.25160551716 395865.3596980851 82.56710633929133 
16092.53755468701 557485.3889157253 276.73637495437197 
5231.939567141405 18438269.541943524 7935.560379092774 
11645.05204582673 580415.229027785 165.35922664570813 
5236.624105377435 5336036.9043153655 4351.043995547044 
5231.206407249331 28403206.050878603 12059.71643669495 
6830.570474021766 2475583.27619218 927.199322913811 
5233.273161617359 17562468.23371209 7733.117251915458 
7295.273616914526 9696507.68982597 904.6171488542997 
