6082.344589332032 3428783.222190436 2022.1820012120506 
7842.234465809399 2903099.7225152655 808.7030151451365 
5404.579289440421 6660031.205799459 1847.079404912475 
7025.629951894189 5858137.099796856 879.7039428062202 
6495.080516408604 2541169.3538200813 1001.6258755826503 
5341.692016280346 22761410.69674069 5963.531989833783 
5239.637440836271 29035353.97741715 7684.399912001671 
5257.863591738425 15874304.021960936 7289.639245388129 
5248.525495708582 23253344.913465038 8936.523655735988 
5238.0804730792825 28793782.04935228 9848.463258645712 
6260.386735460242 3759833.457636367 1177.925576135593 
5228.231855325293 202857962.28891864 28087.13579528761 
7223.348514824082 2073024.849753627 950.2115691255431 
6880.817463304326 4267825.337616162 1077.2158355992358 
5784.149547848807 3926470.9418766643 1556.8520948989878 
5229.291071070861 157093078.92819047 24889.01465332706 
5230.733676003393 58379274.7739328 16764.378949353013 
7762.540370676132 3558409.55369352 809.0821341772203 
20248.280446138553 1114113.8195147596 362.3731147185271 
8217.327115899468 1446697.1081518908 645.7005870839176 
5231.08675905649 121402729.357536 15058.818673673142 
5232.75946135517 64007870.063219756 15297.85549400622 
5229.1078747107595 212629173.09528366 44391.065353692626 
44672.44552140197 987554.0151646035 218.32568207444575 
5245.588680893325 30691028.532244634 10941.732006223672 
5241.391119414431 23545419.82974984 9001.620583582742 
5314.057961894729 13217290.052221868 8114.367138157637 
39948.821888315084 1464134.102135748 307.9328207380913 
42962.38824986468 1383999.8685349277 262.9355699148626 
10025.72720926017 1348036.1898122677 494.41334313688935 
6229.379570400581 4128968.5515237 1326.304844268956 
7896.771568035442 2706492.5559760854 873.4318840091786 
5605.870895184573 4537284.305707199 1507.4840665720508 
5232.475459121115 80053092.13932426 17000.354930848436 
6498.515044732603 2578790.7451098864 1002.7325982537754 
5228.008096653627 175158669.19891563 52405.181211658215 
5235.121095390249 131797479.6278571 20059.889607446356 
5255.036224145061 27470979.347186595 10015.540190248532 
7365.191552841825 3101746.259196678 896.3599469820299 
7795.397413978258 3490997.281848604 913.8651438661263 
5230.4540892631 71813982.06371139 16115.234034089173 
21461.30164722801 1449865.1092637663 359.3330215721508 
10958.222741411913 1180631.29246493 392.52409222065 
7045.0880547598645 4132385.932343139 895.3490977044182 
5228.280953725197 139515812.9803985 47805.33695657814 
5245.581979818708 19415271.32853164 10244.77643260646 
5302.872742332662 17030364.896278713 6521.251323432273 
17696.145301575103 2540519.5435420256 335.00620134790415 
44618.5757414483 1143518.7856719042 283.0776975890471 
5230.239515215544 817479535.8548138 25453.882038787073 
5228.270277604401 1142455434.7889113 89149.69739642378 
12466.810433162998 1415173.3140779189 615.5513782923117 
57557.004697651864 1950057.614267064 286.11021659665465 
5228.874791223415 907369709.5710148 41512.0564610583 
5228.368102585442 199582214.01777273 48676.67077378871 
38908.38188896132 1870729.1441709623 488.5757170435577 
49578.56848840292 2109332.322466499 323.8693413564155 
26739.058984694282 2787722.4345599497 351.85805306983207 
5230.385662654627 288240985.6898284 25014.333643541922 
19225.566358746353 1740244.272299843 370.09826016682246 
5229.5459941633 454385839.2562815 26989.265099944154 
5228.995068482512 190639886.444023 43124.65561190188 
47348.73273580322 2707039.522258755 350.0715667321009 
5231.253015140743 107867828.19017395 21323.590657531135 
40198.13296266227 1806724.9295428554 384.89878983102693 
5229.617044588561 170157786.89134443 36108.341651429684 
5229.414044113248 287925958.13197815 35557.021506968464 
26409.647083703036 2031399.3550212872 395.61567253657876 
5233.487437543027 155688693.91490546 17329.304019965948 
5231.373063251796 72584995.88075657 28585.706298607678 
12226.968209537637 1643329.3753787475 442.81018382918984 
5228.958640896999 192638269.7525309 46496.606695821516 
5233.680577816927 77310175.89258906 16499.197288271054 
5236.153745182812 40453076.52721277 12236.807978909288 
5309.506276863037 87349645.04242873 8303.239922471254 
5335.1799947743 22094623.591961604 6627.092534767887 
5430.6029948564155 43029384.87404438 3558.7970868710895 
5238.403188580914 40134023.71414404 11741.11823989466 
5230.680664668282 165856453.60466886 23431.129623470482 
5443.990528216435 15473924.721579503 5113.689511120868 
5248.523188221738 72860266.37047403 10009.343112945706 
9304.445598212733 1935167.4733237678 802.9281643811471 
14189.040063116196 1672088.1253728683 461.3829904245496 
7243.817974246246 2830002.091274487 1006.5745728686493 
5320.497307281067 55582800.794582784 7009.164761519493 
5465.428737702516 14272901.185877373 2469.3011654554807 
5243.707476534362 79032313.93461359 22760.035502982195 
11359.190652784755 3812885.2663008166 473.5220090890066 
5374.253710782758 19235428.342065472 7162.4354838498475 
5698.619356829581 6724513.883935948 1777.3805714548841 
10250.511969726285 27359398.77028852 627.651843865537 
6147.955051298486 11548331.246935386 1561.2891622026439 
6112.37151901818 5986102.202052453 1981.168706949878 
6505.266732055383 4774629.004817682 1241.3728693020341 
5270.9061223057115 21077648.56539685 9154.36826429261 
9293.010404154762 1439664.320205026 637.5968937627871 
5301.791058730057 17537001.474104363 9356.542036919856 
9137.381278721303 2351886.8890298023 799.3739079320778 
10506.948008469584 1877527.8779506139 617.1929514341361 
6898.73623779388 2853604.5347771384 1170.6153497648352 
