5254.957792736538 6123038.656575206 2611.8739759415466 
5431.226504192919 3416733.664675412 1431.8536041398586 
8371.511938134927 953172.0215267953 427.58194944329745 
7516.283290610694 1727601.6508895543 653.9428372225452 
10049.803099293473 1141159.8571016954 415.22849478317613 
5236.768476847479 19341782.112451922 4444.780662275306 
5245.9963103466225 10825654.349620713 4261.067280991122 
5245.192958844479 10791814.187175324 2968.362447973179 
5277.516906773835 34981534.21936885 2762.95460449151 
5345.263599218463 4035511.719793693 1873.2792307001127 
5670.9912716460985 3815102.146866228 1174.6929294044185 
6893.0398924312085 1740740.0975327876 768.3976533557147 
5865.528675830077 2884441.323305244 1488.6102520305963 
7803.661753801691 2311533.0635780133 634.9618454199438 
10106.977327540784 1308176.7225694745 373.84563749718404 
11508.717553908984 939643.0954730411 207.00828923503917 
5234.137827168672 18663423.805066817 7274.543441245518 
5291.083505512037 3945447.5112938094 2275.2521895711593 
5229.068686603002 35922730.14019395 15387.292673750997 
5228.607200846604 56604007.214975305 21464.081407896294 
5228.661908290131 228907055.040025 16827.918617348845 
5238.32762390205 11918590.917299699 5403.07432368257 
7198.832766003847 2259344.3541327007 680.6594229959481 
5232.777831879394 22531286.309462633 9526.63682203848 
5229.441935514129 34738050.44699622 11165.781249502232 
5228.127226894031 99614498.6335696 31824.684019174492 
37802.57335841969 7055493.194422927 173.24248588973592 
147673.6258322903 924356.2856561292 153.8198047699117 
5986.6604455891575 2365335.3024427257 835.7651047786815 
5237.971507568849 12379457.300908804 3899.5784509835794 
5574.338693701964 3450838.2317641196 1516.1641461262227 
5344.850765319334 5110327.066447668 2228.992153788179 
5234.089939842334 25067550.57360887 6088.543143560451 
5236.8747917346 271740266.4037203 6934.770273653574 
5232.971215587613 141153485.10616603 7465.233309851325 
5237.353836353153 18403372.01646123 12693.84151572752 
5228.996284153895 57975782.589571536 19385.839194917327 
5229.149959546748 64672725.219998665 14361.70693557424 
6641.846745819378 3730176.3322305786 803.7360011626117 
5235.897163294677 23773604.341617443 6564.770265039821 
5244.948886345769 355536472.3022505 3380.3560752755566 
5228.9688893379125 51750064.52340823 23396.2899378438 
13295.048810910299 1590206.1322635715 209.88736711800388 
10007.841063258365 1620697.5482126987 387.81730277601304 
18412.707061218483 610177.8898154399 195.65554615512082 
5228.534192782405 59204250.074544504 18088.357491682676 
5820.467282527683 2936601.1409145873 1053.8733346377385 
6191.457726840085 1908978.6764142832 868.6199814726288 
5241.112188285348 8109673.435959269 3569.433996115521 
5275.774963352651 24234018.977587856 2762.9874746269584 
8548.450350687704 1145736.6230459237 428.2586375278295 
7768.82450154571 1799544.9747781446 699.5021841868296 
5261.661633891385 16177882.193600617 3411.349911577456 
5251.547490825105 25457778.498975683 3164.0876752665545 
5277.976879919392 319101515.96707344 3044.8205518093155 
5395.662959373255 24397430.582806118 1848.5276886518798 
7272.454295475526 2342218.9131049532 715.1286868000147 
8258.28971289637 1641842.8268575363 798.7495810002129 
7897.825972357028 2444214.6782558192 660.7213815768218 
7826.173896058781 9399679.014458429 675.9220636770273 
11458.552883935747 1543523.6838324876 391.5147035261863 
14030.894864791353 1346381.554291661 231.6814811061758 
11972.797170835976 1102412.8758041754 254.97066439464797 
14798.12572109944 903782.1148510781 305.7423737368758 
5301.212870915837 4220761.916030494 2071.3289927169353 
5302.4370849025245 17610061.68166512 3124.6431025535103 
5334.906056978107 9683867.213844903 2403.3474956110513 
5326.917331629751 4583122.12814057 3128.0811828502806 
5310.992074582048 14594780.191865277 3276.4917770204047 
5229.169135086706 60084537.734064035 16559.841183235265 
5239.336063535723 12959515.778778128 7201.628356406895 
5233.9469470983 27871367.056831285 10379.940217305155 
5230.9971250597855 67072979.14507103 11449.166947966689 
5232.276469600447 42875799.57738887 11011.166948335915 
5230.392970525376 54842830.80005265 15353.077259946687 
5233.128443731881 36278856.6377582 11389.84024007509 
5229.873415848806 57136861.98660947 11915.343717419575 
5231.407183851734 46093103.91039516 17523.90024644851 
5231.957618811562 34161415.465025455 11705.354335942957 
5722.457353719297 5154344.4214537535 1942.2494206474157 
5234.782514352307 28511637.477619004 9820.210511333811 
5234.560417127708 30133238.328001115 10189.63025840597 
5236.456058639992 75174632.4434917 7449.482531297152 
41771.97672141019 862809.4135123432 189.97018682946356 
36331.593883463 1857510.2435260399 230.77519046803195 
5228.951812014252 66973960.69501993 18873.618749690606 
5228.584101591962 310903640.00225735 34750.19935266034 
6229.233095087409 2914475.8724565227 925.2915228380043 
6543.018280566409 2499058.436971532 1047.7563795864412 
6825.220881947681 2595660.3343145857 968.9655054191024 
6209.813783143656 3073466.250979319 1244.1892117076723 
5245.06186953251 12725050.811689263 3652.730709082729 
5244.5995803007345 9252621.167332271 3795.9147326352418 
5249.239369783495 8457059.397140589 4051.8150694695064 
13131.942016200474 1122396.7410669294 323.98246118568176 
42177.74951170666 1001534.6366029422 298.4731889358692 
5228.535564877313 703816562.2298955 50846.1044225381 
5228.867518480535 535231196.8906172 75397.02040008712 
5228.884631176075 883910167.2795347 35363.42662070072 
23751.6257930046 1149679.406788175 310.2205141708192 
