6192.3650766691035 1302633.8041810044 382.12831177311597 
6074.576715505227 1406645.1548935478 648.7482838328993 
11734.852226109366 564880.6076279263 179.0177161648695 
11651.043963272345 799247.20764701 239.34458798267454 
19568.341675017076 726052.2501182241 97.87463351173203 
20760.832977552076 582255.8313919321 76.88095867397833 
5307.893364467158 1770004.8779336624 1471.1172390800905 
25873.221216008507 421725.2268440009 82.11610905942703 
5260.954532571482 4146068.5658049565 2074.2361470234255 
14104.491802428063 504367.59134687856 158.93090041270034 
14250.666567803506 646237.2035099634 141.22147718818564 
56741.17968305759 354118.891573767 178.24133491732172 
152717.32330257996 472411.63502658345 16.06343301063914 
60038.43206858871 655428.6101420621 34.35244334940154 
5555.017667382232 1669436.22106865 1446.4281387693293 
6032.361727667665 1396026.8908072195 666.5435829296343 
5646.854698274235 1328560.667608709 1198.8485737771562 
5913.92636380137 1492093.3298528825 689.3173024675116 
5231.498690949755 6158153193.521572 38633.78311206109 
5741.290107598498 1456807.328193213 1073.141447829062 
34242.71177067077 465814.97103109746 94.3627014148918 
5252.718291258447 3677718.2632452166 2428.807789229686 
5236.6010064858765 6945048.508921856 4078.05944597134 
16799.17712234041 460377.6868699944 163.3379938157884 
5680.044492525961 1497328.0838284178 919.0731246868393 
5763.39750796626 1574548.048069698 706.379101908768 
7927.929704191842 3175534.8746838816 393.1367777513817 
5380.7148760558275 2391213.9913315848 1410.562952391328 
5234.00753196367 7456995.179305633 4827.9650205517355 
5231.339622282973 29714064.7747341 9957.693640588033 
21191.2786141332 518333.08747815195 113.07081034090946 
5289.983081370538 2633813.7055322686 1692.4942133783043 
18716.717477290513 1389921.5164067557 133.98268709250775 
5268.263884473513 3828246.990652908 1903.5554529963445 
5243.20396994368 11010400.52382403 3836.1321161419237 
5244.72840459717 3492402.3512340644 2683.815556649345 
5231.226713929431 14350999.567960462 8407.699726229623 
58608.976555788206 442315.0616494555 92.85437452339059 
5772.013464754769 2095157.9148001254 909.8305018986297 
10652.56877776591 1023234.2318742882 412.1758568313333 
30136.97041747412 488679.76695719454 163.8991136099839 
19299.58084816892 468159.0153941063 124.79346967184419 
5457.254499388875 4773163.977774655 929.2654299373608 
10721.938362316241 999789.1988462469 363.40611798457394 
5233.075218529873 7482828.688209026 4719.722025079592 
5238.18476005131 4766990.5413411595 3882.738608062313 
5232.68597490128 11279152.284645995 5705.691546334568 
5297.290166498824 3060405.3381740456 1649.6194685348876 
6551.490546948835 1042093.0121963774 544.7232972149624 
5287.444102454736 2104247.93086492 1770.0011474481905 
10980.716429589309 952373.2580539648 441.0341051659467 
19293.091533914678 834383.0444458477 131.20593870631453 
5262.816597593193 3740877.09416461 2098.3876669427254 
5244.248365917518 8905774.25791654 2928.9806334771324 
5232.405574491777 13191736.19014483 5974.732163271954 
5246.083016204745 6546770.018307791 2661.7231559366433 
5257.073544785515 4202073.503016307 2427.6734710043625 
6028.481330592143 1364446.88325223 735.864337656268 
33824.751744224704 573263.6243195309 73.96983892242355 
62342.886146269855 440677.90821873286 97.5838286539409 
48924.78027569967 513673.6840593234 64.25080875561062 
5859.58456218666 1310197.356412851 795.4098742967412 
5326.705692625735 2395284.7732756897 1442.054254464 
5547.9620343805545 2843077.0185940424 1222.21173641194 
5242.829949522972 6989454.09058501 3891.986678550771 
5246.885725638533 3007637.49655142 2438.3479697745865 
5235.944362241 8937024.489756493 4380.522404552052 
113803.5613556437 839740.3818449688 40.67483509909951 
5231.542676664732 41498028.448733374 11000.623513223782 
5232.083397913273 26268388.543529443 6461.7988561127195 
5231.972191699325 715948319.546822 16561.89961982931 
61503.40995506721 391203.5050853816 233.93700197440805 
5232.448849044266 17110440.820944685 5937.108568999744 
81479.37301406151 404674.1823942209 116.65151529618088 
5237.098703002734 15742211.412042065 4242.868819715639 
5358.328185353026 13885587.555829903 1568.393519093949 
20554.484100336744 930081.5960687359 231.5272500213644 
5250.41499561759 5571504.277870957 3540.64383911945 
5258.718157960364 5068752.584008771 2414.4792749780695 
70288.84556704664 438103.05153732706 64.3062704959345 
37280.23964077293 749295.707921578 182.79802738288072 
5233.599393854264 40002097.97768205 9499.108864545975 
46960.334834470035 777175.0148974209 77.9409135513899 
5231.192410974385 12579768.115935352 6574.792943877857 
5233.795468074025 6260532.995776693 5556.13268973905 
5963.454301250108 1662801.7495304022 928.6387711206335 
5288.539566777158 2302076.0441259444 1913.697681041362 
56674.47715917906 511463.55988097744 132.47025265968153 
5233.855664989356 8066124.063489658 6243.12134296419 
10766.20049026703 1081217.8386685923 487.7062906365484 
5245.578919522038 6764171.219907729 3102.0002520030266 
5237.094383570964 6339049.135330854 4282.035852203721 
38580.5586146862 515852.93661235116 134.98948971044828 
7075.29340015747 1404925.6382430773 896.8572122572411 
5275.671136119716 4146383.2572626565 1894.1473216813629 
5234.352376726737 6864647.691048859 4817.029513086663 
5234.797172897937 9411611.046116102 4692.365834895203 
6464.967239201827 1552157.503851907 637.0428998246366 
5244.462833218216 6807688.972803948 3171.8928829999263 
15143.465921406576 930024.1462243395 316.68029414578194 
