13521.069541741688 385484.82611023326 106.02793697396574 
13006.876055249973 512715.9749842363 84.19383094905243 
8259.064603096605 796435.100180812 463.06454776454524 
8374.592711550556 951042.9565936085 267.69746886104224 
71638.18421661564 451422.91648157185 27.757482004395413 
5256.889912583699 2861362.0726139 2013.0112034379533 
9719.020923575814 770930.8856282099 182.10823481342214 
6369.790382325615 3760771.2697909037 806.0088791452133 
12078.819029173057 1064792.3579410187 133.41894572513428 
36953.49330904082 454431.59404617344 42.41992461058623 
10154.39736759924 460756.1263147599 132.50975542465764 
9749.681734557244 519326.65989060927 201.88194364630374 
29255.61235415234 330919.5908656642 78.45942245560046 
7723.788841928781 1130544.9101104445 320.23809784337425 
5250.158815281069 9255796.543936765 2448.9466394071796 
5235.70325627063 4347745.758322944 3778.8692574789848 
17896.457414730852 377172.8366164988 89.22647194641496 
11332.543950732666 439725.52702339774 151.51692886254116 
6375.501417101015 3161589.974141631 639.77852417369 
6400.127326595796 5532983.157368345 568.1837705923874 
8242.43634345081 911945.9108383928 362.28089340581937 
14348.925521337878 468681.20161015395 76.2279896634343 
30903.88088279881 333904.1663514329 66.28314305901641 
5250.961721887742 2708262.7607153053 2541.2354023630687 
5246.839741505524 3869688.2799249417 3138.737748731035 
18836.660420620414 368846.87884272466 53.32474384130755 
9703.069150738353 598642.8952473799 199.24679357925513 
6531.602145147886 1277755.1183239915 438.94107658158595 
12219.793938141822 506982.89103902655 216.2136669422997 
19765.639669402895 397980.21632097894 47.745140474655734 
5855.036719049099 3033615.520674222 944.1690707664038 
37014.31062786967 540090.5400822143 30.792047001966875 
5230.23670611037 12788016.977492724 7261.808122687032 
6427.9919333280495 2458183.102749003 599.4543173640743 
5887.104015907972 2124784.1436689054 908.0044754474833 
13159.485453364347 385742.60826144466 101.85693384195618 
15972.785363526298 571834.7646194276 64.78174056397145 
5234.257291911243 8028472.802775143 4919.658447634149 
5231.739341734354 5769213.949927766 5286.188251087673 
9532.8902083586 1088047.2979262546 199.35309291837146 
5231.287093939765 37849077.81754437 11748.563595636482 
7157.032325982459 908735.3935843497 421.01324016727807 
5231.945900184683 24171824.477696672 5381.340619489787 
5229.685451402482 48208388.67481859 11886.596804373152 
5229.309823600697 42625380.61020594 13456.841382963448 
5231.674274676083 64641123.43511553 7329.899048798563 
31538.163805108594 642443.1118329299 36.4343111269647 
29022.483413372807 468527.0132460703 35.75088895995 
24997.614220121628 534812.4426975317 45.7247772548493 
43796.26635590554 440910.05248210987 40.43155441199956 
5684.1402282004965 3181930.505001985 1847.4625962641628 
5847.922767376989 2665053.16864702 1257.1848764026963 
171199.457462275 1307526.4126798743 24.780930587539892 
8454.886043601105 702148.9097688807 360.64664577582266 
5229.676450686982 18135911.438693922 9668.484154044485 
49589.68878730201 459034.9325312672 40.52668927363014 
6436.584422964543 1117677.5059511187 697.5964665800971 
5488.810091585692 4924945.61183583 1419.4916321950175 
5228.640329735517 67320438.77654628 27880.13704602651 
5231.150779253204 194388572.95649725 17502.093668742273 
12898.58675041792 613971.5725756913 114.76740221628565 
5229.346798103188 96506343.37123793 30355.929476905905 
18806.87794950053 348929.9764849931 98.56972624957452 
18134.25372363889 414451.1495105915 85.62332656029439 
5857.131379839098 2588712.072566223 1178.1335143238234 
79165.62262858222 798107.9847911265 32.16306433960491 
5229.545793750391 170756673.05623862 26906.05508045283 
20611.095343605077 356041.23147063743 116.11849037229037 
5545.1657946910245 15978964.318358673 2140.4655801013473 
5229.80889318614 21596867.158136766 14246.440246822533 
37925.11746475349 502330.88074745575 38.113277535343485 
21967.570722102457 373206.20919920737 65.32432593626629 
33374.62208570633 486424.6895684034 48.4465269787389 
5230.262368792348 18928213.141105577 9636.304394947394 
5232.555992476622 8666998.711635573 5660.252112064215 
6097.007482056782 3166871.050857197 946.1353513822944 
5234.594001261204 14749350.268672707 5070.087564864407 
5247.260271553965 5155095.662405461 3466.873203736059 
5231.6368972993805 24290744.378260028 7469.622688027717 
5231.641951561803 17065274.648772933 9823.461785923824 
17522.63181622271 417407.7173597953 134.09950807180982 
5450.38623513446 7351504.979647827 2327.756634156572 
14268.302690848788 540647.0161464271 180.5097355068455 
5232.167482674148 16479391.965740176 7818.421133484062 
5231.246445229886 17179671.22269648 8212.186853968313 
35168.83003901963 515983.15856508166 39.54087538191731 
7457.576056580195 1962057.903997401 457.24864932150416 
12283.96471333551 616869.5299121627 103.45212001560019 
5437.550705373603 4909915.303652979 3053.9931489966325 
9855.50901131229 622864.5237714871 230.96010969493904 
18730.193929148183 667685.942684759 130.44808983689714 
8160.75649375877 1346145.2278258554 377.87984270821175 
5230.428371962382 14770884.206858609 9396.948592469109 
9592.202330485974 1030662.8861188914 269.28479234447315 
20104.416903096946 494130.15010179346 86.37959211544533 
33702.23022819361 360089.6736491934 90.29279577179679 
5451.038547333704 3948222.983069419 2233.2309788355656 
20806.71144641168 573150.3082617839 87.25579206236135 
13177.210862015114 611229.5560624094 201.57099259722395 
7752.860938914828 1660507.802773526 396.6881012726992 
