9560.181811280814 456966.7950701796 186.10681786751707 
12055.772494109477 367693.38334110886 83.81458502718424 
11436.127364405354 386711.7491371716 178.33276294559346 
14908.313549961957 323230.2881033571 59.13123308202707 
164721.74030053968 439621.12683221285 30.58294582714795 
6206.906783607996 1163432.5370108932 435.7252080009973 
5302.690514923342 2635880.3263239013 1088.9910232119114 
33719.37652477215 510700.30314405396 28.963552917254827 
5998.740587448203 806233.9986132756 474.7498309635958 
6272.815372762181 624277.9890983036 339.0492206250288 
10848.566728845683 422781.2493089483 125.24384990239759 
5242.722324291064 4568545.851861134 2729.9450017863537 
49127.98897083412 306787.71271713823 51.99348682269627 
17714.314794955095 373734.155090183 51.58691450019815 
28115.457561520758 412894.08775050106 34.71424324053854 
18937.862109555423 357220.3269642743 43.80737530641023 
18057.533187375095 340475.9226830872 51.211795614715726 
5935.392030996879 1810363.020718355 630.4279188019447 
23011.544117694364 318518.5538545812 78.97366513412643 
5831.480185010277 1387085.8971102699 935.4472683854797 
5288.380670129746 2371306.1830421835 1393.7240655591913 
25729.900234985143 372352.78314403305 36.67118727748839 
5228.877219105612 30550168.105373718 11199.295947961771 
13312.5326630958 834750.69785223 72.99406103090124 
5251.13533276739 2770273.5530738537 1860.8404599273729 
5232.037859935435 9231054.421787692 6394.391076790389 
5232.490619380429 10496732.633988582 5648.261523573477 
5231.689680869802 9970337.03333966 7152.535272438373 
10520.59204652612 416934.4218308174 154.01411299556926 
48247.755737816646 320343.94355794217 38.90394295532914 
5236.018445413143 5954709.466487387 4117.767435331147 
5228.274288709171 64953325.601771206 22699.6596633545 
28944.458766760785 441594.17976203054 34.43861788373153 
5234.068007692594 5978255.727177212 4155.104099763589 
11712.535632746622 402529.2970490556 136.97932401007898 
9456.277174815608 1044813.613750257 324.7140908880205 
24168.883638570056 316576.5549987137 88.99010611386606 
12044.929489846028 433620.0478143262 121.43402921066128 
5230.604624326659 10533207.176493213 6218.331184841659 
5230.165060286054 26860831.64130613 10037.003180102125 
5228.116477129511 2643473652.3865337 100338.02299951478 
5227.943731636439 97472434.97223304 39337.340171752774 
5229.602178031471 35502763.84691155 10702.54646256925 
5233.865305021881 5635782.869730843 4306.387113586277 
5561.997393099122 2487953.987064852 1153.9062484270355 
19638.058328223597 338728.95172751823 40.00864174114538 
24059.43129459754 521648.2070169784 36.82630387688837 
9909.546352654681 519349.0464266004 195.7706811504572 
9634.0356843678 651326.720794829 281.90498848215736 
12513.972290449921 395062.1467617448 99.92529056696402 
14474.021815457294 388500.3310924982 117.09602308788098 
20611.37683184774 333540.35759837343 92.35160698229778 
16574.840939286598 373797.69387485896 94.84282981523681 
14988.143688901397 462996.7185228332 64.99149194202002 
15780.200308771957 396506.4019771018 81.76958574174618 
15919.900706117294 364183.88576904434 97.53730753794761 
16028.93514541282 374712.4532596336 95.72175234464656 
16648.984197364265 351508.8868601442 86.52667846783605 
48826.879788257254 1225426.0248621039 30.333208553049246 
43921.39014372134 1296150.445284988 32.85184304839208 
7550.307710130771 1305247.9480426286 539.9318993734134 
8296.401491102124 1074563.9553664636 465.358279985439 
6277.168181858513 2038372.7367225122 384.89005356805103 
9349.373622073355 19880407.7782813 541.4405839542871 
8402.205599178851 997947.9768005152 457.9805403783919 
5242.571771535799 5026523.231668055 3522.32407996663 
5245.819252784956 5079636.971360849 3080.2826517249387 
89060.71223442435 320704.1570305405 72.16711027049503 
17772.932534697717 414363.4051555114 58.12157840830712 
21695.510808845593 525526.7069099445 53.92749750359368 
18955.930246967106 355614.4220136497 51.122396853227826 
23983.361890221306 337923.55176934105 63.1355491040418 
18349.51830913055 350818.192189868 80.59595571392407 
6162.2486460424125 5389940.017481099 791.0747352353983 
5916.385711341046 3025293.8566813944 1101.1197683975593 
5430.2073690360285 8249773.118868099 1578.3646697965983 
5228.8888383689 33748524.76485151 11263.096044093945 
5264.400187558025 3233771.009866732 2646.755641660986 
5306.9665149911725 18781914.103989497 2055.1831632123403 
5263.663051438943 4099847.632460379 2285.460617535059 
5232.86989052365 8495616.056015726 5420.4455931493585 
5233.409823018145 8130437.632252232 5377.439002427273 
11215.179174327348 535911.5501502902 165.67894462540997 
10639.396450257986 436254.46552536264 181.64584746131274 
5228.845550934597 231046700.1657902 24388.168653063054 
5228.583075310415 64281671.241553016 26841.246324602438 
33771.26155648606 513141.6502708408 34.134923095378596 
5230.916885138628 10820990.50909479 6287.4370615324815 
5230.667891315833 50316873.63445703 12105.87582192008 
5228.513146946325 30200909367.99163 528641.792682314 
5233.917556054508 6589962.614382774 5253.0474508928755 
5234.806644118603 8271627.523489807 5082.628172950326 
5234.498479189798 10856152.985846406 4906.503948255733 
28914.2015673746 350390.2850775991 41.6761535013961 
69915.01923406085 343970.5072272384 59.21811028622538 
29473.29143163742 346415.75920585135 58.426828225141925 
23144.71925528117 486867.3820797901 41.64866790206011 
22865.326159809603 353392.7585123789 78.33791952868293 
28235.109432948975 1282889.6544687392 46.20096422751453 
5228.852508977816 93407761.78960694 28214.57606368311 
