6195.307121202912 1980257.440006941 412.71521964994224 
5464.530784376754 2103660.8512994447 856.9908777576076 
5286.320489835097 2927110.600720827 1759.3031536993328 
33787.99409004231 403260.4011940029 66.05432274156951 
10561.646816959354 1099869.6882059684 301.7813471048359 
6074.099245837165 1317099.3696161225 620.5929429411871 
16526.861101726685 510477.09920086537 142.84887203066472 
5683.261843081035 2051031.2158155525 693.6614381923494 
9444.590086001797 1721193.6456480967 356.39183512475825 
5585.753721778367 1589451.2093344661 1045.595837460426 
5231.932269669315 8590151.788176633 5760.4613881564765 
5328.489075273522 2840393.9647177774 1373.8916848114502 
8213.18988711259 1157415.7933748597 536.7226979498018 
5234.030786394421 29127227.24493687 4377.234620165633 
5232.416283107578 19875501.828866355 5109.673779068878 
28536.405928150565 744629.4854997206 70.790195730974 
21486.85404102752 440387.9613825837 114.32406413371586 
11885.222284066454 480368.0579707527 164.8091680025692 
5250.43495640799 4081557.7845384385 2770.083318170136 
5301.987148358456 3000863.0330570433 1359.1394314233912 
5707.419435017216 1950425.307189658 831.6066373700908 
5237.688172571277 14046001.29804607 3924.7574870255035 
5283.576213462618 50459273.37355357 2355.7631128528797 
16634.069358598223 427453.307991802 133.5450099870743 
5275.976851702835 6327509.26724645 2565.739303858121 
5230.734343313419 13244744.821165763 8816.013194463041 
5231.154108288403 21757491.90556505 9098.503059951336 
5238.400929240218 4940524.116216163 4708.551219280513 
10197.614237076106 968948.6322074966 317.9861961493912 
11194.55988697291 1276143.6348785842 283.6300768109184 
5976.577541454274 1695195.0933660062 757.1405611631525 
95730.19779714782 430769.360395616 56.314206324774325 
5287.337753820077 2939252.9225666644 2646.847976334109 
5244.478195766404 7617984.788695054 4021.2553094709097 
5232.384449650407 15841968.707674328 6508.497109400664 
5229.006945008381 73603203.92860517 15844.718455217511 
63317.369454259904 712235.9529411095 44.55479127572244 
5231.821025625686 24248509.49410517 7282.130876432794 
5233.504971900033 12204131.392850487 5430.5317849024905 
5443.885019220599 2179095.509410965 1368.2702359605505 
6528.428547687496 991124.6795889137 391.36299663253016 
5743.055997382474 1799745.6140477997 882.1019899446111 
6186.714770538381 1232000.7720610877 589.375213217144 
34991.224878249355 500148.970902842 53.638275750849544 
80182.15344573573 799271.2776896121 32.5346283501416 
100386.65191187042 686471.1323325386 28.241525115740718 
5230.382399308782 65102442.37482731 26366.02089736549 
5231.445052714428 19872298.58258562 8157.221575907457 
20411.443037692203 491085.3482044963 83.12774770755968 
5234.104904838223 13036204.074827913 5562.509712473899 
9786.375621012845 1196248.266987349 657.4621935300645 
63226.09559468844 987996.8105580814 43.68998450346225 
5228.666648373975 127577818.54177494 26535.800344151296 
5231.651305750123 17817628.98975449 7413.288984242746 
5276.798112641633 6620565.457540054 2342.0840069631304 
5279.765707349385 3758925.103301995 2176.738814415893 
5266.730414606376 7328804.082795538 2554.6720285051642 
5290.498056711997 2484354.739774003 1597.5549787331838 
5437.616430491636 2590429.9234389164 1226.4009115469125 
5229.713503977375 71982400.35046339 13093.295170049116 
57129.50398267357 606275.0007001972 47.2682140775522 
80379.43451134513 753725.1258395601 37.21311680358976 
5231.374267406034 14264269.055087652 9069.810740305968 
5242.223591601232 7016413.948211517 4086.8784234001796 
10779.062623869973 938916.7528658817 329.1078906198564 
56270.91439266152 405425.562340957 66.18753143886671 
83972.12184754093 1296320.9087567087 35.596123288305684 
308790.1648957032 706807.0635112608 39.49454243140482 
5228.815537117507 182189596.8954868 33030.23483022957 
5230.354382894954 447929799.38088727 17617.455893804778 
131625.14369240883 825101.6835637079 41.39671557177044 
5229.34296515572 143253762.73849496 22374.02440129807 
5230.61820862572 117170404.13150606 9363.235430317052 
5231.34741645135 37624924.03964211 10917.783747062294 
5230.729909609489 38451494.28177682 11026.713406421584 
5231.8701145565165 12969466.511297258 7715.338456426869 
63665.33172479094 519052.52916159324 56.99187942276373 
5232.486318811384 13837308.826693615 7059.90296799822 
5233.866562746659 12013562.735100936 6008.077579123495 
5233.339076926704 11418584.955255002 7518.621818043603 
5261.47461962626 8398193.331083149 2943.9206452050294 
8432.716251895918 2857854.484511032 814.8084686982357 
5857.169670346401 2590880.9005520297 2318.807903134147 
5241.1661100650745 10981743.411817385 4028.25613949021 
44778.98254124832 443750.74496442283 83.49511807927874 
5296.985151526655 4895766.8926553745 1725.0957344233636 
53309.79391969295 543372.3339655852 63.145137285412005 
23829.370262127184 503695.279536424 99.93068890505609 
35751.7748114937 1149614.936469761 75.60687397779961 
16555.23161229753 662817.6921588657 175.45928446363618 
5234.5794606693335 7021678.535584108 5329.33750659206 
28117.012543222398 553436.5839498036 88.57630111598824 
5454.075817936331 4243261.699827086 1951.0847239766863 
58284.21900975517 1008112.700321694 52.41845224178494 
5251.95473854792 9013037.648239328 4195.054074692559 
5234.486113202653 6318516.091366464 4950.685102687337 
41620.775334952355 483218.89999410184 91.09547977646659 
38842.64859988491 583295.4208181334 87.91965951123224 
13167.247237343498 713664.1487138063 233.84278113837254 
5236.46987581114 6981412.777093627 4525.403583149564 
