13521.027880907166 384874.7041113073 105.22984308128837 
13005.088608197588 511302.3925138059 84.16998196376943 
8256.277416660243 808885.9150824281 466.8006424077067 
35169.940968161194 515264.9947413445 40.433824813259186 
5517.050860004443 6074917.450148907 1481.417803556171 
8375.712200598833 754114.7543532074 257.19717061621185 
71652.97673347653 445878.78730116755 26.337568228829287 
5256.716880483716 2800611.558408207 2017.1760991790272 
9716.79922481276 777527.8174018341 182.4468996617921 
6366.206501526935 2212487.4724113336 757.8442503705475 
11791.96702830497 535226.6056384426 111.31034303076316 
36809.33742740445 437421.1148260022 34.75782619476041 
10140.539124428802 461229.28734951536 129.4006279413425 
9749.420023703038 522515.8825918669 202.23216651684945 
7064.059067111996 3096966.535480338 449.4155280173376 
29254.91543652149 330312.8283077648 78.16378954325722 
7723.760117854025 1156178.680542557 320.83150174679105 
5250.158815281069 9255796.543936765 2448.9466394071796 
5235.679418640614 13267967.127025567 4009.6802876777756 
5230.021272419834 60288157.26591115 13374.56655109783 
17895.322928267884 376873.8893435656 85.94090669272356 
5848.7992165691485 2812442.101720117 1259.4334264317233 
11333.134772980624 438655.5465713629 147.43763375354567 
6375.386593373525 3188518.4336374155 646.8121811803466 
6395.94555188402 3347694.890998642 536.924498057059 
8241.904196360036 905131.9562194379 369.497059243648 
14348.776893408576 469751.77223778435 79.60959819854173 
30899.652746783955 334690.1140683006 66.51529468609631 
5250.7866729352 2592824.3107363055 2510.441269198064 
5246.9155098065485 4388400.74406746 3144.1504110664646 
5237.012193390414 6453207.8849594835 3728.6849875554485 
18826.833414141798 368174.64731546113 57.6135875362791 
5236.340010924323 20300150.591434687 5993.491450029321 
6486.155528334523 1276033.5380388033 800.1407290641677 
5236.834217666537 138164408.6958066 8715.473331120837 
9704.239230562973 597953.1644183451 200.07475351108627 
6476.162056197498 1314033.443984632 472.98325238335275 
6431.935518453121 1424119.8814844384 694.9104716680645 
12181.910097824593 386987.0713381819 179.30281460574878 
19763.689640713015 398210.02284820535 47.802849783077036 
5847.42232972625 2672547.7147359084 939.0174585083016 
6429.310422923666 3504333.173139491 642.2576652037299 
37014.171262664415 539618.7253255617 30.701077223259233 
5230.021049795262 18923816.279007144 7743.113341171289 
6427.525135751736 2473260.2892275387 619.3379763701353 
28689.478099444284 339362.077849672 89.3429261706494 
5228.755863186312 293424675.0072592 19593.096234639634 
5249.89345677079 121739726.38147166 5827.520210465042 
5871.856883051565 2111192.584649917 922.2236420937202 
37650.32357578277 460068.82119786367 34.704353573084035 
13166.311878265917 387203.29199887434 98.32635169289993 
15867.214639494146 459868.89812453435 50.020539303441474 
7702.2286076956825 2917055.743100758 440.1112192346509 
5234.34362921437 10560827.905837337 4747.590464909317 
5231.837270515541 6242829.039076209 5259.25985603251 
9557.881046324099 1107025.4646021698 201.93772679801666 
5230.555305123979 12875855.205680495 8140.032962497306 
5231.103753409677 8852937.967843171 7510.971517813556 
7155.569815072801 957380.7768051368 420.61998612866216 
21958.961338117246 367381.43334154726 89.84381046730522 
5230.38406076598 16762711.116137804 9340.53843203504 
5231.533978654973 43583074.76521805 5634.631001127803 
5229.292414798125 17410001.158516005 11262.734467948425 
5229.287707883884 22262394.400127668 12629.195845463624 
79162.2698826969 792431.5123762526 31.47053364908255 
5229.064118291275 46643013.60042098 21876.90561521028 
57246.33419878062 443434.42569638253 209.68147253584354 
5230.024253803124 19299044.620064557 13173.723742053757 
6457.48663251546 27766692.555772822 930.5058999030994 
60713.94000924451 597299.4777602433 50.32872790021342 
5230.309298091341 19079209.878492996 9528.149395371036 
25006.14516841076 546143.5783477691 48.10153027571991 
49589.9524535768 458111.53082979994 40.36514399707454 
43796.26635590554 440910.05248210987 40.43155441199956 
5230.415418327434 20041238.212376516 9002.08475006658 
37868.97022818989 382514.51937024813 126.10992363080081 
17521.53015867355 417482.6430584789 134.13287363541428 
5234.612881138051 22297241.190321892 5107.271541848138 
6441.8787682906095 24103027.211457986 1057.1102013595373 
5231.503341999537 13544084.880773773 7653.4443555584385 
32545.635072070418 388347.737463225 88.59022152381769 
5231.338036223302 16555873.91599666 6798.1332555016625 
5237.5001981179585 12466913.359904913 4511.557267479585 
5232.425073748019 9945219.599850679 5740.319712825673 
5418.739323872973 5809688.260376628 3086.705877927698 
5236.075742255485 10017767.655127017 4819.955193043718 
5237.494008638888 15277813.533789186 4396.842478625618 
5238.162343999367 7508800.433488258 7590.634439377204 
12288.857383881703 1055840.4994719306 113.54930894218757 
15336.986286604168 569970.2447627587 207.50501773231565 
33374.80042292514 486373.14280767 48.43314033295651 
9842.002615656373 621018.5787191716 224.55859839577823 
5247.191213181293 4578763.140330216 3380.5778965773047 
5543.41339226964 19286967.831654236 2109.005089821553 
5485.993603496242 8997685.252375476 2597.000062520757 
6134.640655001775 2563463.8580152523 1259.176998223013 
5244.113137953395 20254010.229223803 5370.387916327647 
6172.7258042062995 3405582.7058300613 1137.1891057408789 
7752.28680238006 1161917.9151716544 388.5797772493579 
5685.336144222567 9136118.590529814 1875.4353200291037 
