13514.956802123841 389991.1814406011 102.53621789155575 
8499.098152655071 577221.5416098065 228.8753887734856 
12989.386246281814 570558.6858186151 88.9443713364986 
8264.332447384628 797310.0195851063 460.78088758131037 
35182.3555271848 517336.3363473899 37.3737799474705 
5517.194839452482 2951019.4744344866 1356.64784042195 
8386.55709822764 554434.851706 232.24466700845772 
71685.79929851195 439052.6196715155 26.29150790990988 
5256.130665123728 3046775.3488453077 2051.8896283405847 
5274.075171722381 2444865.982234018 1426.171362397728 
9593.006014591605 801097.7853411223 219.39553801431592 
17145.287611931868 458644.9739476242 58.5224944307138 
6369.641550136242 2017575.405724818 733.3552041797903 
7408.397036251634 1404969.382579279 439.18062089727493 
11734.544319903605 495705.5096798535 99.52779098533469 
36822.22472801357 437202.5953598028 34.851426998445724 
5241.92187655885 4815441.423238438 3325.7242003423835 
10132.060764880078 457498.79830745584 127.83285441908822 
9751.704205605281 518124.73929394735 205.91121045389124 
7069.295571670992 3290982.780202357 461.8596444856638 
9441.892894712448 522734.6227860418 229.6761951950005 
25005.330445582116 547030.854342982 48.24152057033583 
24754.095972924035 367973.92538817786 69.46855616432053 
29260.525674894663 330833.27940715855 73.34190519015556 
7759.5476411134305 1049038.8638632093 296.3439422551195 
5248.082849858838 5461489.028051533 2417.097743837503 
5235.147328059955 10193928.127456944 4021.0464816428853 
5229.847724107563 15207763.096520474 12396.400823191572 
17910.043267772373 379066.7415474277 75.30407591638969 
5785.164374148587 2564457.051933806 953.1285942509347 
5237.012914236249 196131050.23555607 12922.374815026895 
11321.552335384338 437563.5489274902 146.79857800485163 
6374.666540250924 3207033.5091012684 644.8919931912624 
5230.713852439045 37113120.937139444 7454.393416213646 
6404.479378954505 4586711.482588849 566.3865235542783 
8246.767385849 947896.3720847009 371.3011765622836 
14334.15676078173 470419.4304728437 73.6646452754903 
62010.06184678992 483932.45236324664 36.9703571507913 
5557.339107713336 3723450.5913180374 1284.7791902120146 
27992.87852691326 384085.6666532045 83.88850784212231 
7703.710517648754 2213352.406465107 342.29543798689673 
30893.30872402124 335809.52019158495 67.9132819912734 
5250.519170890434 2631893.9296218534 2530.3500548896045 
5245.966127537421 4102136.0042558564 2964.741912931615 
5238.445001629816 3870075.1386420853 3349.8530483128966 
18815.08455785733 375865.2358023025 59.80602766222782 
6220.65598293163 2608981.233996692 851.7817902511631 
5232.730790918526 13853641.240499334 4955.451029042457 
6483.483122075556 1059690.7858103192 763.0299835716496 
5229.109051353027 46255919.86335358 20276.645037634684 
24767.371804343595 397926.46403700055 82.95656816489816 
5230.254279931615 13813265.56722044 7729.125621846784 
5280.085259045256 2846056.5840145117 1557.9346467694 
5231.224172295755 40033117.552682154 7278.922754807848 
5246.964258429089 2994033.6249212525 3254.80037477951 
5231.391810974869 10091658.78047308 6485.3723277277295 
9702.921783675734 598022.481870998 200.5293470094424 
62653.7320273674 522251.66000977537 32.58872146239472 
5229.873464787574 31251671.704920586 11154.351866647032 
5237.799088591579 7133068.161282005 5379.095649756521 
6475.764652769418 1298179.841405965 470.5149700009729 
5237.267752952913 5571513.349812673 3975.687379039015 
79170.61298579104 794763.6609281055 32.38333557744709 
19613.9520282128 393346.4176169868 69.18247668636613 
5229.659414798301 66999878.86297673 19860.018004152847 
5229.498203350597 99855538.07048084 25907.35169414215 
5230.135927379676 153407910.0808685 14720.68500901155 
67250.6644343069 427953.18054011906 55.028571818598756 
5230.00281380292 55352772.28732397 16945.65616835999 
5229.754189148633 65691803.16860764 23578.49397317558 
49599.03103358386 454883.15067052364 40.15880313680163 
34722.063465546766 648493.0095172406 53.15345964299237 
5230.424058076858 144992257.2304894 12114.755425140476 
20848.461123572266 465038.2889675359 60.19194582814493 
43796.26635590554 440910.05248210987 40.43155441199956 
5230.135626177243 91934149.63408794 13469.464277350498 
37029.53508992446 552856.3418951206 37.11878360771093 
5230.641742503365 21150185.63761653 9865.303731888855 
5231.244474019844 31549164.912086464 8095.293884548449 
5231.098520948775 18620556.08882906 9214.434646046002 
5236.065449283106 14178189.940392105 4533.2093330387 
5259.136689331289 7517167.436933285 3199.818000062 
5236.009775703043 10310844.168308403 5732.181246240805 
5231.539807405405 18961390.956677277 7414.177867680637 
5230.721030839269 30809180.854556758 8313.43629078917 
5263.476319897922 4477080.656445179 2069.6263300648934 
5232.735778451046 13797226.609761281 6084.555848730314 
13742.807585686616 595461.2787512706 122.65796285941752 
14591.984085512337 457410.6720962141 179.68655175970466 
5231.130292011259 18864906.90079318 10099.25019164838 
11147.017188977698 506643.0242564937 151.48719117638956 
5317.273057222587 5245977.086504736 1911.9109341060848 
6499.701874874308 1119829.913005008 856.8219785453122 
17012.7491710053 459003.07175712823 141.6235881381735 
17223.84612148236 460212.80935550324 135.10615445163037 
5233.02764544797 9723158.809737155 6915.0655221268335 
10282.91711638075 3461327.7635030956 390.01419645722643 
6000.665403611043 3151448.4866799386 1392.0938536405788 
5246.198888147358 11137118.460180093 3730.8714635555234 
5650.175318797289 4817979.278077028 4072.9840408958457 
