10159.498493316125 476688.17738315545 134.98436209850297 
164794.23476064677 430675.0654614064 25.975739170086964 
11678.261118557773 399704.4712305967 92.73942179731361 
29825.930927069036 359824.00130429916 31.720094155758 
9688.299408833358 459290.1299499281 166.4997544353178 
5403.9397482642 2591246.253506159 1254.0681368930777 
17411.243636760504 356729.3123654538 76.37235536904112 
5373.343297233413 2718971.2406437607 1673.5901382265029 
14828.489925418706 333741.57286619826 108.17068903450462 
8504.639046401739 1189153.6645436948 235.89717879093894 
16713.218559998735 350847.8625390295 106.18953157525426 
12427.725560947296 365171.37539641693 83.83469377710011 
19393.772751773973 458590.0315331292 36.83840057429464 
23278.901161433612 326252.3046743885 55.61919178716569 
5432.837814750147 1978867.3533311817 1327.7820881684647 
25465.017535744773 292872.6762049774 39.79035898088489 
6523.202278820961 1322237.038000002 381.9671649872469 
5232.728802999448 6348291.848124385 5049.262199567515 
5247.6113490725 2671590.2553752116 2190.4198720657687 
10763.859187038732 438024.18399253505 237.75105991181732 
10114.49116916542 597377.7155036458 159.19582954560573 
13816.64694089478 449809.3329939215 76.90784097361369 
8565.727501386717 618855.162922938 225.65819546252777 
25218.74500750329 311660.11593273934 55.827967818117976 
20188.97983920019 365918.5528337944 27.249699344085847 
5229.117185403238 26411435.54584351 13608.454425081414 
5296.35170782399 6169755.574117569 1967.5338807744247 
32266.56753367558 355763.62178146845 32.65342295294911 
5500.478006763102 7144907.992811778 1004.6473199501118 
5819.920549719721 3337773.5291996086 750.4274868751152 
6190.18534833939 4658753.715156392 639.7904526422051 
14560.377109485835 384545.14961565466 134.0099581626638 
5230.643493990625 11676375.06493323 5424.079621026848 
5235.37766510059 4670753.460035118 3707.4320829812204 
6233.6049169311655 1640303.2377965953 453.7339754628002 
8406.25999725163 980701.7589920342 347.1970416508941 
5233.487067252901 11482681.487197876 4778.095696910705 
5228.159709962581 280320575.71189237 48997.499708709205 
32203.085043973522 357953.24518457765 32.24580527415728 
5242.396242969464 3168034.6992909582 2335.2145049939895 
5230.595832727346 12475124.49570991 9123.083582050363 
5238.826727615787 18681095.868374266 3057.7512034701062 
5307.868759301102 4047433.339082913 2039.6849315444301 
5239.866001055677 4133886.8010928878 2898.966557410132 
17819.062748582222 325391.2876805546 74.38197848268386 
14620.504601452503 364698.9037886879 107.46445047616155 
5233.90456764149 6243425.875886482 5146.4148506732945 
7474.31916118972 2343020.5726612345 478.48133517004624 
5229.368303616814 18036173.87155615 11216.668360099517 
18169.70600263893 330967.30521040154 54.943209292581656 
5236.353886682562 4073418.298104086 3982.4843380015477 
5229.866353011868 15277819.880878026 10139.380952909576 
9355.375425575005 627001.1087416087 180.63782257683738 
6765.201912064682 2531713.4782395773 449.1549596833119 
5354.939198060037 4358498.146512383 1934.075197419536 
10934.129362329208 393041.7967257575 132.37205538101685 
5229.971293173471 14000105.519549206 10038.724885564268 
5235.051894178048 18288018.45353959 4689.888904391468 
5239.5974887062675 16586146.598194588 3619.847486090286 
15534.89799268314 396163.1177712637 80.25105576227946 
8277.885667829569 762979.6154587347 488.3750342367225 
15893.969183072159 406841.23498474096 76.99710370519284 
5263.922610985903 3022243.5251232604 2056.3062059341805 
5228.546674952236 23314660.6010125 16918.132459723536 
35126.527209883614 317024.73937179404 74.94664233793478 
29700.219282782993 434418.64716944564 29.316253400145648 
198564.36338711972 365562.34652225906 34.02047346174812 
5228.430518070694 104405129.64421919 34444.224861946044 
5228.974457147145 50319277.42110311 19137.660066058826 
40909.02621743282 395036.3112584469 42.9765231156831 
5229.442280437405 44305158.97503727 21231.40155740636 
5230.061855020215 24250445.751154758 10466.73268174938 
5229.622813488387 23568277.80254262 14785.730630165614 
5230.7644896535785 22652744.411407147 8618.815694437897 
5253.34110957923 14026014.794296855 2441.304353593051 
5231.643675393166 11557114.24537241 5732.306559463807 
5231.118642559024 11323919.712299354 6452.743571722168 
5230.919290627732 11162329.67217559 8991.073649709011 
5236.761267037746 6586663.615700243 3836.8122241042793 
5240.75489759815 6082577.138294031 3656.6497142190383 
9021.421887947705 2044015.3567796862 699.9029353219248 
6560.393574991026 2438460.852145712 1409.6270315148026 
5242.856139371522 4719904.039690516 2748.2631018726725 
5821.603503877438 3303959.007735414 913.7350349270384 
37633.81427784109 339056.77093281026 51.515667779807345 
23490.62943714498 458331.20657590375 50.59834805204882 
5233.642782624575 10183498.67591108 6163.4763491075655 
30118.674127624123 320882.66359591065 97.63091177991001 
28378.411034519828 348638.5017919557 51.64170467360218 
5376.789171086228 5054801.224876354 1993.662403032876 
19529.04628509918 383956.6135033943 87.92117077035617 
5234.165954540862 8351884.384676959 5915.7403783176715 
9029.29276252203 674043.6052439925 355.98344442348576 
22276.304264952894 407349.56071071746 56.77967928359011 
5285.166595704226 4046687.283856017 2162.8762477216337 
6211.16535195775 2350796.325870859 1527.3275022577525 
12726.618620237 459913.28736973205 193.41708135382348 
15888.609606836459 516256.69740159943 135.4576779052528 
5248.280331851488 7482751.102265996 2653.7098981495565 
17108.292984510084 333613.9444013445 129.1708005040454 
