5802.455253666763 1994729.672760379 610.9917090362374 
18912.202253537424 382963.09021990397 133.67467547301646 
28142.217929366016 393486.5295453788 74.69366609822825 
31280.533757916586 365594.98345011275 105.95094535704654 
28079.62577609829 463189.92412529775 56.82657409951088 
14176.262854390172 591320.1143548453 106.67211097041567 
5315.0679738548 2353430.9277628353 908.2317302313203 
5253.168678330865 2927398.123904591 1809.3119298743657 
5295.592132433468 1922799.1533316327 1047.1683629495503 
5311.421823495659 4139157.730509319 1238.6663703560664 
30373.087019249197 461226.79431511887 60.55553867352029 
15308.898009629374 480982.90390889475 127.75086149337439 
11800.112618958148 566531.437271267 192.16696422658623 
346430.61737000244 2904566.5082410807 15.611855521034201 
5270.272516326079 3602555.0112180593 1560.029405844446 
5233.745763002058 7332439.938766039 4253.249141337303 
92786.24104919352 341401.79718577396 26.30660372496801 
5228.7151103401175 34890349.253702156 20812.847783140347 
9497.65355072968 1146719.975119559 397.4127576273213 
25661.382640490207 584409.9769905915 45.9563462867507 
10389.869021565306 1260465.0405955908 383.7556431857548 
7854.426717530037 1047872.2448422273 842.3248732953177 
20040.97962948464 390258.8527183124 111.56014661445205 
5271.055030381706 1907346.5982667152 1312.45296409621 
21065.792398614012 498512.01114975964 67.98558564347377 
11249.545431130276 973640.6082899726 256.5420160807125 
25660.5008417544 588451.6335462726 46.16190916205995 
11335.650263059633 713234.6582686529 305.9183522314794 
5232.02561446033 6892233.801909417 5430.824079729852 
20780.97778921127 888162.8565854556 98.08212012848682 
5233.071079693806 7849706.067244317 4723.203048269887 
10458.17386875301 919155.646847936 430.2148414237781 
13938.112042623714 740478.194207924 169.31213744171853 
5233.039324335381 5215570.857538213 4805.187063311698 
5230.31066740883 9581346.089755962 7753.700359669831 
5230.933785728685 7703052.0895186495 5940.8520732771185 
5232.593836746911 11401499.700241966 5209.771720709034 
21667.851363613554 445727.9132550716 61.58461744033082 
5230.153851559098 9731422.063461212 8382.494512694793 
5241.073556578806 3945320.7580703422 3039.3380574600437 
5234.1432181163755 4335675.841938603 4140.704656820983 
5295.462408625055 3221087.8726363713 1087.0904657943493 
5263.34994435206 3751965.319752825 1702.7296970722946 
5244.178365889884 2509031.589810004 2615.8221693286746 
5229.178785793749 13029108.132445391 9374.693750441933 
5232.012155808638 11556219.659761395 5683.182210078035 
44265.57391496493 537956.6744192657 26.343179682320297 
5235.672780456653 4609119.925986515 3743.4944697712835 
5230.58419632584 10473097.64718594 7662.022052728429 
5258.250878948369 2439747.407098759 1958.2945771046952 
5237.413901155898 2992722.710127076 3058.208551129308 
5229.181040060359 33933120.57870538 12493.829245489593 
5230.111334547606 9727219.927071033 11346.197322332171 
35972.979595770244 335039.59388570883 112.10486483310582 
5230.041028972614 12756915.42068362 8443.678232387732 
5230.908746729279 7578674.422485366 6279.661038121676 
5256.385618444145 3057404.3076223223 2085.039253843174 
5234.40406942271 8414166.39639523 4083.3575273120505 
5247.880040756653 3165021.072470394 2040.2783495798728 
5228.938113633391 61883309.973202005 19769.9331180456 
29669.807857150554 518084.1721604407 56.7131380527743 
5235.929007121326 4171365.7893187534 3583.1780873201988 
5234.806709194836 4272101.397814156 4208.383778006541 
5236.899454793564 4604133.825733324 3864.9979728725034 
5232.22038863624 6724738.51840374 5703.970565507878 
33433.67092302755 884459.9718032008 51.98940739632933 
26233.408663018727 455716.840562347 78.48708107465181 
5229.39086235941 29596582.347047325 18079.641059941157 
5230.623519863316 129771232.30268937 9962.341491682555 
5229.47929480568 33189474.35909817 10656.49558727283 
5229.584269864801 15556547.50909414 11260.235474005403 
5230.831211181163 20991153.466371756 9398.59811916374 
22585.88284547568 598368.6645229313 150.04590471086166 
5230.8941931934205 25633062.910577916 7904.703219540763 
17081.572769571692 1228874.4861647487 139.21356050701127 
15361.298273720175 494347.6787404586 217.83526958579642 
5231.1192197342225 17057302.13541134 8078.1353640155485 
5232.8635405397035 6656147.683293123 6413.081620176332 
5232.607683693437 9663648.78126615 5860.899439677921 
19853.56928578155 652532.3115904214 115.22574490356469 
19727.412911002022 787982.5990730618 145.85932701484634 
7622.546513437594 2245780.3493513963 2097.3254934774072 
5234.8193445462175 6634511.165213935 4603.6602521289815 
12863.017536015723 567863.7841186881 219.39951578670855 
6446.863681930293 2868717.746627022 979.715934841064 
5237.859154163629 4363086.229741985 3415.423095900932 
24448.32969321468 670333.8422123279 96.90192409650074 
11601.254505367564 834294.84115078 422.37032218099 
5236.08464553536 7406711.068184657 5063.354815415313 
9717.101827264754 2923257.4843624774 528.4428358700632 
24957.84504129744 537426.5471925767 137.81884068368547 
5311.728841573861 2303388.723822217 1176.2800169318289 
12822.506332759007 778370.6408510135 283.12781791568455 
10834.68650759416 1085131.0765923536 464.8329484782878 
8699.419414826854 2171761.3060148614 695.5079173385019 
5242.796317269071 3717266.037358919 3067.294037720457 
5252.766072637184 4189081.9004528644 2751.808505736243 
5260.515359817528 3652766.301107187 1939.0397680598137 
10316.772511814994 1414089.7526243422 625.2172683706519 
10185.340982969134 2155808.8507890827 801.8900803757748 
