7728.5815581535535 753798.4161886983 432.9733823188669 
8180.645338500483 253509.4922342256 830.028641140805 
8516.813444497468 278851.88033097604 562.269926677545 
5318.039769526524 3734281.904887484 2784.419937294997 
5410.074471157831 4103040.044262904 1903.7314362328168 
5322.348707052266 3400222.1446327306 2542.2275081624657 
5360.700991142519 2272934.217240749 2468.4210418318157 
5328.4042037607205 3223210.3514137613 2501.7464592609704 
5742.173646235541 1702437.3034231737 1491.055033618236 
5318.590417423776 3855741.4809883325 2718.2128792761137 
8075.275912201192 434156.5123643615 456.47831422488525 
5359.981661184124 2784327.4522812245 2280.222069501837 
6978.880148703601 977573.4876043196 820.6836042866322 
5447.494012275983 2162104.6890242333 1784.8713247065616 
6127.924846858591 717719.6108605673 1142.1900978202766 
5371.599865787808 1993288.653603522 1934.622149970368 
5965.915176802802 1475484.221319172 1283.865420401053 
5342.728585244611 2485896.884245049 2637.03217932577 
5554.6803014837 1567056.7610292602 1568.10619235487 
5388.267394456736 1669739.661466177 2162.095025436819 
6532.329699803661 420909.7335826155 1188.2773453914426 
5321.032694792322 4014319.165627257 2608.78336595404 
5354.468280389638 2366750.8235772173 2326.8256138814627 
5342.47333877183 2627841.4779667556 2599.333995494028 
7381.944120434529 875949.1683518391 626.9552636595388 
5827.097163004664 1356265.5899448658 1436.6504720009473 
7277.27023179877 516771.8668002405 864.7861504260924 
7911.37439998696 441805.45061230223 443.2202968593983 
8289.309124283891 259044.81347170455 728.0707296569201 
5607.878876275194 933778.540280583 1497.0377110709976 
6868.156955948298 555915.4740220995 935.4757046245534 
6262.8080432253155 918680.1632679353 1132.830611642233 
5371.535278317645 3030652.0824916316 1988.8727542139245 
5324.950236734223 3370406.2162248394 2682.5320927702614 
6817.179886147553 610541.0166419432 995.5473874896219 
6501.164238957175 1867505.412291361 918.1941424572641 
5872.079954993439 813250.2065368027 1451.2906953393208 
5907.192407252045 1037736.0160306039 1403.8611512472432 
6740.553289597694 1165925.5819138833 853.2747728224699 
5361.265405450455 2881526.4773927107 2082.096444969283 
5473.750138418933 1369762.965210016 1824.1917401878648 
5435.35813223014 2721869.388597198 1879.493068329013 
6389.115707694616 454367.27075499465 1254.255666501109 
6328.200152174277 541347.9104026678 1310.326244789756 
6087.94737963173 834433.9248856523 1230.0448087417428 
5551.498059140708 1605452.322541219 1647.768176596096 
5319.365461299891 3793279.714816581 2779.8433025801546 
5345.685403325333 3053724.2205082285 2322.0609073939 
6478.253179819191 484733.9905457725 1059.1209405977952 
7143.125104336814 589936.9367304225 769.727734793197 
5497.977585260665 2049507.4436465334 1766.2106044513114 
6627.6259895390995 452048.9908506346 1048.8490143728923 
5918.120280816734 1822642.101088107 1385.8243616082918 
5596.445415259111 1208389.2272942795 1672.6994339853404 
5365.6638669348895 1791040.248810378 2104.8105830720524 
7797.666233966064 333022.7700573903 590.2831737779086 
7574.699649940239 701097.0176561045 500.3277024720087 
5465.190094576933 2056818.2220091296 1906.4758676638037 
8225.619319112633 290812.4157090802 607.8132588218984 
5358.007453170299 2403720.416091936 2314.859692273031 
7681.105673619746 327684.6123878176 692.7875466375585 
8398.308254217085 279702.2456767788 642.5539130259021 
5370.4698323116045 2878475.1030454137 1991.6813056253147 
7199.793999684443 684345.5267889701 653.635191079228 
6677.973117558398 1102396.3750979337 901.5375860184016 
5366.030182241487 1802158.668385376 2040.6391201651606 
6059.504827311126 750690.9483609735 1657.4668875624875 
7730.168241975879 480896.46268253395 457.49146430577633 
7435.393705870335 310074.9589582817 709.8781202102298 
5978.4937769531625 829350.8456517842 1355.3774171431514 
5531.08546411377 1686559.9737738478 1715.4562615749953 
6271.487404453866 705912.1451990028 1017.3223280710905 
7138.489308651649 380879.9509880102 893.8979556777256 
7052.459933723113 393585.924333802 967.7724334854468 
5567.16903481765 1308829.417859835 1537.06318501111 
7829.020645860127 456136.33529400686 552.4840015469427 
7404.857850678547 661343.4460873853 686.3030797977517 
5336.340818051613 2772150.76409469 2571.9098217351952 
8478.031550703214 292097.64291544736 575.9037374909685 
7489.211319327045 293225.0463861087 721.6049941893748 
5496.461635803674 1247127.9409265774 1840.2623758741677 
5399.913555467276 1600012.9983857926 2155.537119936845 
5537.654109132302 1247221.3699560831 1707.2577776654289 
7541.699308555592 693224.5787180101 595.1078440852142 
7850.10380726799 441808.12037510937 512.3199423247985 
7015.130090077726 414325.56286536437 946.2807186930063 
5998.170316216818 829734.2998554162 1293.383664638508 
7620.880908543812 291149.07718524645 821.905536053941 
7877.760297944585 273019.0951069432 753.4094687209347 
7091.682551064072 495897.8135442811 866.9825412745303 
6712.3957909445235 445195.5032928382 1110.8243487022066 
8401.307548648841 295448.3511808236 578.4042373519661 
6648.70931188614 1313005.9279581776 918.0931143304813 
6731.6718230375845 1303871.1408086384 835.768956921915 
6267.806276766942 1095448.6982523554 1094.5500788408347 
5340.937930634292 2723880.9636046886 2668.3404692792305 
5361.123112749992 2357414.7545840703 2095.9082139037423 
7040.054855211442 636358.0933020052 868.5466682192541 
7192.639566000464 619781.1772530098 759.0433992132139 
6352.714686034712 678621.976549304 939.4457097887428 
