8064.609731113482 289647.1241160074 710.3956783326297 
8070.272210517533 434293.2471687241 448.8113742917499 
5343.114046729293 3703364.586153558 2811.4303780227274 
5340.775649352901 4631236.857384263 2804.2671175005103 
8285.701504595057 312196.9802701355 646.3761863441267 
5355.773927083371 4108589.060264923 2555.010904165073 
5344.0355122580095 4406315.514474784 2745.223844355242 
5359.420024598496 3297461.0267954767 2508.32771786273 
5524.869143459862 1474158.5154332987 2002.5533179758688 
5370.285952660482 2670568.730328467 2372.221435418634 
6967.9830299779715 2013574.3706677398 836.1912297919257 
7120.522378462127 1052812.1089713708 758.7586947566114 
7798.235119839697 662059.2749932029 521.7560352474688 
5396.715708225047 2910627.6547508775 2275.6719134247237 
5345.958082042534 3894919.9627995426 2788.6417453771655 
6108.50090165616 1091125.2814031213 1272.0896369500658 
5411.811320985459 4424910.286212635 2044.855301210309 
7698.550285599372 4517364.644202929 581.9532007679276 
7525.022121185379 367133.15023389144 865.5943983229683 
5427.481406884432 1532937.5442309703 1917.7668589850937 
5455.347483308194 1703040.9731300129 1891.2795700818342 
5400.695328485372 2791155.0524006477 2193.3883660005918 
5371.72486155291 2333991.8747599493 2288.989759568619 
6436.906963676072 738797.192166961 1346.7202437416927 
5660.460731503957 1134569.6279309946 1724.1195293320022 
5355.064933379381 3257213.842303588 2636.2783789628074 
5363.142783055779 2860114.447438267 2407.5716766431415 
7266.008654013566 379193.1581916859 1086.4093956532693 
5357.408669933306 3096484.9785848944 2647.9694116623195 
7324.590038651639 679024.0262182656 793.2527356657336 
7920.19856308771 304070.044191953 695.7083779731538 
5399.794507282712 2320828.118964325 2330.7181369869786 
8189.595798526823 328652.05625465425 583.6944012050661 
5983.657116844587 1076079.838561956 1390.1763608579638 
7401.061926301895 545677.3193419438 785.6584483458245 
5982.487577979737 1646254.1963345867 1444.5634364269984 
7659.725548781674 921004.0740860293 702.6322247029631 
6351.838326365222 890215.0873282568 1241.127537206798 
6380.442293212853 980824.2397446145 1131.7887454309118 
7873.30439796982 1308767.690133737 481.59903670643223 
5425.0472416811235 2150200.2614495154 2116.986560865827 
7981.746970411616 756270.1586136902 486.1637152740626 
5357.761227287441 3495998.121233913 2553.6353124483867 
7768.615320602508 481198.1805091351 558.4816390817019 
5568.436850574591 1353270.5493287523 1796.9672422004483 
6278.90054272763 841533.2543157951 1352.6040099312568 
6631.776516488574 671003.361927397 1104.5107827792647 
5366.355000009235 2501026.765082994 2393.38763200666 
6230.660905790671 1004036.4510046632 1170.534194813109 
5394.302052359652 3147550.870189206 2240.233644570479 
5471.846115568272 1593531.1683080483 1755.059117395866 
8016.362190662453 461680.77109934465 605.0786302040219 
6570.464914320415 952382.6716712657 1019.2036353832757 
5414.177404338125 1812041.783788111 2151.3454745600843 
5419.8404494144315 1924882.3602062222 2129.796340882862 
6521.9818500041465 868418.2504877475 1069.396527494086 
5796.118127933718 2040155.8821983938 1607.4517729114489 
6185.1643970125 1340552.5772897894 1215.5098516462083 
6933.280005140468 1841131.4439688348 883.324655648379 
5459.8594514516135 1548735.0526341947 1861.1998456367392 
5698.023636529972 1093401.7562146094 1817.4939486176768 
7364.1099856359 402351.256305861 1051.4799086313894 
5401.467818948953 2210700.9906731606 2146.9962812277354 
5841.514737428151 887718.6553588754 1656.6213556608236 
7457.750861562041 753489.2302968348 764.8810308463619 
5903.283716815146 1382412.2084760608 1507.7380092857695 
7041.650024251061 527220.0483994944 1293.0484646446578 
5404.00515482927 2501733.749535279 2123.655521505508 
5737.976790691461 1009711.8577844825 1611.466433330102 
5937.922569084607 1421771.4986109505 1475.3432274687157 
5351.967783844605 3429089.99982376 2661.342959343144 
5349.633241443051 3282480.622217474 2669.9475352873637 
5393.340696119441 3741013.429433424 2234.0360365684214 
7051.43753164261 517306.07510824664 1093.2713040768465 
6781.003033588833 850184.2169875221 883.3678012181117 
5962.8167260431555 1303319.3270117946 1563.1626960877115 
6916.4179448947825 805945.0282157952 1054.4741626317593 
6847.113248009694 810137.1646563748 973.6189125215576 
5809.571577814045 2091676.542422778 1579.13112121945 
6150.503673616061 1251227.7452892878 1222.3718428265058 
6680.267297012641 734268.9147101042 1058.4986433814167 
5613.44893810105 1233973.7667847357 1752.5523623482984 
7664.221088546984 612229.9809141908 637.5733299910614 
6848.02971930445 825963.2174206419 961.265341400343 
6549.243567922874 676611.1221953342 1391.1023319724313 
5610.011855144692 1613409.3881071266 1697.437208694786 
6699.5559762139355 1062584.014955979 999.8620828828998 
6136.385106732641 1082856.1601188672 1305.502838643282 
8108.68713759723 395572.39127640513 632.3879437065876 
5424.533090984827 3782822.9709455855 2006.3633530549473 
5946.205721957804 1325348.6929347042 1530.957457702994 
5347.399688716522 3825333.478640512 2779.6595079801814 
8136.228502205153 339210.2019049863 639.2918757114472 
5701.479163006256 1030786.3609337194 1629.6901137292016 
5587.353875056155 1425363.660607573 1703.5181802101806 
5361.391350706451 2832651.4470249857 2549.9582190086803 
6734.354989392637 932725.413138487 1013.9531683936638 
6760.942293848306 875693.109272626 911.887006948779 
6254.7359379494665 1338387.1225468847 1155.099057328753 
7733.62883157364 325000.03000423015 748.4227645357837 
