8087.016616214751 39391864.05291215 1503.8397937386603 
15030.462518582102 203934.93476520278 16.80291219386423 
8091.439791308232 30775238.011922516 1255.9014439352186 
8087.975078669505 25896249.4489448 1486.6026572209585 
8088.874107119842 13457321.310210103 1269.3342404137643 
8099.95987814562 19276472.813011877 929.6918448614141 
8100.408240736963 18886777.512528084 901.1493824567235 
8092.003778156582 26304599.114567127 1244.4028816881057 
13840.089053193537 213575.98444780847 26.294467299496358 
13116.64981365889 210352.87949221535 37.93820410580449 
8092.300737221278 12583459.440397315 1155.700284833597 
9159.283040065218 1481283.440082082 332.80054503075746 
8103.231760035409 12321199.566304661 1093.0985938687109 
14801.849509016707 206115.47910601526 20.17081347364507 
8092.003778156582 26304599.114567127 1244.4028816881057 
12286.573587019848 235409.51083943053 50.99009751142318 
10641.050738641014 488959.1455498339 142.75937620818547 
8587.16058499567 2637501.1817184472 615.3987984013933 
8108.889061295257 11243123.859408055 850.0170995836597 
10336.05808692931 432579.2020123353 148.44444228761398 
8799.414274853407 1656051.1422773488 407.86531913815037 
8656.650051314591 2896070.1202159775 353.83935770329333 
8750.675235645735 1772303.6571320998 368.7415706963089 
9389.282392370355 773014.7826556091 323.8049113639639 
8290.15085152658 3563895.822404041 487.83905788186223 
8174.715126303092 4739850.352077048 570.3529375242192 
8114.443652342001 9938717.308269218 951.3340841643458 
8150.496830712402 11813415.14101275 651.6331270299245 
8191.17519565961 4363871.115182407 465.25096878603756 
8217.591273726275 5436115.323689822 408.4632710961544 
8116.397097128219 8509628.502000252 899.7779689858654 
8093.700358474731 12648102.450535655 1057.367736811338 
9757.888310500806 1589209.5408142586 221.17474305802358 
12453.266747319996 240203.3450413649 40.88177850369515 
8104.23340079737 10618224.255431429 1030.1934863123201 
10044.314030321351 1023595.0114714195 193.68987895409032 
8627.411177300113 2355375.8724483373 540.7439220382817 
8118.4885998785185 7304648.482061295 985.9586404966888 
14523.489736652684 210493.71671750932 17.691600673108717 
8343.432763244673 3836875.6327776616 406.2569216169168 
12618.748231006935 240025.14639140444 46.2943752571606 
12026.413489411669 248293.06360711952 58.50914878900048 
9492.29414605084 1298543.5613169083 298.6316887983776 
8105.420715343991 11626676.151422115 776.7729961467883 
9905.519036498052 755209.451729339 250.91798374768615 
9643.159848176709 1913135.6074611794 257.6883779773207 
10882.429057813111 393685.2979279943 97.87984198924455 
8419.373097577549 3445087.33299931 513.6994281796509 
8107.429740438325 9085730.117692996 1012.9720997608935 
8336.868644370472 3434950.924582785 549.4226011562789 
8187.991204712498 6122684.437070137 519.4793229567797 
13928.336719007013 228945.93056774515 23.150578972583354 
14375.68935683318 218299.93987835484 22.44878725161471 
9555.492243372453 652090.4015220588 261.7789707657138 
8166.413134003289 6725481.883096176 604.5389814586372 
9237.158170143663 1328004.6198678243 277.18011727073093 
10725.0052814002 486897.7114035531 129.84989032198962 
8119.759256030455 9329111.895032076 809.4262224094941 
8194.688481809078 3918120.2272337354 439.55913364138354 
11846.015599458671 266393.28878380486 65.70249988980355 
14106.68155831433 244508.49160428773 22.80046695466423 
11055.794301912229 322960.2162949676 120.49454150117246 
8117.290831227396 10885058.488178061 826.8631076120611 
11491.390347797396 276534.9831491416 75.25533621652842 
8122.406298011764 7508867.115631352 740.6035154072958 
8472.767657835813 3537136.6813599113 430.2375439000017 
11208.148001912106 338586.6844344568 106.49015309091612 
8103.842002227881 9929443.062652986 1073.357289084881 
11623.9813001058 319695.20187528373 75.21719442466755 
12893.65925263966 226266.12209504246 33.31898564375418 
15002.060654688175 209279.35520551394 19.59556746301461 
10177.92047912092 494849.224793405 158.461701907978 
8118.285518104574 10994526.738557862 766.0885375832112 
8129.408580370923 9483586.575706545 663.3474285921432 
8209.24720251521 8035165.313744267 426.0149778168022 
9898.003585494362 1243357.7310289438 182.21939807877283 
8167.043903531571 7244355.352613069 588.4591487271332 
8125.572835971604 8246769.4267506255 726.0361440944296 
9710.229175126442 5918697.855854787 251.08812060313846 
12018.938726272398 252081.12040359864 62.05183390235663 
11337.768033981623 300213.02690970065 92.93745922920343 
10247.889510356163 758613.2030392407 152.60853628446364 
8100.408240736963 18886777.512528084 901.1493824567235 
11407.134682121683 314363.59525676316 87.11831533253925 
10838.434392919284 324590.3409440438 127.94608629767657 
13010.587604466029 216635.5425062982 41.74892928252105 
12731.46405916168 236547.4904524485 34.50963425936775 
9221.946622498157 1830424.9712370103 279.2599338342844 
9161.929621391766 1494684.321102806 309.5079912154207 
8122.183573823421 9256521.018025788 683.9721664219818 
9822.981996035081 1317611.6762891195 198.2667107599084 
11089.129906084625 306516.95354666 115.26226317367752 
14106.68155831433 244508.49160428773 22.80046695466423 
12806.352010068254 222276.76214190526 35.933702035032915 
8121.780800443495 8381638.783355678 707.2934950304683 
8116.97765872897 7656311.407848877 1019.0335916120731 
11248.867958769566 269507.71211161214 114.44286231552778 
11715.218290362589 265317.657287469 82.63440233407246 
9711.97048967119 1598640.0796615374 201.82539236316515 
8165.595757016567 6977694.2890633745 662.2647649871811 
