14525.64448900574 102478.07429826465 5.309959154461321 
8066.619225338786 18097668.26893605 1524.3909079237837 
8066.738515244806 17831678.730611864 1597.974772258854 
8074.239312425302 27671202.624223333 1221.3196265616023 
14316.913086992095 187822.0935146845 2.07380075084803 
8075.4460739030565 22687353.363850668 1107.531310978801 
8158.666068274487 5275770.520667851 492.1674960798538 
8170.074375584458 3959357.783163487 471.80983259638066 
8150.078011407297 7216820.785064044 555.5342108709316 
8081.76741710522 13040371.885364827 979.3234699750906 
8088.771307616315 14004213.312155487 851.9115654427092 
8153.664332119793 5824087.475168568 574.0830006542967 
8221.783930096619 8125773.965453764 388.9709192459805 
8084.792099071744 11368361.716445342 934.1070309994597 
8078.524532476866 16436762.471493177 1072.0111156781506 
8092.624858512189 9157072.568972696 1204.684631786772 
8144.679445271781 8609007.032988545 659.9112715408276 
8761.678103410217 3177477.1119796135 276.2924443533981 
8078.3349284141805 17897902.30781484 1154.5199373503806 
8073.839819084873 13483456.17259519 1323.096703059803 
8114.350460677326 9420155.767425833 799.4695605875577 
11771.694610849538 216530.70417817368 50.93848897168956 
11604.02957388799 234526.21803274975 62.4084707796636 
12239.228901708317 194719.57382977146 31.77576070545581 
8426.901378837512 2399187.2146963985 341.4937063548311 
8087.653451296579 11982525.843173454 877.45725757596 
9520.717826025912 530176.2241901016 209.5081601432958 
12457.529716721345 188293.22546146094 24.642254844710745 
9325.203971060404 702644.3370145245 291.35489677560963 
8088.239253349473 11062157.430960959 915.6396699326324 
9665.127467410592 1115776.843037516 174.0370648820816 
8070.807567743182 14673398.966282394 1451.648353511648 
10254.090619596183 391073.1101365009 122.34756899785177 
8078.998738774035 15449560.281922244 1049.8607116306698 
8077.062910123343 12469556.914382275 1273.224472876219 
11426.580110242805 228451.9977381309 69.7912674970178 
8869.426820336937 2889064.9339581765 279.44680922518353 
8070.65166600305 15016992.78421491 1424.2590429681381 
8124.556153845149 10220585.255219873 752.2900184738389 
8127.718730219351 9699527.581959028 716.0154260430908 
11955.476647890227 205914.56276530476 44.186128286667795 
13760.20202875046 160901.66409640288 2.2314356414302896 
8197.544800537267 6373683.06566791 413.6326893339953 
9131.103712414853 1009564.8146899377 231.76925767256 
9423.346852330265 1941999.2048640547 224.38877485890407 
9013.953927189936 1221341.296874402 305.0764741282975 
8257.556041947104 3613488.340583209 421.0972073708862 
8070.479643448728 16161824.593988344 1396.1786105700069 
8081.660772138912 14790247.484474594 1024.4732336126604 
11025.022481535078 270743.9226456985 103.40813942294044 
13214.861206379785 169396.18499216292 10.915447344913797 
12082.861995807012 202200.5749978366 36.80212759182357 
8124.899469142192 10167422.813616082 686.1599211259999 
13396.214704046826 166072.7055697971 6.925385660201297 
10892.562979574523 305046.38875175157 117.85383635840748 
14054.538059182829 159736.3880096649 6.925385660201297 
8077.865543178598 12028812.673963051 1238.1196503029712 
8071.001453277323 13168180.78027473 1483.7231201275551 
8147.593680964663 6847112.311543341 612.1126947938583 
8232.644168189992 3471781.318790775 451.7920589463736 
10762.822307945959 303629.8641519549 136.4086069898021 
8100.412437670545 10551183.085374301 823.7050973722327 
8332.275127247009 2507427.8845557007 359.9141535092732 
10651.569802106762 349251.4793252401 141.42608230733163 
8069.04643001748 15825108.34812619 1504.388103137349 
9769.69714099777 474973.33211044094 194.51075812442699 
8070.852881759953 14762922.867567774 1372.4790269491982 
10015.72149865835 1857656.1470499437 140.4705659923278 
9095.238019794462 1458037.1914310157 300.52197758377037 
8114.7711956945695 10607863.386631243 731.6672066935879 
8606.063538184326 3293001.614773979 293.18478384134323 
8580.759517562918 10584445.276450839 315.0214867463199 
10177.390520928504 440355.5622065858 138.04750919846947 
12651.065861103092 183184.51690825436 19.141224637956157 
9181.39001491441 1751664.6795494475 230.7128275614584 
11187.130390458025 260397.3367735257 96.10283298176228 
13074.894635378147 174088.26760023413 13.842235939200807 
14083.366802238173 158144.99374508334 5.531152218881552 
8328.363576261761 2701796.4758438333 389.93206773538407 
10479.825814407915 364244.5546167076 108.02361478017625 
8376.048188788323 2833260.9778188444 321.65137117492014 
8775.701563230225 2223928.8348003263 295.4451795321889 
8148.0234094316265 7102991.505996438 609.206399443791 
11326.015572190585 258963.62100323994 91.2960143841259 
13543.669578415269 165338.21389832872 7.453562784257508 
14286.353143854765 189246.9548931442 2.07380075084803 
8138.100756132125 6641657.776845669 664.3844561676167 
12860.821068439 176553.1098573345 19.21149556354284 
11226.305445021128 272377.9368636901 87.289344406331 
14517.463177422736 102821.64998672593 4.631149754912585 
8071.763694286903 14679424.205516625 1331.891014701081 
10479.825814407915 364244.5546167076 108.02361478017625 
12608.006023182286 185171.09427731662 21.043779436398182 
9909.508243009546 1721938.0394765486 143.78292679868997 
8074.043772226595 10551424.20265391 1273.4019330860367 
8067.683151494521 17189862.318779323 1523.8040455259197 
9846.05040206114 438880.46776756144 154.74837404500937 
8067.8478281405105 17203157.66500116 1514.7422050111427 
8067.838240131115 17698958.18909279 1521.5092216813468 
13620.80956729471 158543.05319222633 9.754997859318877 
