9948.815230230564 6995466.857650017 762.4918846789012 
32388.868673932502 3686109.6633392726 130.36068291400508 
9700.757409649304 6771328.574370553 1021.8871572679914 
10126.07530502095 3441621.8978599627 925.5766864340123 
12099.30410355567 3358547.99101949 301.6634071522367 
11036.023737421474 4430456.775162024 472.93357406080656 
11976.550888040521 3686399.6065353807 364.76888172334776 
9720.742932249083 5825513.018078944 985.575771683778 
9798.89306409011 5468052.43183015 1199.2930772538339 
12600.342979648627 1355301.4336008935 345.3484337178914 
8586.945340484515 15428024.542027464 1252.4885095716063 
8897.87932609888 10352333.332190664 1374.0977847101506 
10223.382849321753 3654682.889400234 577.9486881498174 
9168.147599070047 6780924.591785337 771.0087151647625 
9934.80856186829 3870580.3722800016 909.6104313186563 
11044.98161924366 1474312.202468367 397.27060139350743 
10162.297246006705 6920722.463261635 728.4014343723823 
11976.550888040521 3686399.6065353807 364.76888172334776 
11976.550888040521 3686399.6065353807 364.76888172334776 
13182.099771703888 13050226.713203333 239.8434551771556 
9504.24393754263 9443212.895171097 725.8951822939055 
10669.112947983976 4850777.507556032 434.4485591843982 
8947.213712472758 21129102.141698577 849.3571301151487 
8908.618499381959 8098928.467929596 936.8517053628793 
14933.148625896394 1152862.5687223328 158.2689492284805 
9826.424026236082 5865690.416192699 944.0305144800864 
8316.74097972758 16613652.474044912 856.8109076989113 
12899.96246128946 3183181.484056176 268.3407092501445 
13444.416598294483 1489033.3009127243 238.28026486983774 
10930.591345876674 2550470.010004634 540.3481825642622 
8213.434128627197 31034889.006159626 1259.6770371328196 
10179.045431984636 6359486.679048371 561.669960192404 
10211.779999880993 9391773.35729204 513.2186142833187 
11980.9721738351 3667900.4399835337 360.6702192209401 
11976.550888040521 3686399.6065353807 364.76888172334776 
9988.04142993452 5657741.5326500265 907.1792793568619 
10160.4558704414 3758449.063533904 823.4515704413143 
9760.282714539726 6674570.258848218 881.1634646092281 
8763.438709798646 13230966.615730062 1050.9823713700887 
13259.66576748623 3627757.7065604385 227.21242385657484 
12090.83169553812 4766944.495478816 347.981034073139 
10412.378219179956 2952743.7890700297 581.5968264764497 
12932.46911026002 1131203.8192165834 260.12145205978345 
10385.924420601668 3137886.8239955343 537.1968476210984 
10955.589604210378 2302863.4460415016 614.4546975040073 
10967.675587740447 2233696.170675889 591.7735427568397 
14904.164478188375 1199145.420204616 159.57747598574474 
15063.19761346823 1143280.5422907192 156.4901911737801 
14927.463758817867 1155770.0355064627 160.41809747661551 
13503.06227636479 1379666.286439832 152.39203803957895 
10594.694353812829 6395214.4415437635 382.3002740971898 
10973.008240328974 4476679.527052922 479.1928267813176 
9845.723198696616 9684407.819212245 648.2320450224564 
10031.225622784652 5470038.653207335 774.6125678588455 
8289.624798293591 4463255042.299691 5147.916148693938 
8321.232624487995 608187762.1705317 13531.121534488886 
15168.471859470941 1265751.0200323034 175.12681479933005 
26079.422904521314 3130212.363676415 165.2149639593378 
16594.49771878505 1297797.1243117573 171.13942612051096 
8997.679791389732 12693289.063568104 1567.5885060980916 
9753.027578291934 31090504.031713113 773.6959723551802 
14120.501361524484 2740517.5282069757 226.14806158912353 
13032.368572867634 1300986.8235035953 274.8572298058855 
14580.758978333883 3130554.9433430387 216.45448671228303 
12808.625359908117 2560108.064214463 356.59474631468373 
11753.097683352502 8035017.7176428465 406.5775497973126 
12174.143361303628 2312395.795310861 423.46997593896316 
8378.71032929012 17531357.59689994 1512.0940547696202 
11589.927084259394 1742216.536663755 447.76516651276 
11234.062012910676 3486196.644589159 439.382081800864 
12542.128571881265 7867823.478622321 391.04182704744187 
8965.169917227538 13583682.67457097 1322.1485437478661 
8663.459599405254 17284851.7778629 1180.7174135929713 
8912.131262202654 15280683.193503177 1177.689193014572 
9486.411575575625 7197101.23160523 803.7457284101241 
12442.813417197158 2582070.112730427 399.68150758197646 
12223.809486834221 16031472.183271557 373.4509707064046 
10347.498948241468 4650913.488959183 891.9375931174175 
8506.83156570245 16831545.755013052 1287.1385316095136 
10425.937116921914 3957205.840499566 669.7009930529363 
10995.170377690172 3940964.2745352727 715.1529009073076 
9202.61018628337 21340261.29874211 820.7016745247922 
11069.906824837879 2373694.7461820897 456.42306849332635 
10515.62097738285 3253853.1954976823 760.5766421831961 
10844.222644924153 5283139.448147829 562.5187311183148 
10700.010719634649 15860017.09233634 522.7822693965458 
9838.126546943917 6096915.217034614 1108.047543906325 
9354.26048652035 9597616.298753077 824.9279477464478 
9022.538860676332 11032920.411301194 1228.9510913432155 
8623.82274835018 18452800.89114414 1011.7235968144437 
9080.02523045161 9281795.414536929 956.7100743617211 
8478.01834091611 25356747.151453972 1089.441989026205 
10776.361992025759 14806719.308319585 515.5663310326748 
11641.790602503634 3690177.680606518 414.4494899650957 
11171.702233347176 7107312.884594987 437.26918696945904 
10294.293801174923 7065548.110139826 745.7797096504378 
9950.113449114546 8713238.779349914 789.7493261795099 
10487.319304493214 5716744.533847598 616.5437161388328 
10228.927097575572 8324693.641929133 572.822080556529 
10188.650102387808 4936145.770382175 844.899975496749 
