8098.8000545666 38753472.17181158 1465.265922106311 
14525.43640904324 243469.83265856036 22.42119718466244 
14073.431462717628 215451.35834198803 29.253300213442703 
14528.553998010995 227908.27282207296 22.579047710191638 
8111.919819851811 40107976.93686131 934.0509329689156 
8105.024063808878 18015872.184286542 1279.3906172102368 
8114.084163809601 30430924.954651054 905.4886671639828 
8105.110186801901 13928734.944716297 1044.5157354073697 
8101.605451712758 21435222.041360818 938.2629165727615 
8115.072716707882 29791156.955368895 914.9381080781511 
8192.112233914015 4583787.8799976865 472.9985565541707 
8165.595757016567 6977694.2890633745 662.2647649871811 
8107.3939830485415 16033297.295263652 941.9403080057521 
8101.548080905286 20632600.032691333 998.6439852738724 
8121.72679610581 9088716.512026783 711.7568747197035 
8115.79179143199 14963848.896550681 822.4802377619541 
9158.27457780841 1491038.9949034685 320.1287547173991 
8949.402254496214 1976516.8011568254 398.2804525375921 
10360.487375867793 538189.2827248169 157.07605779679506 
8119.095070209271 12322285.132398868 777.1989465260356 
8121.217506474393 10040979.158369018 846.6330099941194 
8627.411177300113 2355375.8724483373 540.7439220382817 
8343.432763244673 3836875.6327776616 406.2569216169168 
8587.16058499567 2637501.1817184472 615.3987984013933 
8106.067334016282 12620943.722942317 1015.1064335877513 
10647.390447721029 418485.95283008006 173.029207443897 
9915.755785266889 888405.2290241699 250.33441491403454 
8177.2011402511225 7846198.884245863 610.8242852522771 
9085.124176667265 1854245.4913944332 436.63015500491247 
8419.373097577549 3445087.33299931 513.6994281796509 
8733.205689655231 2038935.4041002109 598.8229368374697 
14260.020530614978 237093.11159254468 26.573901423331606 
9660.148850452842 1553336.7253908627 297.75330225384846 
11208.148001912106 338586.6844344568 106.49015309091612 
9744.379956287867 2144850.319304441 279.51496665465845 
8117.809869213653 10905387.043615747 919.5196211625592 
10138.630401393792 633393.9164956207 161.2113181881137 
8118.098369312576 12212739.495191155 837.9687192528238 
9359.414990176663 2846091.1087654834 304.6641480902945 
12742.236975367437 231007.4359672428 42.97764322982026 
8131.320821981341 10543228.33623934 681.2792253261671 
9188.906657657672 2572771.4758375753 309.51711089644135 
14441.405919921874 235680.07161976164 25.416347508791446 
13490.345779197296 224317.25682246312 37.59245902978823 
8133.77315391689 9284989.148091579 677.7051786755783 
9431.878857309463 756155.0099353119 300.53141730716567 
11055.794301912229 322960.2162949676 120.49454150117246 
12921.965689881683 298873.79830595653 39.45523734506503 
8767.587230243229 2036189.6140964732 499.41103661550545 
12990.186242676511 254397.82946779235 37.21698359004743 
12364.719829181078 248260.90959017468 54.56480472854831 
13646.531273300707 228154.18740749022 35.110632279117624 
13909.464018983257 224137.27512386764 29.930667396807667 
8688.621731413856 2891851.9700725526 523.4952060383625 
12509.358282936519 265749.7144556837 49.456510348510086 
13821.859366013197 225647.68415481586 34.82847008618037 
9794.348482287238 719085.4788873649 292.8269501552272 
11985.377381002105 271918.4252731415 61.94022423925543 
10838.434392919284 324590.3409440438 127.94608629767657 
8912.39580097956 1892756.1088960501 416.25711251164694 
13156.37807469258 241567.54419688956 33.57811634662987 
12073.793204136382 285440.36005481455 57.597284448842046 
12240.554574306116 267679.34096818673 56.84368629051435 
8101.548080905286 20632600.032691333 998.6439852738724 
10788.90863577532 356097.8014473059 146.40565440802698 
10745.176791147207 391833.6458354162 150.16762290255897 
13332.2010438717 232790.93095967395 32.08189038819835 
11907.048689721047 280023.48754310247 68.87158906128931 
12167.800424197447 293161.7351078226 56.41560831646327 
9988.361549224996 655667.3917495422 228.55055543581585 
12457.437962994054 237614.13311124058 50.28200550721493 
11594.699187475799 299241.61779528443 78.43286764095441 
11531.083673052042 292241.6229266495 81.23330125172883 
10074.923830581742 664208.5472251333 166.4966819127787 
11315.713575086447 330814.3120890517 96.33975475898822 
8765.379730192293 2944789.9271301273 433.4166177827595 
13603.201899445314 226899.07476882607 37.4263684618499 
11723.6818768807 295088.4177081837 74.12459452938096 
9785.460304383396 1712777.7883173577 184.02060797510697 
13188.026601337544 232288.78560765384 37.945631657305924 
8746.344038149762 3203139.006296046 517.2164191553975 
11412.347125502618 314810.14396066155 91.81033526785829 
9964.342136265672 640453.8628812555 240.71134604432302 
11673.731973677546 295667.71697221644 76.24924765317354 
13304.628363656982 231553.24097107945 33.04669659718934 
12642.892553197282 233481.05349692624 42.40560911582004 
9973.92821669123 796859.9001137083 200.95471743714478 
9968.72979426093 732039.2642377281 209.965115224452 
8861.831675837242 1878711.4520131957 436.19067807677345 
11798.257306628602 291695.9610483523 67.16535302551466 
11013.395308405139 330951.21553084673 123.26139169848321 
10909.161910658391 328908.12873006565 123.82628177028475 
9428.937074802505 741143.8991399661 313.71798984306196 
10006.953448796155 709841.0971406314 186.140069803683 
10947.739379908327 313350.27010040154 126.29727108919911 
8876.439355425035 1855456.3641463658 506.07365875530036 
11824.397513432954 286403.9862182609 68.10797654748687 
10027.235791398401 506137.8287072663 170.79771584600405 
11330.527718857455 321881.72430538974 87.38116644632274 
12646.050218949005 233786.18522689724 40.543045711245846 
