52217.74794406349 7585.220566275282 0 
55654.62903319836 7388.026028722033 23.628387927526525 
5254.7156809475055 23356378.926567785 5667.545432349303 
5264.784632263146 17430444.456273176 2015.4721925190775 
5255.101641647438 8800392.479285382 3678.4049785120224 
5288.603261944499 9785133.822238296 1411.0890401768988 
5255.593136386236 6002109.9247760335 3125.957304389866 
49910.19348897482 7834.773676197576 7.56980782980809 
47621.549668884785 7987.6449432379995 1.004803676577052 
24434.16068424371 16708.59569946986 56.64644873313296 
21545.22832114167 16990.634932574667 17.23169031585033 
33367.1341969105 10442.584265812788 10.455956090558184 
31113.958835860598 10770.978829679889 0 
34612.34358612374 10125.678931536622 29.348510302448897 
42682.29897285357 8062.4186367717475 7.586780471255963 
5260.4040202356 7844577.344550768 2346.074540018165 
45636.802098022934 8032.886232697452 0 
36637.118452548704 10173.231882357399 28.21267687965241 
44533.57989775668 8328.127669379539 4.80552872194652 
38580.52798237237 9672.41091991405 7.937492924406695 
40484.87296970521 9309.70383040624 0 
5265.3685997033135 6299013.521258583 1926.5207106069472 
28156.51564928389 15736.035975599021 6.648375091852107 
5262.428517302489 6685181.768315353 2183.4768611384206 
5258.144251587391 6931552.776059093 2774.2160180482733 
6385.563198354183 3380568.092655693 333.2774609758457 
5268.652998294469 3659402.973028044 1773.8413943567527 
5277.265693313996 2842750.023345493 1472.3992204935164 
41281.27304925551 8574.925356298683 11.099593503018076 
5259.059206211244 4704675.5003101025 2654.0211511343905 
5257.674887789824 5538499.301611811 2980.2004602432307 
26955.56741600229 20858.553692395493 6.500715232765936 
17068.71301233031 33229.63803189404 48.86135198566564 
18190.12436324932 27074.37642023153 20.946115231193453 
10807.737698829898 75179.88217804706 114.48132055821183 
20139.809353990615 25804.952470053046 5.15486297692362 
19022.970594997372 20596.638517236584 9.725868984182444 
5257.160085314863 7249062.990015965 2914.762010454603 
37550.13219601861 10500.729773885207 6.296097275464534 
5268.048063894919 3124568.0804672786 1958.4848000824031 
5262.891199948448 7401382.473017934 2129.4865592044907 
14972.18146173417 42016.533263778714 65.51752849192223 
13456.353316909832 65134.242294058655 98.7547842544841 
29620.295581112965 11583.154506712657 58.16034703207288 
7646.178921351831 290942.6003806107 255.96718101598822 
13997.180815868538 68554.99677275654 71.1287076296379 
5258.25403367214 4959510.019446785 2709.8439463943196 
5363.193143342548 1375340.527026385 966.865637084086 
5257.262822513984 5056350.218570721 3036.6674994407153 
5260.715454137851 3947211.4967049765 2553.7609579075715 
9011.392622450256 186646.77502475388 230.52661874276933 
26029.61735531057 14996.922312223433 6.931231644939671 
5260.742566518109 7747112.969463085 2426.9913957021026 
5453.318586316518 1247457.5830561775 743.7782524293789 
5413.9656500125675 2139651.0437156786 911.7341662940887 
25254.999402522517 14020.587166267855 25.574547264738307 
8438.969013659265 252676.4639130551 156.19316057663573 
5258.245923977976 5357692.391444708 2851.414382945708 
11535.940513130281 52428.29059458294 195.43826084048015 
5259.114224186235 5880944.150103407 2477.052198529481 
5839.686409275838 576890.0659089264 431.5079770227953 
15769.430125891115 73450.09784304892 35.808450196426705 
10090.616499040403 108532.41267081552 209.42413082935886 
12536.333707998112 42818.50826065957 162.01708118685582 
6789.852776942034 461742.87456171215 274.6298157372208 
29914.059517794773 13555.602875786226 0 
5352.840936284728 2710546.434867442 1125.6263091124517 
5264.076999489213 4138221.875796511 2258.98468329109 
6677.467079846275 831857.3427471954 386.886278242015 
5350.716755243676 3556502.481152861 1062.4559656580689 
5428.44642913672 1618607.0856161683 855.541977064033 
5563.915372166732 969130.8913755217 678.5389350463944 
20989.205824523142 19568.948247010478 10.762560823586309 
5276.133606330333 1974488.8253708032 1571.3070179994636 
12183.140843644669 44818.942528703585 154.4003058990001 
7029.171325934927 302009.9753239048 267.08752772745964 
5422.002459055174 1731227.5126895902 788.8168750162148 
5268.549013914136 3828758.1289112205 1664.0580711775638 
16347.967897058374 36138.409411746616 4.5210445159736725 
5319.641301665668 1975336.9830003239 1167.1971854535582 
5300.611956248014 1782738.3372506807 1370.431779361113 
5263.242407801598 4313816.122691483 2397.9552292738354 
5261.479218897285 5193169.041089921 2494.3080535818767 
5263.973073850888 4423540.455562555 2288.013680841649 
5941.397992589844 895126.642846464 358.91300011435453 
5294.899520905024 1899974.858089835 1291.867368308268 
5592.048069793798 1128736.795598706 571.9303216003482 
5271.1229122452605 6207868.42611196 1610.2368569504386 
5599.567982605679 647681.8390543828 623.2002337999286 
5266.168712639956 4060940.638474712 1726.087920803921 
5265.011789402559 3999587.1376943314 2088.227043505746 
5387.378514493171 1005967.2849885254 1031.7492114588915 
5653.909907072306 702961.4438254656 512.2858982023788 
5258.850629337787 4570084.600387122 2873.676249063453 
5821.286284590053 1123280.8124666146 504.51514965498774 
9530.094064171099 126646.55635043391 189.01682323002888 
5296.636487625698 2460067.0556059396 1234.0458816865073 
5270.445197619937 2595311.071128155 1642.9425262800264 
5296.150803568871 2385243.480073846 1272.0462997349327 
5293.0766222933025 2263628.8362731715 1399.4694774775119 
