19874.553731115746 950808.6478409531 1026.610085572439 
9610.330280236358 5468551.788592707 895.6985783627327 
8667.710540670121 3704789.755850982 1502.6538813148186 
10819.111152204241 2438333.357218911 915.330007355098 
9374.652167424361 2942437.827698078 1228.4784238562193 
14531.579872489812 1445626.8549889065 858.3375762963187 
10487.859510182225 3682809.0545371044 907.4161006838267 
9151.364958626551 2538976.920402566 1233.8493440754469 
9522.948868755448 3060396.868195156 1183.5921801436618 
12377.419622635853 1873032.427326852 863.4773417014815 
43642.20824518788 2512433.0790011436 539.2668330539657 
8443.545618284214 9392996.827527031 1547.2480691296475 
8302.616206816625 25064180.901859734 3183.374071569655 
19839.36415662621 1339438.6249955636 849.0951420560432 
12513.958644583434 1135662.8984100253 963.0231501038445 
10400.22291116653 1498447.115076866 1230.3927827139255 
12075.827907043351 2229828.8647347465 907.1332397545707 
8498.807127559612 5119421.407220538 2475.395613386224 
9664.536795606347 2454016.7456829445 1397.5604283331243 
8698.821670492256 3336540.1201776685 1440.6325371529488 
9841.291115840824 2202864.220980572 1308.4052236758248 
8629.006368425817 5312820.402469136 1211.2766969333138 
8291.004391072129 91147219.75817226 2913.55762803876 
10050.161635615324 2258744.399196385 1258.6124379144799 
8546.59576105188 6416596.75522737 1451.5764912924615 
10096.626654527252 1816592.3083938037 963.053859859607 
9821.83853512917 2263660.192119707 1515.7390025278187 
16574.445715508118 1395771.295958805 732.9331438559916 
10509.758481112824 1342962.8731630694 1012.5319883067332 
8573.053557543637 4000052.2799118115 1630.3181957046654 
8551.848743037513 5775224.6921357475 1501.7109265812237 
8357.072060071034 12269063.947665341 1860.302869934765 
8436.554766759858 11913548.630853113 1929.0848482266194 
9798.104717819446 2375337.829082171 1094.5243246851658 
9778.783208407764 2910243.755740276 1119.33061584603 
11823.020974906482 2692742.6351573723 845.3957804297852 
11219.105844636673 3076956.839413396 772.642846827328 
8342.858971743113 9562334.573526174 1988.5059213740044 
8686.209184340216 4833009.899675671 1480.9421481018069 
8263.846193018398 64407241.03200044 2938.7066367756315 
9824.872625770078 2192631.646784789 1358.0725779303716 
10508.810693726382 1754719.515480027 1047.9042574454704 
9574.273827100367 6880523.460714467 1147.0463012049472 
8457.536069796339 5864219.604817516 1537.360571645842 
13731.909443083074 1544522.3753655693 560.7790241063456 
8294.590412490157 13951568.916158821 3216.0850192453076 
9703.042615868006 2494468.5371404914 1134.499258492504 
12688.29400105336 2042648.5068920874 796.5639778808078 
10066.394866653462 2134541.1508417195 1120.9992793555405 
13253.525328424217 1695252.1256961266 829.8941892596625 
8320.708278310125 8619478.405645505 2767.084623329546 
8265.374343507881 45739658.95393786 4780.824909276402 
11966.50815749753 1603229.9593508001 926.9869074614489 
13067.943001972006 1742869.0841571218 866.5419246680475 
11137.148349034987 3285849.057331765 870.2996261308101 
12270.545849614897 2252280.0005363156 752.300296590581 
8761.384584714975 2946530.942010836 1248.5186812379966 
8256.445695452432 53595576.46438104 4059.3014523870183 
10043.469147467851 3278473.203464139 1082.4438482483872 
8328.932719194787 7801386.222855675 2263.057637781838 
8358.139914011703 7359731.604455394 2105.761679851799 
12104.287931683546 1817014.321249792 865.0575002065598 
8283.582759961635 37353432.23620841 3245.8001815413127 
8302.20909060633 33732960.2010092 2938.765874977545 
8581.214246495216 5766479.5512773935 1404.6988608888887 
8252.050525042256 112835621.73034996 7557.749983476395 
8303.333124158522 9170464.588173945 2228.5290208511533 
8298.303672228363 39760615.34217947 2813.0393538529715 
13983.82698529779 1035275.0635542461 869.7797707335836 
8339.912099045898 30535061.959557705 2201.8584176752556 
11443.321646176526 2709551.994624337 846.3306036961851 
8373.305016579237 5273792.419930816 1972.1458262695248 
10617.665666137083 1127335.9956862624 991.7727128379248 
8724.392947534336 4669829.753103697 1329.2201536799955 
24913.983508479098 956347.9998340525 1185.3700076283728 
14114.779800840004 3274993.4542171983 614.1328277734364 
8258.470546262526 294961809.99226767 5085.428979918464 
8268.02421535693 270430355.7047627 10051.915875855047 
80450.32102154313 1063887.4585502238 1104.1371181728823 
8276.295969242678 84611553.61328201 7170.680599454025 
41272.462555459155 1078611.8862237262 957.3144399211646 
8263.83059430577 294776194.5344186 6663.239756773582 
8294.604068745717 75538324.7398982 4460.674644580657 
37184.46414387634 1858433.007351127 755.7564504299298 
8692.094380929722 45013830.38149219 1675.7987919125385 
8300.677018212466 27126198.7115119 3366.8387577866665 
8307.95933453484 18640064.41040544 3547.563838278106 
8366.92405451367 14058504.303470708 2617.946610921092 
21075.60823558196 2193004.0453481954 755.8943315710932 
8350.824458986117 25270982.61270457 2917.830665767109 
23767.179939156005 1163151.5114812304 993.2868235905551 
15949.586977219662 1104437.1528281795 1256.5797021447147 
8338.383415306776 13554122.256272422 3051.0112971628832 
19040.034598773316 1471083.150684218 826.2691188687695 
17654.58303582116 3006677.6971415887 687.1950157449476 
8443.648132768705 5781357.269130239 2147.902917888714 
12139.633265067425 2429953.3432916515 1157.5067657716768 
12767.276925801263 5732659.354382875 872.4080618102853 
10382.972436361202 6954759.60937869 1343.6434538260353 
8409.291271765873 18735402.64450324 1980.7722036271566 
