13322.746790652473 101843.385414512 76.01567166325414 
5312.551328011386 4200553.963192968 2361.6885536417117 
13037.279160524617 146594.10335424676 37.00253402654384 
13639.192238386528 105850.61888011992 75.59210001837944 
5348.6998412357825 4509057.31148571 1448.513659697492 
5317.044049334645 3163905.0957790473 1956.3653974491267 
5384.388483856934 1734537.524495205 1158.1191940994936 
5518.641308859883 2946199.984860805 776.1959198595339 
5521.111571075212 984529.4278055124 847.9879450437227 
5463.86842353749 1537804.2900430637 974.3047013483464 
5363.843329290526 2164934.9579372252 1311.637731017329 
5452.372503908839 1361057.7033711695 1037.2042160830958 
5327.2056429659315 2526713.8348828624 1786.5382362969756 
5350.664216045314 2680214.4065276394 1518.3545751725528 
6472.201773716819 574979.3344709919 400.2171113388829 
5316.149416621581 3962116.3667996475 2013.6972958398273 
5313.247447793645 3683486.424150522 2204.64231991997 
5315.868655344513 3371255.2117760326 2018.1732401411919 
5830.686481606126 427245.3626460912 415.58705375592046 
12697.027130428913 143895.4059616615 91.49180045876359 
5312.707108586771 4172107.4427564368 2356.724926295242 
8268.660869602249 173772.9639048314 158.02699263924342 
5346.4508905627135 3802594.463884088 1488.0478337268362 
5325.940230942453 2357015.337272235 1808.6578076299797 
5392.7830155436795 1905297.8301793367 1078.5482749916807 
5327.4202957283815 2006083.2090329886 1677.7745276901169 
7772.453543583543 240274.6083248798 113.61858054422692 
5349.5903161032975 4131041.028083472 1438.575170701581 
5314.080991445317 3508981.5935623143 2097.669026880663 
5373.410409272994 2024634.2476866515 1352.415349814526 
5472.362595675097 1454931.550599051 870.1738652404691 
5328.002661968309 2248217.5492136017 1649.3553018990922 
5346.207020456032 2416760.217759244 1529.173952977253 
12341.702759435755 120028.43167320889 95.20214826712845 
5353.692419413356 2323966.987775693 1388.0053083393973 
5313.677276904705 3671030.507215133 2193.9301644877687 
5641.964138300858 809341.0439286024 573.7016797524986 
9261.423130967754 193558.7247278022 66.44122701283315 
5637.941993797297 902993.7348490854 502.3947172646136 
5544.221284294494 901570.122503267 694.1557491829928 
5329.565293610516 1947299.249963902 1591.1877363762444 
5386.755960494134 1457929.642548704 1100.1869105957057 
7427.652766742673 646013.0930218565 189.82935265356122 
5497.660814143243 1362660.4085705553 791.9700567391794 
7018.286383227268 352806.32227265736 369.08507635883666 
8845.55504330044 214925.92468029505 102.58948107435856 
5329.927870044461 2198283.094112844 1575.4861606906104 
7376.430086634918 301889.92915564764 218.48172715061892 
11215.494323068942 132097.04877311847 114.79405650007708 
5315.2420199863645 3588242.593535527 2067.5200067638207 
9549.66613561088 146827.49109748777 159.36707043552892 
5411.737327986146 1423343.4812359302 1040.2275998808761 
5720.145939069193 754380.3399041803 535.3613386363218 
11006.27576750071 156442.8484862561 83.57465350717361 
7106.02034803267 485388.10890152433 294.7938788692502 
5315.050232470219 3496126.3531181794 2076.958804335263 
12232.833079803486 144054.0894275796 41.37558299844726 
6852.954121891085 692692.7683548526 331.37215436366245 
8683.92822363086 161699.27491375132 120.55206881040031 
11531.985108428833 118253.5893580654 115.73811791820575 
6613.837592494116 533472.1541835653 364.0495254194242 
11923.647882385148 162203.63625451268 58.91000456139765 
7196.162475969466 479311.37271872174 284.0881954061065 
11341.962065740681 142654.09621896618 91.75282906146776 
7524.961353895298 444006.8941864014 161.78198534182388 
6979.294563246262 740339.1088898688 327.81339759870366 
7750.737173697878 266548.61541390297 250.77822812026886 
12045.990098367967 112185.68581622906 102.48774222481995 
10363.022059512186 159865.72674460872 112.37059132024554 
5822.732492193017 427786.4138062213 420.95672536856546 
8527.736214056498 162197.23808418418 131.5409431189973 
5580.325787860427 634284.5187396691 611.0569284790372 
13456.572624953382 106010.92027547109 75.89254688819258 
10248.50209333744 182117.02079839047 62.44419520850822 
5652.964516545444 615006.987253144 539.9548810772498 
9019.018991570187 214615.47444381425 79.48954242797967 
7247.03771257193 397155.59694966767 257.59071102593924 
9128.825048152927 213865.8625314249 74.51203611956852 
13166.367279263459 108405.98235716726 85.16251687591978 
7572.1214874578 285362.9478410101 132.7718262536682 
10564.39100377075 161235.74201296497 106.31866327983636 
10077.808972536768 184580.78060831717 55.17554672123123 
11739.292923058749 113822.59352178295 134.19679880794655 
5545.070832107018 905181.8690936895 637.3020009456305 
10819.991929386062 177019.93184025618 69.6667591595572 
9832.947203736432 172748.21962688342 85.53519821652155 
10626.209885487964 177911.85435800874 66.97295598405644 
6786.440091115396 726192.8158884725 362.6643404449251 
8400.495977789184 156109.31901065834 132.63123588030749 
10049.86165209279 160240.04941541687 118.75423209379638 
5794.453269952412 672882.7989340283 393.1557984120733 
7342.318705780301 393689.53029023553 239.22274666594825 
6530.049398536389 531468.0511245242 404.287668399003 
5347.083385668311 3609953.5097488128 1482.763784222503 
5544.999959478675 874864.2623570579 666.4325326385439 
11677.286266208364 114656.79776046202 110.72538227779512 
9629.858694674414 147880.45789683366 143.69679518965904 
6782.443036022698 630803.675067087 363.5801395618843 
9769.45806691931 174396.8050310774 109.09243029818953 
10865.641799950361 145540.33393962428 91.19670479765709 
