112570.20638615433 339107.5959258874 16.3089442734292 
6418.041629251498 2418695.3465635516 582.100948812891 
5354.41769507282 8422033.901467837 2358.3331747844904 
67949.23326172134 491607.6482331405 58.54125437855061 
6727.6337684529635 2259454.059263764 482.2798012926608 
17763.309174096827 583597.9735116716 189.02879273955486 
15583.940756750835 845749.2149766404 183.80044667711817 
6430.164089510841 1836522.8199156546 553.8858029150573 
5439.659439890843 4233710.6431423705 1460.1377921417386 
5645.356284903864 3173652.7799568526 1147.4035648903239 
635458.4827107189 3896471.718272196 67.8796480230801 
71664.22900252428 500921.2444282823 36.04387026719391 
151212.49759482493 737281.5100895859 103.5899718942826 
960557.7639803867 385767.3692407411 4.764763592670263 
42691.87789394682 475045.3706883457 98.43128438121192 
5530.359163885481 4264879.540860769 1104.3673949606991 
7033.269134557377 1799957.9115924842 578.2202392703726 
12098422.509046521 173170.2097195515 12.954649122860605 
23307.17589307957 526165.248327766 175.6472203340087 
10271.50270379492 1444595.2504718374 254.86622631450822 
632697.852200021 436087.7249225849 13.44042057805813 
998526.6665211313 810934.8582828303 0 
11256657.123178586 775114.2024489096 10.785148022998175 
6248.773504589981 1718399.8587760874 697.6466841757266 
5829.059300390585 1638310.6034140796 766.1475533331537 
4825658.828219038 800235.2890726773 12.418016991424519 
6718.052437071332 4284595.333742142 550.9596841954657 
12362.345049702068 2181729.860783889 349.1767142075086 
66230.12662924718 617577.9952327961 72.62128216616296 
7964.040099276389 611152.7600156162 275.66672954013745 
84672.35821049791 392109.19911356276 62.02765630400387 
5397.833186756291 18001813.275005765 1781.5674358831861 
21536.659339481273 950028.5010426776 147.71892339626777 
14990.784133517842 828107.127613334 217.26970458518085 
14195.879542019084 3906604.6458495553 319.5686980566222 
5872.639105958797 1901133.8922421115 888.9821698611587 
11904.891238051343 921358.8890035711 258.07004359505027 
6284.550558472984 2801989.4944514865 951.6675619471285 
7108.1112883228525 1029380.7377839021 518.9752519836316 
52473.13539854224 892716.9747221065 87.59744112101924 
3588429.9899957045 384417.1074381972 2.1148700799606592 
9704.530280540834 1624275.4715536055 243.5997057739297 
9855874.8913421 176983.2918705991 3.426668195718966 
6983.7948907393875 1252734.4987359191 599.6532914513778 
3001569.316765254 239291.0170611193 10.905455456460967 
5638.586552506886 2797816.3229737403 1071.83527769406 
7574.475551750451 1272388.5179665585 421.6798040624932 
436894.68927501 1857111.382850254 33.953463166845786 
556710.4846829507 416340.3344932401 34.148479242053654 
563732.1073191009 641350.0450240164 16.883251422894407 
186481.2603507564 406203.95706034836 35.85886250793202 
6928.656641028163 3238270.1125575346 574.2927382130567 
20411.468704480965 1731823.8028859913 291.1623804306851 
18136.785565836773 703916.3927326445 197.89149331954735 
1411464.3842195522 25818329.740011074 388.33996698162036 
5792.457549437965 5779228.402982137 1036.1071892614805 
1212711.364389465 660419.186090049 13.851542701618266 
1991284.219235307 2484907.071116809 18.623707299429135 
37735150.20023376 610862.9607683391 1.0895481842591899 
9429135.379444143 949216.2225712631 0 
6632.899059317152 2015037.1315811884 726.7320177357365 
6209.50946850924 2958530.152638236 763.3881330106451 
6266.461365412227 1953038.5146776866 791.536461082655 
92151.58708557805 830422.8216628603 86.62533837387362 
8227.012148072185 6860455.864505357 357.402306901967 
13794.550759228336 663806.5890849878 306.0479890424771 
9493.990596391706 792083.19035324 305.24880024343076 
8342.76463818916 1555662.1874929364 400.8323430277244 
8437.83810872615 816445.2291958929 289.3564085651184 
12331.171768701577 762651.4829386838 403.78195993753377 
123229.26702931737 23683209.305920027 1974.9757432231877 
32403.466162642297 754321.7247338396 191.28350685028448 
23732.971801358188 1149456.0588180134 145.85593323163513 
5913.580399241082 2699301.7591961445 1190.5733067555946 
6050.580267131845 1985828.9065365938 941.1858805022299 
6384.816200511802 38170489.33566242 773.3757153185358 
7348.901853706432 1314361.7809015564 574.4567194966656 
7398.257679180411 1849004.8237873456 478.9190915168063 
7283.754727551567 1216778.9318301866 589.5762624319752 
7247.150312441838 3816326.753420025 709.2594467010676 
53496.67267302563 1621020.8075577507 111.4199294654692 
15802924.543213049 422413.0279077444 2.3726114573213697 
5623733.5777317025 917297.2324364004 2.30421695005735 
6913224.952019226 486725.49229116796 4.1991633726049615 
9926129.416660558 478183.621260458 2.99962468892995 
4866050.842311898 1096528.536661723 4.921966283132017 
7070.687397603317 1491991.7872715045 625.7319359325965 
3042744.7931411676 374355.30931082537 37.024478348778565 
12107351.072424702 277466.4210942306 38.72335917649613 
5746.83420273216 6998654.166792627 1248.1099844643725 
5686.00636111072 6375749.257478268 2376.6396677774374 
5739.7058302891255 14437590.241217447 1161.5663872011003 
5800.040144418815 5725510.203763725 1594.5000992778346 
5679.6836582008145 48542171.37335966 3006.122362373358 
7605.862928871172 2678169.1453237752 538.6556237631969 
7371.971961419611 2563154.259811153 549.0219074180621 
532764.7129532923 443817.17223875504 47.34471057528651 
63945158.41932763 3283045.1781985443 3.412396121448018 
5758.500016715598 42255183.04837278 4895.565957099433 
5830.792984991751 6679906.629410956 1309.768505500907 
