7428654.779762282 64408.42803644277 1.0491417744591578 
9141.819229148017 752869.3518265486 234.23529420509246 
5389.196226544141 24974257.086505633 3587.8647508435183 
381500.4718342925 384811.4289979242 1.3850397024159198 
5539.214742496773 1949308.0362743007 939.8971319253661 
24711.04876567903 719517.0820829013 120.41329891905973 
551855.3981141314 260255.7685285687 35.897008498283384 
6247532.730442155 146407.37346924635 0 
8687.786083230867 2446436.2807162344 362.814067540738 
5949.902054739866 1140779.0657140417 653.0392305871026 
4369456.222750223 223196.36623335743 3.588770984826704 
5946.466433988165 2308377.9013837785 845.5679955224714 
34845.931361084964 436675.8804692418 56.64651070637896 
6153.559343343756 865502.9343347603 455.1063486887975 
8654.874634126429 1263725.7219565727 383.0644505215322 
190029.3469945018 577719.6782493999 31.033343428489687 
5548.524800675671 3749512.4692988303 1802.5522947188426 
25204.816651996356 698068.4070183649 96.07367980292534 
2479167.5676234667 356859.74933956 14.461885305705167 
328659.2312761238 426239.22857517697 0 
242860.87516696352 2904728.3430734207 29.911225513372354 
29311.437769053082 652525.5553645048 135.84140858018327 
36783.611940119765 436020.23091378086 98.78208537008462 
16671.770324107125 534824.5117803656 219.70863077298938 
11287.950880838544 619130.2068039228 292.3114245778062 
23965.262361100355 861289.1900322919 131.6226481610478 
31708.78500096811 1056125.0002258804 118.78217895701991 
192195.43010661541 2202415.4816793106 36.960751616226744 
13026.022844508416 1216030.614601602 186.0051689704388 
200063.05493876067 465547.87923971063 31.359024136235327 
5427.561266575322 5126423.614094025 2088.194411814049 
970349.1655090097 342959.72716988577 19.44110271476429 
5639.491330099499 3103048.576834377 748.2265967470615 
5934.208200046546 1708802.3260992279 968.8131500796062 
7688.364042253839 832549.40864628 447.32745440083613 
2430989.491280789 366951.02279229026 122.82469779057986 
5931.786530215373 2079058.9524870687 671.3899100334919 
1457048.5814003656 274721.88024717866 18.84021042699048 
5436.68862421515 7393714.185387433 1620.4586752154485 
6174.142979811382 1011766.8671251561 542.7988526065839 
21108.3361830926 894396.4682268385 199.74195056033153 
15469.041387507777 737240.3053800134 241.559072836214 
50892.78571174791 627958.6690289438 60.03101792067723 
58280.462532157675 592239.4172658877 50.006134855791046 
62352.31933257882 436472.23294424533 45.7439059858136 
364643.7585681927 383578.3677455811 50.525642828940256 
144308.75525799033 1114373.6063339822 34.51862654615134 
56769.451887264666 608864.3026704272 57.202971915388744 
49431.22608124056 756923.1241449239 63.550371999873875 
102713.83513056343 559419.8131360314 43.84341914943879 
20239.838222885734 4051838.5574594135 201.14367391003464 
592809.1024010004 301880.82629515557 72.59128468547124 
29283291.016094867 82143.8448864451 16.390432857328832 
12250.40959089009 771495.5640826162 247.95603694397187 
10917.604322877096 2016319.7701707534 364.5822587801765 
10598.738685828608 847984.7471235155 237.5769981322072 
9388.569639629903 874052.7375196251 267.13518352741994 
10260.377174541214 774334.017601341 291.3655710826312 
5425.590678335826 5261252.376727416 2934.9085599534774 
1756560.1583259339 415053.45506615314 9.74430932949932 
1305400.4907339332 727390.2668744323 38.67911438938018 
5549.020633777221 2035524.263843925 1119.547504359834 
5567.833319411666 4162234.8309644563 1057.1519988002924 
5672.897093603924 3346669.254720021 1089.6405203960526 
10876736.05356758 282757.1517621638 3.112038369380408 
204607201.91166192 393725.65736972477 7.518074108316763 
29207815.785299323 192541.3262957996 9.417905815484042 
10862618.706888253 218987.47518757256 9.589134438568857 
6067.736548634777 1421603.347607408 715.7895877902885 
7390909.986506235 390000.0485964624 6.913586315938533 
6330.61787439452 2647146.3464087285 998.5595457172392 
6584.924813328333 911037.1053763734 471.6178610370687 
350952.7502058022 440668.88627714914 0 
339662.4450659914 935788.8124538874 6.878450002148547 
1271663.8205701283 454379.6145710086 17.119432849779134 
38546.442169497415 767968.6696551591 89.68912629087804 
26611.247517584292 884213.6096935305 160.55383548019597 
24676.302928880337 1044840.4450443683 162.2220794305192 
26589.700620030253 1334545.0576177181 158.3062120761741 
44951.8862908615 695727.0609685903 119.36325576593173 
27314.818474162326 678122.9291804841 134.6407681526474 
319322.42873015703 2234061.084735479 31.095555658558087 
15464.464506183374 2433265.4786406625 228.79448269982004 
318275.98007174605 1266869.6919091821 33.969572135540005 
1169972.7208919926 478803.35867526906 19.79758700536457 
5984.424056760132 3918709.362593783 766.3186041637451 
3263558.076003759 296165.3710082883 43.25478653219661 
5448.707763623441 416703206.22196007 2874.5865482914514 
5444.484051588266 10471221.183350066 2008.5981033830074 
5460.427055056407 13693113.512704987 3805.3643958991383 
5458.753086329579 23116979.950826183 1871.3865323170885 
5545.608070577629 27538299.90895802 1784.5179691942164 
6193.152670512014 1102795.968985273 655.9777912489377 
21521.30978527883 1163067.448363999 221.7481519157718 
23970.91495434406 1823889.3365025925 297.4077222313347 
1495992.9787030683 359206.8690115119 102.41985655293425 
56028113.587244965 483314.53228659276 3.352872515584887 
3642157.3332517045 578317.3516659148 0 
7472939.923938597 301619.6274875146 113.82472348287808 
5499.470529101627 48365203.55780113 3225.366592543118 
