6928.9389476383485 1520304.4433609636 494.41474585554033 
5497.960049767299 2008578.6413847373 932.2062868358169 
7330.844476857935 865880.1378969777 365.10840940351454 
6775.952783350009 2410964.5786316935 447.53547872539497 
12235.044130125016 508919.1487675817 136.59270608862943 
116932.59052946276 427433.2721293918 15.536549499488164 
6133.591699836578 84596960.58533503 1253.9235301990827 
143192.16898622114 448252.7993537271 2.5627745400846216 
27719.258622843772 985975.4292466136 133.4159735403409 
16268.929955386106 461452.7634110855 114.44449023061031 
139005.5458285587 462740.5037707596 15.895947999192108 
52310.651080831834 448756.75484894967 59.465647524336276 
5596.753407047288 2737618.5135020837 803.8684929854469 
5336.8903761688325 4284820.506438814 1591.093499275995 
5878.638753880217 3650156.19466485 938.1344804537449 
6243.564223279319 4864767.760124845 1300.295307981958 
6638.379160966094 2050286.5394738112 840.6978739968192 
54079.37055244838 232119.3961300869 36.2443819277851 
2338621.4784470145 79647.82896128552 3.7345217454324504 
67309.48302532123 510143.0605591774 26.82384504137123 
10628116.710089197 78811.28225418074 0 
5483.5190203861475 2477352.4028847576 1215.1056316500371 
2792189.314413183 279672.39210501115 0 
316462.6661565361 333378.4779735817 40.28935013017548 
5339.74249701245 3905581.9620367307 1499.1817759885078 
6703.077962103823 2018146.4776602834 586.5669447280254 
321187.2795428341 1812158.2135765797 404.85893782438524 
13424.642673830236 11522123.100675983 311.2839041422185 
38800.809851831684 782367.5150341236 70.75044428637791 
8699.177644096611 925037.9644194884 359.1088563798475 
9272.991510110769 790573.2278962472 333.4993522298247 
5904429.720858906 436132.75472370535 50.27795208436104 
5952.3125108350305 1841456.1382138317 979.6439605257402 
1426222.403999497 485488.4016705114 4.760163673949703 
7012.007968373337 1042301.6178051595 346.82993991507544 
30826.991560562074 628909.7010765785 48.65326941004117 
5969.54981592412 1963761.7719647805 813.6272348913806 
6624.627147352824 2750643.945465899 626.319062362485 
5376.773851470977 3483068.295204123 1317.5210741651779 
5469.041067241667 2586303.010522503 1372.156591816134 
6940.759708757726 1630221.2131397182 596.5041156975351 
10184.89265372363 719065.8382798887 275.66138217880786 
5566.15390038019 1987668.2586493322 1001.9448408932454 
22512.021142191712 2016159.4130677134 106.85263354080605 
11844.000135665414 814240.1510690367 203.38992378835567 
9989.802426827855 1188258.483925169 248.2447518114124 
11190.967557719847 699022.6489443082 249.0215296819162 
5993.3272109222535 4198548.706358749 695.9951971673747 
6321.885349063354 1500194.8440756383 854.5885962081009 
5465.902994539751 2613387.825841852 1368.781761030158 
1017877.6915520439 2178611.736956104 1.8066233258898536 
172533.1309015266 1204273.1238801838 7.252533672343919 
5337.216632042904 8792334.88178746 3312.0249341040853 
8977911.802325547 100731.01683848437 9.235770373655045 
128764847.81056243 158174.1457579212 0 
5471.480585877902 87358686.64103146 1473.2106653568858 
6033.35819482152 13652043.31219818 1023.3761405168436 
10591283.190630207 161707.04831930168 0 
5405.7405610448295 5805903.365881491 2098.841799231663 
5423.909251302982 6825347.619598681 2343.5122895249356 
5517.470552080023 4053831.571389873 1294.8143382898838 
6879.442500849436 1810141.5370494153 718.4761728179179 
5550.64875177171 3159300.4903819254 1070.9844126054084 
5618.7962646661235 2461900.027385588 926.6763747339966 
6674.202930540948 2919890.02495335 880.4287001988114 
7366.739387066138 1322064.88191812 438.5973679693179 
15582.358604996758 713162.0533148014 221.84451744554954 
8209.05670785081 743616.01957214 342.64426350079805 
3334992.127241194 734367.7753425083 1.9646788127482224 
6193.480240321032 2113946.6101070177 805.7282219379726 
6140.000471580831 5108377.926858403 1028.8595664986628 
5913.379092012419 2773962.261015241 1025.0971352689403 
6823.640948287075 2344555.380807389 532.2108982551616 
6573.764507042094 1541362.566650806 1076.6103584917255 
2721247.841670362 159498.2432478689 53.13181898019499 
6796.477311448024 1635753.892008474 901.7299721813732 
5538.676900662502 4316065.2817694675 1073.1324749351404 
7744.449088809626 905016.1717717376 376.6847197841295 
44574.62718122097 899350.7357964258 106.50291787053219 
1408582.1200060532 514422.5260407409 13.751638128196733 
15941.287755043577 1728366.135502567 165.13646314345942 
5486.2070763737875 2746866.4688578662 1147.3722815620395 
20502.793365353085 643447.6324514465 123.82479840512252 
9419004.938549038 176741.45161439042 0 
2424581.173894701 180230.25865179434 18.344489941006422 
146499.7733509179 482497.26567556604 3.3016189574125177 
13063.139142666529 771022.274682336 197.48314259247928 
14433.434427541675 762357.9199241608 186.29720394902088 
42059.18741665787 777091.5105714278 117.41130092532589 
111820.26313600913 633283.4005445458 30.926371807310538 
22909.80282674829 504054.50036039314 124.48618888867549 
7223.315675396589 1782489.665532824 536.1961818500854 
9017722.387816368 368754.89290092513 3.2200896981586253 
6228.352364697081 1967568.843919402 898.4933191625868 
90702.71433473317 327095.09280131065 38.55057777305161 
2448344.0591344675 303287.03548131965 11.382423694065695 
58845.40082600402 224701.99102658368 46.75621361311695 
54215.54359577316 406469.5592121851 42.736843549771834 
112339.47370673361 234935.54984304067 45.26629721253177 
79992.4659034981 293330.2056024809 40.408906175272705 
