15418813.699013742 73002.52829701503 14.304476148930878 
71533.79159946568 265353.72663659597 7.008217668431589 
5614.049113038862 20883717.00120028 1369.8766575233808 
5807.738810085947 1103457.2785990653 582.1898879465498 
8145.282944108019 725178.0689411501 378.42488767234596 
16020.838196865428 588090.6137602032 95.13567588124938 
32360.725153083244 248020.32027062986 21.57966688066543 
9462538.763069615 148277.67020444045 1.212999069497645 
14185.062254420493 2440437.29501188 141.02979756358752 
8352.656069546687 648112.9073032504 216.2462249225178 
10040370.124276731 152425.28051777973 1.222335231126166 
5367.3728207844015 4061303.08239821 1268.2056509882223 
6700.373759458316 5887362.653769293 824.8896976361715 
585726.489523977 127506.32759128526 9.214539188381751 
280912.82260486286 1354047.719735913 0 
5562.305935379778 2162349.7375806742 997.8551085839946 
2624670.3385704653 233188.04689572242 1.9832575733149316 
5644078.849588056 123796.78220229423 8.649504765544474 
292641.0325459147 385693.31946454133 7.552057448351059 
12718.243810149099 824179.269742194 141.37487713504794 
211053.18085187118 620877.5846360314 8.535417333365405 
5786.218388220992 1359724.6278119257 708.8169842750774 
5578.8465986658275 1732790.2965798997 1062.694834180401 
7644.123535536957 2019755.3072151751 448.68387509675955 
7609.89380814526 1829970.1779814176 432.23956947922653 
186446.90588750914 296984.78318674635 12.513592309278552 
5475.371952607709 2889482.5974644306 1239.6821521559914 
1106156.501715167 3215130.903926083 6.927717273503837 
311437.84987740417 244357.09944840538 2.51947999454502 
5286501.410043861 107834.28495535301 2.3694720327362067 
7237.2698393043975 1691717.8410151969 822.4122211389156 
236986.0627330069 337034.70510855044 10.650110276315198 
12222.616840034021 1070673.815624619 198.31684027256506 
21564.82124397165 490250.29450680106 269.01229758041563 
1160586.1448071843 363906.8641203118 6.932561157418718 
2397422.1537418184 856787.3770631047 0 
7138.920670428462 999939.803965584 548.0353769002094 
1186171.5780018684 2078613.9321382323 1.0685105518307554 
5428.208709164239 3238644.882778474 1449.0461202839451 
151695.64417366378 399103.611767094 12.223072302003594 
135903.56667570389 1506500.975788037 20.645760659383168 
6891.910718410565 1524538.2008413954 636.7189791567941 
5931.188890138306 1587085.4690508267 657.7522335952348 
6745.076752875249 1253272.9732134463 616.1132311275863 
6059.173155575717 1818386.2171267853 643.4106062552675 
6351.49546024858 2065856.6897908063 756.6106005524596 
6318.563938823646 1233926.2728218306 790.4115023974485 
19086.21060703341 635668.4385549797 119.63269296186299 
27504.859195422432 1215387.918435292 107.54013134133933 
31198.73489355595 707061.4245578676 113.32561220061322 
32472.690170044265 351338.88140455686 60.38273845912958 
62442.259062371355 291917.3575632432 41.04669991858564 
116263.14498627484 1605513.1149689823 38.35135079643341 
5686372.593191668 185458.42038823233 0 
10013120.440082714 236196.03512682402 2.490232283145699 
8937.686925707883 587127.4630782066 372.1718238559003 
9434.339841567113 705249.9013854368 351.06246348540367 
10765.63529507846 559429.2620662677 373.24908950726 
9620.032861362928 933105.5108447723 329.5078604391405 
32059.393157978615 560796.759505568 252.93089829167482 
21256.69647454332 613532.126200952 313.08416061794577 
8420.839374647107 1000735.3941957765 426.95204524779274 
10622.131055508133 1003604.0565248352 316.04781626549124 
2420461.8476220737 201538.97006959017 44.70267137950988 
645353.7697070467 214853.99422887934 14.638356779181809 
17224.17363279101 1229155.9200733446 171.60214676921674 
5821.673938384031 1578263.2616113275 796.1230648998564 
8340.976377020605 2088311.5976527224 368.2691342369288 
8143.194039455251 1120863.4687010685 440.88137738924826 
7820.331654725077 1311230.990602632 415.1518953349546 
5587.286254253871 1552869.839565383 842.0910198327847 
5525.665480636906 3763013.649461159 1273.7200616613413 
5704.37485583552 8253465.972317729 1589.7449227591392 
5744.131463430836 2956736.280471342 1348.6737027239215 
285783.8274777499 1885320.3059060238 88.25732640440806 
565597.5290356451 316995.1857055988 32.2125060409521 
5334585.437815234 109892.87843303 1.0203640005098407 
7770.183545400639 1755713.3032387493 533.1157200290518 
8341.926271659877 1117875.8018521834 481.4468008286585 
291704.3772290972 449744.64390957117 11.185259506333157 
12242.826870154307 1259291.8988025715 249.29313096484918 
17197.09537757947 650537.1608260256 217.73903453597288 
25167.53391909897 505198.5639262153 270.45774075562065 
2453833.755103654 623167.9404004924 2.4929752076771003 
4571101.532015277 612774.3282537234 8.576703471436753 
1149174.4473113732 1706847.3675973439 6.78800627798742 
1448074.6322826426 681026.4756676859 7.052093114177227 
7347.770927780464 8152046.466736466 605.8610000500153 
5501.14096430047 8903399.439592013 1516.7857969071188 
5514.171381962315 31805140.92196734 1513.1562740542295 
5505.621312747763 3963586.042881668 2754.295941222929 
6316861.593872309 252386.76835418103 0 
6035.7919837724685 36322262.50545827 1012.3380951554562 
5540.098118383542 4188007.837513776 1372.2104606931146 
21765736.34060479 148547.17039651697 19.240891593399006 
44456557.81943561 226224.44978238337 11.944905260231312 
5580.63819678049 19810880.702662025 1430.3088049680766 
43994798.49428513 239022.793137608 8.228865439133415 
300738.50640990934 12741784.966044037 55.79821458870037 
8737.499404260332 8126394.343785504 460.79726480988654 
