11678.026157743458 2640083.831377643 391.10198078547853 
5363.8972472457845 4720397.321979865 1611.349279601856 
351178.41331077175 1720215.0633909712 65.71212674076644 
31565540.142069057 314015.20404701255 40.48208595543019 
5740.263031213564 3387439.9702410027 1201.5689391176627 
6480.727661177193 1801792.8536823308 733.33536779171 
9926.448532899252 1092686.221750253 404.4857778733128 
263107.895555591 318638.29575897416 55.795975194795105 
6729.96786596494 2859729.0174177503 667.8145301008132 
65704.29540900141 1222807.6132274754 68.74344332171663 
11074.626005314934 1212496.7571840216 252.99214246125985 
223081.7392698911 468777.5248317437 26.1661771907848 
8893.157668939735 1595188.819117067 685.7432767169757 
23486.78752256458 4206857.444768197 105.8368536140571 
14852023.177482601 247463.69846335435 13.955660536104679 
36181.717871136134 1289116.2633841683 121.23065644853743 
16839.677038917944 753705.5500935315 134.90654779728018 
165757182.9936775 890133.1738221929 6.68396185633445 
4128100.546583511 1543196.5633585348 12.137643144119274 
2709143.9987348174 243603.37832684224 7.588165784713349 
292144.67306824797 1524636.8670237474 19.259181567320972 
8955.401135517348 1857428.8888311563 614.3855117937866 
6298.8185177696705 3011646.542615223 905.6791268153078 
8159.7633952694205 4073288.2010347787 513.4575934716634 
67047.97203991382 311282.85775669914 95.39926164643909 
267387.06515905686 322670.86718699546 38.04300364892308 
5432.765988290915 3747540.4651785186 1517.052384404999 
5604.371262690086 2796961.9444991928 1868.8796146073141 
5580.631346378581 4217676.138274883 1281.5334582518867 
37149145.62467027 1477976.908993941 2.810691158403076 
47818873.4945815 497020.98531076196 5.578638048953984 
25297172.067263804 714229.8594572486 11.694437395317738 
31633665.753419586 191327.53640122293 47.178441122124404 
9927.358441038143 1398757.055224286 507.52504714569176 
322510.4005362288 271342.5996665715 54.297127790972866 
7956.616413712733 2126370.3878296684 599.8866678952686 
31614.119311825452 540551.2338928303 138.10571146856944 
5785.139919544785 3661222.8194484035 890.9888381017788 
37978.23766416388 863698.2615427626 76.09815916651041 
5984.2037887065035 2612732.2350315256 1105.195431235841 
46389339.754907526 564760.8782049879 1.0232368339356628 
5398.826486238396 17941907.145520303 2702.7175062674573 
5883.460866395019 3470633.0886912453 1457.9570111902622 
6506.840854784519 2524728.0235437728 1013.5938860643424 
7624.4850406511505 2321746.125131585 731.343137874487 
7595.88470718238 3001354.402225497 723.4199913897259 
7876.728637819051 2060844.4512342992 737.4386043348101 
9986.370937837748 1085985.5508030662 441.33113993871683 
6808.544751085797 2962426.3070288296 707.619279683642 
8218.909830986951 3497335.9309374527 675.488179171236 
129082.79147103502 730029.0975995639 46.610483375336194 
115107.72774791521 1069042.0803973014 50.80358922644403 
11605.648967914214 8081038.469160445 460.2406504258208 
270778.2482264883 2066962.2359700014 29.28438279719028 
3013917.253474676 495967.6270642358 20.46634964744531 
258492.4503160187 701607.597370846 63.17926183220148 
767267.9122700288 718811.4206197023 29.534817192332962 
20260.954611896563 1324108.5043215863 277.87780989396134 
22839.91044346765 1411724.7203941124 203.8599881879987 
27752.724487256084 1922179.1620473533 194.9729081312854 
9257075.42400504 443955.3000987133 0 
2916227.3125163834 2544700.8403877844 22.29826316296267 
9408.207061016934 1936234.8916957579 614.6047190294267 
9123.579634655172 2754638.1731454027 579.1027749280604 
9518.46296716603 2427391.860751914 593.9894291098408 
9702.86039693658 5704117.920849223 581.1808509158137 
272472.354801587 521607.0006949102 45.608775093007466 
270841.2134348951 499836.23612439504 77.51098535506591 
4903538.859201562 466260.1350648105 40.108791008966726 
5458.744731048317 5318063.170640675 1684.3631468625085 
5734.077167591177 4998042.06804406 1676.2518282415626 
5445.927360044926 6759117.163578254 2381.1964439897138 
5716.525516041834 5539950.822043165 1591.2512677305663 
323788.1791089549 390144.91840850364 74.02487711122265 
33854.62920242848 847612.3499278207 171.898702028869 
36772.02700284426 1408705.1349343404 148.15344457092996 
36529.54171437613 851711.4473655856 235.81647134275448 
147958.9037303032 574128.7915216992 144.30961820058644 
6179.944096506619 6908998.588297085 960.3820935602392 
5844.101473493667 7965871.511063835 1128.6799897206388 
5977.035565907276 4641846.184991442 1428.1646314888235 
5900.364617531012 5026820.236577838 1341.055502262841 
45909.472630116376 1779438.86616229 107.58051299062559 
57909.41549546059 1410555.4863524043 107.32438437752288 
84346.52147346511 794078.391002124 67.91062930788738 
64651.74913108726 1666569.4200788862 97.35001613679943 
54404.8499227234 2497236.493278415 99.21810241401681 
87119.52818938167 900103.5999987681 82.77631102829753 
6010.144983281454 6814701.5258841915 1399.1020635231228 
134215950.0595406 686859.5327361496 11.298896882149773 
13012243.789374026 580601.7493914214 32.705390246340805 
72315633.04060374 7389232.598604687 6.023454599208472 
5518.992819374625 7120720.097788821 2121.917076382472 
6085.642232609491 109197838.27175231 1633.5387595687876 
51196.05750301418 13289344.091178253 113.63748078088814 
45535224.89256495 8182095.215942925 16.15233290188729 
32864913.489542987 2437893.999139542 29.204587751577748 
6753.735246498817 2841075.6175059658 1030.815088707395 
5727.454650304557 10519245.98059084 1701.4814639200592 
5712.362004616394 6517968.741820965 1856.7654800754922 
