7428048.310908672 68283.98053014152 1.0423251349373845 
5609.159036821984 3401582.0903300145 1067.1126086489887 
7385001.274384879 201430.55482506065 0 
6567.152908620851 1067269.1580698437 525.5696152005825 
17436.368021464576 1034169.6467081743 153.42524687709087 
15845.128979423727 990606.6985620626 166.22976357323546 
5548.71861352385 1872311.229173545 1071.7860003252813 
14007.946216690445 830000.0161463358 247.72501278466356 
9925.556031802953 995922.5723494492 279.5776168671747 
5417.165229359927 5908622.097944876 1688.4823475231904 
372468.89804898214 212773.27857317947 36.763903015435744 
18844.65745954429 453389.83338730864 97.49878233775132 
7630.75040579094 973586.1697762909 362.3490157356829 
31693.76612996589 624604.5855247158 84.97857968481621 
5340.541823410184 29614200.024876516 4155.909082703216 
119135.3186464719 289770.9025964222 9.390478891483959 
6634.921897417571 1034661.9813969318 442.5850372919302 
5373.20051298632 5836257.195244186 2448.3761025518434 
274637.2505611718 325828.33891109773 41.400363522428464 
8797.777540543066 1666541.0603382213 368.0330124343332 
5917.983341380269 1329825.748712318 635.5493138237487 
41579.48905601415 893932.1786034582 80.93257836419964 
13072.367392490276 1208760.0622594487 187.83515124731065 
118364.12188271532 367054.7543777049 32.94002414535618 
65166.979594929544 1049255.6710865267 58.46425255569861 
9910.859286730094 1059176.2581078804 324.6886549825602 
4171068.7513179956 120095.05904643876 4.566995785346345 
82215.65910762339 1451654.0237853655 51.02075510028714 
5613.81427012868 1537679.1609333795 725.9295591861521 
10747480.274636053 132950.1591795392 0 
6209.278741737181 3686072.152335354 661.0921943039843 
192730.76069468842 289333.29365671735 166.4578406878525 
666919.9595009532 223671.174317535 22.14079721725473 
193827.21447247936 396144.7909543026 4.035866710457187 
8919.515165271816 987001.6016274716 183.64518850111475 
64522.55597121395 655784.5593606201 76.31656788728219 
172458.95747268552 368348.27628622664 35.57014092185314 
5442.643866689106 3489915.833726644 1350.7394398748806 
13695.640270312702 745826.6156747114 242.84060692656305 
5703.29822188616 1990113.6193858571 692.8927835869159 
754800.4186811028 793756.3605621333 1.0694234304690826 
87241.95578106992 1204483.3075005813 55.70592115100079 
15079.720190709753 847226.1700845375 172.19938493737652 
8748.315198035407 2443502.7297066324 289.20008296775217 
11448.308936522117 836257.0042565404 374.3842328055964 
34635069.68123301 80418.4299978431 17.59628880777291 
7415871.789206924 215806.22182025513 6.802461291491491 
17434.659048933943 656603.5961119857 201.7250600005919 
5570.618377043245 2891036.2407537834 1116.26966723497 
25970.509971512543 897534.5952423436 91.13089431109283 
28056.48125363281 679857.9771056169 138.38592088130886 
47490.15534455023 587111.5088891236 143.18064283162835 
19371.70633711477 634115.5753516298 245.31692031137302 
69783.35300097088 939028.2399060013 116.59307475003394 
24216.610852774575 1030064.3751517741 141.48199233336115 
37164.86547449822 605874.9357332694 322.9660196282226 
190135.98258141708 556349.7261082166 23.151328707586927 
144301.00157244524 1033582.8885522548 32.47144740026656 
150078.62234925767 976026.6273845386 32.0482866531934 
169071.98878469673 296541.44417314965 24.665670739722756 
7077.064662206856 1266977.11190218 546.3374114095982 
6742.474294499005 1349080.2892152704 614.0023112698242 
8209.13339250689 7041920.832612335 497.0599423485918 
8660.021280928057 2424568.4292847295 376.6056292974062 
10568.920178511253 1402940.8408615894 759.5221928087743 
8443.18608617023 1808776.3626137706 451.7748794435339 
5992.248182481444 1989937.6136180074 656.4817735753264 
52910.87079818043 1257520.37585629 93.20531875026299 
42504.64511616956 930785.0352463801 93.49979198695993 
53789.8804577403 1422739.268268805 91.8238893991644 
122791.92766292898 781226.7994957463 39.21513632755841 
158469.3366660346 404664.9728218954 87.48024174970796 
11560.301733487997 850124.208627177 306.6858129447739 
5624.394477776845 4437590.31978838 980.4176153677431 
5769.0752982212425 2442957.958853389 1084.4302471312037 
5723.052833441824 1563117.9592685718 715.4362827739549 
15006845.259273574 164088.76148492863 7.221006114795383 
11145211.791047987 357904.01055687445 6.102283343862672 
13987355.046550328 351268.8306640539 2.391319331570758 
11047756.946983818 323786.2161628389 3.067728982929362 
24902761.429213062 5101602.311490446 0 
432094.4040784583 945671.5042715247 5.300549950287869 
2777324.119808748 375388.49330423906 11.442108077170104 
9118.366637368808 1070848.9182762045 347.64438764864326 
10091.41959575873 1718479.3118464123 325.01049740840466 
10853.967263552157 1482114.1750133208 349.0879459832287 
11314.549187609671 1069838.2661250331 218.61365455319407 
5428.500768924111 29811376.96199985 2427.907536293929 
15478.644727211977 688095.9924018765 340.1300316785136 
13938.401806605363 1000206.4808972877 297.69970189796607 
114657.03590323961 1395626.5497862792 60.96290034009146 
18331.585232131423 859926.8006943078 177.12305811586046 
15337.147230140026 961234.0993774438 226.2280665950629 
16832.344048623883 1163109.9521025117 209.70864545327595 
659800.4286681268 340554.31735240325 178.56142092376066 
7170956.310795991 1776675.4750191155 3.488053163217173 
10852175.429337386 798545.0865646362 16.74111681125972 
5451.3193317306395 37612285.28245128 3864.2251099323876 
5801.0659119199745 5357003.130907077 2242.179453320507 
7302.479975167998 19172059.09450843 668.9455928163399 
