32436.965216769113 295240.1086561488 35.56581756482042 
15036973.232469711 65916.8268348687 36.85900709541493 
5411.5362480148015 2966845.515921858 1210.9202689620104 
8775.483241399792 969956.9059458073 353.4739451738511 
12848.504795104203 900059.3014948397 224.32165900129445 
5759.0426011335185 1625089.9398150535 789.584481964092 
1710051.3811299345 73796.88898565312 0 
7324.0600141177465 849265.4359559328 454.90007248114824 
26147.42830721595 418307.80359177175 104.14609225350533 
5433.736647905698 2879982.1106414953 1181.6217279435346 
251021.77251629002 240132.81950666683 7.271694565004461 
5724.34538714356 1893171.2489780006 804.1549457703372 
17005.26258086773 801078.8301584972 192.8853900224183 
5980.15979962747 1255169.0398331638 726.0373606699593 
241481.48160276347 944710.0201805177 8.07253136227752 
5647.663335588024 2140532.7616341715 890.8987940274487 
5392.888750815854 4731789.6110313395 2296.1289927684916 
6851.342899824453 984379.4143242813 481.6850969054211 
5606.500981283059 1793019.9911330044 1140.0815073238382 
11951.44298579819 847809.3435687154 227.83006560938216 
9809.600422010592 1750863.11385163 350.1792224993334 
7079.16458681577 1641455.1825986796 496.8698817905594 
5549.82746487578 2308555.0369830495 1133.897834782466 
61332.66226746271 306534.99706388667 70.76395388136817 
6260.6555204924 1514716.1653610924 670.7301749529526 
5681.0427444141305 2192901.3298293296 1145.4906251569387 
7220.786422675458 3414502.9810738345 1232.2218735140825 
15580.833497358335 807191.0904660221 223.5721040350142 
498274.0294363719 295248.1228599758 4.452885294695331 
5409.745085513537 4173305.1285377196 1390.2308401031294 
5961.850799117248 1551688.463532475 1000.507427089424 
95246.43253355783 1241091.376654636 12.267407512760977 
8015.080622045453 1002834.7168416539 445.3575213328874 
5525.557568795819 7589700.562248643 1135.1587695331368 
16973.10631881625 3005827.283096586 217.20300025487683 
11534.530320013288 1448086.922239136 342.27033369049354 
5534.071789558266 4475944.263866856 1186.9619366627217 
5734.994898286473 2052280.7442974471 785.2744893521573 
9203.459619518078 936193.4729280963 382.3288556481778 
6400.347728183753 1176415.1726576334 444.74458960830214 
241889.82272629984 773501.7068159501 23.062916812577015 
34543.36221391473 666808.6549003222 121.68971817803245 
122738.42363615657 430646.0979612238 38.35732554419028 
80308.52272591282 479391.18203269265 66.75201035405506 
11038.65940332897 1074275.9797138977 371.1638510992215 
12346692.374764744 77315.5926026965 0 
21894290.617232475 105936.48821424792 2.3799724588722913 
11952201.610530794 165495.15669379898 35.63478600927063 
6147275.414877527 215575.5707276529 0 
12448113.018574312 186378.90561814746 2.115269969150101 
2249732.514841765 391726.4262166516 1.8143346191331258 
2770272.0531813703 128165.80891180853 1.1601718455914685 
9717.529507702231 906311.2265968112 521.7574542961083 
25816.85702606629 438589.3168329885 147.6956378013234 
5470.778800483031 3653845.084567887 1184.6697329806582 
5564.430186476857 2227492.1987117813 1149.5668397308548 
5506.391311026836 3474988.0093930247 1736.921997604367 
1850849.8763070395 269418.33209406916 30.3936051976535 
6122792.854677008 881889.2583704337 286.60550411805883 
298148.93761927664 1576408.9331649374 7.973472611103611 
453233.0834282273 1545913.916971934 9.443298002722722 
7048.747525701105 3959120.842618446 1502.8647269073006 
5656.609567539095 4801585.942340186 1005.3163823803206 
5396.350785321771 15438043.400114441 2311.6491451679653 
12314.906243880025 891826.9602223192 248.49842284723454 
14625.245807116164 822603.8186629941 273.7898736839212 
15135.130596105244 784952.0576139565 302.1030378672586 
5982.980713132166 2777422.1908017783 769.737431406927 
6052.0133853518655 2914385.128385048 976.4574419415369 
6027.552032315882 2619948.931493706 939.2970299126713 
5795.652653575982 1963566.5302790257 1288.0487607402495 
6311.907198402168 8425314.341032552 647.691879530536 
6296.457343485614 2080504.211135216 744.419240073729 
6169.803619905923 9012322.254453348 725.1110059111213 
585997.451334676 846930.8399181793 5.055054839924761 
534873.8358739336 443252.0736546272 30.476320346284687 
537400.4595548131 458923.9874472225 100.92583334125099 
704613.6238111198 649013.9503134023 4.458937782716384 
1962536.9607749595 345709.37476984045 14.776489416261537 
5434.916484345949 4444872.726708692 2010.7162397806762 
151688.37520209144 1910622.633157447 26.791420492455803 
5607.207949975858 6350662.566828138 1638.5009695034385 
6051.656939668532 1649065.4611230218 765.358529373499 
5934.76678559564 2044614.4927608839 972.3215828433614 
6936.3289145221115 3946429.0317159737 1614.6316977376403 
7077.252396514121 2398255.8023789306 1152.9774013478684 
10975.100168603638 1331461.0139053627 420.74084666503285 
6708.365266729697 1628266.7908412658 619.7479457608828 
7885.114717939043 1419929.420564776 544.9770917016103 
7303.571707216219 803029.8857095918 472.12418063143906 
7817.613507150281 1520734.105645993 659.9688206078486 
6530.743381965523 2331245.7290225024 655.3147601372846 
6594.948780370202 1649420.4755524413 780.3424984647003 
6952.40466647027 6490913.314831582 563.733654480439 
9873.97798394457 1999175.1335028831 460.03966885392845 
2956761.246630785 762594.5147838655 1.2464755043699254 
7151914.997724049 146722.73090049307 4.465281286630695 
43159355.80719594 445251.04697554396 1.465076369989014 
73839.22409240218 11033269.54262748 150.42791665771207 
5478.903464318072 8304996.996737853 1836.4877982395765 
