32545.22818596074 750648.608639489 56.92560328008079 
8686.280720919442 1115912.4872342208 348.2317366957103 
5941.4711165134895 1273846.8619343005 835.6181281111063 
5468.8442236067995 3707960.7343307473 1533.0155033804267 
20098.5212531097 603349.0667085449 216.7059782154367 
4722981.083603222 58706.04867643681 1.1252861299304313 
7750.594300293244 1612841.1248462 440.3625497609017 
5579.277443286523 3268407.6528072525 1152.7024009703364 
5426.73753449307 6875335.51060097 2317.6633091009967 
340164.4560919331 5120793.695074122 0 
1111733.8713348415 143902.5601754563 0 
175970.39795433218 335300.2303610727 5.629363892979426 
5624.191934652616 2396220.4519690955 789.8852642467953 
8247.412655043005 2521679.48918082 320.2534423378629 
5351.6470580678015 65663824.6841124 7571.911225656751 
223548.06440900645 256160.33775912985 4.832969685007302 
5383.910845846727 10015332.996494127 3676.535863236476 
35164.46216120419 328544.3509473735 30.784242291605427 
28629.53264660845 753546.1744839534 204.25428214505087 
6315.945049864836 2522274.2376432754 570.0915216309551 
19535.936829952734 943655.2647147115 108.88967598082381 
7142.238600016123 1242053.026673858 575.5929794485107 
6645.314159356617 1125036.9723271397 604.7724268084432 
6609.931963226365 1940766.9670378747 492.3064507367853 
125207.80248046663 670447.125707046 31.565314588884952 
9964.483051535273 930440.5530814177 227.9437513876148 
25755.20796646492 658059.171454808 338.71915171871774 
5501.064453840327 40975793.53109232 2092.2634934360203 
3662103.1040510694 137993.52862883 0 
6353.266804974433 1905001.7790462275 740.9596337969288 
6150.83032035097 35682930.301168114 988.9881399436388 
20796.394460582396 807417.3613123335 140.27836084427287 
30320.559611638528 1260012.7210100915 90.86021151774543 
7591.723499034377 1578125.7895121544 402.26696067417305 
249689.35582178057 118602.99688366373 4.759290846062097 
5346.970157114638 16119448.105817774 5041.5051737460135 
5545.458022159464 3779492.662882793 1357.6938356393184 
6474.846719789302 3658288.8972899485 591.3519340719342 
6277.920718798888 2158697.1234956025 695.026083492198 
6736.831595220751 1676138.8307774388 558.7277485844003 
6631.593344208022 2206611.864607338 539.116522868293 
8253.477818039177 105147363.30554086 887.6731630706008 
8838.68882911837 837108.7330353169 475.88859212466633 
3397961.127470974 99517.64391442841 3.4557596848530814 
4708775.498008005 189962.59749241397 0 
10564.982506752742 845382.4163516345 351.1843202440836 
5443.517965093289 3464656.166957732 1488.952063612727 
18413.018356611832 625574.544090545 237.50646846096538 
2004859.0208805655 698785.6684497568 0 
27916.09170312803 811738.5750840002 161.3029100686542 
553608763.6749299 64356.58958681566 0 
5434.660727675514 24255848.964730192 3410.192653442394 
5502.761073640865 40790564.56689731 2004.6675171620996 
36686257.361838184 150784.53172716254 1.27507337694106 
5574.274069950578 17406822.586474985 1388.3341422522344 
5523.607543397802 4702541.932370111 2051.1040178048324 
5946.739565178617 2849367.650331038 1149.6713264558164 
5566.508187571658 6023082.719267413 1721.1832970621322 
6419.622799697481 1584989.898384909 959.2849677465894 
9239211.300905861 111586.00905676412 3.144585686442265 
6738.623559277025 2503803.8045356954 615.3558073496494 
6521.952953319047 2953177.015066679 780.7039609068634 
6190.293103340231 2928172543.2342215 10245.299834430427 
10118.912100001551 1423761.1231211885 329.1900211038086 
5992.407893372184 2793665.6587452902 891.4421691471616 
8189.16486399328 2349929.1876663584 432.7716194862425 
7360.2012602965715 2730519.682649275 499.27896848230534 
7090.112254163163 2164169.4065353232 503.80742410013534 
7035.528727035772 3885989.803083298 603.6526469134994 
1967078.297601214 205623.24406271885 43.88617268700986 
11400.530976809512 3153841.8589743823 309.50081157735445 
6790.8261919683755 2441089.7790178424 886.1794543488032 
8509.271496169848 1817867.8468643888 474.87176981804316 
6154929.804287137 215088.32912595192 15.036884765424123 
12507.635982308811 2379223.7402027603 251.54933513849477 
69779.2755424737 908518.3482297899 100.8602650647048 
9746.07816506001 2088003.289448993 437.56871959864975 
62528.38761026864 489969.0708159623 56.42946838968452 
8074.998510587179 1630652.7964164745 880.2877385265471 
18827.237226590023 1014064.7349183123 192.9367861057669 
6007.74533537731 2363953.5368032996 848.1185293942506 
17467.75512236269 1171068.2497113375 212.10309709531606 
21796.037694541454 778318.7141350647 238.85062213495297 
29325.555145522492 813094.0921346619 164.05819611406602 
517269.1429416153 320031.71135624754 22.888458556978645 
8794119.990768729 238103.68753879727 14.257650851293322 
6072.485197799238 2302253.3618541765 788.4492991654575 
37350.05894281262 845515.7142848255 128.7958758594427 
1211263.4123486723 243449.8936442322 63.02262754951523 
17392.64029613198 1240577.9303553307 158.11231655831833 
22692.74661185981 1082005.189949427 117.78236350546747 
10345.883313540908 4661780.476196146 547.2991228408589 
25996.966149870823 622972.6823846465 257.69792409857473 
11651.255430662259 5070051.381627934 539.0504747037947 
361496.05748707755 391344.8494681215 6.5059951407861245 
6071.266456188474 2434905.7894725623 784.7192740133262 
16398.410623349486 1551221.5511092586 124.75802891172967 
252427.74028067998 550185.3182283291 4.214683765349062 
1923762.6375560858 680755.5916121198 2.616266238178049 
20200.16161893007 1136398.3618448493 131.36163389113736 
