5388.283974189845 8840767.497695273 3607.8882720855286 
6624.0267787523735 6329033.389908868 1541.5754824639669 
6653.804675077132 2765185.52090109 1173.638161229821 
7207.249642312736 1866750.5569465477 985.8565469916612 
5253.199527606691 105356735.2142038 11396.239872602171 
5688.149901441715 5082225.4042332005 1455.5245229817601 
16837.702370401024 1258740.6221961004 513.0623369686306 
8960.853580152767 3203574.273635258 710.6319303275534 
5254.917252115312 23309877.317940354 8373.103475505355 
176119.14184954597 665394.082703975 91.24412273456366 
38306.30919548879 4200828.32835851 155.9428071193618 
18549.951423495826 1359410.3478940811 385.7389679704575 
5401.432503672971 8522578.437594106 2288.192344069572 
10335.63898696948 1880152.8068058062 450.9438462083095 
5277.224510840161 30614159.291144066 4472.508785852607 
12076.063020626732 3118628.6826745775 416.90084992531456 
5255.838104222952 143299532.16092616 13935.310442844382 
51086.408383418566 936007.6191634382 277.45264881083637 
6420.939719540659 3450480.8152615977 1175.104167595721 
7725.599139032329 59918945.026881054 1092.330821705684 
7629.3250586602135 9617701.507446712 1008.6210687688758 
9011.40747424522 8550965.053225834 732.7512540756766 
73048.81609131346 1796951.3311845162 154.17416600939634 
9882.14609021801 6781716.512078143 679.0603372223068 
5594.66892244814 51027521.44034819 2473.485936083314 
5290.538718753139 37113011.30737235 14501.727169479447 
82874.67466332145 2717405.991270878 146.49390832939102 
5330.087566309903 7855903.862570779 2339.723546439769 
5275.37306473175 30134919.049197845 6421.771042935528 
9361.181439211006 3865185.2581453472 559.1946573010939 
32167.01425986347 662603.3815078816 287.5371161538555 
46572.46855382084 1353764.8586281163 142.89505559139118 
24526.98162239119 1929085.1117224446 353.55433542395286 
6576.057160276542 2634987.724912341 1233.3358041104093 
1671771.5512457397 2614274.1035440285 57.43942542629965 
5289.095472827976 111526713.66382213 20204.050287449834 
119291.32330844903 2177510.0029978813 66.49716997852683 
5354.625184107074 13272417.235812522 4423.932645752402 
149383.60345321245 758083.1992429005 109.09951457159401 
5274.364918223997 61660039.73575026 7251.533315394859 
28208.347618257998 2690121.417442397 221.39022005163358 
78090.0580712614 975313.5929153408 198.92518163708564 
5319.261460703704 16209708.65140287 6333.5699125272 
6353.028495778381 4191790.7565966956 1650.3352784058072 
7584.464236230129 3157568.4232840207 1017.0619222449154 
6466.878144378067 8412945.159237118 1608.7481712092274 
6485.864765712724 6202671.969458643 1318.5152589103943 
5878.856549507903 7070636.797405502 1818.291614576899 
5981.188143656214 8560373.375186589 1514.7854673943996 
5262.523094737144 28142501.101479795 9372.668244136985 
21478.2091306481 1655725.2788529329 616.0924615413272 
26689.784648549485 1510272.48220674 784.8186513668576 
20473.872696525254 2260777.5215270165 455.089163866193 
5537.521564988922 8030878.760689274 3417.8217219154053 
5476.437333145697 9531510.689705268 2597.4582968875875 
10602.247010784804 1934755.7919269693 702.9714966275434 
10029.287794202963 28404599.64172755 792.9851416108844 
9942.927579806194 2257984.622142893 857.6402233547384 
13582.4045507387 2119928.9595962204 501.05014377671665 
11300.869816717157 1828322.3954285905 515.933314650519 
5294.501709423132 12978365.782994991 3747.794054557851 
5292.740739522413 50348669.84375903 4703.718071760418 
6497.153285973005 4534343.322379698 1211.0475565070797 
6444.135589902686 4472493.899371013 1408.5426768398881 
7255.562258314516 6521439.795920162 1198.1699098351612 
7714.403881801652 2139921.1745577613 901.3485447963785 
130981.29464190283 1057903.7219825601 121.03559371804722 
5975.745143504131 6860787.1238869 2035.4080050937512 
5626.083959872652 9765867.512578763 2218.844487549197 
5244.359590566172 353865922.38383025 17697.70513365098 
5450.6730954805 17802368.882441122 3260.50426902615 
5370.422747255512 9652742.502194485 3242.162264605344 
5357.171095477348 18144441.033257086 4273.233425713357 
5288.669047731797 92013906.54548268 6671.295316992671 
44717.5748056242 2352730.1422930816 312.1493746461817 
65476.29263573605 5695339.5508510815 542.4118289512088 
72296.9597659524 3262903.347719963 181.12731844770107 
25510.417507148555 2030409.4638659996 304.1486916172982 
6561.993495777186 4276510.669037674 1321.3562268989247 
5239.699269836773 277707537.7630369 38410.12907254765 
757440.3965703237 7420304.379505211 134.4828886147288 
1959848.449504379 6660900.836588851 92.25458811936748 
5368.165967295081 16299266.256167714 5117.284251005032 
5281.252715895763 62666126.82536347 8110.3077105701805 
41419.789893857436 2911891.5812149593 269.6951630732488 
104746.855050538 1417728.6308291398 321.04642288195066 
5245.412334566063 1656164225.611872 134507.2569789706 
770645.3918005073 5584693.31116602 109.71669466724632 
244424.58481014342 1310319.4645643332 203.76849845688588 
5256.560604191524 354794317.34492207 45451.91917306398 
112610.14961399889 2064266.0073644654 238.13333721156306 
5270.246779171236 365250016.41796213 28197.364879740715 
5261.441366799058 310832408.5150332 15718.239940061405 
5286.083657314 78066029.19705954 8196.316378812933 
5268.857624748937 67933405.03751093 11510.366687303756 
82723.98669986828 3784300.483035871 251.9170314619686 
5341.298645711266 31414105.57679306 5368.3845088162525 
5334.302094432479 56683938.11624318 8962.621262842355 
51566.42970078482 2711782.1356925378 380.59128904803504 
29144.573070151484 19126738.114429303 568.312586376524 
