7882.628937702855 1251771.6970259505 330.64119394093507 
5440.569466854957 16881573.078036834 2928.538028900191 
6293.66671795446 2426430.448089459 626.1049747263136 
4711565.329874233 150671.12302649897 10.604492465400762 
799539.557106029 470240.1059262736 5.985428744365125 
5435.599044720977 9824232.523226827 3281.878667424567 
5578.960799625292 2058967.125748211 900.723913384332 
7685.519979245359 620054.1085473781 263.26528088321277 
29996.61363599414 448455.9293258976 71.00542132255252 
12974.386722439513 608424.8635513813 178.50403723986793 
439481.8949086992 224881.93540933527 36.583892261866644 
1408060.7738937603 218975.1565787819 17.288431385072666 
6159.754925397266 962166.874228278 489.0855283439864 
23227561.71883224 274971.32520342356 0 
880322.4849431053 319071.4465403982 3.1713378669615873 
5562.5292643765615 1354026.8767396202 979.7218352555756 
104140.88790281778 382215.004544737 17.63722393531432 
258651.26507401853 274334.93156534014 27.47285563711032 
1489342.7385003036 846006.3524645204 2.2448618211270936 
17567.62942084311 688231.3173903308 145.51385898769922 
42389218.31598759 157875.47141320174 3.556675762662061 
5458335.393357378 221840.94316457276 2.5479450466356126 
44228.72241729121 385950.4024947148 26.06563039944265 
7034.397881928584 1387367.6115525248 499.9101353376823 
7440.474786383309 1014568.222631013 412.53041731302676 
186062.17902001037 756549.0459718113 17.17803177250722 
2145109.4844113598 115839.80219274701 30.307871270390386 
4041638.209735068 280047.1402901563 2.541143800443778 
10604.415414550886 611681.670518361 206.59574349298026 
7636.3900120216485 1718207.1558392714 267.751149765654 
10754659.455090445 119861.3084877055 3.925942889554551 
5463.428687605941 4730092.77646181 1735.0845847483556 
5958.062895497593 1457239.8862468638 682.4953227187336 
566882.994665479 256467.96560637033 10.508177744877713 
3576197.120482173 309663.8968177845 4.653507975047665 
5418.480791893484 31286328.41106663 2622.0688087656213 
5548.375589460944 1857048.1486582987 1079.5246663604155 
5808.659855906196 1950567.7157553637 1033.4437503454176 
195419.72892632982 415017.98276981426 8.418581842417119 
448354.24405238294 258607.24535147028 26.491407074840694 
8958.10247420111 1580302.024938902 241.47762361270318 
3021357.6765246303 1078973.3292969982 2.01404424079834 
3983935.263177239 4473125.848307722 1.100942873090368 
5611.186199030692 5981692.171398573 2308.1677004846897 
5962.63353820464 1618753.299082113 563.0653318921386 
9222.813991916297 1183759.4701172465 230.3671573399033 
13870.262715188053 584692.1613735982 233.77869357816448 
24183.569401770048 517005.98913428484 96.55606387196336 
5506.936197270995 6632264.71799864 1659.9150188029842 
16423223.470243806 190132.13346499717 0 
427665.64032628236 378851.7573380129 18.920610733062937 
5543.89402312759 3998948.7026108354 1103.803509814249 
42305887.22764799 143329.7642691661 3.6669011863045897 
5408.460380568807 31515808.937158555 4532.060321514806 
28262619.927659336 159654.25082786122 5.553261303063459 
52074302.446013175 1116803.0618813848 1.0552895762421302 
5587.895312044829 14886774.906849176 3130.0200721079173 
5722.4695569585665 2669879.5373206497 1201.634579470425 
14478997.022524172 13279531.853558807 1.3628532913190194 
5629.203837761639 7771551.188084887 1113.960980228598 
20283471.38392368 2070280.0319086097 1.0934153180976987 
1514007.582513153 3214291.953774304 4.275206393881625 
9742458.324264811 235834.86663896564 7.99215608069942 
5957.553150027956 2717673.815911812 895.0112546501716 
6163.726231366807 1735676.0550315916 791.4911304538185 
6229.962708271309 1209917.3063482696 517.3785321917068 
3112262.3901506765 461809.6978637694 5.956343937381642 
7633016.137112892 249666.76466092127 7.048673612331674 
4760850.792517255 322671.4692436447 82.97485640802795 
5448620.6214145 989928.0741180427 2.308623087953598 
8057284.573609328 211263.03240768414 8.923571130558793 
6177.275166648992 1585342.2541348878 835.3737378615261 
7539.808260899072 1739907.9960005654 432.38065296497325 
19433.550190717055 1888859.2373162701 165.67573089611702 
8608.347908951131 1119491.4869850983 417.8223838487427 
10889.09384890892 625213.6804999477 353.80896765417447 
11499.011779087836 14443330.036756348 513.7773357572132 
1015559.9681621166 353201.36633862974 33.30881481426506 
29106.61911122765 543658.517180431 139.0213998713366 
8100.5768422932815 1907842.481943469 419.5848751541025 
10808.405701459553 1208477.086937809 268.3562131221005 
7649.8985451115495 1136376.0985749974 488.12264526453896 
8128.454555364597 1178549.1045830122 352.51195055357795 
621887.7871052066 429252.14640286943 38.2044859640344 
11987.891147355205 753280.5414419286 300.360587777837 
5168358.909388613 244293.41779120688 13.191907717174695 
10349.849890456233 802032.6723575919 490.6137570525313 
19976.332800022887 2764539.253464232 247.27733417995898 
784189.3051786725 505533.1542841602 4.871836962643307 
8226.78464512409 857494.8436488642 312.6530746759232 
27882.770861676865 948948.2547889896 97.61864799305263 
323250.3382782429 520149.29281532916 16.204047930048162 
142526.14375388547 1320341.5521759929 44.55417833189666 
42957.87679656887 968921.5542643976 81.18828948571442 
16665.47448720761 3462052.685468005 161.8805280959425 
47257.68448728879 575103.7066601341 72.50931637210734 
70573.22755286646 407382.23843159276 56.3361499568905 
67277.43619358112 898946.0779119598 63.544089922408745 
183696.92099389478 373235.0859688904 46.693395224604615 
55757.12450194094 1245110.002553504 57.61140546002822 
