1325401.1203939444 88247.01167113722 1.1088289442530481 
446572.84540308244 222913.46893388685 3.5663240836116286 
107345.07744235446 439386.14319746866 19.400576548898083 
38742002.387109436 60528.27934712217 0 
206975.93558486027 139044.28243292685 17.579965426285106 
5549.250270646251 2347755.963904171 1097.0905790874324 
1263047.6239532537 249301.91512978805 4.650863203198492 
133290.93491663385 406948.06993159186 11.59423310484249 
1183003.1673270855 488373.89095028915 0 
6084.775446951371 1746156.2790192554 625.3703276593147 
412191.6575982625 286023.4960794144 8.141368272851395 
216147.68135476354 208518.1778990277 6.212355576553069 
5338.430046524667 21197590.754472636 3030.9732987695647 
34190.61742385975 561039.9398832165 31.002840883942696 
200241.8197201336 327544.4686402519 13.698391285121234 
26792.185648694565 807980.0643524141 145.66639630350778 
8605.346904556542 1298185.201346539 364.47333202262223 
22945.33077132689 1060270.9007416025 112.03382283317495 
24145.710230868423 650071.0862141491 163.06046902193447 
20292.165370748487 1329054.0155917625 141.0504562407438 
285067.69272019254 355075.4331136582 7.676841011892764 
11514.394436795827 2139245.759325335 308.2381635894903 
14632.277719197464 864912.5257630388 154.9740646653736 
5410.072543652094 9410429.998610513 3764.385787028241 
5573.0926333187335 1589579.4271624626 926.3931301674356 
2197158.100821798 259839.95077364775 2.2883071771286687 
17152.031114970297 2277099.2563242684 141.70475372939003 
6007.077266238286 2170094.364305631 793.6616768357887 
10992.661692802307 1070180.4654160987 689.4316835315075 
6147.354859880354 1653810.8795839215 501.4935187876483 
5505.383933656569 3372971.973751963 1712.1553467528572 
140101.21664556395 257083.41909663114 30.205165732177402 
242965.9722788868 415919.68043906084 8.989094735367951 
5503.275263131599 7261635.810009216 2195.475773484453 
12930.182202689804 1359632.1253569713 376.751262837733 
1116323.502993068 436768.31573810737 3.3314084279793965 
13946.831033179547 1656485.8545703066 235.62630624037317 
14607.373418171304 1923699.3602806681 163.03886772851948 
5499.2084850502615 4641985.402256252 1344.6361958829216 
5473.218514349313 2978855.4584048335 1509.411180285002 
6718.564337122293 1763789.9098381384 564.4831488663991 
16146.44845869037 793810.0231796362 197.27930929597173 
6547.113998667004 1706937.7705675284 628.5163690264225 
20097.05303193798 600073.5969742171 216.0426355792341 
5477.507416447281 5997341.238665429 2968.7661951215478 
6578.14494233308 1957268.1315866925 536.2799104572979 
10357.888367065354 1425411.8131601568 346.8761766899034 
7795.022269657745 1009777.4603086002 691.1675908911776 
12143.159165852172 959063.5507764793 434.68604781279987 
5892.943809310962 3148960.240099306 796.2894224375855 
117717264.20395286 27243.841043529505 0 
6154894.9088088535 214758.5622875169 15.03692171159889 
9239222.44589554 108697.62762396758 2.889463759935798 
610854.2007417385 340370.66642117617 3.694693742715169 
234243.1055972095 437348.91067067 6.175122843583095 
125929.76376865037 3571257.164418352 48.81267105917528 
5570.415240784595 4366816.343953677 1243.6965605818432 
5563.798961441947 3870052.880451033 1291.1287313356909 
142001.2474033167 430221.83588190156 25.092057494615407 
1383135.8202978075 33367626.569189902 1.1552757893897214 
1475692.220128004 619861.4444631132 1.2467833771655812 
6275.088366080716 2071787.0531459334 620.638451979534 
490660.7718817793 247529.0302435472 10.815894692424298 
5423.760714927739 36708920.998202056 3189.956371920045 
5376.830043502514 68941819.92042096 4720.80319691798 
124989.16311159756 636078.7938318778 34.148219541671864 
34555.98942636543 757121.0955761808 127.86228212444007 
59482.967398674096 559142.1840606635 152.03968359126458 
45014.37388406763 852474.5560034451 48.342847748876004 
80303.47179737297 820026.9222564246 107.88636221788438 
42947.96887237211 994377.7835200353 54.567670137510774 
296669.8554937885 333366.55358081905 16.860828689550054 
29623.497494075367 803945.3664384204 165.79550417360207 
16649.84782432947 1303934.8478473343 183.55598848445175 
18146.156479151094 1242022.5084401185 179.15070535425363 
5476.873617561896 12110019.956982939 4747.829785353616 
5969.178628514404 2598370.9769319366 889.4012510651298 
5929.362728632668 8403161.699937724 1002.9040259723381 
5817.860573005903 3116694.169986427 1011.46142696779 
5747.8901991749535 4805504.523911974 1340.5979219802505 
5735.542903148237 2417234.4443083713 1396.6298755052953 
5834.315013259135 3047394.312685362 1256.652420372296 
5873.703202392092 2098922.272863543 899.6063685796418 
6131.089370436651 1712399.9415720974 774.1770997865794 
8241.87386229755 1926496.1920154914 484.68458833833796 
9743.501669464626 2084722.794499533 434.41924514910704 
7232.7499380829395 2623947.6049215593 481.1530597943169 
7073.80815656054 1890958.7281685746 547.328426811107 
5509.799275584749 13469409.391115887 2207.6452393638247 
5522.227298633952 6008606.749335392 2449.921466169164 
20033.846785206217 1186814.4719268235 262.6889646524076 
26008.901368194303 622188.0085193814 257.6539968397294 
20829.052031210435 769168.4982268382 311.9805126952363 
24980.53774448287 987292.0091879003 238.47527482054838 
11776.867190736302 1467620.55946278 362.2112107542179 
304997581.10371447 62441.22518209416 0 
1606901.22582006 360173.4989461607 5.526598820030896 
5625.879363499542 57774227.99171447 5519.774972838197 
305315177.7717787 16475025.702582946 1.0559829484561456 
5564.892115714492 26016426.37427888 1981.594471105544 
