8010.076579600931 225270.99484511118 974.6472816855235 
8010.970894631501 46743.51219167506 298.12337969491495 
8010.989672214521 116905.08859636537 272.1162828769594 
8012.168704738362 27447.231134420676 175.16468300295588 
8145.49331058387 1418.6593884229353 0 
8010.001298959502 12016885.784547959 2806.1572519349447 
8010.3187780170465 229163.9921472259 501.9549832960605 
8057.903731002379 28857.89783918547 8.576334027404462 
8010.007118192147 754877.9472617093 2296.6305284819587 
8010.112915732485 373060.39217093465 847.3349141312699 
8010.377792543806 55880.19675703458 457.6817415884143 
8010.581619391516 764553.9961997268 423.9125381085662 
8026.6580201295465 98608.51889761961 39.115141946796236 
8026.681163160385 7443.084839351322 32.88291603744279 
8010.793370780822 722605.6819867259 373.2951329521434 
8016.712863429463 55279.0621584073 76.41360427462484 
8010.047476289387 369462.3710402945 1579.9524312012625 
8010.050246266739 386180.5417110465 1268.4524960046028 
8014.442882620326 21685.223697130154 186.76779450351742 
8010.032517508253 752452.6109767016 1654.5213387231079 
8052.992962843829 68081.47999985068 7.222457937632745 
8010.012973689765 717280.9121767705 2545.7565877144216 
8010.226898274414 650208.523761065 593.4932616568523 
8029.96317209472 96276.84331127167 25.41628647946472 
8055.909344793057 20232.954968151014 6.3272684708122195 
8010.073833010029 334233.8539755858 1244.2721252040365 
8010.837175517749 450330.6661737184 316.2946944921393 
8012.5416776357 142130.63605029418 150.1026870312809 
8032.575267905695 4788.219268818798 11.425766182969822 
8010.277313314017 241138.17942823534 517.2657417071283 
8010.2217871714465 577188.2037215764 534.399193345775 
8023.39849489357 207201.2942290107 42.841982833243044 
8018.349493299857 18680.05303374269 110.78110807315257 
8018.111636326061 18178.41985284079 111.29457985720087 
8010.012748839697 3110204.716251406 2152.240439311026 
8009.998612262201 86070395.94878688 3058.3650166041252 
8013.697521538353 44950.04544438987 100.00996881701795 
8010.001682681213 1370879.9911334529 2238.9204720190996 
8010.0014145497935 3102196.9139870605 4709.459769013524 
8010.016008538563 5073649.609413305 2283.8415457514143 
8010.001576942399 1103159.616036708 2678.1120747551176 
8010.015171017415 418506.60110590927 2067.183337915096 
8010.791826338282 438665.65528050845 448.874641797733 
8010.020652098008 1704878.436189918 2261.3988322347227 
8010.1151319968685 129827.94334602519 814.7146604203014 
8010.221275722276 380113.52777634555 718.6105883709628 
8010.207407615499 412030.0796761838 727.2048681083086 
8010.214843688906 4402626.4549801685 701.2701842251108 
8010.382690462346 1591227.4811946219 433.5611204881608 
8010.022302548105 495413.07470400515 1767.7764512195772 
8011.7549708248425 46417.14882737682 173.74031264740785 
8012.638555348722 24842.63143044002 137.27605557047545 
8012.743968405798 14694.049850083722 373.97700853328064 
8028.132448096385 5809.285858049649 33.10199418985783 
8048.872609171358 44878965.244991906 278.7038391071145 
8056.02962918877 14393.314555541516 13.415677382927445 
8010.011950391052 1404871.8071713597 3003.219862701745 
8010.144470622541 556895.8812184229 784.357749028067 
8010.891131924784 5363688.347177918 330.46049139242876 
8010.014601219365 1218355.358016088 2331.4345972793176 
8039.851659028175 54627.9404312907 15.614614771706009 
8035.046270686048 84886.90132686171 23.71917332873008 
8010.070035018373 3597775.064690455 1543.1679667975013 
8026.834109171585 19818.34496016762 46.08222079405962 
8010.224846108956 3237619.1063615764 719.4020716844693 
8019.245508242095 463335.9883974682 119.50116968726901 
8010.430964398887 2232191.4614878 579.4139888772715 
8010.078997067366 254511.15814329212 1299.5340411422826 
8022.617434403535 24220.095709150784 388.7768454203899 
8015.884183002132 64752.09973647961 120.63798919012498 
8026.147855028314 850712.7237061933 45.127303009316876 
8010.0428399188295 821315.3453247854 2159.8546022981827 
8010.038137561812 2152112.5680857515 1931.686024490926 
8023.774580730996 404507.77175872755 79.28939961899822 
8010.041054615953 1758205.5991261941 1661.5647802298301 
8010.08444461947 246198.50413800316 1122.399667492917 
8010.026602392711 578537.6080659295 2159.496053611801 
8010.632570574425 1314583.9760992508 534.6215409270276 
8010.162564269179 3638875.171797306 824.6359702573367 
8010.051806890433 931064.3960690922 2091.4324281566214 
8013.983842155827 165844.13309516144 146.32840860038652 
8010.042725896151 653280.9402922702 1780.1133551490184 
8010.1184576921605 11476663.863634212 1111.9065040955406 
8010.082226388346 1904648.2031090613 1016.4274792929657 
8010.293710399677 312290.9685511837 733.4861173768329 
8010.24115911013 1922270.2655859957 606.3534560323228 
8010.075368601181 448615.93360531534 1743.249365954703 
8022.9735008183015 377016.1588795191 89.00600961234697 
8011.603585541888 817210.0260440663 272.8182382406025 
8010.163037536683 245937.38100297123 878.276870881151 
8010.313931071851 171257.23414792097 652.017559603956 
8010.28653229305 1319816.2304303548 693.5940496531973 
8012.635625159524 92974.3563927098 175.87294378898963 
8011.590085270686 127980.63059337239 368.7848864860292 
8011.098994399101 311333.641475074 274.93285780336925 
8011.896882616609 312695.56661679584 228.04919224067243 
8013.411393248949 74918.04001030447 200.5731645573935 
8010.188170971239 277899.1477339823 1058.3837074824955 
8010.201571465057 945290.9017283791 778.2756205676176 
8012.392560522972 88303.41204113442 191.69838267006332 
