8010.063525604013 213849.13181558438 967.0376841646951 
8010.000844532084 682919.0611699572 2749.3102083886406 
8012.066062088229 39474.894712153844 236.73471125892033 
8768.605757499725 2791.793342350992 1.0559317111447368 
8012.252571484478 32927.13305908378 250.60795597765122 
8311.847723272345 3039.06628151297 1.5582257380968232 
8010.205489387338 449461.88364786754 573.2645762427669 
8780.673735789727 2756.797693717956 1.0559692845700186 
8768.602709689494 3414.0147012418593 1.0559317111447368 
8010.030182959676 447669.6655678573 2837.6153358342717 
8010.157378731866 281543.79024146753 607.2721582515329 
8010.660525395371 48522.814038764554 389.36645988625764 
8009.987100950559 1016662.207704538 5024.187369055041 
8299.976645257679 53768.19219232412 5.63962351225306 
8010.010303325004 510021.6169949204 1781.7612429405726 
8093.222631209294 81735.1684178003 30.322205964151227 
8086.85059673216 47473.282522823945 117.01432874371842 
8009.991018980589 1136717.9243791276 3609.2382059065026 
8010.115410797584 175153.26140070072 839.2140965885701 
8014.628689724198 33167.63610550864 210.92194836277554 
8009.994338180615 692392.4590324794 2881.799558005578 
8010.146229161922 192848.22224501835 712.2665963591566 
8009.997046227472 559578.3551555771 2795.088300234961 
8014.439453527288 72844.24598634384 119.50486913688606 
8012.322760961422 839205.3815620787 191.15400234891192 
8010.034415937996 171855474.2460841 1596.115215188664 
8010.010256300135 2557210.239906296 2429.337202088299 
8009.98801342174 1104835.2094070583 3931.226107925859 
8010.017033025369 1923970.7385108918 1713.3016512479574 
8009.987579488034 1059084.1793252006 5722.111684177098 
8010.468081278772 35501.29728274491 425.0194876929231 
8056.889536333082 71031.99413796255 32.400666540703256 
8141.1907157456735 599680.856413159 30.033005473205048 
8010.03531097559 4230886.04713548 1680.6137949011486 
8009.983222660749 3486110.668863806 7738.022970906117 
8009.9883948499555 1147210.7611080892 3281.6944846625743 
8010.020713125026 1139161.7528094992 1734.251980947723 
8010.00386532053 619121.1367105497 2923.6650897742848 
8010.197075147864 113445.5830987489 705.6960163782755 
8010.008337269687 2773305.6333003435 2163.35893220867 
8010.034628054132 31991975.26009144 1444.3800960007966 
8010.104057454719 161397.80561412656 1082.1062655479225 
8153.580457319642 24697.175215430936 16.410549004748074 
8009.9846594285245 2196875.107270875 6037.971533235688 
8781.548933148519 3992.919741974671 2.732446185971734 
8010.009498357586 41624276.96849548 2849.9799448978465 
8009.9847052755695 4041863.9535510037 9712.529071126752 
8010.036088732955 23207339.065910082 1669.6319131340322 
8361.982058552847 8032.153004210105 3.855709436368508 
8009.991340320881 1458106.436767398 5049.3234183848135 
8009.986413638566 7920186.338845635 6719.102047809125 
8014.824057573713 35285064.549129315 236.37758281641192 
8217.543778570074 118497.25494105424 241.44351848457578 
8009.986893102912 2981726.2804020937 6042.169368313775 
8145.382490547393 134872.55689489123 26.158399190700358 
8009.992134011981 6291753.159695748 3439.38881022244 
8310.677335397588 24795.507341015054 131.5621947680085 
8009.987113147749 1135111.513575513 4946.464680412013 
8009.990719576536 1270904.108180927 4357.231778595207 
8009.999471693883 615166.6409079991 3969.840448379396 
8010.010735515293 1183665.6522652842 2252.128096787671 
8095.436585243098 458764.5085144368 53.35840590752673 
8010.027743275025 319893317.3195662 3711.3507003796194 
8068.589753849179 11481262.539721116 222.99409615775673 
8034.3521267837095 178914.34036433022 139.74989463318832 
8010.2139831495515 6860371.688806269 604.5826056724245 
8052.313157286426 451914.1151827423 120.31150401350266 
8010.01998490189 570979.4050476274 3046.4422695391786 
8009.993342503016 1093204.1921436656 3379.330018061177 
8010.018815596062 1798727.4437886584 1844.0813726478323 
8324.869269178578 124252.28575163621 33.19717777530869 
8095.128433148104 367295.95066501905 65.40142276788416 
8009.990401296055 3192614.96370546 4190.230886006327 
8010.070134796613 1548935.1335285956 1158.0861772705975 
8340.930231395658 347874.5456451148 15.474423386858565 
8009.988783350254 1252402.7463480812 5100.358445781813 
8347.884102000538 49411.13941819549 9.326700579098127 
8010.149448142412 1383544.331683215 728.832708800163 
8010.885900976081 1213075.2126455642 418.75836774376455 
8009.991910937052 1371909.1277242894 4076.5100473635243 
8309.199392304814 94773.46677648324 15.576772838797055 
8010.045043406476 913894.6754328836 1296.4643266969651 
8010.0175481670885 2801470.220395751 1978.2697563353936 
8009.995042363921 739232.4842291741 2912.528939338784 
8012.449698898356 666866.8583081777 531.9934762025521 
8013.039638230027 40209.18999852897 321.5816539684728 
8010.102632840397 260468.43887564773 1022.6948351703786 
8010.020873402685 649541.9555794471 2028.5418254568328 
8010.030731073909 633964.681869529 2109.1213854404696 
8010.115836517287 238564.98831754678 889.0047169346021 
8010.0375804558025 373079.80973285064 1573.9995597019479 
8010.1878231358405 497076.5695585231 829.6378649812881 
8010.099222482611 345047.8681502579 994.8190711476509 
8010.011842746295 558952.5333064974 4184.529722564031 
8010.037371731524 388674.71055521525 1527.319968597635 
8014.712468717764 2112399.401537898 235.27788344456428 
8010.0391023135935 672144.8412399248 1385.1625559086995 
8010.0208840869645 4288602.066320822 1921.3201457184316 
8010.01122285872 3114128.6372250076 1939.2080274154725 
8010.045449757497 451811.3793311963 1460.1790599936865 
