8010.0746066465135 185370.58252011845 935.8195231114498 
8010.059904762675 222868.7760151311 971.1010313051809 
8010.002794472454 1628502.69965583 2778.027879151181 
9279.881607838659 3286.4610538197107 2.207250121726839 
8734.730663160482 10032.994697324444 46.520321626184725 
8010.443591969088 2490651.4908747515 407.15265382500667 
8343.333707681342 84798.60441619743 17.70043532888271 
8010.010464103118 634992.3900216809 2583.911372340627 
8009.992390230845 2162694.892971396 3430.197300238626 
8012.951754948981 69369725.9607733 8988.585666016616 
8009.999220180964 1458450.6191765943 3311.3663553691363 
8010.575027177427 7211636.294831562 827.1146136727425 
8010.110576764571 143986.70417618993 765.4288500464318 
8010.081253818971 184605.09601866244 893.9662404532965 
8010.009563863743 662273.5391816448 2060.686473262312 
8013.6190910989735 3965993.7583251316 266.08969344190547 
8010.466109036008 501802.9840269365 378.40036862832653 
8009.994572449952 2835167.706152381 3309.837724549149 
8010.003119998487 2355998.403571775 5091.2279564026485 
8073.780785684858 29793.48906597437 52.87070758084991 
8010.050657836999 282613.6894029577 1165.507173607263 
8009.987016703355 8993157.35725135 13562.24120115731 
8010.041057663484 5144481.388480133 1260.9355915232463 
8010.007376332431 861485.9540646889 1953.3526356259817 
8010.080130134098 162806.53218243233 980.3554396103252 
8010.319836890152 181445.5186936325 496.16450168323297 
8010.263235058561 659129.7418911714 510.87054309080054 
8010.09277735029 450090.47809236974 790.2411328613285 
8010.031722526141 478710.60638651205 1531.0754921428281 
8010.59178368112 172515.27089806748 309.9579158320582 
8010.042121248178 3211707.9046081314 1274.8166335307162 
8010.164398469973 199344.85545360477 726.9310397605068 
8010.257692154313 155370.39681521768 578.1265114088869 
8009.988529261078 8233190.198749533 5543.011343467377 
8009.989235615988 1917790.7351115574 6042.512999433529 
8010.017884132903 1142601.263491507 6523.003126664628 
8010.481257977726 57956.19079499545 346.7540094320598 
8010.063293343441 191618.8641535318 1061.7450233753193 
8009.987895551143 26202436.090776697 6312.3795831426205 
8010.131327758147 146699.3809568037 735.235104773421 
8010.032664581612 1667449.529814175 1524.4997871398728 
8010.215226301243 2693946.590596834 699.4370326828348 
8012.908323817463 6517376.249243079 204.92113954057248 
8009.997704673565 48111230.84017814 2983.5941096840756 
8010.021082986352 735024.6667898903 1997.8241278514226 
8009.999555429099 2847517.9108892507 2622.043369714834 
8010.008138267299 1727915.588200477 2937.1049122221193 
8010.151048747655 3267511.7795123933 728.8710813386185 
8010.0017231920665 675953.4251327189 2968.514161216582 
8050.2285835607745 47999.66419259824 130.8709594650385 
8582.098498528934 33878.10395440931 9.688064772801484 
8010.026211705035 419469.0673618557 1597.993855314055 
8013.664261443828 2992233.3703887705 191.97592647194537 
8012.078733125842 37783.40012987714 237.5918421455808 
8010.288611822864 57233.61884887388 555.6941201022529 
8010.053768462831 564753.7264939626 1098.5540941540507 
8010.518455925123 52146.83864707154 424.6333977248887 
8009.988787605208 5517197.937642807 3920.051466582253 
8013.50411714512 220934.84313359868 228.3837051078178 
8582.089337652444 96993.13316928469 14.673308329005465 
8010.098290805544 132559.81377963652 801.5059285996099 
8010.221071352966 258117.25761656585 553.1049653742963 
18695.76667159656 4587.005722207052 3.7008774689513664 
25319.594903530506 5734.1462479455595 2.4999973330098504 
8009.987412292847 62102610.554457515 6510.8296765063205 
8009.989153381839 48692509.08725164 5614.941227141881 
8010.140553956878 19417589.242731296 780.6808318959061 
11348.64634155206 43914.06249033238 5.971054655661811 
18647.83604220504 8820.928157036073 2.9023837666637204 
21065.063341595996 7993.669025729753 2.5203644096448894 
8009.9961084627375 57642406.73348329 3673.395231279031 
8009.993008106464 3517407.102257478 3972.9551766553122 
8010.030289240383 14191487.21318996 1833.4682807962502 
8010.051747521691 902847.2765065697 1368.8833816286497 
9282.493121855316 20291.566509196746 5.386044089083796 
8009.992322182702 2613804.3808553317 5997.4041218478105 
8010.013622514365 944938.7245409936 2601.1440324899418 
8010.000637895353 795664.01478881 3180.777621152394 
8010.002732880872 1874338.3110846316 3074.9308485200986 
8010.010787948087 2643582.0057631545 2361.816888430286 
8010.030464120137 6451192.681690315 1651.7769942863142 
8010.194232808425 4935492.6866481155 768.0891539874949 
8010.019134193447 1042082.4852812346 2212.630996486153 
8206.3641769613 43640.039377087836 169.56100744571924 
8010.070893002465 274989.1003974207 1000.9740430432525 
8009.993822823701 1326077.5715816251 3887.1671076523526 
8010.033816237377 1461097.7835382954 1709.800963193797 
8637.796055160623 860314.1782181116 27.31169760005207 
8010.051626135879 289525.5279901083 1192.0147445770901 
8861.618660626711 98216.66698210355 15.760072451225476 
8010.101650890312 139931.98287924987 859.2157977215483 
8010.033232321692 583127.2457417639 1664.6465461607909 
8010.329329557898 2285273.0066086617 554.707302313616 
8012.135416266239 12412077.873303795 2955.1121022774532 
8009.993209295699 941629.3311857479 3723.15087474785 
8010.006644123454 1264579.8700289368 3774.779144180179 
8010.234192228759 2047473.569485672 656.5399584276638 
8010.015240001119 707150.5453970656 2219.682670160427 
8082.621182173668 169357.42038228654 79.69304730248284 
8010.662530721587 139312.26857474947 432.88861540684644 
