8152.588678428694 7322.454514451799 21.88154676812832 
8010.274339014653 262174.6821695941 927.5016166302171 
8012.308352027239 289661.71886423376 313.14113730298436 
8043.952185316608 323301.0417269781 108.81459009440778 
53003.80108334674 111267.03936176727 9.171498499090802 
8011.0617360552515 155596.00389881866 458.60027102556745 
8010.87479125926 1450338.054389666 565.3208484434634 
8016.210796931313 161762.98401176755 308.664952212802 
8036.616447967693 600202.2185625726 143.5779358833472 
8010.040112090949 1449495.9077206752 5836.516796824563 
8090.658953757869 25289.262615631465 20.653072454015913 
26889.616231930064 116509.2731141379 16.13634624767537 
8010.225446290688 1029300.8145769524 1792.8461863386315 
8088.859476983795 105443.20352595496 22.14799636078221 
8048.309041064382 118438.50929315574 53.416824220678265 
8010.438359268577 356466.99263512046 851.4618224368988 
8010.125495562332 3155974.4152781996 2261.5152877271357 
8043.268427403181 507015.7791273823 147.0730295024991 
8010.596460572487 209687.64477012696 694.4165510703962 
8097.380679963287 49876.156878427835 21.00758798338701 
8010.056058950816 1507343.5908617629 3537.559119291005 
8010.243179107198 347022.1057395386 1455.855019997869 
8010.312041281184 681849.9055036592 855.0496446997208 
8044.666049518976 1486128.2976692189 107.21268094734486 
8011.54050954913 98381.01231455785 350.6981794594017 
8010.902831771297 473414.94297791703 546.0824659553524 
8046.308897764518 29595.781777875804 74.31370553978246 
8022.65877086977 230331.0606077233 155.89529649401155 
8010.205330119321 422152.0660649378 1508.1239685271375 
8010.04337610231 1586781.3734747923 5753.582795281787 
8010.162594268673 21894585.03891665 1568.7772638004114 
8010.137631352241 4025353.371811729 5509.234291809509 
8010.139892543385 1866313.5870412595 1756.8601862801177 
8010.292909582204 240919.97958794565 930.0081719870053 
8046.204281622023 112161.71900013647 134.51600212001125 
8010.039594923601 7042679.615527587 4119.099410164973 
8010.1431892856535 804237.5001881558 2006.6739998462972 
8010.245546669371 281923.95020441606 1300.083139623654 
8010.106324601311 986518.6765152813 2389.9070743490724 
8010.189416293703 451593.6386646287 1472.1574601766747 
8010.852598520911 674815.5208567379 632.7027509026217 
8018.927826075453 34418.72927572556 158.7043928090817 
8010.033833213779 2367338.719305076 5121.679469460234 
8010.033365382721 4300766.371053307 5379.159154149312 
8039.547500900599 157206.0075213308 154.79601171983558 
8010.070353385513 1062551.1255500223 2304.282997807815 
8010.690718100833 2341811.1292012166 617.2450164383656 
8010.185985655766 2344253.376074717 2002.6764517286963 
8010.28625737886 252526.57161242494 953.5443274539884 
8010.2564720760965 883891.4481395606 1158.9579316150782 
8010.234780860492 697760.302157239 1193.2727435318786 
8010.026883042125 5449696.363415898 6194.102238680236 
8010.035885544788 3556599.477810845 4940.1175902473315 
8010.238013153585 516563.0443901866 1181.1366100433627 
8010.070079077977 1889449.4135701288 3523.9955923676484 
8010.031482317076 4440112.219441906 4436.6983497271485 
8010.041807008427 2284829.0463244542 3434.254375236932 
8010.0306557988715 4945878.0454849135 5656.517829432638 
8010.156121973251 4265279.906667127 1950.6288132173192 
8010.018233072438 6511479.320091882 4567.102320017825 
151086.72657481083 568093.3937199723 9.358378165355075 
8449.345007944456 33903.59885649591 40.72992405935773 
8010.018517991053 64075316281.27358 98169.93216415602 
8010.044904552494 193784179.9969787 4695.706223383795 
8010.0531918490315 1926321.3085581718 10812.612957484176 
8010.056821584684 1636593.0617431938 9944.37819883868 
8010.027362324237 9501161.937333575 7424.905084836891 
8010.027667164886 5840534.448335112 6326.877899213197 
8010.029542167273 6683225.469837714 7932.874940319652 
8010.080103749511 1528177.4964895705 3292.1538732233425 
8010.061243461278 2703742.548625276 4034.7893473164004 
8010.053944057758 2052909.021247244 4256.161933018083 
8010.266566535749 569882.7674440014 1302.4709892244673 
8010.021155569961 15204103.358774967 7848.385625237213 
8010.105241494615 1138552.6052142133 3107.7256781441442 
8010.727488325128 80874009.23234284 722.0658686603673 
8010.034811823372 7096999.568755566 4783.132817800406 
8010.149445234236 1420382.745306722 2039.6352505651207 
8010.275055031703 373682.7387889001 979.4992828315162 
8010.188184192342 1082508.7731684605 2324.6448511909603 
8010.193662201808 766501.9388260844 1724.7941866330684 
8072.551794700701 2735389.879236564 66.26882938745352 
8010.052380938181 3673449.8780698506 5150.443735266154 
8010.142506252541 1075519.8107054832 2801.40489025553 
8010.122955591575 1515491.762606014 2590.836055376396 
8010.256743806155 35191730.23455612 1520.973187189405 
8010.036642462019 2662344.6551514794 5303.261293478787 
8010.149265457065 2575775.9884005734 2167.663172713411 
8011.062719788293 207708.80897600026 470.58686716103773 
8010.058935379018 19681445.491843052 4098.182701887276 
8010.235233646654 473097.92745739047 1631.2908027648245 
8018.022718998243 678694.4576455074 319.46144213370184 
8010.5168193946865 1403779.9429082023 862.6511691995828 
8010.678649176769 10563675.042027399 812.0327673611863 
8014.85696167748 259428.0080110473 460.04355410993867 
8036.975304274972 540154.4732395716 162.87632092070322 
8010.0497457685415 3076574.137710196 5245.86385793296 
8010.098123422018 1226174.697123145 2690.8006519811834 
8010.17001005484 963224.6518772285 2726.429944009823 
8010.19998027616 516634.3882997886 1538.3134409186814 
