8010.1144191939675 177574.57110785614 756.5916093365486 
8010.302300684361 88130.64951102334 465.4684586587259 
8010.565174340938 82584.37969981693 352.74428549993854 
8011.1687210244045 65165.68292042278 278.0845770638926 
8040.979959099977 4848.171960008369 10.358216304858303 
8010.676446399377 2401657.8137178295 300.7120487697467 
8010.191430274121 518432.0068039328 647.2890494562223 
8010.266376771659 182182.08754636828 438.59264398400444 
8009.990884843346 21026007.048365913 5394.418515499572 
8010.00118525252 2893953.214410149 2005.7115327916567 
8014.247870761625 794240.5035223431 178.90331638197813 
8010.025930432119 337584.5559665837 1489.5179007313573 
8010.394716468351 56690.78104868785 421.8707807366851 
8010.028539599394 252473.8319293491 1288.9008488541795 
8010.192381151364 116640.22615411266 526.7846848104945 
8010.009426472043 1597652.7462380112 1697.0819576309982 
8010.561407535079 283246.2358901658 323.15677978923185 
8016.305856328736 1245648.324393363 144.56267467760716 
8010.085980817778 203373.27037603984 817.8866473737548 
8031.6195228714605 541018.9422248284 60.746143113035394 
8009.988691591695 34243691.196737625 6386.265707923988 
8017.753381326866 1183131.5164326131 169.44395868518845 
8010.074124144839 273219.313117509 1112.1392579414494 
8010.1910927318095 122113.63623863165 759.2401011522219 
8016.09737776494 180356.02874773805 115.42837993047664 
8010.0681818823605 740228.0301998301 1156.458805766911 
8304.177061549908 2900.3160148966194 1.2127860979946252 
8034.504076324005 7271.247288955093 32.72716786407082 
8009.999462791175 584871.0355564718 2832.2530875769735 
8010.008458097538 485150.2231046793 2165.7058204301056 
8010.080751402352 227358.10522495167 953.6315921799271 
8010.404054333703 54895.84257987685 415.6256754455642 
8020.686408697175 18716.406030816055 115.97886754813057 
8010.05969746086 441559.0965957022 1143.8168870065617 
8010.132389063442 389517.4539055624 735.5927246395294 
8010.015888413705 2784022.567223408 1603.2146188640359 
8010.336941787107 64684717.23801816 797.1918886522736 
8033.541212544183 11034.006308223234 33.14089526592131 
8009.996851705971 2578343.247805717 4030.4159074289882 
8010.013455340586 585844.2697385396 2096.013584078017 
8010.060838331596 664519.3955179343 1866.792115472708 
8009.996740295468 2546791.1815219657 2864.4461027016496 
8010.309702047181 62065.29271580403 390.2220642424029 
8035.039554029498 13710.480196078996 24.579836797730223 
8009.994553845134 2919513.058370283 5331.222457844449 
8014.082849461616 243204.1301927626 195.11147050101903 
8010.321629411905 875781.0791049157 379.68616934924086 
8011.910430367566 24048.494806382736 185.31262203354194 
8010.174833467961 314712.37055298843 759.460449739152 
8027.708986328538 17562.73814860258 64.68699958646408 
8015.421025142434 14324.021354676102 173.4751578524679 
8010.027497941561 260764.23819586777 1340.6361687143176 
8040.865497935716 4841.186492313402 16.09742868576447 
8010.005781981712 991673.3692794177 2101.3711916311713 
8010.15258761925 578287.9054489932 678.3223168775208 
8033.103652338656 67192.00521188394 50.69861166339627 
8010.214200943923 131833.54774092775 501.34727868158143 
8023.026869409597 36150.01807048175 69.59336114838786 
8010.749863903034 38063.19217418772 326.65587598415135 
8009.992180396772 5933568.716650973 4984.071430767313 
8010.051120365717 1386476.6477429227 1061.150896298151 
8010.372611912366 71365.46152157175 389.69203139080753 
8009.998185634709 1864214.7570779687 4977.890805816655 
8010.162189010723 514174.4216583311 719.3739281180368 
8011.263081589394 23939.03888800518 195.50914473311053 
8009.992423788273 3755645.650938728 6930.857932031535 
8009.991641372648 37524463.73741352 11108.468265986925 
8009.991077361168 111691479.63653572 9799.206752323547 
8327.10264221162 28702.604104420272 6.010179696306748 
8034.506990932661 7748.357362499937 32.804707323805594 
8112.294701267261 66891.7664959793 12.698594289262594 
8010.449197707339 91109084.80573516 516.2417325081857 
8009.996752330412 10923693.814780202 4354.273199947882 
8010.00412862998 2045137.4290776749 8792.893675238696 
8009.995114484107 27634101.256622884 9949.339178251714 
8051.300667811479 27249.42645514967 13.122423563042336 
8010.007400739459 836212.6759335417 3904.0192702785307 
8010.028935372979 10306111.417137293 1458.732339814665 
8010.015256138234 686879.8560957963 3196.3018784075202 
8010.007875650115 6988500.460223462 2142.438841944375 
8010.007329721382 2620595.386116375 2468.593678214852 
8010.004787419219 6114492.11133287 2800.4445223303333 
8010.081520279993 9374525.640680647 1039.9941938794852 
8010.186602234351 1756637.5915070558 819.115377180996 
8016.1154317443525 2784762.9291030057 227.9419473147885 
8020.698953835173 47081.752472341905 119.86066969516006 
8027.763127746663 226039.96346788798 119.59251033124681 
8010.007858544626 1293405.6545944652 2676.0336469841054 
8041.652967006713 12598.833989489294 15.020230504048582 
8010.019063965608 4143821.4582086876 1708.4653232669493 
8024.595411258328 232298.17656344676 76.5133162569144 
8010.024592284637 1059061.066867772 1861.151023923709 
8010.0475869799875 1133632.613550395 1293.6298522986606 
8010.016977979059 4945364.381365328 1614.2509390239045 
8010.024590748899 1234307.6004738044 2074.8689138945183 
8010.193746194536 195511.30601302756 590.1859969992626 
8041.335215610831 23147.198195230703 27.951735002006533 
8010.838265176168 38262.6827895931 331.17675810004226 
8010.076852854843 1411080.9126042249 989.839819688131 
8010.225173679691 2848893.736755896 517.9225247873246 
