8721.22532651777 429915.76732022216 837.150747229442 
8842.689689527682 384018.1413623724 1115.2870509282668 
5477.959127033997 4832107.827898586 3053.3261079727954 
5478.011011485899 4951254.252958787 3039.4003377634094 
5479.343034924395 3241977.893370066 3122.95336681763 
5524.535975360333 4147296.673159412 2283.589541599441 
5530.185467856609 3782479.297259463 2242.866025581904 
8396.291272890034 407358.259758735 1019.6374115882321 
7983.252219026637 412893.322707255 888.7342125664273 
5480.1307378760785 3013081.1539424295 2912.0260492976354 
7172.491651967523 536227.2806576863 1147.9438507093155 
7873.762357527628 433265.16142363544 933.3659097000541 
5566.261836510507 2164636.906708482 2122.842027460818 
6193.152849680659 2294924.9585584677 1353.895576532988 
5530.89713391057 3380395.579539043 2300.906487840751 
5808.634308362414 1563737.9871667596 1673.8128259460614 
5646.90546215445 1710145.6679682294 2073.0149223488424 
5522.958970426758 3084451.461425048 2337.542562768589 
7023.043835874943 561487.7023410484 1049.776122006204 
5562.99872100394 2072167.0395156203 2436.0745448246134 
5669.558156502036 2953771.4172836733 1967.639770078392 
5525.747745407916 3556038.5120492475 2284.2311029497146 
6458.920348739479 781453.5535315723 1207.2398924077277 
7564.13264677171 431813.9264633474 956.0559944094209 
7297.7554059096565 512778.4257939735 1074.5481558199128 
5489.318906204264 2705700.1937810015 2757.9956549685185 
6096.513460925335 721345.8200352747 1499.8526714898117 
5761.8708218938755 1044110.1510438268 1895.779720584682 
6280.923055989701 1413349.0448708192 1360.4454862976913 
6522.403455664402 620582.0981504287 1160.4005772505448 
5531.443268814313 3510396.480316748 2246.2871967384262 
5514.876923945754 2590209.7391464547 2495.8699952056018 
5493.6341851007455 2531519.3815357313 2627.0764077973704 
7720.4640580539435 422047.7709752396 1053.7615340549164 
5597.468500861739 1868657.2465392412 2028.7332752956345 
5482.239774978933 2988745.7459192644 2818.5417677103583 
7701.853736594927 428238.85416211537 1079.7088874103983 
6970.035920553344 478600.4823968856 1180.9653793867346 
5707.108489047246 1301116.220261522 1730.1253143994406 
7962.1195433160465 454826.67652233073 898.4765822491977 
5676.094620144352 1735777.6370686677 1898.8790030348662 
5870.409590046468 1313265.71818934 1614.5920578802425 
5976.434393790843 878887.0419840163 1624.3049926670096 
6665.710334683465 564980.0377075587 1240.6127982159999 
6136.9775279589385 1063889.0209386668 1387.185115024893 
5718.943013542908 1096273.6603984912 1854.7801445290306 
7406.427543215669 465499.1882110197 1061.2238300025228 
5637.886409206304 1925868.7949309754 1995.8274121907637 
6020.256931133288 978217.8752571391 1552.6952277542016 
5692.676747384379 1446591.1437871126 1857.3927047391217 
8630.005054014897 412229.7329384001 934.1942596389234 
5486.352227784174 2840837.602157818 2703.4195348203984 
6065.19978483791 952575.8282307069 1403.6487623237554 
5878.487141001509 1109777.1672389184 1789.7790897952136 
5550.951397881021 2378047.631865311 2521.397197931933 
5928.7186060079375 1429321.262218019 1564.709617895742 
6799.799250088647 491875.7116447665 1334.2996514228792 
6475.56304284565 674771.3098303364 1266.237170474293 
6171.8921318658095 878315.6218049496 1481.9595900745726 
5828.803781765179 1539013.3251172076 1684.9724870258242 
5659.510871683573 1148304.829169192 2002.9821177533242 
5586.735237676155 1999751.8484836034 2089.9769643332456 
5589.978850073331 1840722.6408743449 2362.981828793365 
8807.017403622502 409170.63974928897 848.8133176660035 
6732.190288058225 585550.0227813586 1135.537213734391 
5486.378644794613 2796140.791765106 2677.706851168518 
6036.702202925862 963923.1913889841 1449.797299927977 
8545.301399274143 384186.2675128175 1118.4634367062697 
6385.084949369381 835459.7374518728 1243.1764240495745 
6410.40339355182 640097.2588643583 1307.4313662215782 
5621.822860800296 1554283.3737972104 2197.030366063238 
5527.549084606646 2466944.7630668934 2550.6421483270065 
5542.747178299362 2664133.3075251337 2164.4703849365255 
6902.037043469783 656509.6069186344 1032.5819695898672 
5619.5635298987145 1783096.655268011 2091.00017869963 
5832.95256281093 1232560.38247711 1713.3030718339933 
5539.05321501835 2501685.9428350492 2398.6686814416803 
7509.305914233936 593355.8185122986 984.220152452787 
7335.999281737827 529969.1196495919 1067.8906572379794 
8680.279987491745 406470.6657815253 883.1803777362459 
8510.614812429283 391880.2438705108 1108.5377842708917 
6763.145716912322 538075.1461350817 1289.7990129283157 
5505.99733049559 2422556.7107603108 2587.259676737133 
5929.416806710094 987935.8365187384 1419.885592794054 
6593.861022348432 571443.6347537028 1246.391901733325 
8756.432431933417 403656.0321024986 965.5340970228917 
5488.013027683315 2662820.4486673884 2780.9374104774593 
5481.995333915507 2878255.308430715 3057.1811074697484 
5834.507342222889 1250717.3174737832 1645.9785757663103 
6335.488104293251 706707.8570819075 1417.4628447672326 
5873.229970356946 1111806.2457279565 1797.8391767256107 
6613.353747401382 559331.000473545 1333.9713503339487 
6310.878449705194 749012.1315033158 1335.3518189606177 
8443.61172917176 423849.8249954075 883.8710885762434 
5484.145194643512 2784929.6329254378 2810.805308852166 
7472.045348678358 452462.82430027996 1050.0661255439113 
5842.256254317232 1384137.2442473199 1623.6527308185025 
5501.47888983786 2862073.8263713657 2464.755255989936 
5499.3503531739625 2902846.873417823 2595.343134297023 
6920.235483651917 563493.0662505282 1095.2711304688598 
