8003.854530731397 297973795.8115708 4319.12243975186 
18953.890909558217 112472.15042119948 0 
18312.477659047054 111665.56797455272 2.101011747965659 
8006.269307212037 54021481.995404735 2178.0102225076243 
8003.991107123302 21097012.393044457 3705.9677084175146 
8004.206241924206 49061634.4435723 3039.1891497662023 
8006.89040810246 28955814.74039041 1813.1472559370618 
8004.053446562584 16263660.723326918 3490.336289199633 
8004.713549279218 9501711.656223422 2678.9430914375553 
15766.949723702352 121540.49500164631 0 
8004.923094710949 9169999.575995026 2372.6942342781576 
16574.832300475322 121327.87353161687 6.2451449635800795 
9700.398884024085 1434328.9666336053 556.2288587598832 
17524.02714339187 114634.97186969609 0 
8004.399763282167 19448425.197672937 2956.9036653019816 
8005.294388239119 8751441.773749363 2740.6783100998005 
17284.201998642544 116288.50760780231 0 
9086.64639031416 1542109.6610313281 206.27149095574185 
8004.084146685478 22729147.60987991 3351.3619627032235 
16737.917371734948 116501.45387905979 0 
8043.19607199605 4828591.984830823 739.3510563758787 
14900.87051184243 135642.26318557223 1.0426883614909919 
8004.276596273883 17732024.81404338 3185.9833699456444 
8010.899523609192 4484549.143254852 1161.602426889262 
8009.61147664954 5267666.5986377485 1276.9522845947367 
8022.493116631827 4098237.5457154843 858.4661208231961 
8010.870321065948 3395474.5606915276 1555.2896136731308 
8803.213154846184 1493002.467915833 238.75867009681218 
8008.010944936663 4947871.62913723 1412.7465065233205 
8004.138090241468 18470253.2947849 3308.853679474739 
14669.358383210025 159210.4110983743 1.0408687307815165 
9754.596279414085 1385413.854397994 518.9520155961741 
8070.754120170092 2747182.240330983 444.6265583942167 
15205.903448948971 140383.4082737409 0 
13729.50352684022 170432.757197797 10.195755487136015 
8013.543372809189 2644122.538529153 1073.6809199719755 
14427.022274602714 144067.59242998424 2.0224084938963847 
10125.562669814064 1019631.1200793204 335.7401582936684 
13164.918280407284 188850.89690975525 14.783908612355585 
8007.559848490465 11052588.871830363 1606.166352200918 
8492.793312749664 4330927.002121031 266.6052291470082 
9862.204261812425 1225952.8335633422 416.05898902688887 
8595.454287122615 2009524.324137751 240.84712147781613 
11461.932049703313 443262.9254731576 137.82160144777362 
14074.933650150842 148134.0760990855 7.807053664566879 
10479.024762836327 2968797.1859828033 194.817492324226 
8007.489065439826 6188980.876474761 1708.618961778725 
8016.641919925657 8305725.10076896 1004.2771786568252 
9985.182084861393 1142113.5903910345 380.6582231206688 
14262.219005078128 170474.62737437827 4.219407392900068 
8006.343536158304 26859185.313612808 2092.34410244378 
12635.111797449015 223860.19635346349 56.97367418125683 
8008.703641477064 7550784.645892524 1363.0738054885965 
13891.476435583472 152406.2899812735 7.482486457310621 
8007.2290462309775 7232295.490415998 1957.2100672397282 
13480.525962812266 179478.26706766922 16.146364661229356 
8007.108119950456 14115205.94545117 1848.882865935685 
8303.895946633704 1924407.011110983 378.00399547822803 
8044.38639586042 4371192.3664950915 650.780186237245 
11860.365099175135 979956.1535399505 84.3084512340133 
12806.416693320287 195489.68805239003 51.15673757376051 
11629.065931208013 957756.4361341384 121.71864335886602 
8007.0628348565715 13370685.46821034 1919.0896005815816 
13401.076225732857 171184.47614787854 17.344561781809436 
15334.325731651923 130385.07385657328 2.2420364499926624 
9057.295820199352 1498192.46039335 213.69850539144028 
8006.836185591245 12740234.73710975 2039.4138786647195 
12025.781150868897 1764609.4436715383 77.27258625849046 
8004.403132396657 10722561.870317608 3128.629598284539 
8212.888762827783 2281570.502708152 363.2520835916441 
11335.009271994337 619853.8218087107 178.10109253305944 
13013.020031497505 164293.84930022364 18.063483007675206 
8006.14988513618 7380263.208358346 2322.0124270701176 
11733.319092780168 322569.414428703 92.2559903797032 
12153.918566105303 295749.4313192746 117.20005083028073 
12905.583414157147 184924.87039268814 33.96316152429226 
10320.825181261303 1169367.393873077 311.4398013274239 
11104.272101086506 1083505.6319103728 108.57925969049579 
8006.062306437192 15134337.071637914 2233.9903124350835 
8045.3602872121955 3216535.162929479 611.6205902667332 
12285.124829958157 254511.59107573 77.87892849186194 
8007.576887433691 8550832.604287552 1684.4955372562538 
15520.42817910014 127129.70800922206 0 
11222.222256546636 624341.7287956091 203.8673006575091 
10871.610384150707 1151815.3347298582 279.2924592390526 
10766.29077652207 840310.5647304653 323.5161567712911 
12415.172810950948 281169.7250688242 69.98685654481224 
11002.581714518252 911797.9803751581 171.70413211424298 
15607.963444456997 122353.48246626892 0 
8006.722380520865 7629207.700286647 2259.247691249421 
8006.854569442148 8064167.466684845 2098.458158104925 
17448.666458200547 115593.89240634436 0 
12498.046520443666 260399.62510616943 75.80243067770051 
8004.607129201156 9364511.257630853 3086.7942769450474 
10615.09394272178 1218850.5880182742 217.81950624261555 
10303.875760797406 1057279.2710392978 323.0402433723183 
10651.948399601233 901566.4690667074 358.04646253570615 
8018.986402502936 5878346.099963389 923.9027176669431 
8017.35259110461 5443375.650385933 936.9856884032097 
10914.243693657734 1007244.3328798669 151.64709135737888 
