9773.50056553512 1421804.2254584148 531.7345379781641 
9086.64639031416 1542109.6610313281 206.27149095574185 
8013.242941903973 7333034.94946742 1250.7600867675853 
12433.200178694493 853428.8253247818 82.74755983282387 
16581.24807567757 192842.05768454773 21.987339675177275 
8010.716830308833 7934541.925082717 1591.3982595805544 
8808.243793368005 2142087.2314083343 273.8007658007697 
8498.4813307418 3797906.7046154262 298.680711908208 
12156.656078473841 802414.7094554688 92.22897179238976 
17402.72554601887 216867.38680463782 2.06299352612738 
14103.242574794858 296158.15151580254 48.81517100990965 
14229.885283780855 268383.6134052045 43.76794690286718 
11880.211936185107 733930.3732326404 164.91821041093573 
8212.888762827783 2281570.502708152 363.2520835916441 
8010.130656255854 17895530.851360496 1784.1083013148718 
8141.867994924527 2763105.2882463695 1185.8200052515247 
8023.306039353686 8510366.947063966 978.5551694103633 
11222.222256546636 624341.7287956091 203.8673006575091 
13274.666840208276 590006.1629937146 56.22533480741491 
8400.02689234529 1686141.3782493435 466.9363742137846 
8029.638609369856 5343747.196967051 857.7644594602498 
10637.380333421039 1024344.3483478092 281.65623194350246 
11540.891689589498 1102919.6554596962 126.58795790637605 
14503.496845053043 256371.44462086132 31.696554544352846 
8044.38639586042 4371192.3664950915 650.780186237245 
8010.553182624998 7809954.129356304 1685.5717078321495 
10838.890222964643 970775.5813518583 227.05301713838435 
8042.711332247349 7014779.405393673 758.3722326228441 
11027.774298730832 903089.1985006577 212.9875010651337 
8018.345430967827 9981048.379516313 1128.5041638361101 
8020.922527972076 8607636.287390297 1051.4323171268888 
12056.023529407654 809008.5377171128 120.02893423744634 
10748.862432936141 780475.2249980811 239.88147022971287 
10209.735910091546 1115233.8529149776 339.108457409671 
13129.27280218073 613260.4700055232 76.27771224927122 
13033.522318218893 654275.440943373 55.88785657836067 
13478.019672254202 507688.2873619079 54.64841813605159 
11425.102622450979 895740.0662047819 187.59103607250478 
8050.414001608384 5878397.452123038 593.3606233720072 
9877.161839456741 1228943.3788885062 445.8015090535228 
11735.278499348731 1178187.3148523928 116.83881226251897 
10052.526321071342 1191245.5391642707 422.71469454954473 
10388.243979395364 953676.319986545 326.48143982565136 
11094.031602790034 848979.7396482284 230.16095336359822 
10444.873613086416 1098939.384811 275.0566017552212 
8067.915380351691 3141153.941030664 479.1885072821521 
14590.556895335007 231472.9970080312 33.212140455686125 
11693.713219491201 1136319.9773334903 120.14016959854067 
10283.820929551086 1267867.1657954282 338.5230005720551 
8010.3471035976245 14315422.915043976 1615.366488365649 
8038.272455478808 5096751.8572184 804.8377306975557 
10028.255209419485 1202565.1346762183 414.3653197252287 
16032.56004861974 260372.82881598125 10.997050765609934 
9964.19561465922 1232015.7040085846 440.84204594934187 
13523.978708849936 434971.8924968741 22.832917303849648 
16681.032755332068 195033.9889625566 2.0766002694890338 
15533.228895942379 269405.2978449372 10.745935140926122 
8007.327771427975 665249613.0035874 5595.315339376462 
13420.827576292784 269463.8683734897 55.89307729293135 
13447.971952973414 633410.2606214832 52.85701145434048 
8028.690555234905 11127004.689212464 943.2591001202461 
8009.018163981498 9409583.35357007 1957.7765074172244 
17333.653380023534 149990.25017590803 5.291959105238731 
17149.192979150488 184488.4515490812 18.099467593563965 
18220.69430418575 172236.5086829961 0 
13479.581898997982 585915.95821221 50.1483965865188 
16139.838582011918 211143.88226715612 10.765473213257524 
8008.533726250159 7804151.271902852 2022.778987806205 
14508.12288751211 225843.68181512304 46.76078065300132 
12437.343640386496 600183.1307083739 82.49526354345451 
8009.947621561941 7753025.860057696 1876.5178452003938 
10602.738072935052 1249026.0288647367 169.5820651260197 
15654.391952997816 204985.4444876596 13.329832045273939 
8007.707280965443 17090522.57959819 2435.637915061828 
8010.253223536865 9470194.58909338 1781.1311021793008 
11757.010470366673 954254.0128312316 105.0734700622501 
15048.321837143621 219951.7268958207 11.948987140960368 
14695.498150373369 251137.96445849357 19.72237545425937 
12846.008560419494 871798.1411267199 51.65009591166959 
17455.101570427585 179595.13360479267 0 
8012.419182119281 6160506.49925393 1611.3135570895997 
8173.263539559007 2437089.4155436866 1022.357454267876 
18300.608631240608 162720.4369841105 1.053295089733495 
13288.085530741104 272201.6854757133 61.45517339248435 
14541.366887777229 310139.06420621474 30.993420392555972 
13146.63665197553 262693.758139572 75.85486505055641 
14657.948273348902 206972.84248667533 26.87547671113991 
11092.984276969635 1010455.3721567994 187.1911789065516 
16200.837995186608 219090.3839103033 7.944998951194789 
12900.90209608762 702281.1006468241 76.19779334762016 
8009.1625007636485 7941076.310451791 1837.9002474153738 
8008.496099442436 15517267.26605477 2840.178764435008 
18096.60982466112 144205.18010684493 3.2353778141281633 
12285.114978564161 689476.6739371917 181.24321142203598 
28386.63980561374 174121.6544886398 0 
8007.954559897043 3292979822.1336784 8856.023896488485 
19995.9429333186 145500.33208848233 5.79517756508449 
8008.557875358902 101016500.92102557 2617.5222827451294 
8008.264305354477 77989814.03603524 3858.078473273541 
27125.662386545024 171950.92184644743 2.7634363412376954 
