8030.051470466758 32848905.868190706 1195.4852378876012 
8018.296422755389 14736958.700822366 1568.412367506057 
28327.430599156563 215090.92577433656 0 
27623.043185805764 198175.11023658878 5.373012361012551 
8027.101434403872 18449758.391114537 1261.6789965097755 
8023.944037390766 15328382.516407207 1287.2562365343858 
8037.769484314485 8009787.167953175 970.2657323248859 
21310.06090167811 314144.885840418 7.151168965917073 
8038.272455478808 5096751.8572184 804.8377306975557 
18441.745272682238 247879.67260703316 7.475452506127341 
8030.724031780406 9447580.713673014 1139.8933942237281 
8030.9832776151425 10312129.973274877 1072.9672238140922 
8033.172666417851 12934684.722051263 1023.0511473235355 
8054.141868593171 5962061.695677778 634.0723769525694 
8189.222386085604 2283612.719631035 536.4962570867488 
26472.40317198434 239804.5196316565 0 
10050.049334610636 1463032.1219165218 468.5055457915021 
8280.076405568496 11366327.58345483 528.0843231509836 
9086.64639031416 1542109.6610313281 206.27149095574185 
8031.516883269699 8583839.07789444 1039.7874515635442 
8317.179036602589 7201484.667135766 419.42177621638075 
8080.001147417789 4554759.914398203 751.3861677304901 
8029.041096634301 11072683.484944865 1218.3945323796079 
16763.611183798548 238876.84463221708 20.027546350621716 
8337.111979235486 2501277.5232872176 483.36877938837415 
8045.809097874392 6286671.6539518535 725.7079860292415 
22984.984612643613 259117.54454435015 4.778615477302722 
25735.889606269815 218832.73524418782 3.0534293376718846 
27274.81753036537 200615.57764441945 2.427139529870436 
8229.847572509472 14103432.127439642 492.7087106540607 
23612.61360871319 289998.6024598101 3.0450986487249523 
8327.933289855151 3351619.1087221783 492.8392274233074 
9059.728257954444 14922100.672631228 355.7398686153971 
17594.97455014078 205515.98229833855 26.079353692349294 
17700.953146217587 241476.05968342052 12.289295009968042 
8543.930699909211 5259764.036745772 449.85231620571926 
12308.458453253475 780128.8699074137 239.6987120554169 
8031.988031334127 13323528.316971676 1030.2280943191927 
11095.503305190365 905588.5275588131 300.3681953837552 
8782.207784006616 2000840.309535297 362.1281009281663 
10481.58509651752 1202806.9051959421 337.3145225938 
22488.43462668609 324898.2864639118 3.277611346850308 
8503.426756068997 3592681.1138359453 458.07891826491897 
10194.394478004215 1248201.367328862 395.1844081889553 
11960.554286847348 1034961.2178208474 110.61379160203595 
21934.74261168723 336094.3317242024 5.466276230777555 
12389.69531102295 715267.1044611037 131.55408824149117 
11739.117026851996 837726.1023981798 170.79840690273215 
24043.71087817262 233751.49767334078 10.74689788200686 
18436.63377986761 244081.9275048902 9.11031258644375 
9080.77262291779 4209885.705612923 274.6286506214781 
12689.436016904387 704726.7900627912 107.04328574555606 
28313.433137518856 215253.95985947148 0 
8082.722129760108 4360017.015275348 694.4367183011046 
16175.177090543562 282275.0106509614 8.148142555201542 
10590.596436772023 921644.6734678915 282.6365524879524 
13470.893265581204 369924.72076348204 116.75289082698994 
16548.9660908413 232813.2023062738 36.017977899186235 
8640.363286099822 2229189.0599113866 517.3807144808217 
24332.101573303713 244339.03392833908 6.475869261406089 
25186.13829717111 248772.46737248285 0 
8045.38039102561 4891363.950251069 1216.4936450822936 
8649.609907256954 2137118.402992282 653.0018734574813 
10860.377600089969 982923.0731321741 258.1426946476716 
10123.838327186044 1312701.0481421493 436.6351956126417 
8052.020006583405 6030389.2429899275 719.2475084356469 
8086.243373377467 4460522.093203756 677.8521304644876 
14074.111978738427 345483.7421182745 73.16422404044707 
10426.621402024008 1178682.4668662723 367.7478145794893 
13821.773014426697 358561.3741486402 82.6073750640519 
11005.164605296191 937886.396524865 220.10546367720218 
12886.717748569037 802611.33295625 98.18768641909418 
12360.200838788258 603237.926005523 187.1092761877877 
25358.403811791053 220308.84090433668 4.36941445429995 
22093.77925819428 324255.3249998276 5.522161951805519 
14787.224319351655 289570.22359713016 48.20615665410125 
13618.815747321878 351010.0554336929 91.04688974771626 
13161.615612616757 481028.33131147467 148.74454003276068 
15886.517273985812 269929.04803784576 21.399092345572967 
11409.20075613637 970134.7588483542 201.34147108170814 
24733.29258147528 235315.15699884307 9.115158503167335 
11189.461227535709 835197.1161404202 214.42642162126035 
14555.45572720842 505338.8227147686 41.59919597659439 
15656.400651431293 278059.0077060243 21.5419141061003 
8165.627880970537 3568837.382144918 645.5063520341312 
15132.75745292335 506624.2262990307 27.350524418420992 
11461.680979033994 916730.0154518441 168.30690739681137 
13032.665636159101 532992.7791696498 80.69563419424486 
13281.113688122034 462504.9883204086 45.595587383333026 
24668.095738980493 244369.5114991311 5.214586625301196 
14396.422173789986 516674.4235538906 33.08151041044167 
10841.794235275802 992968.1784095198 276.70524039335584 
15320.460587605308 278697.9384677233 38.164389007785175 
14237.526793350078 300781.0011060749 66.33495065089278 
14276.264418559032 364514.274464882 58.85038949276864 
15462.189080030468 287371.9071204096 25.66211149218087 
13154.112889185772 463915.23514306184 162.3598149558623 
10410.311259557071 1245659.381003404 415.7730698279697 
14956.853922502847 286077.34015175264 46.153408621891664 
27551.99264695261 216304.06133196165 1.0071492399616977 
