17214.46953017738 780442.6630291141 270.2852453702364 
26506.485296310013 227110.44477942382 819.063587843731 
27479.71170139261 228993.28769767832 661.4091731043136 
8247.36716071888 16188406.972347151 3105.3730504132845 
8325.364804004683 8937911.036189886 1499.515709389365 
24555.559561606 295995.4415836389 664.9106640519158 
8258.466632819718 6444762.02529024 2332.684797369373 
18974.658754198466 227454.90969635674 725.95634742163 
8275.696907557714 7595630.073220115 1886.737842191077 
8304.330912525122 4009697.8159177257 1771.3426730840586 
8310.541190306209 4003644.75488127 1942.1975145592332 
8328.834202885471 8087405.495245919 1423.3365422752654 
8272.806212411353 6478826.362350307 2217.032389595902 
16252.861801483823 559759.0373291462 396.55967681821073 
8307.704622748606 5687409.431893712 1516.0194851203041 
15802.570192188656 600243.3375015355 382.0415481762186 
17672.351385312973 272013.4133680623 911.1191848210414 
8253.646155379643 6859777.089137613 2137.650596248482 
8356.61675959529 6867702.492842027 1264.0870915004507 
11056.390849979643 4747526.023827015 691.7665276658748 
8326.347350422704 4940103.291368518 1624.5202454158298 
8284.390799373632 5492894.418203849 1686.0956957060462 
8340.94470283503 2275903.208382896 1401.1100129378206 
12740.006121426857 2045273.2792833294 459.04846084869524 
11919.052142349956 1331717.5494074943 579.3672166641597 
8317.929072595654 3216416.1025980585 1724.8688978158566 
8279.188931225042 6839857.301617331 2143.8426304589448 
8328.249751035584 3842146.009106113 1425.838011628127 
8332.208622601824 2758108.8131417455 1585.9003659311957 
8327.23848736781 5181253.589669646 1455.6970185696114 
15613.7689546652 352956.0361040103 421.79065031314354 
26988.573644343585 285405.5150586821 652.6150098684051 
8339.63045398588 2661007.8153798906 1327.3092043611 
14448.861244361255 308104.8747491457 530.8634227090595 
8649.621037654346 2520066.700184831 1041.683714600531 
9043.99952926104 1813568.8473381905 1007.9925605182997 
10129.008960370003 637864.0827394933 903.3422001280276 
14200.504848042001 476317.116766882 494.70090423200696 
8384.823951423112 3416335.456577695 1292.049351401949 
15005.055489982135 553686.5708415527 403.72821520066395 
15332.5532009973 375979.4980656536 513.9095177778238 
27290.20700356037 263521.7816135854 575.4634503507078 
8337.160721359804 3331495.875161458 1558.545289651377 
8421.702508682405 1967562.361042709 1159.8823084511268 
14837.820364661986 351723.67187144735 522.9723389023736 
8644.477063825487 2459193.380680227 1085.5705176538575 
9681.075961036933 785337.5133672717 790.9668759646577 
8674.801506378502 2724455.2609528415 968.4997651578796 
8365.682573789329 5286735.529124069 1290.796514766943 
17663.6999018535 290679.4159130671 888.6458638807176 
8289.868017756391 4769301.10677384 1730.4764908373122 
9459.485170266573 1070876.9051533102 920.001293779127 
8579.456383339817 1809005.4489583215 1098.6003138237495 
10336.24684011274 635530.855300213 1000.990650895214 
11683.213896283783 515308.86677386024 689.5244792393107 
8405.637245801365 1628718.1096347468 1224.5942369156642 
8736.003537064833 1896468.5138123748 927.2899631711056 
12169.369718558339 446315.00160631386 614.3383054328846 
10733.558606670678 1445281.926332856 714.8604602476325 
12523.044188005328 350912.9129453532 758.9930773342569 
9333.464207450637 1564697.1397787414 804.5522218128337 
8583.573763526103 1759294.503133691 1171.1772638027842 
10689.290331428452 491849.116188748 836.12450691143 
13889.941731057308 376790.3673187011 604.5141833897165 
13494.417119744629 503125.0587237923 475.78928112731023 
9220.446690579653 1500923.364482191 938.5413331453867 
8626.856447662232 1157631.609885641 1088.5109462458136 
10918.591329233433 716487.2343149097 765.2044367918564 
9626.434867793461 877723.8316166128 866.3815269163791 
12569.355622159042 495703.1394998731 602.840278042386 
13770.301854687434 377951.01393794443 696.4765014037173 
12977.120365712637 595191.828784671 562.4739150658769 
11137.247645893554 883522.4192741828 655.6243177198252 
8421.997440117942 1582652.3203772313 1199.979578291767 
11621.7848877651 914600.1800412445 621.7850706873917 
13552.993370305803 480697.80066292064 559.664404036993 
13000.197909756374 923239.0923094299 540.157775266405 
10588.422043185907 656847.906150879 878.7020271278126 
8565.340111604626 1810548.472218214 1195.4831638233757 
11354.636828214043 1936356.3583816271 631.8968388112149 
13317.264561996093 410163.8045140996 646.4367083951208 
12161.464307402799 458992.05385474383 608.7281124088701 
9197.949018706395 1859479.4958621436 894.7185764356097 
11341.144981063231 714755.9051781341 779.6646154656778 
9233.291958863874 1645608.989824336 930.9744722320042 
10441.514851887328 1109646.4169319991 734.0473138423968 
9621.247030814036 947884.7168606765 817.3166978442675 
13689.433443247817 411389.33170638245 505.3874176443917 
13102.10331822452 613294.3925725888 518.9064504403125 
10819.273656609776 833865.9478362042 736.7702297223364 
8326.71223626891 3397779.6113819405 1577.246073147658 
11480.262722291902 417427.700909802 790.7630593250497 
8346.300858495975 1876846.0502063483 1316.0546523742792 
10372.714835537 970004.3790983816 759.572497301737 
13375.729734264762 581407.0232877424 508.50195243597034 
13202.266954031273 1570811.3112902285 513.9903016363727 
11453.378588912943 687693.7520488332 780.0411209253738 
10590.589285468017 1594783.6806162335 726.1207667183361 
11349.217479242325 764239.2709424067 744.6641353016935 
10438.174322832641 1880641.1858358954 753.9692880512339 
