5226.945400257497 66060484.23768292 63482.65042217791 
10800.712690704284 240318.27573302304 4.573963762017857 
19217.430736391998 211111.353917597 7.5233298271464015 
5227.020163189061 127189499.61744149 26248.13350892184 
18744.710193596973 204049.05383752732 21.741539575666692 
12496.675125410766 227357.82259401516 4.575084303837679 
18557.615237870345 210029.32226800633 42.410599459712614 
5227.055658069623 88154453.64454135 22147.11700251216 
5227.050828993457 122332878.95025754 22585.167647574803 
5226.945403556274 51680324.96278024 64085.856951037305 
5227.076842339976 80860035.24618413 18288.06005443019 
5226.956894723275 49029729.862119466 42114.60386726194 
5226.956109189573 62722344.185439475 48156.81915924908 
5228.219960323855 8488403.626449551 10923.106749416285 
5227.076278019513 81028567.13705893 18822.715546289637 
5227.36919296254 20735983.585635107 13748.619632463528 
5226.951358791002 56285595.56472584 47151.64876034119 
5226.949808644133 44422245.333314225 52937.35451653242 
7989.159911843111 268638.6731793611 45.01084664803232 
5226.954127402263 47587758.83564557 48163.898822668656 
5226.9547315544805 51813344.06156972 45112.17536083846 
7168.372806484864 319815.82366250426 68.05359102398033 
5247.828992752891 3804449.1933311466 3695.3259496091937 
11737.702580973842 223944.80179204093 17.023016909498313 
5226.951920919268 284450053.4379167 107138.3797124916 
5226.958156005028 44500227.19506299 38784.64502306626 
8944.603243919439 244418.63330568577 19.856411672254453 
5226.981283262456 34333483.74469403 33965.173862960684 
11294.942372074627 226116.04969786087 35.685471967620515 
5227.170881350936 14896611.92252211 15716.558155445404 
5227.015840948099 38898173.69686726 27530.647208943454 
10424.230159517292 226894.20084370364 25.040553236022898 
5227.100892828887 18570395.326477867 18137.42959152635 
5227.060633629159 54088677.89460375 21163.821544174356 
5226.954598896713 59723855.27021474 43949.69867686006 
5226.947129693524 52629162.53753921 51249.33028618074 
5375.976965963908 3216442.175152762 1884.9187530802078 
5226.94712179765 47880648.898404635 55517.84040485795 
6333.99488620414 573082.0910020949 459.31349990355574 
5226.945703398815 46037633.62498899 61617.94529710952 
5227.516025129359 10205650.256736971 9208.870451431509 
9436.165780487452 243009.09317229697 30.729650060923312 
5229.824493039197 14110788.152805006 7155.104154613298 
5936.071097243744 807058.2355769487 429.01032609150275 
5227.049483084133 123098630.3036226 21800.546070665343 
5231.4707012871095 5861744.871825017 6263.323941249324 
5369.530417617738 12182913.21281459 2450.9512990738344 
5226.966315761549 44859673.6653506 35452.52154007138 
5231.50763296643 12676982.88341785 5975.315281954685 
8524.606397621254 260558.322423498 45.8104321610891 
5227.162236234844 16438463.979786452 20227.718315650738 
5227.049217195935 125767056.06325574 22519.790971631344 
5226.965817168544 57121997.6286671 35793.67342888891 
8115.8667779318885 261670.21475904802 25.882575036786214 
5226.960790698526 42242112.24048749 38481.004997536664 
5226.970446565792 44288706.91169949 34551.267927011395 
5226.965817410172 50556369.1309903 36657.53414839216 
5731.850121988622 1991504.5386029289 859.5998674977185 
6500.630301753388 402417.65789048496 174.95200842576222 
5516.152541056381 1957582.7541529534 1122.93028913591 
5226.951616028712 37640897.75395578 50714.67820990638 
10891.40495820033 235234.23641212157 7.705553261333402 
5227.0372554448095 31578140.8814048 24481.583421521707 
5228.547302937332 10060544.862294279 8332.581616872165 
9841.064765092964 240084.43344525743 30.777051350170723 
5566.0648703105135 4781812.663932244 951.3367126504282 
5227.076468961319 24287196.39435714 19293.64013067334 
5226.996901193585 36878705.317951955 29109.50422455754 
11645.925024192304 227590.89306874375 18.383582119151626 
5227.18291537632 12992448.978639761 14535.647277672055 
5298.264383368149 23039483.808779083 2863.092356926406 
5226.9605868371455 41970600.44260057 38120.60849602307 
5227.038813140331 29646518.240397513 23224.331299610087 
5227.001644758777 32954013.351180866 30256.2650388916 
5227.0073318551395 28742679.724337928 29968.477991562286 
5226.954768780632 53390344.91693167 50013.22031632857 
8667.333191916694 254633.99954767534 23.89330148872885 
5849.785535819582 918620.7788583024 515.4626381119884 
5227.115952667689 19445006.340378985 16839.394943606618 
10139.203005822144 231541.50853629087 12.957854303311954 
5227.4317872669535 12703157.601486968 10360.390715386033 
5248.0219998562625 8697963.294213392 2941.666491115773 
9548.205752709295 241732.66641311956 26.432631231522596 
5226.986206527715 32923342.77924841 32494.44054806455 
5227.0134401966225 26540359.604400188 28473.62601413315 
5227.115417800524 19464644.4006689 16701.849586866887 
10791.50216982333 241153.95995084883 7.640736426963977 
5226.999373804727 36534110.52430559 31869.78990260282 
5226.9663290542985 40745421.53881411 35566.10120613571 
5227.03101938648 26326450.64143543 31245.172800826804 
7080.9234379954505 331631.5901205622 80.70378528960596 
5227.0009079181855 31286161.95714365 31275.182727834122 
6752.053346554788 362845.01882157713 96.41281626155286 
5226.978696223083 39363118.43505324 32413.77063849339 
5227.064766200968 21723912.49432858 20399.065391517306 
5227.036727539719 32385340.96300544 23697.34050765736 
6824.293346116147 360823.36597139505 94.92058554834281 
5227.059060846363 28959145.3969886 25363.70923125599 
5226.960539879097 53210728.5448159 38769.003884622565 
5227.006654252638 26823150.498536237 29982.148795875175 
