10223.273064495133 260576.17049381614 16.523000940311636 
9605.539453080813 250311.24963932225 34.02054794072294 
5229.672637866799 84890113.1391282 5497.2125809128665 
9864.967122721237 271807.74534982187 15.983255126371263 
5227.014481726092 52429133.45357324 38961.62234558845 
7648.074791593684 311932.65039346553 44.59312771461961 
5227.029592519362 48723456.005095325 36132.00395807596 
5227.033641026195 41728387.40491109 36912.008218688105 
9092.77840505749 258253.42578327356 37.53349771032155 
5227.058446021525 34132894.29704853 29922.392900034567 
5227.091202221251 31835025.18798997 20573.64824082407 
8158.389868706045 287028.94030747324 53.02242517922413 
9437.354855501897 252702.60620239074 31.19573803549899 
6072.859176091103 443619.00368040404 176.6866227352314 
7293.855817310992 332809.7042064141 68.05238187317775 
7857.07963816457 310012.8922942226 54.4514870773563 
5227.056662637872 36603941.74681446 31435.955198549455 
6998.013939571336 342195.9810319585 93.1405099273163 
5227.182272064123 22957440.71773551 23446.137393027857 
5382.4966598952005 4802365.499512404 1468.3494310644392 
5227.25756126943 17075664.827926733 13211.687663831137 
5227.086685424102 37082976.67428429 22085.664603784317 
5227.10739739784 27261094.996737935 19430.619131365715 
5227.094843630928 28163219.723465834 25832.65412021479 
6382.060353359446 388932.54401518597 152.8158001696441 
5227.055300807557 37518005.68093759 30759.04457633212 
5264.777134081949 2854985.220952797 1918.009774652284 
7270.299163771663 383728.2569029358 64.50785241913006 
5227.032282404155 45016491.88006792 37456.85491080511 
8837.67802643447 260222.97497356645 34.38668236215236 
5227.285570684407 15077117.922748534 12905.651401966927 
5227.039831930944 42886060.47652734 33560.35919477772 
5230.614644119542 5175540.886722045 4487.394954443024 
5227.08166613751 32640407.46609069 24761.90399379128 
5227.026012569622 46741673.67012624 38276.448984350456 
5228.790208186664 8597360.180294806 6467.6358063758225 
8648.44548689327 263843.23700309644 36.40722394086998 
5227.043984046985 43692422.03957637 32259.936117329475 
5227.031238494627 46415250.410329774 35194.661110532375 
10128.8681939563 261681.6669136625 20.085121708676073 
5238.964419708864 3688688.631751764 2979.789490667776 
9786.850172648774 294337.5840191827 21.965883253330134 
5227.434890288628 13118637.582169645 10778.820675717257 
5487.109298015831 1308180.8089340373 690.5638246960194 
5443.039916643504 2086215.103529378 983.7491469324814 
5227.373451818945 12227014.141059928 11732.869178410478 
5227.059568132562 33165255.966743696 29197.719203627606 
5228.093821721449 8867137.63378117 8348.663002586742 
5227.128696311496 25825425.14930671 22603.872319355833 
5598.947167432641 974583.0394701893 596.6063008483753 
5763.415147146099 1007055.8759201077 463.5105480500623 
5227.620163093778 12774063.000630243 9233.2063884754 
5232.7000322074455 4655359.280868641 3432.0499772256276 
5230.859990436045 7333975.753501409 4201.018760966324 
5708.446664125704 1819758.6903520608 594.2226433473112 
5227.029676343545 47698388.244057804 34732.93421863624 
5902.70304511689 952870.3484550671 429.4836772720085 
9232.628497008975 256410.41831798854 32.61490278702297 
6629.774271530201 375851.26282249694 71.36412738056454 
5227.057580337013 44380607.66372304 28673.96388804746 
5253.494457644063 2584302.9015949853 2362.8723308353733 
5227.0774902210505 31233321.266106177 25288.42935030554 
5227.0737056179205 30741271.69223784 26540.075446268675 
5227.184660818567 20700319.28618846 16950.81878043217 
8803.478834854555 262915.18130015465 37.51115456846024 
5227.164227972781 25332421.853451252 17473.194342729108 
5227.267054129907 14818313.674725844 14861.052422386605 
5227.072138363094 29807712.178222395 26830.67675277716 
5227.069191691735 29974723.54345092 28184.04893855895 
5227.665606852617 10122982.794690559 10585.795587775589 
5227.242057240831 19920132.63706696 13901.039800105253 
5227.043915046585 42108449.529890664 32955.50843911081 
5227.223694300787 18484135.070248798 15221.115561286015 
8380.230110923874 282460.7725326383 48.438915696498455 
5228.6734351084615 9531072.78423579 7387.751795062686 
8536.026350978747 268736.20522615995 36.632909821202965 
5227.211526547604 18680243.7754089 15898.260054389044 
5949.785499003032 653758.7823926118 334.07766054504754 
5227.33342638103 12947732.015428463 12007.294268323983 
5227.138806781959 23435407.178661976 17890.471099528317 
5227.154443497404 24204107.665831506 17764.232857894614 
5227.618832901618 11022870.679013139 9917.72715528616 
5229.8758704245065 7051281.668036647 6005.924175381588 
5227.110618691432 26389668.399126954 18818.42016136288 
5227.11082674846 26678615.824892372 18507.460986300615 
5227.209059919988 22028877.400060568 14582.634988758844 
5229.868802143601 6676400.134541147 7508.2295417245 
5227.506666981576 11252838.88530705 9822.651171160624 
8462.22604043885 274810.3121098762 48.99428037588389 
7773.577180356539 304662.31515071436 59.06890919689329 
6035.057097097314 638292.6796642217 241.5188354377478 
5227.204267639825 22471432.0670637 15547.977251854463 
5227.052396071275 43173583.81406747 30641.62447033005 
6744.328977861555 353457.86508746544 93.36267797937643 
6888.580533147093 378163.23289218865 70.44105983831177 
5227.190878911486 21624925.329235822 16360.532625473865 
5227.226696600257 20864249.853778385 14010.274447928537 
6778.321603169728 359220.1474308017 86.0852901218443 
5227.907724760165 9609451.402781215 7765.502885307233 
9228.672698208036 255374.62985278745 37.98469577196035 
