12846.725625147663 224528.58137414447 15.150098562001194 
12451.123896148853 235291.8594481704 4.626035061810547 
5226.980687178089 88911701.80857128 54828.87793768229 
5226.987960763638 117876861.15186226 40685.2832386045 
5240.115549287145 93075972.08748773 3818.8497952253197 
5226.989116096678 108846515.20062412 39085.89528734576 
5227.023848711974 60434912.50865719 27835.60597990032 
10727.53694334897 241297.7749077314 8.833050431669996 
11691.074932048472 226348.3977765989 26.71202126215223 
5226.989108016591 84855772.4273317 39648.18278605453 
5226.994160708802 50538128.64611472 32646.177517820797 
5226.992573533583 73606566.5025143 32305.083856814 
5227.010266887049 78071609.23366255 29383.49013086425 
5226.981435753345 113801215.99104664 54030.05503617767 
5226.994678231539 34974851.835778475 45282.58815717586 
10417.7839026987 243957.25841791643 12.014791984827356 
5226.993294578058 40614149.91003579 34675.26758108863 
8271.491700382785 273290.7890812004 26.104681485159333 
5227.004927117692 33169419.629610598 43287.7487274572 
5226.9819074394345 48497034.35495399 53166.785709089505 
5227.020561680154 68461102.84907822 28962.204154786825 
5227.026513358577 67396274.68690714 26714.78208080414 
5227.005568806332 27635273.841172475 42066.9497378168 
5227.324250379691 19948353.04711898 12285.67154286703 
5226.982613508638 37882693.49469068 49407.026332199835 
7393.544661393833 306153.5420745786 49.1595957253225 
5227.014032235935 39021569.18814025 29801.128704984792 
5226.989530344312 46579642.78819713 37309.99359995894 
7019.765422044689 330071.134181333 87.48629207940073 
8566.2143036394 279273.8371719277 19.903925176399788 
5227.746277956863 8932224.937764755 8948.372309149478 
12130.254777823626 226214.8832458618 19.503756669947435 
5227.163458317783 20411041.926983833 25069.486758171723 
5226.994041277976 44451789.92421195 33454.644215652064 
5231.032773790769 16864145.212464362 7517.375298946536 
5227.123099708124 31304642.775022417 17651.72489165558 
5227.021671302115 75400951.06370571 28277.00964051296 
5227.208087500937 22547647.145339523 13810.663993662265 
9892.930522122202 244465.18739312817 18.31546372792547 
8747.162233107625 272645.30366278434 25.34710730569265 
5558.380301833039 1911112.3287083576 1986.6607845538538 
5227.071363226364 28438007.61928272 24656.90913935371 
5227.1973043125345 18285228.661485054 14377.306560099758 
5226.9843802944215 109404284.36011156 48004.18564631608 
6016.857702211529 1521045.6144019873 388.53887887299237 
5227.055017786228 38606435.41835823 22648.752201377705 
12468.737843979306 225619.63550166137 13.069401143336147 
5226.982081476664 40415033.2431434 50846.93110852955 
5233.042477385877 7879567.724740095 6686.140150448784 
5227.495554454148 12354667.32437036 11113.702563391334 
10082.953140338965 239602.37395862496 14.026712402608549 
5378.106612915297 6276691.709533185 1341.0212841376156 
11934.964941469923 224860.7112733373 25.22918905247704 
7206.828105901707 320528.36781148886 58.423025881420934 
5280.770071746026 9718121.434991289 2139.874398699644 
5283.26441182607 5130062.678632045 3022.097917259726 
5227.455799534368 15039144.160349598 17200.833191597725 
5227.100036538325 25846030.42549089 19603.21911144442 
7993.191662470875 280933.9408966077 24.949078353101317 
6416.957672655397 444936.8645495359 222.91034113660655 
5227.148453302438 22736818.253489792 15778.735819751588 
6542.648331132505 359018.4679788666 111.99960425618752 
12392.339943277759 237304.40999238187 6.654235143845577 
7704.477795407108 292291.97179488593 29.23104465479505 
9128.27726568977 265776.58723005216 25.243839071256204 
5226.989361530392 47355726.15627776 37515.05125814617 
9593.971313173024 246151.4057591627 11.014959540670054 
6776.94523700908 351695.555903376 88.55210480676533 
5227.685432973754 16255142.168537235 9936.548159898251 
5226.985460822991 35186660.01960516 47274.6422775754 
5227.075883042719 28322959.182207387 20916.346578176097 
6251.935868400166 876594.0444682149 350.9052327634335 
5226.985077422613 33724741.85223398 48099.2118518806 
5226.982303290781 40198317.120358706 50517.670732342056 
5227.726302024861 12142357.247396734 10599.333271736285 
5227.12318911649 24543710.26033654 20450.1103852116 
5227.1723380559315 23815878.269309927 15378.67487120241 
7931.501095842831 274863.95854021166 26.827394003550125 
5237.424773065774 3941527.4430639828 4290.4074858866525 
5226.985319318027 35925296.73734367 47319.804297124676 
5233.721277159078 6911938.913734302 5641.570990893003 
5853.09777126816 2577076.2395335743 658.084969174131 
5227.488039357945 14583857.220941471 10293.669872725537 
5656.3601159680875 2819840.609731515 927.6465490949117 
5373.408694982126 3518311.4308905546 1608.2944036553724 
9003.773325079557 251223.59165070692 25.388305639048383 
5870.8965368352 1373176.906864462 637.2094256754588 
5695.493769346643 1515849.8129325926 868.7169544424808 
5227.040764444658 38720677.13044626 26714.07826705158 
9362.055336388989 275059.47959057544 14.886824888720932 
5227.146548911593 25930216.219396874 18214.76310343722 
6232.745352861106 460646.8005489934 216.58193459619466 
5234.409255666847 6750338.8466009 5292.354903480486 
9578.036407557978 245770.88874845288 15.119037265623504 
7711.932969655807 292268.8393818705 35.69034803821821 
5258.011049693231 4603133.813483408 3390.492196314384 
9362.812093158456 273985.8804234938 12.870288948533702 
5227.097698795692 45190366.04942399 18500.59125642992 
5227.008117081286 35296988.30235352 33813.4930144649 
5227.0309548157575 24114717.237229683 26821.450250347018 
