12279.496694444651 233963.69657723574 3.5644722913743028 
13209.612241168137 211464.51884568098 19.22865962632839 
5227.072002861869 108767640.26133867 18620.111215933543 
5226.946547883961 60886450.96182546 62879.52531802902 
14377.036463514667 216202.91610772078 8.080178336136974 
5226.946043450265 63391548.72061024 59629.38036815585 
5226.961720617136 67898498.46486032 37004.31687647043 
5226.948485667603 53215632.63324489 49145.51587772359 
5226.949292337973 51024490.148096636 57883.482038430004 
10270.199219869779 240935.65624272934 6.766168219991483 
5226.949483293402 42154895.24942922 53417.353511190675 
5226.994305164211 37530849.28147992 31013.973670959505 
5226.960363539467 35947967.42199206 46470.652793708214 
5227.187770495398 17071891.21520007 17048.978647700904 
8988.562593644578 244879.8510211303 19.74198359253568 
10926.355464536124 231762.16399312686 14.452300372790056 
5227.000875340126 31988999.487813134 41197.4429787366 
14169.208100819033 220403.62983780302 5.923018978585871 
5226.982086545283 48299071.88393881 33544.39917420779 
5375.937806068875 2788310.7685760083 1837.5628439460424 
13719.71195793348 220695.58623597893 8.021801831928343 
5227.93991835242 11637366.40257956 14772.281104821117 
11325.902788562353 224749.2316801654 32.939200643472155 
7004.026867414367 347305.65569824976 101.28726872463164 
7354.036836895531 309752.7679137124 67.03552457111797 
5227.222982570009 14123932.231951198 13923.70018385786 
5227.04523705239 26764121.606085114 24116.16757900034 
5227.032407057105 23778104.443623748 25131.971621011857 
5226.957699980236 46842717.13707451 39995.90388407146 
5733.625722015973 1034772.5309140277 743.5389328960421 
5226.961958130638 44114952.8797853 37415.170805266884 
5231.503738473359 18200998.065587074 6018.5567556954675 
5226.946740729119 63661891.994154885 52131.22099215178 
5227.00145474504 38712614.81276419 28770.58599862707 
13525.01887093621 223537.70263477796 8.967771914193099 
9478.250544326393 244187.4049996979 25.446522448508563 
8679.525317453545 269516.6854649293 20.78786781432044 
5226.954728149781 59625453.49311593 42851.06484810084 
5226.9874619955535 36290670.372954264 36286.663366553614 
7986.822000557006 275056.070626655 45.144890437747534 
5227.1563981051095 15593950.955097431 19314.610475154324 
6142.553425707391 806394.5863876003 488.56867662461553 
5229.823955079658 9136454.743576968 7092.089365660463 
8252.978993297085 261433.24794879262 28.18862640027861 
5231.129258306908 8117329.338746133 12159.87436326101 
5226.961771317034 67800023.4517737 36960.69685810265 
5226.957033401451 49738187.97514852 41844.96087198085 
5226.968453535074 41706140.997861736 34527.678865178095 
5227.085787033977 19572331.202149875 21091.658993935245 
5936.002215917506 839331.6786752588 428.7675150705356 
11576.354561673701 219390.66518518396 18.67870963239283 
5227.045448238829 22233659.991661098 22085.284979896438 
5227.019215255203 30897871.733187944 25402.525190562203 
5226.954782000083 57851429.594169736 44380.67455017586 
5227.016669707669 31216430.850087147 26910.233663156796 
5226.946737490049 63725314.334636 52570.47852746032 
5227.051631814474 29049018.693271082 20222.38415299679 
5226.990352607321 27842254.565942597 45591.402954036734 
5299.494448971845 4582025.860369915 2693.229123891912 
7721.806571257746 280336.1577925346 43.592296082249916 
5226.975829796794 40536502.35714548 38355.012906709584 
9685.827188436382 238834.99071196537 11.79759217754374 
5569.526598213259 3907027.197837666 1319.3628694688396 
10966.457096788032 233319.05168285628 9.041555601594176 
5226.9586961230725 57059288.98913522 39634.075682035545 
12043.662007379124 226479.34187252622 7.896433616046716 
5227.0339172206695 28953042.429498963 23311.108777392183 
5249.925070669172 6108755.0456693685 5036.708182077511 
5227.514685079881 13207109.673836838 11620.938126136281 
5227.114158934645 21125177.414019868 18372.91548952476 
5585.277310276373 1738770.1762716915 1326.5772542260045 
12855.887661477756 213845.48038825154 22.75779615025089 
5227.4425391833165 21497128.727108516 10136.362751875982 
9984.972513240566 234776.1131645933 22.82088113516727 
5284.589528681104 7210125.78328026 3992.595355541441 
7574.727831782056 292277.881269109 54.345750093140126 
5226.94728776053 55522115.233897924 52650.46622995016 
6773.155699623565 400536.3057851252 134.2160714122867 
12979.744911228749 211608.7927784911 15.101762896252852 
5227.004899469244 31128387.90544724 29630.575575502473 
5228.0808130722035 10239724.711992204 8167.795129844545 
6410.932065301073 456423.753648787 183.74296905384722 
5226.946697726157 54117144.192096695 59135.561945848945 
6344.118019354231 513204.66665580025 358.8194119032546 
5292.1902246454465 5407123.660236109 3348.2162627667462 
11771.028099987234 224308.9608948783 13.038942962778755 
8758.335948204467 249471.91909124274 20.731366240144325 
5226.9545431761635 61729873.36945553 43725.61643827737 
5227.970942830212 10048853.738319933 8545.415748968799 
5227.541533471243 12475315.113042945 9613.45035053222 
12453.061076227 223778.19546815602 4.7216318226407425 
10068.049917091133 234641.76587866063 19.51020328803853 
5226.963745323648 42303362.049881145 40029.59555402292 
5227.009576978985 31178041.85514515 27858.940697467388 
11889.62026570618 219323.03101112635 12.044817398761005 
12593.749295665695 224052.26303374526 4.65401646195888 
8203.030257028344 261435.65144971327 27.186516901425463 
5226.958319508651 42795690.66076619 44095.179001238816 
6651.329627486655 409459.0858976212 147.1246228662864 
5226.95153707051 48038633.779434636 46373.6583421235 
