11626.341236066623 625590.7682102837 83.1085349648907 
13571.902977590433 488874.3782925672 373.3912629595694 
13564.787116514697 471481.197070151 464.9269503760663 
8369.418970354198 5618980.529107813 1174.9670071431392 
8453.502205151122 6530633.479158506 810.6874657817043 
8413.405681066679 6025271.021737219 1002.208657382364 
8386.889639520161 4691472.2622286705 1122.7853734587386 
8395.170971683048 4535218.977459788 1043.1731842769398 
8383.295827552605 5243452.644529075 1137.8007038811274 
9546.113554385509 1414720.8355393105 338.8113310819806 
8602.985629480978 5023865.217184337 588.7411720880261 
8395.934633773084 4869685.3427891 1004.8650881912577 
8401.219132738723 4340194.269165103 1030.8301944373738 
13424.430757025371 492126.4151282211 361.53437177193456 
9103.434287220163 2488559.7772244746 388.7215518734333 
13254.107174031593 497980.2592904169 393.91302459672164 
10428.499185110031 760743.3034597489 128.9371110723019 
8824.361257681083 1309717.3099072904 844.3942705445955 
9766.919851749008 1235426.8947521532 258.1259197467099 
8523.758237325663 2768234.4246867164 739.0007905985601 
12370.64001875286 525935.9128720849 306.54606582145243 
10862.926994504967 667161.0157041509 177.28240738055428 
12100.417930339352 541590.2316723004 300.04802889316784 
12940.737617463748 495051.90572835633 477.73533931807196 
8959.80590448291 1850257.812339237 491.4779701954648 
8714.203266921391 2061883.4592875051 639.2815223470964 
11202.103027793853 593529.8314366707 113.51963880135261 
9062.107169268405 1727960.7323047812 505.0576747131558 
8588.50197400689 2173473.890700447 663.1497021839973 
8467.93251900678 3417474.318581969 879.533582061098 
8475.791062851535 3864942.2772264504 772.7393320801535 
8557.518555965991 2373614.60214589 693.6591943802268 
8405.682741833725 4278230.976078351 1091.1983076072966 
12666.86435694628 515267.4974596057 390.2338310805797 
9708.64537436606 1584122.76669779 243.62729577961514 
8373.359761729833 5671664.777265911 1158.7857600301293 
8409.546017162804 3997675.555175122 1060.1244188567691 
12805.152350792807 497094.1845501081 436.62779476399953 
8404.636065643135 4112389.9753701612 1098.8503646728145 
10581.619090568467 696475.5193772017 568.3854721371046 
8377.195917998404 5887678.126090893 1148.3688962585238 
8748.70830054474 2266845.407018968 569.0650974886141 
10152.0203157241 905917.9327421964 151.76087068658182 
11301.789498368144 707627.1791271757 105.33374813190619 
13119.066537951112 497351.5014369319 408.40674750358465 
8865.909334538039 2108934.2924344903 534.9805023175097 
8371.31050657809 5394637.444466832 1163.4886536406975 
8534.535267068519 2605086.188811726 872.2202203139748 
8483.117825179273 2629141.304609169 976.5989919153467 
8414.531268230156 3297423.119390054 947.7543138028667 
13008.487889169308 494093.92536999285 422.1678889247396 
10366.014760766051 843900.7068747042 129.51742462991942 
11574.626790197832 570418.4049311733 115.03125848691198 
8523.978682008896 3156245.6255950145 713.8842639181911 
9346.149786960907 1625688.2812380327 316.57573583159865 
11747.40767227561 564443.3286007964 411.1754220433518 
8437.633984654929 2856910.648986617 918.3631690533459 
8462.611300820337 3550264.0924149137 902.487133142133 
8906.2171918473 1369540.4135388597 548.6033249289931 
11432.652478741049 583666.8028610063 85.50656264235417 
10245.313656026216 875917.428356917 144.55064542324877 
10080.029058114265 872053.9767807238 164.7923155057238 
9182.646515155706 1905918.2343998756 444.4329659583487 
9826.941360729052 1002852.466732117 225.47633143709862 
8651.295700961751 2969585.0629828116 571.9294093042083 
10720.279979761704 673170.5486509942 557.0853204046009 
8491.856144901272 3684682.3829569835 760.736710073309 
9415.49652410049 1073382.5474638366 438.9278734610424 
8548.117779524053 4043842.9508725754 676.0306866084566 
9590.760989457009 998803.047479311 627.9134886881092 
11835.728715550784 564406.3154073069 288.90803303196356 
9688.030723683396 1489099.0826548068 326.08765190492335 
12533.678859587133 517625.2749752704 401.08963884304154 
11383.437278225632 651592.8023778065 95.00509217416953 
11055.61177304238 658462.0667134188 154.0643405206583 
8413.52647286607 6005679.70626788 989.1409303044627 
10003.668013909193 868599.5686006731 192.80980006694426 
8636.931951837138 1927056.5714021707 927.6586806020218 
9333.943629422207 1512882.940279782 510.4558257590658 
10313.583990298164 749104.5274218647 278.2615309057666 
9204.878394549323 1992690.8127960828 432.425282416234 
10918.275319425158 632278.200897604 229.44639170981063 
8432.65103678092 3123346.954454067 922.2019541696335 
10644.676669234725 745993.4251320085 210.77580251971915 
11976.178168817903 554913.8279631428 321.869701133105 
9955.35955548268 1129994.4613325377 202.16499330433018 
9623.41903999659 1052516.7474381898 557.0878646824536 
12236.706688782117 534677.3283644405 289.65263605370296 
8541.502882967732 5892099.11821431 695.1291800003256 
8406.083636908133 4105460.4400478695 1074.059586129478 
12497.070343900174 534039.7420930082 209.71372025371065 
8369.575675793563 5517092.2975758435 1169.0373931980484 
11944.467583595519 564011.6443993659 278.2820032512836 
8514.946479773318 3154213.3864507703 837.8017688209046 
8597.645472644272 3696313.335878752 595.7686058563008 
8418.083894756614 3224449.237053532 951.4795072233628 
9058.95566369384 1198142.0147236234 520.2288605622225 
8659.56580708005 2714397.701770793 597.3235450898469 
8468.558791190664 5569418.904764562 794.9530591647201 
8478.68141018655 3499261.1960486206 774.3649558989878 
