11587.036847090458 823719.5233859789 114.267519722412 
9118.530484798011 23164235.161877878 497.0617531669793 
8414.578728630913 7641697.110992182 1194.4838857564243 
12015.908862120352 606996.3671176825 473.8255333815657 
12251.225679885652 657410.0871785328 199.889794207392 
8485.07239974299 14528656.559665892 875.8857012153343 
8417.41156381038 11894380.410398312 1186.5665956206888 
8431.43204379696 9861828.858756766 1036.2179367875556 
9136.859127484387 9057565.602636836 436.6052037959529 
11396.837788740195 651456.4216275064 714.8124168818692 
10371.778483479067 924285.215961857 389.17922037425114 
11276.683871813595 745018.2729768988 419.9415619311779 
8488.734716846384 9719268.231124267 862.5251795890433 
9359.711148777646 1100578.4339364327 465.18157051567 
8999.074950350001 1582870.6509061926 640.7179476440849 
9226.106846979961 2110959.0172408456 449.73837269402406 
8439.341302494264 7021328.613980769 973.214856746645 
8601.436455661045 2608972.1168906656 1016.925231402637 
9555.76802616441 1472614.2561092884 349.021395104626 
11805.547815649754 648826.8317287861 230.3734215472324 
8464.201406071195 8215985.413117776 951.202999519382 
11165.972611096171 862493.6519336486 239.85491043154613 
11924.419078641375 607707.3192693621 475.15414126714313 
9996.064596408878 998335.1119602899 536.3710558159996 
8419.351671719125 5437359.907730821 1143.9649665423394 
10810.378843719112 898696.9082055789 333.1496885335956 
10837.888926404277 724010.3123390302 531.8575897739954 
10699.327942914295 862076.3094294185 369.3123935057115 
8844.605403532245 1597585.9756152243 845.2354657122612 
8490.840271234109 4371484.320803597 821.4318897519454 
9922.033666968098 1686557.3938953364 270.607033002982 
8465.886834309393 4938967.708017358 1088.874658801271 
10989.01392430197 806003.2143977629 364.6213755134534 
8506.686722796896 3606945.0320410132 787.3418399004815 
11571.379946270308 1739249.020132807 148.4396623151562 
8547.526241694231 4175208.56446015 674.5317439181522 
12115.84399500117 675914.1984536252 216.00749470872472 
10585.637427209924 1611737.5271961037 158.12955896840077 
11587.036847090458 823719.5233859789 114.267519722412 
9663.671344953198 2970546.8155903607 294.3793037439278 
11472.864968012807 721476.159710324 415.9830940557363 
9735.525734327644 2101657.141751501 258.74634527383927 
8677.804171790664 2319859.0652079885 661.5078866344539 
9160.025249415854 3765412.0082604624 400.30245557174624 
8435.274795255282 5453555.419758049 1077.3381691558868 
8445.999396453004 5724775.081164597 1043.2340701578485 
12221.18128642159 617458.396911931 412.4637661715483 
11960.1166730671 628777.8366648776 310.7560941252447 
8670.255381753648 4548218.37144378 623.0531553227138 
10205.537017057046 1398490.9828061983 184.2906686765886 
8505.75182719902 3796758.375718655 805.5476544111706 
8638.30608556338 5843445.89794003 611.1196530927399 
9277.764715471585 1139608.4295375207 502.77235370931464 
10608.576694882064 1369577.6654091342 178.12882556690568 
9460.467070510702 3265473.662136282 299.6700050754358 
9094.833201024363 1220120.450407393 767.5238536748022 
8493.760194596103 6061615.362021962 726.207545958953 
8436.655970536349 6355958.06691554 994.467423848409 
10143.349133965792 1628015.0569846923 190.90885745120892 
8511.320556053546 3317432.1055511497 891.2181541329774 
11557.372928474915 654573.6000600401 361.7880849603143 
8878.34987811015 2060899.119233412 558.539688151979 
9623.712470747441 1139143.5559842447 404.60649555846754 
8935.366479288452 1989382.8045229889 553.693146418905 
10107.006192679415 966757.7421767805 577.8225339127878 
11786.385525714724 686687.6518930058 245.72837820924832 
11109.231391336183 773722.5527061053 284.2147553979683 
8515.57581990209 4014471.3898183396 762.0990019703354 
8442.500673356875 6519852.681426441 952.5945798484105 
8865.75559909819 1791835.4940005145 594.3355069784337 
9818.577947285296 957454.73656608 658.216807083005 
9457.741324451094 1100620.1988967787 420.6697376662605 
8750.650039344484 2831014.914113862 584.9796627924892 
10469.387141559298 916600.2347219236 291.0893645111837 
10297.224451427419 1130498.4521343326 198.55171597702181 
8449.875577297622 5184276.8686906975 1032.1085576822638 
8576.984294062535 3130763.8624168714 704.3367642067047 
8439.874426306209 6755748.730067216 985.385759822118 
10646.829240221565 780668.1966211118 492.2199891772995 
11009.264492804592 701992.277814834 552.8779351118908 
8983.606742422577 1701754.1182178638 688.885531424648 
8483.582285843824 4725050.167889759 902.4260845711921 
8422.462230324149 6979739.722673548 1110.8946218066876 
9756.937659160467 1294203.4171622498 273.12128763171535 
10260.954581514527 931095.2836552046 520.5407821436255 
11724.773491201227 638753.2686355396 293.20256102999645 
11651.420426055574 721633.6991705055 268.8536436562715 
8656.47261400339 2497027.7342863395 914.4085568697476 
8471.092897234392 6273801.847433067 941.121745663935 
10528.284153779116 741182.2799268691 555.3329890102686 
8806.221276764927 2345896.207818044 582.9611906077424 
8581.117133476662 5487104.746874751 652.6455845608049 
8476.941490109073 5993495.783133031 928.6775754586884 
9530.56318060976 1045783.7035828393 414.7448685610286 
8498.462723379049 5668496.815752602 771.9630403346241 
8660.010264619239 2729374.0831567515 749.7856877859899 
11672.845578280903 626171.8658291679 328.904257747858 
9812.84638275783 1029230.6989999888 523.9900727702264 
10111.686213522886 962842.3184303733 574.9149141256238 
8511.293946600752 5276109.234584676 743.984347454902 
