13317.229057656496 1855761.7228221702 204.7752794784868 
9131.872478094778 4998118.02948043 496.56524460625536 
9019.604581726475 6280474.864314034 526.0244136554065 
12111.01197553056 1428564.1794952047 322.72344875918384 
14214.627510824896 629286.3446804422 178.18280921357515 
14947.818080129447 1750522.187464572 176.0650664032078 
11889.773442048581 2428262.803271066 280.7368753913538 
13203.988343695815 3009951.4103743103 261.80937196664155 
40598.57615408667 2346119.490274463 43.83711903426629 
13312.992951765696 1322815.1750668162 234.74497989319372 
17176.611615730442 1181470.4481020744 109.44229343042252 
8351.13311609956 10732215.73280527 886.9663912112724 
8393.938945817777 12626166.15608251 738.1662941574733 
8893.756240120156 6154130.196823392 647.063254456301 
8277.599268096537 8816676.844088215 963.7548039560845 
9086.008299984747 4839613.82916387 592.4992689410104 
11523.961100098586 1899934.0690044533 344.16743923767126 
13267.803018821207 2142891.4389338265 252.98012198696262 
9144.822046070934 6120510.247839451 448.67437464031775 
8470.170287443003 7366856.496625426 608.2221485549471 
8425.15373038593 9108650.010861626 752.3904789717487 
8504.604435858784 6451423.935036641 1126.3641574863996 
8094.338776779352 17826275.430876356 2114.22787261705 
8772.734349058235 4283296.474705828 755.0398667354057 
13022.541574256393 3115276.8703803914 156.61114576407238 
19154.71661838762 562590.234440599 72.08075632672958 
9215.226838316046 2695860.472187783 566.8761439926594 
8257.948064483877 9625739.919483926 1238.3494906926735 
25252.12620227747 969659.3086932907 50.269841836443746 
8646.609895439402 4881017.092829867 686.7338470902358 
9241.973354385444 3043187.1141964598 559.0171835342597 
8277.024312334677 9526842.307441523 1153.1460976324267 
13576.470383978914 1867434.7277392626 174.44641515712362 
8048.910802491976 139285172.49439272 7292.52016759122 
9745.305375100636 6300482.155308453 421.28406526948015 
18860.282787211454 881433.8992993904 97.13253931368209 
8547.832154796988 7314332.775500787 704.517441712148 
8970.748285089787 6626586.1214584075 504.45962950492344 
8131.3910924609345 27904518.37741228 1255.3853795645405 
8079.130287402056 55933544.89044195 1944.9132826786704 
9710.415098961083 3394824.1875540805 489.41549629883065 
8094.373350264374 52547690.567674555 2056.294083132095 
8073.59481561848 16397772.608866401 2275.806850995613 
8095.526692814313 40263532.25202202 1878.2646347186371 
8513.006077278855 6444280.442622632 848.0153240571137 
12150.13446338184 1501103.8365290712 289.0878867280852 
10208.772333428311 7664691.6798570175 419.6926163064767 
9024.02584922866 2790136.293831516 712.6014654820019 
21233.306698558794 870264.8280813567 60.47333098063291 
9649.23952400685 1535988.543263891 515.4226167555682 
15053.469312667832 1619758.6167576574 157.22037422223616 
16360.023334828715 1399924.5046979235 160.15344419462053 
9729.018730329108 5281523.337083678 485.14822093809676 
8704.708563013848 8760829.22372333 520.1510363966602 
12133.657008344719 3839749.7941651554 266.46961205599723 
8069.6579738943865 40314675.000105895 2426.5522137635435 
8201.310845023934 10588758.170412537 1354.4411199364051 
8102.886047864531 16173935.574854016 1877.7569069422077 
8508.791919284233 6242074.873760088 1043.3262416467562 
8390.77552414201 8907502.229180915 907.1654878099087 
8269.9161929944 9145035.488097467 1206.282061665373 
8275.508438877192 10686989.005843792 943.4193483262022 
10293.800362945281 2998827.8734999914 287.23565506251333 
8097.848290552064 68153881.76277155 1833.0363183319275 
14086.500469169778 2459461.7214100724 144.5907473462999 
10116.651593396415 1187419.1226701052 432.14140647845574 
8104.618319939225 45516644.61334382 1500.698275536772 
8168.434172923012 10747222.870966552 822.4304967818514 
8107.9798036021375 12676041.489877984 1331.6161895482412 
10873.37119742608 2344066.265487618 396.4240251263578 
9442.892632939838 3460069.7224841453 540.9749258448385 
11936.179722797016 2387888.229280066 282.10427933771075 
11068.311379406869 2971085.6108077243 308.776815797315 
8056.451518419379 50200978.98611277 3164.558124955131 
8107.290694507473 38381351.11192964 1559.4630673750758 
15047.526472044836 857818.537072381 258.0466676005022 
61415.541663255295 1995727.0448084858 50.7101941303137 
8053.427171948031 321789467.12742764 9224.776684215882 
81370.31725498248 1028868.9668747021 65.31982548323543 
8073.636636463031 328489579.69235456 4395.130448565022 
8061.142719069826 108503429.62371954 4633.794685206092 
8063.561106854795 77580989.19160062 6456.8895449141955 
26843.654681723576 1135105.8141537947 68.94689181851324 
8082.688633907744 79749225.70877776 3137.997654989823 
61567.46036487072 1094485.0952673156 65.68646556475869 
8253.712557953899 43573261.19724034 1057.778341038948 
8106.833060607824 17634767.58016222 2450.528236720639 
22551.36957136588 1025553.4311627636 77.76596258203365 
8098.241992956853 23269115.09782145 2176.383789813982 
8108.05581233321 35487839.88273437 1806.2182155316918 
19671.48277638582 2156734.396457917 111.15448083370919 
8700.061724000429 8972023.771011813 1328.4707435140003 
8163.703075383568 14408606.844541308 1732.5491727560523 
16613.62795553399 2097622.9867353616 209.06945566543465 
13856.831596114856 4714752.436628291 324.5551028094845 
18811.04815916204 7066114.770899544 181.07591541145445 
11979.063653305895 3432324.5667696535 388.7912357035225 
8614.82507270604 13136972.590500422 772.1388958745681 
9020.544867245933 10216871.501639389 1244.0882711381644 
8151.444263681917 16428654.528901132 2054.543686640557 
