30264.287554539515 6285710.874200819 291.34847862055403 
49750.68586516975 9602961.11005871 382.22716496336125 
10265.616032830705 386376786.50395364 1918.5951398329466 
11330.281347684726 33510280.345143836 1569.245395502785 
10485.542531329575 182980862.73161662 1605.250857672847 
35329.28579701831 5862765.037221091 360.5611780946787 
28606.526548127647 6528742.707635686 527.9243736837951 
10780.29414368607 5776872.310000492 682.7814067998745 
34055.21580699082 10119633.853152314 613.0186122332607 
46523.976308157435 3973496.8091636514 279.76696288764083 
10413.819211955268 18915441.608536 1364.1628300141228 
37741.86398631227 6627051.623223205 463.2666897589775 
11195.80064464156 7371626.518859312 949.1357620199956 
32211.74547220626 4996756.665080666 233.12217261366845 
10141.354346329863 6027158.9501283225 805.3198833094416 
12621.503876970304 4224646.839327058 467.6383046384494 
36731.5029470984 6729808.887158748 345.15572804283397 
28399.281965817365 12632474.107776752 571.6899425261815 
23038.790463221223 5320975.810435896 389.65890743713254 
10259.34394654087 40278664.25321186 906.2949325343286 
37207.04329886154 5613267.804635553 283.8853854957664 
10428.887677459225 13652919.394777872 962.2345461671894 
10316.611908364473 11396591.668336794 1051.5172693325533 
10211.512409299781 51602260.99686836 1354.1364141414579 
30318.600894024257 7913091.29805826 486.9217850449227 
8725.108975164872 36666990.13969092 1250.4950368525276 
10515.886743012661 11054391.591414755 965.1098793897088 
49282.59366257972 15724975.892472535 505.0681875764392 
11208.865250445328 126418304.6288679 4590.5730600504185 
33675.888920497826 36518010.5514404 1447.3030873475639 
48504.59794964336 4741171.703704053 215.55761665283381 
34620.278541170905 4747964.004237231 316.5934008663414 
10499.544279344891 7623848.734280169 935.6490592451089 
10995.26676547967 3301515.57101597 589.6487719494052 
26420.078644325626 16218535.088770011 487.7175476376283 
11162.944223341277 43412976.56729099 1327.862509628153 
32615.735913771106 4852853.011563929 376.3529554146087 
52378.99777868163 7781898.464874694 247.09062812190157 
11670.894679513425 3812295.8985567 706.4719379950745 
10388.361820596105 8274667.50611217 919.5371530954633 
12220.763489640583 13373502.703168184 594.0899189238244 
9457.55108900566 42052535.233640224 1387.6726019019557 
36676.49054127703 4726009.780786564 275.5546507893674 
9504.113208268067 36726896.25553764 781.0551048148261 
10796.84545790818 5893037.0829254845 886.7801852754679 
10217.354572445669 9346039.75327649 1067.9422048330111 
32397.677420562028 12021653.774092894 595.2774674056905 
9654.256510550784 11045817.04487325 888.2584942848009 
9467.039653016045 8333206.440476377 1009.2741196459272 
27970.173383995207 2969674.019313465 394.58628325875526 
40058.983068822425 11464674.290895805 400.89475740655763 
50221.87817668019 20635214.98994013 717.5845340624818 
10165.344276880885 9355757.973745188 964.1074844295057 
58824.98997878722 6280717.372633941 283.7914032065053 
48690.546479096694 11252038.931120086 493.8976922604742 
11399.997487632965 10169235.102501992 534.3012504484457 
37402.72574970189 6304718.305319186 365.14878618768114 
11205.651701799501 23743667.077941526 747.4491861511414 
45890.36763379339 77772478.74793445 456.75528689959197 
11202.279670821805 8307191.418506381 799.3082877373093 
31643.06839909769 2761062.191692362 158.82364475243833 
50156.77150262066 15380351.551054168 359.26370640525784 
10670.841005156368 40641679.709072515 1323.6296475363552 
26188.964494715154 5016085.504946536 371.245059704431 
30199.868481445512 6126025.220788296 259.0025428558995 
10854.551814195635 5365420.567785632 600.478593868791 
46608.228828114654 7300078.402290321 372.9182348921213 
61588.69279790532 7286659.857461236 293.9020740664574 
9674.93224382907 34039182.22471736 1361.0068161087224 
33810.49543700094 9395983.050063087 270.6919359649954 
34505.3949447467 10276342.327063357 487.79828406833474 
30643.377071323077 4728934.304050474 276.28039819221954 
28996.738551191323 3251778.1287306435 215.984062865629 
44016.289903971214 19163622.77581403 605.3015748717812 
35591.46062730363 7877252.486991895 469.07013563840667 
9434.79664301794 23670496.812253144 1283.423371687474 
29854.615652824148 10578979.29914357 425.7933984564322 
12108.234272701136 6356010.885620628 581.3604550278905 
10288.165229151613 13969393.931261232 1218.160602748584 
23655.095680205446 12233173.290067198 588.0298541085441 
9946.731599106173 17715693.213155683 789.7141321991954 
36284.771242696326 8507840.21418661 451.60009534768847 
27710.050305915487 4645575.995695507 228.97591900284965 
48897.16952628466 3280105.946708953 183.1700590883239 
12005.21781500737 13418080.99518547 621.2418018630391 
11312.782009779434 8859529.034837227 627.2338268127241 
43789.778925281586 7242065.447726771 317.9472349986879 
9244.317616823213 22876112.358505644 1142.11428115094 
10174.487062532624 18369173.113969766 1133.9797174792743 
33029.42841662543 7713589.10624965 487.90416305615884 
42169.441660928154 5413463.599816823 286.34426813029216 
24309.998387787437 5922346.242889684 404.33724609345177 
10648.061527523074 61898874.79547764 1304.525689805872 
10826.256392830517 5549311.319209491 758.4330804567049 
33756.41074335172 7450332.696167863 469.23631319014635 
10678.782269014297 8363568.309787419 817.3179938231566 
49480.43200976175 7446472.899423713 400.0143385167379 
28060.615872734987 11848407.979834223 629.8919106742337 
9963.908870409039 154769623.17635167 1828.0125403421373 
9928.997550215547 17542465.71416148 1855.9971396323176 
