20963.009590927584 688978.2069827161 62.298912115803915 
10334.643132481295 400730.41223456 119.12718974223344 
5227.016923569713 66723417.28711763 37377.26583280797 
5227.051059131763 94615914.91219766 33079.67335050448 
5227.075197114853 32893266.780943852 20689.120358999946 
5227.601445734582 22289114.677866153 8723.087928633286 
14545.853748724101 715630.8048813178 70.53183106118846 
5227.458624966593 12678684.885294246 10865.943664838247 
9217.081066684172 467083.53416657133 107.54565371809929 
5227.264583605059 18514285.175486643 14357.18949943708 
6665.760860864129 670679.6541470205 272.4665035795748 
5242.528242818656 3064728.6699162964 1997.7449767067978 
8383.95034622541 500007.14704559365 134.04949907928918 
5229.691618843857 9956872.898939986 4886.091386421063 
5238.282412243543 5191934.081411097 3067.809178500165 
9312.282526363759 421077.80338716204 133.97315810146614 
5227.125553600205 22191009.72813454 17004.46352865157 
6123.732409112866 780144.9072018227 336.54926673786076 
6925.874043334966 627066.5335703873 250.20685209299924 
5232.199829457585 11228195.749019172 3662.9878686800516 
12378.79427716287 474394.09792937076 73.8403939647461 
5227.16153723217 19628474.20838526 16203.560518674012 
10130.795546258256 452987.95052962616 95.18967140974783 
5259.325657551339 3162508.0484207915 1646.579569366862 
5228.854115991024 4833567.543933135 6514.313992178464 
5290.242051245844 2615311.647000092 1558.945849103148 
11670.269931717765 436682.41591017385 110.7717249237076 
5587.238088313978 1131284.2751194017 707.2569161529398 
5251.563829974558 3313815.295843741 1895.820547571351 
5229.9758468656955 5360288.7106252145 4676.37018115752 
10247.042082316482 411123.22155169933 138.26915680978618 
5228.754439883047 14020742.780967923 6208.963620772408 
5338.605153973848 2055673.4059012388 1211.5346350727912 
5944.0887245892745 876798.554949085 486.64749529081917 
9959.112998627254 437928.04975090694 123.15032775101933 
5531.415101034341 2257174.9459525445 820.4547673703304 
5234.137153904271 3797094.379408204 3153.703480788796 
5504.974368744953 15115508.242596708 988.0994311405522 
7614.369282606788 514266.98144850915 159.6751081703774 
5464.040632570526 1603530.9236696344 1337.3922659408559 
7537.219214864039 588764.7099199309 165.98181156350103 
5783.677631065366 940626.5268377825 465.33211559450245 
5488.311047491066 1806260.3586501332 1057.2209576999505 
5734.713146532258 1036842.8190949755 589.736933100117 
5653.505264594195 995049.1061122317 607.0031711313986 
5412.4909823460575 1651358.6060894118 1381.8306555415597 
5318.917127971543 6769936.528245586 1450.1487520977441 
5228.796460301328 7990888.960709326 6083.2510990903265 
5227.48539746043 10927635.426832916 10332.48286034853 
7609.446537254393 539496.4059959289 205.1958722999552 
6054.625367671952 930737.178404405 446.22957547286575 
5239.922484372146 3058438.503982971 2552.6802373312394 
5227.141504377925 19458111.382168315 17325.24985431849 
12928.740865538011 469166.27076776396 87.95265942102472 
11995.440131140176 394345.9771318074 101.72072377016316 
10430.960739372591 491975.65415108076 92.97140560811323 
11022.157960647803 480890.1003776597 84.62883362358757 
9303.573587368859 445374.5974298405 136.83550157398076 
5227.809068449193 9043949.989114152 7815.597678423739 
5227.102960269925 21995049.473653927 18128.078029204025 
5227.402498310714 14010198.622953085 11993.722298764349 
5227.109620682683 23785647.98335114 17910.17011676665 
5227.0662735548485 75269141.06860986 32291.172070967972 
5228.60089798176 6837385.5129948035 6409.724763224128 
8469.212294567413 572685.8732421958 129.39461888494895 
7182.555612183623 655300.1957517642 220.5117191675579 
10122.100919010169 446344.8685152795 120.49641924391318 
5227.183025609509 14240128.553337269 17523.370398627656 
5227.154572543716 20064081.059722073 16653.843523468957 
15551.114758042993 597347.0938143304 69.19773865736175 
14603.663638590268 604921.1763108302 62.64842253916789 
11946.367618991299 398512.61731758463 106.33609944719258 
5227.32973847739 10225313.793895382 13144.482117465084 
9031.14271009602 459501.2555961437 134.5470921790714 
5227.3701533245485 19447393.109267734 12300.756210317208 
5227.391315554754 22493123.26074437 11367.664480297108 
8856.956240103253 482874.85493043903 178.96282162259396 
7012.587096617839 642332.5959842767 236.25591284933842 
9405.103827228806 415472.80929800024 130.61484505018373 
5227.988523201887 8335763.561588439 7193.815755846098 
7030.4927119089325 634052.7287543459 241.67984229580568 
6857.961424726533 644271.1717869864 287.8135377657831 
9252.95461141679 449346.6178913747 122.66028240023746 
6359.534081726439 850899.4691060175 317.61684872126034 
5227.276427403047 16682254.925452461 13368.343558818462 
9206.275260265975 548053.5478941993 122.14820459085252 
12242.480810528952 406704.00388683355 90.56742486467333 
5228.893960490501 6601027.473673663 5773.260187111239 
7631.972312553011 509141.708680326 158.41810776098302 
5227.701715921639 8876695.505334217 7723.394114348874 
5227.239185810686 11812251.509942496 15256.061624027652 
5227.171747214933 17212461.9321568 15353.014831805842 
5227.168982075865 23206546.190724187 14604.121447880123 
5227.080095284373 1322583873.8437338 29053.926129015603 
13272.680033809875 651631.5303907738 84.24471853714499 
5227.090725436245 87485804.8544614 35794.21187512076 
5227.062665118795 153248306.71802592 31800.616609269728 
10308.920874096875 435184.9037955297 133.45790551204553 
12327.672463930116 621753.3835753159 107.47424209223848 
9663.400627634337 479259.8730990601 117.04712059172417 
