5227.025196803391 54436730.32338937 29992.544744003062 
13876.624197413754 428358.6297094318 75.16728702192799 
5227.029682436003 46004902.05538357 27835.909809496723 
9466.02658881336 517955.63855174504 127.9182825887128 
12492.143083085099 445426.9194881409 81.04432580873898 
5227.0614468401645 38704811.773122415 26842.90847370795 
5227.08413676732 38578575.846024185 23595.141207100147 
5227.102367197179 31808490.381358843 19212.84418914374 
5227.120119758198 22799021.573526446 18973.78187942802 
5227.1764457418785 18228524.554362938 16248.519119222368 
7729.39967617154 522033.7567837113 165.06980667101794 
7936.856751526793 524163.6744273064 151.616976560952 
7442.948532732018 512059.929163412 171.41827667432392 
5227.115976750475 32442109.805959746 21656.097663085413 
5229.549694330844 5285618.105055114 5371.725499576405 
6363.791165541445 895310.4579251332 323.6669159772722 
5227.749554017555 11659151.957296042 9301.937903987706 
12805.773487787206 511629.06881567446 88.04988606631696 
6063.83617807642 972084.7468336187 397.0948598955375 
5227.2718747890385 22230069.758077335 14698.556640238496 
5234.105651503496 10346071.20915331 2997.215484434347 
5228.890165860213 5526018.960959664 6381.024527385024 
11899.499246448442 451260.4461281021 103.59584720543785 
5227.164363774665 19834112.84554141 15198.417588351887 
5227.263455420235 15784846.827238481 14439.69118857518 
5227.762291751643 10288039.314706944 9719.857473658158 
7392.871051840426 547023.5784589534 174.55789591653516 
5236.895104403159 4615842.401386966 2469.2046194941254 
9227.73734001485 428204.78047171526 153.46708285023047 
7079.670784544697 706153.9944875607 200.70438203651295 
5232.6398816065575 5483708.980808054 3525.9546444351713 
6999.511496969982 615796.0457452665 228.8814434016939 
7213.985740713161 770038.874577395 191.47825865351794 
6347.756090908052 900684.5988159615 429.5718333076769 
6198.704438596965 1315017.033684412 308.6630163212461 
5411.6865989926455 1634472.937643632 1397.0031924134723 
5228.304547602724 9226284.272904921 6628.374513832612 
8787.210228129994 466198.61970002885 142.45872481075992 
5856.856543279746 860167.9962003683 537.4696687681602 
5339.332011269532 2054970.9770613518 1203.90680246984 
8921.570344402831 468834.97593200015 134.99324823765596 
5290.268950226386 2594036.803977748 1567.7674044275611 
9041.033273788957 445368.32409145165 135.95164280223594 
12641.799202917075 445360.83411005227 89.10938086399422 
5231.877575154354 5760449.14181106 3958.8949854330544 
5530.882263312282 3962432.1382373613 887.5085910672556 
5578.719176289234 1291220.603800918 744.2520525530668 
5675.858316463855 1092578.4155933755 638.5394868069028 
5251.57764589224 3043858.7363230074 1830.8837943871263 
5486.957641747716 1848768.478018309 1057.802981013642 
5242.715767844394 4247774.002427438 2017.2904377155958 
7358.532343149994 583217.2116137907 186.66483358189976 
6101.905877333224 987738.6075053501 382.034115689726 
5227.5672800465245 13520161.826390052 10809.821596411759 
5731.839700991407 943631.7447009431 491.962982421905 
6451.678732007273 1715343.3933863589 289.4567454046087 
9167.97342978105 430597.04655480734 149.4143454682102 
5227.751260690481 15419237.221348526 8641.813693075055 
6012.681988668952 1858629.2541350904 392.1293314610916 
5943.979551353701 886871.835685954 490.5304591455173 
5227.652096487879 10056812.692063658 10291.961384823027 
5227.442089940564 31947872.04722878 14650.558944310998 
12007.865218255447 447503.1600625928 91.20344888196374 
7414.073399736344 503301.0391930732 194.54729121667714 
5228.405063176356 11850733.366079401 6549.31090501051 
10020.724703729451 444910.05549674766 104.56648424652553 
7596.926237527161 524493.8189414133 148.17134066572038 
6917.272397011599 705456.9874478447 216.4708770245586 
6721.8145007497715 1071016.9751386803 253.5600508305307 
5229.781767219989 65305686.019526176 4805.772604788247 
5227.564791687764 10692351.384641636 11165.087637692217 
5227.374316756244 17213638.401360743 12975.99990414173 
8008.668706954143 501733.34222282335 161.34767101025466 
8026.386005755505 518749.053496889 148.74554565265777 
5227.077125256921 36839986.50956481 21912.548633953138 
5227.115223036124 24196074.56007212 23512.69129910144 
5227.137511276003 18029793.970505074 17647.78541505857 
5227.8408381152885 7537373.939100583 7637.636514883592 
5227.532810536721 9619506.459724944 11277.834224393073 
6188.137456201236 1028691.3080686957 362.7803853570385 
5228.285626247678 8631156.824466737 6795.7749474090415 
5227.700549172526 10804247.254206043 10680.708140965275 
8567.924056685539 489177.4809957142 197.36990845630498 
5227.209814025075 15528565.698596196 14781.827155343595 
5227.10019673612 44681548.25089427 21853.159511380618 
5227.1038201018855 25368043.261293914 23409.402909019267 
5227.074495181716 35214651.14988577 26582.163458820116 
5227.156501999878 17692203.091986798 16848.97348639552 
8719.110909137496 507735.8513646043 146.73578247432772 
5227.075543686938 29618164.136786826 23271.48570299634 
5227.024114464671 70870365.1804258 32096.295118414448 
13101.668762699019 467406.73630378273 92.02223962147328 
11870.910074132198 440354.66125118034 149.86208715006876 
5227.076577355948 195306447.2638215 26440.72479376729 
9027.035913427255 655270.4082598037 149.19992166220098 
9755.290589782811 558356.9318373977 135.81423080960639 
5589.4781632567465 5486430.938366632 2623.764695900191 
5227.044377199246 56656844.60362284 30926.30176017323 
7446.142352306954 543144.476022468 182.8328216054671 
5241.253325847612 29492993.320898395 5069.5071516989465 
