5226.985277720251 77840919.3755799 48885.871688818355 
13381.352407998562 401399.65690184594 90.12515322596876 
15660.517614304457 371265.71371307556 74.67611917071535 
5226.999351535929 64685077.45386398 38496.176195512446 
5227.000948049931 65531127.83386794 38338.13720300815 
5227.114695261071 58800479.41794763 21826.643775238317 
5227.052259143363 43131949.851598136 33352.97133301484 
5227.02182342052 57791229.67288821 35743.14413761843 
5227.148583945013 23228826.3458366 19294.819244163788 
5227.1757499258 20066031.279481344 20128.250889507482 
5227.185063780685 21874127.74789771 15918.839448447221 
5227.079990851468 44727070.29427487 27522.17725036224 
5227.376531391399 15473100.321737785 11741.317439042445 
5227.368767706251 21716979.218327034 12359.158396731162 
7083.52685076018 572201.5978458936 186.6215642552042 
5227.291301481342 16928520.884502977 14987.386976966623 
5227.83126646373 13297405.099397581 9542.418761174267 
5227.137641375374 29661055.893502943 19905.32819029988 
5227.5554875759635 9788531.33812328 9782.12102404484 
10192.629721508849 388713.4813112626 102.03297664447628 
9953.215852718507 391521.88677921734 93.3646491604386 
5233.475951237894 10835300.748404719 4187.624250201289 
5241.337057418221 3185933.403619931 2170.137835645047 
5232.861295284872 10171216.436998002 4581.387191942347 
8992.160653398234 511164.4532055102 123.96129042314612 
5234.3945186209985 16998785.61120452 3153.6951231647968 
7103.380614040605 544177.0155244109 242.07726551708663 
7470.80937423425 532644.8942459124 199.01234077717007 
9136.92772753304 405827.2197579309 110.17897285828654 
9917.308275257936 411077.424546305 87.18219385232064 
5228.613158104658 7743093.647288822 6424.049704832466 
8418.935015606787 468471.25063208485 160.15300653413615 
5230.995317058558 7293175.9819269255 5227.524795767836 
5275.966855514265 10125602.908570435 1856.87752825294 
5227.872596553698 10483001.642509148 8580.12067597956 
8655.449551582888 443061.0068484733 124.13457868614475 
5228.695882318974 5523850.332265594 5601.116921574765 
5234.337696395007 3981762.725131039 3742.575327797222 
9478.73236110065 398942.3683907808 93.57958252502588 
5228.035978772837 9896479.061236743 7809.759293808375 
5449.066727761636 4624367.336312651 1026.2969551936833 
5338.728624946624 2039620.9701157385 1217.5626143281715 
5228.319375864778 10180039.898358425 7040.136898669642 
5227.1902726544295 19710698.95846884 17861.291659785893 
5576.057069147476 1114501.2429758117 677.0679813279589 
5227.965614917123 9941124.96252443 8376.227813763317 
5228.503968708057 5438720.030657379 7554.782077967818 
5227.025625450005 50874704.07903994 31651.35806966255 
5286.332271820976 2329903.060299679 1492.8692395058454 
5229.312772636566 8944500.592243616 5504.519208371047 
6444.18790299794 850315.1452520796 316.02800453451937 
5477.690245527993 1640340.5722956846 987.4902387359406 
5233.889005220282 5009640.806865089 4009.142855085235 
5662.575813798554 1101327.6822754492 631.3867456545338 
6000.013034848225 1303395.7642434153 482.0263988097857 
5843.8784179825525 953540.1444272758 602.0439760429741 
6987.8913626383965 640747.0727896034 229.84348652551103 
8291.84260286259 484841.37217302376 188.70104635650213 
8824.773913893974 440988.12633812515 134.02854137635777 
6269.541780368196 924311.9971128006 333.52046690428494 
5783.617005071378 1258535.1739522445 591.7132757664764 
6317.817608826819 796636.8589830135 346.42519248537167 
6559.057043412317 1016270.166106671 295.9808645174483 
6108.147692249563 844217.5198074569 472.2341235454779 
8869.91603173228 431535.07911345444 150.49662343039364 
6665.254368582049 918504.992382779 298.70719334883137 
6857.401655018569 596839.372605313 234.22686410328348 
5227.238626240245 25314539.501585033 15610.72897728292 
6981.263604797409 588674.1141152336 246.90028047041469 
5477.587413503635 1749266.659912229 1137.7417233492995 
6635.532136462238 976365.5140076653 282.7561639508002 
6075.030784697552 1242713.1988098389 417.3527318430826 
9401.086562845314 397801.4429523103 100.37074939853544 
9394.19801832484 403298.71614852035 95.72362350880402 
6025.5033798597 929487.8453937209 463.2828021368377 
6025.182775336036 1045296.6828670535 488.36725774552366 
5227.3175747633795 14860609.628819598 14109.770241188071 
5227.078191586638 50399595.43696449 25303.02682396042 
8262.284447250842 492361.9029514019 204.2468969644292 
13574.59231927789 365496.00620749267 85.5444241771396 
13573.430429565205 367205.78697608504 84.8442917692002 
17429.63333401082 448911.8004036296 54.82746224222596 
5227.548618693048 13219667.866433928 11701.498464497321 
5226.998192863063 85221757.51476479 47525.68512215083 
12559.018470231102 371515.1417503693 75.43729093890295 
10220.916732326847 384481.07365839265 91.7933137777214 
9910.972382384114 404510.42465362535 90.5226266295351 
14759.026082332804 363298.573919973 95.4358797845205 
5227.060397931309 66239416.99154175 31079.65198337222 
10805.2705939093 403270.0320197681 84.46410634411063 
8455.23838692061 480276.75763322716 130.35917166875313 
5227.008137007915 68726797.8213013 42901.754520238545 
5227.099053224455 75378884.65826608 27806.897477533006 
14110.679086941778 410902.3192470456 79.85179553771235 
15462.669823985909 373446.1874877494 86.18514120629118 
11975.268887435419 583567.258135365 203.2538386367771 
7106.646315689294 868483.5143666989 225.22291400130865 
5227.021221437293 64161113.378458634 40932.96749754497 
5227.2515945707455 28102858.74037332 16779.27215444647 
5227.750612311737 17449703.668101232 14242.217576109977 
