18175.85876607155 491761.8011628343 47.81850367924404 
5226.981205646947 512069149.0548443 123058.9889558527 
11105.485585478067 374799.78869013867 107.69224585723292 
5226.987071387977 139591139.1959674 62761.19786845972 
15242.6813586048 503135.7256709542 58.83223437278991 
17993.761703988992 552460.3762000514 53.81928018339722 
13821.05707024432 468777.84749558324 64.93914821772513 
11487.302973833617 471675.25045688904 112.23007214336089 
10583.000553898934 450523.0408234974 99.28812008816853 
15277.137940424818 441830.2405248109 59.0726158595169 
10745.306869896476 433548.04582885094 81.72414037595235 
5227.012757405042 78067466.25460254 37379.78714162354 
5227.012187534964 80486528.74266969 37347.69990497401 
5227.024364980357 60317026.99481982 30860.39046817566 
5227.105873749571 40956439.79656769 20912.94638354864 
5227.057065908353 48796122.943548374 26285.35024155226 
5227.043805189664 82273254.53602348 29750.923123862733 
5227.147948987092 25033292.5622901 18552.343296320858 
9965.08785755923 386103.76144457527 95.89565147621535 
10588.85970479296 461137.49833547755 79.29410606635304 
8560.645160823298 420492.49154674896 136.45388593038027 
5227.108560786573 21748301.20220043 26002.745931882557 
5227.0286898580325 55441350.520551 30952.920524837435 
7760.741011190065 493693.8030639874 146.9926886017202 
9532.108583572022 414132.8584979611 108.24896903833309 
8140.243339338813 494287.6531230417 131.17368192260957 
9665.882981280318 389631.14149388886 102.4671326405154 
5227.125446894295 26129398.373338535 20216.719362997614 
9194.478986232072 391264.8193246948 111.93094869543977 
6328.6483746076865 815483.0204881685 384.82278160627385 
9907.60344293957 382414.6915668619 107.40042709196075 
5241.175162250962 3625202.024884579 2550.8805390936113 
5227.2059653300785 16036916.421216117 16786.216166332808 
5227.389040003947 13451593.606192123 12697.95409351079 
5227.642449006993 9321289.622904353 9805.493481112877 
5227.529565650237 14627320.281837955 11460.256953003352 
5227.387745396629 13545482.475910079 15117.26881800493 
8343.324716043635 448711.6107364167 125.12445927095831 
5227.347861591123 17339808.79020993 14650.740325915967 
5235.399411685739 7307877.313596959 4005.7992377689047 
8471.57699807024 446870.85582387616 131.25379696862302 
5449.140127802784 4802918.254786334 1026.7346080071395 
5531.062121686299 1379709.9013605616 846.3653914194036 
5227.671124360173 15822291.573135817 10867.781356798901 
5229.3417921857135 10564347.770428577 5404.77567899497 
5228.351123363269 8429642.717376979 6447.980679162868 
6948.5453530315335 609982.7147876562 243.42735488762114 
5230.260106790433 5582172.371267463 8363.894999566208 
7612.883087154345 510497.249586332 159.28449201119756 
7218.954149248454 635604.1271698744 181.96711690379223 
7497.83568106562 567950.0625727336 144.17140657765225 
5227.185794821731 21603623.616947673 17223.472162281214 
9040.403578696476 420311.66122118186 112.75773918540636 
5907.816044606573 1000827.5516141988 470.2620434023817 
6979.309739874953 575267.9398723089 185.48062291793147 
5275.327220672049 3638620.9021890284 1833.7999135286032 
5339.557031892122 3617208.8726736843 1246.5008488807384 
5595.263838378726 1128441.4702305573 713.609896675532 
5227.192495149664 17386840.937430024 17877.717261735626 
5674.002487586701 1110207.855010107 769.6913518010922 
6162.949277194718 838544.6299587906 423.7992701799007 
5228.413399742461 7034795.23874339 7010.358106615291 
5984.271428516944 894505.6673799553 443.89559058690804 
8234.668946752156 458147.5346783382 131.54017584385377 
5227.927101045894 11463594.849491013 8106.114810368316 
5228.254926053856 8594416.300922887 7343.082279518749 
5231.152538275687 10819787.73781829 4812.31970852679 
6263.513290316627 829683.2397681741 362.20650803120986 
5227.56134710406 14488442.434911268 12255.471801172816 
6062.973837530524 849922.8498414884 397.30286467586905 
5726.837339197982 1055115.8293805178 667.7160447615305 
8163.84364777675 474383.618209242 134.76338211680138 
5824.953669717981 1230791.5419981573 614.1355985011807 
5288.718256229101 2614426.9134827694 1484.9651646377188 
5227.448976606541 12071138.70384709 12001.383494447342 
5785.974911521375 5512923.094466802 649.0565818429797 
5403.188559882936 2973113.724612701 1468.9157416560456 
5235.315137626343 8675044.06267359 4389.494746308641 
6634.0095707467835 830585.0450927268 280.0688074053806 
5403.9869505046445 2333547.5267244964 1190.6970939827002 
5227.255149368809 15293781.272143334 14885.088212673587 
6044.746100504706 835269.8547803145 472.10698717720385 
9041.940200727811 407709.24914378754 116.87639172385295 
6204.039260098226 900638.7318692338 352.50154246170655 
5806.342475053004 1192517.275389969 517.3393104411842 
6203.679507762092 847116.524385853 423.7968435857355 
5227.603739617346 11956196.874406412 11499.954203662388 
5227.821434464789 9417356.946341027 9751.340826112842 
7394.786945152151 515512.0225523391 162.16019769540813 
7947.75920245169 461950.62817383785 151.81051136957328 
10335.61229862096 456006.8124365504 93.1002367909073 
5227.047779403502 62745698.66038094 28520.125593967412 
5227.003011908824 89331450.06870842 43291.011917813936 
17435.599791741322 555613.0165107191 55.24984074394597 
17443.118060817178 555518.5646311037 55.739673277519096 
6371.080687995099 820954.4726828351 348.3682298430224 
6572.539046334914 644703.5269392821 315.0166987022923 
5882.014145087683 835841.5917445143 492.74217359682 
5226.996846066636 649157218.8196961 117677.4783239129 
15120.618756684536 522204.8901015694 62.91734811129084 
