16276.127305379117 462867.42773090233 70.75007433441203 
11681.569298995331 375938.8233099088 128.5063724292673 
5227.021457542391 81603016.42730144 36897.88534122948 
12749.516129423797 386139.09356643865 114.5094651768138 
16528.01149328226 457347.07686632976 81.53824745348763 
5227.064770012887 32686011.501630556 24863.210260331125 
5227.023993218661 58877248.65893271 32787.45445870365 
5227.072686492315 37612957.28415709 20617.097222849025 
5227.045846816127 39951660.20357469 29319.782995136567 
10830.09984824661 423214.9746502865 99.21665748839365 
5227.224458036182 22667875.72867788 15937.961097383426 
10660.172047366941 387850.71528264054 101.59061733108383 
11874.185061982911 534122.9167570423 120.16389003388355 
11671.158405540398 386736.6571405555 104.62707261950922 
5227.063333575667 35571218.98923223 29182.066459693753 
9577.990369555857 558463.8141236609 212.71386037100424 
5227.110360306154 21462840.309740644 18081.726383738973 
5229.194126610826 10795278.015787533 6233.307680352325 
5227.234445489446 13407380.477292294 14597.033273142108 
5227.3631065649515 16291803.71580315 13356.260630076846 
5229.242237095942 6922848.198674265 5222.096183166367 
5227.295481491071 17022604.251214635 14553.256684081456 
7791.818692978571 522464.3691349132 141.36551232379247 
5228.641596055802 13877036.697561441 6942.840263852159 
5228.876900202066 5530042.7276841765 6320.1505815270875 
5236.974323878524 5594345.018379244 2707.875345824514 
5230.531566113321 5696875.34424526 4193.208529523405 
5227.223302036849 14653250.05627217 16531.727546624348 
5663.026706805631 1272823.3040459922 639.4142285785867 
9256.43572288371 479828.85555752006 140.50261179429648 
5237.207327917604 3162974.6774534164 3472.1195764773297 
5290.158399795796 3222143.773681579 1571.7178326120356 
5228.522119123522 10349049.53461349 7609.388349501567 
5234.6364139290645 5138041.000929676 3106.7328465569863 
5228.544694128301 10220485.336124038 7410.6077393405 
5860.924675582168 1112906.8371136703 463.0557547350398 
5229.685281380136 5352008.943895712 5382.192658762633 
6613.809449209457 713981.5268352134 220.95598504954324 
7405.402055484907 543779.7894694606 227.56471157896476 
5232.069670287632 7694405.781655671 3715.939036031151 
5417.65985858861 1767654.6891391615 1369.6442549526514 
5240.469485141918 4795984.373567097 2497.677586087533 
6944.881944634284 595339.0326332095 285.38715841420793 
11799.386712621 395664.23858216195 89.20065090412633 
7103.9188130631 582557.7344599031 251.43833529793181 
5242.403714503936 2698969.573139692 1971.7982955415368 
5502.216403031965 2644012.666491402 967.4809091558191 
8737.736861847483 492734.8345601777 137.90276527216446 
5234.087749664525 6211098.1044166675 3661.9688330432173 
6763.184899092592 608760.7616760816 317.5842798267952 
5241.32525880049 2527694.1391461547 1983.6784536160383 
5348.312268399747 1988158.9549027085 1191.3562571628388 
6469.726557078926 784321.1642085788 332.18550275135976 
6317.273603578387 912667.8570328671 277.58538660137793 
6125.3740804212175 979626.8923382823 337.3826298463033 
6735.3644353099335 631612.4174244318 288.0703451900808 
5531.336926162094 2184171.440012523 816.1167432379225 
7019.34426006023 599484.5735706214 238.92876728757346 
5921.24830095301 922634.5777644081 517.2378822817759 
5227.399626645062 14461060.879140962 11910.851135794628 
5633.713661197308 1613328.3050244455 1225.2508788028856 
6049.308978564819 977822.3146266183 372.6850358989321 
5322.058670964362 1919729.1479174006 1234.5254328411077 
5592.44457600625 2474705.12532855 782.9099760351216 
8477.01862800412 484820.8793242863 193.0447264247248 
6011.187002807751 1179841.715528221 437.1741717372941 
7844.165727228393 509341.41252496606 195.34063473414867 
5227.082969372434 37524686.98192778 26876.861988318735 
5227.633341278862 10845683.241311189 9900.286525396064 
5227.083315054818 23258558.313674524 19753.7515603306 
5228.141998933629 8425549.734243508 7887.435286774088 
5227.176738735921 19518926.66765826 17902.9156446896 
5227.120648007323 21932037.09120442 17778.395169839325 
6423.927030521219 885874.7891260914 278.63236508015626 
5227.496650929587 19920386.509388443 10763.160845471106 
5227.173913130246 20293693.586326562 19764.459578889713 
5227.071601066715 27915608.34759608 24230.208087252802 
5234.044118587367 4625329.330901282 4309.14107866587 
5239.063977297779 3640739.642701158 3095.421598574243 
6628.742566096342 708000.257174135 357.69005437555995 
5848.98114565567 2635187.4642627947 632.7585414172332 
5227.06007074023 151610144.93394274 32766.084563386292 
5228.774145804039 10535340.340809187 6499.570381114187 
10116.1717871483 439729.47075017437 128.31613419934277 
5227.1002334054065 22600980.37120557 19497.226456268556 
5227.385230017193 11892026.09517933 11744.452743411548 
5227.163390965744 20349604.82823557 16697.998570517724 
6282.916244168524 992791.078823988 313.30321139959494 
6072.193541174167 827290.506397659 369.8769322926711 
5227.060574505924 42869706.4686837 27357.814814591955 
5227.9142361230015 10321555.961957725 10586.143537402058 
5227.02079063828 81851147.43373884 36939.355059776695 
5227.021181077212 81832018.67334309 37231.71185474093 
11125.062937977073 388957.96977989597 101.87456156882408 
12380.841293687823 422983.07099243725 90.79127087444594 
13905.107244840927 416010.038391062 101.36424488948805 
5239.041387411457 188551996.01796195 6141.259665955966 
5227.022384003959 141066266.2064591 34006.15543350927 
8338.58829679711 633176.0711250536 148.17034917076558 
5227.0648112332765 60444503.38220885 31215.114249635906 
