10637.675421440297 605478.2892516544 141.6358980463438 
5227.242774720788 43547462.73269686 32792.56945786983 
5227.268381502644 45378787.70559446 23479.303392851554 
10502.10103548262 673378.0657552462 149.20094397422054 
7418.425288743261 1138319.8082117068 255.08681161238607 
5227.3242821826625 38370780.65818086 22955.766963429312 
5227.347904136932 23367236.557332024 16290.791258101088 
5227.295900513501 44390317.89947483 26335.580002597617 
5228.668212432189 35532383.56379564 7382.373609621705 
5227.317437723166 42395120.92380572 26009.122383175025 
5227.4592847407 27534478.152903274 14795.648259713302 
5227.48650612588 26770121.30209676 13379.413032450286 
5228.05174014022 20157256.523173116 9442.949387882465 
5227.901430981332 15381511.352783963 10604.403751255613 
5227.602401187527 18747250.343567103 12697.028866860846 
5227.56627602453 20813856.472132802 13753.923874224492 
5227.485925084702 29210917.05612931 14362.784853559133 
5229.543580469054 14427516.09544001 7100.998390442303 
5227.503146383614 22675903.683205426 14366.964114454024 
5228.793966053175 8894820.417226257 7428.130321013505 
7261.492403000861 855353.2175224964 271.95972722358727 
5228.545654165378 11415225.246231554 8452.150678243654 
5227.654834718657 17321423.427630633 12176.888065280014 
5227.755389649291 12939623.778885579 12684.687961026873 
5227.699256116788 16782538.314289924 12171.632553143101 
5229.844757109036 7005996.307665631 6201.013049980804 
5235.819469827018 10144853.101979611 4073.094994346912 
5228.414360792475 12655692.217513466 7931.3929986715 
5231.513217753195 10413511.220423812 5589.247862541212 
5259.696258056399 3619405.8306571776 2457.512089424707 
7085.813321952972 864471.1612172874 279.62196498713575 
5249.508370235766 4322551.157622282 2834.997455058862 
6592.540229121367 1260388.3397909533 327.0960369921713 
5231.883697520506 6672455.97587358 4769.372717523373 
6880.809487227383 1066513.756821863 324.9530505530005 
5273.808126422822 5078983.446987799 1688.1882151034845 
6749.648705972988 1074862.0696498412 329.2774252246666 
5247.713665860925 7828578.507918544 2942.586430460692 
5248.137308824905 6301351.037479682 2731.4179216520015 
5229.951541172917 12100120.748954881 5884.218142359793 
5227.762714609804 20184186.894337133 11251.892768543747 
5243.640330182788 5563773.799395503 3384.8370750592167 
6396.230229356217 904047.6964914994 334.583644917587 
5229.8746595044295 10961335.152548807 6191.26058222052 
6989.3996488245775 953645.9774814261 291.59252178805366 
5264.885764200271 2990770.103698075 1907.443353090118 
5227.78178450657 10698322.184955042 11181.62052567987 
5228.848769121023 7961636.983642648 6957.311181163263 
5227.73109986255 23081187.585789055 11727.875932058323 
5227.731341956347 15128771.288972784 13380.113468922802 
5242.949841742283 5400191.767043165 3786.128269024679 
6788.253801344003 1063462.3742971362 289.0594046944742 
5843.826923994038 927082.7289046358 476.4680088000397 
5232.829252397861 7989392.758924812 4320.393890042778 
6091.606390946829 966761.7757623349 400.25015008666605 
5230.362748706511 11586209.303304173 5966.0466385873915 
5912.114473476361 968734.1455512933 459.5546401029589 
6343.880901440301 948698.0848965028 332.35486978077034 
5784.816127679824 901444.9161104856 505.04368205676576 
5256.353341885153 5450476.65546133 2207.6629155207597 
5243.318420321261 6792420.789252469 3516.265836533954 
5227.5745795129715 22928005.574789014 13600.518704830281 
5398.915130529836 2472140.43010032 1121.6822969576247 
6026.481524172439 1119463.8623504788 417.44613068165944 
5733.414212726125 812090.5046116441 531.4096763820293 
7045.003731270193 935671.3647734605 259.4005852868025 
6542.554774176593 921653.2858193521 337.2988727779017 
5377.599807143493 3046605.884290512 1205.7929819345156 
5284.19970821332 3182191.8040119815 1482.0650115521164 
5318.353551845922 1980315.5856475225 1260.8049750078758 
5335.667513350404 1592738.0501832548 1425.0973349475858 
5410.970581730688 2133387.4741102606 1103.3439000805233 
6495.046420485648 855126.9685279131 343.5731589168864 
5234.427683432423 5545263.6141161425 4688.190587539552 
5227.700075890787 22790174.751538035 11850.53961423594 
5614.612083927997 1466433.6912345125 677.0474452812651 
5281.489589213631 2375167.9958973103 1522.0406555930244 
6442.303250253973 828628.6435773816 444.67329486642546 
5682.174013169684 1161729.045812345 614.3866598251417 
5480.984464111238 1775387.814091687 946.3441499816728 
5425.118787408246 1827216.5077379353 992.0912556173068 
6073.600319412411 1474511.3062851476 514.1809642373515 
5962.366387426164 1277362.9817124472 434.03592146246564 
5449.806345742446 1564910.3039445952 1179.8617120900108 
6212.85457208305 1190417.2153650506 361.142206212814 
6159.024255555853 941674.5605990081 399.2002939986633 
5583.110620031605 1376418.3868035986 713.0768647802489 
5717.026239419516 998608.1917374408 633.1043622494083 
5511.395251047243 1846004.7283319829 838.3933452684464 
6451.428535452076 823596.8877247387 357.55482153089014 
5296.6424131878775 2458595.3860268407 1446.5679255120917 
5659.736957503556 1674654.8443527392 632.9008309744133 
5646.35699538489 1145057.2962149857 801.5240642191231 
5529.691890328555 1965104.4925578928 795.3157223123449 
5497.610307948318 1575227.2824822762 936.6820162416236 
6219.127784446863 896324.0579114916 370.38640307953864 
5555.505128832367 1563267.9243942893 764.3082931201842 
5578.967665585501 1502495.849107408 658.0163240797273 
6256.604059098658 890853.4855773726 356.12382424394355 
5527.3514247304365 1621002.0172868168 865.1892255314427 
