9907.180504111675 382378.3309123533 107.42120893578438 
18554.26204454668 557253.2798707857 53.90948796373161 
5226.9858338361355 594122828.41776 124712.67586066363 
5226.993821905891 517439475.01854956 98568.65485809812 
5227.006933246728 110944267.95214969 49873.71902376326 
5227.006703891523 114208520.4410753 58319.42311108264 
5226.993737209048 571035521.5217792 106200.46278023465 
5227.005382369182 143244240.79266804 53600.736686387565 
15444.162844203358 505984.98677670903 63.94391215319191 
18433.45616937115 509484.34793177125 58.51682859905591 
11993.22750320547 448624.47674440226 80.91429782352061 
5227.009746346967 75615404.87915997 42056.66287015953 
9966.12849208949 386070.5566192348 95.82116016325863 
13025.992474111896 661287.2533105307 79.04705167421909 
14031.310772362689 792183.2280312153 75.95178963242513 
14759.26177675064 517617.9439283892 66.94331154765669 
5227.02954065753 47013710.417941 29612.809253621803 
5227.016839464637 67729721.81493302 36902.27073653477 
5227.02827768105 66710523.34858184 36024.08719865586 
14360.949480199555 561662.9410250508 75.6038214749012 
5227.050769683255 36793408.25972098 27705.471798233997 
5227.1018835578125 53301412.27321581 21128.442190109 
5227.083880097452 36767834.327096365 23481.818963920075 
9262.75389830433 403640.40612191043 125.49593864406167 
6263.462008287501 826593.3506448675 359.7797988057173 
6744.119999245032 957986.8091515474 261.8854651942525 
9577.381082461645 389324.42521239235 113.1502521114211 
5227.257849644459 20864041.13028244 15933.350622484479 
5227.66309064043 9550194.450491676 9026.198760896716 
7810.537375045461 662468.44189585 175.89300955199252 
7337.582787463716 549950.6179320953 190.16632491163566 
8459.576718096458 422943.9043889998 130.1022743560847 
5227.2774103004695 16863484.357511412 14811.75899397551 
5227.733581883251 11143783.873461377 12898.060640822052 
7864.171792355481 501405.67108436854 218.20935903999344 
7112.851289060422 568529.2752494483 195.1148242099624 
7722.725358729709 531182.9422155881 161.53819887450015 
5227.24337837712 27276282.376878045 15977.569111373732 
7486.2539294762555 538546.2026848812 174.76869017421927 
9105.768261852387 408377.82712001906 110.67585474774725 
8762.412505125636 443450.8516046637 121.11778544678862 
8091.666765170374 462298.6125822368 169.77831793305194 
8896.088773525562 482488.18313076696 107.98492200472944 
5227.189916253473 22668826.12086664 19150.194225511757 
9769.402737466487 388231.1434300287 83.30806878609475 
5227.234147931495 22854022.376258694 16981.058529073332 
5227.075720893088 41998761.09770287 22423.8008583917 
5227.152585036237 32868342.576975614 21444.759607487373 
5907.816044606573 1000827.5516141988 470.2620434023817 
9005.04131233953 419592.29765536275 114.30948431129796 
5823.754035486181 1187063.978727349 608.0376070170097 
7780.100241959291 508065.20366942434 152.34297557482512 
5227.366036980053 18322542.985032216 14627.962018119497 
8266.618518823332 466134.61419560254 121.05215690214646 
9665.701474684198 389502.5918569767 102.16821927384584 
5227.194463467301 17446343.39984308 18690.06536510982 
5227.023926289494 50643245.12898253 35994.92368059763 
5231.152538275687 10819787.73781829 4812.31970852679 
6063.162464670735 850878.3078274538 397.7642342940404 
5227.259738649961 19472368.998785745 19547.638595673438 
5227.1159857253415 39065858.330351695 22961.448080466413 
5449.629689514978 4819398.040029254 1027.9552216533175 
5227.3865769120175 12179630.087317646 12821.814618653898 
6025.7305788469685 933428.7090252611 407.51819123192735 
5725.013334034775 1094123.7442303605 671.4195816448806 
5339.566897364281 3617050.1333651477 1246.53267792461 
6802.854051217883 800639.3003656383 231.95347502499132 
6702.307071938953 717627.0998262358 277.3424691915827 
6203.6246327314175 900552.655002988 352.52809305537926 
7468.993577502354 537802.771393323 186.3019051061939 
5597.394001776622 1146224.2260332275 705.0734860403984 
5674.178503101979 1109405.4262336507 772.7359652271347 
5235.411182892822 6949519.029421267 3904.282824868846 
5227.057448233855 48296753.392557554 23128.853098284337 
5228.254926053856 8594416.300922887 7343.082279518749 
6978.874297214444 575309.6661082485 186.4905571481295 
5228.349219815263 7625797.99744205 6353.581731454292 
5241.190577478015 5684396.446552999 3024.5916083577754 
6988.252096250915 559354.9002625133 236.3446571104831 
5502.834327191609 1431751.9658886 891.501902699836 
5227.161135911896 29878695.050976057 22683.093084305576 
7025.743006097492 559348.3310237427 216.60058016129722 
5230.287308397143 6105198.544560383 8378.408659499359 
5227.927714017667 11723806.901872188 8006.806075680091 
5241.2151290596485 2603778.6923518153 2301.762621339177 
5228.411422799155 7034523.662945935 7007.242679177851 
5227.219809339599 23389201.856388167 18048.703933918805 
8178.5838585207 447405.93400872336 150.4050131061884 
5227.153515600259 27072005.280704398 19056.12435508137 
5537.40721519171 2642544.3112029186 861.6589803382128 
5227.128559602717 23586178.74657688 22670.088273549914 
5403.290938292625 2958368.4160980703 1467.1948735396516 
5257.836413189394 3871902.1867652955 2098.2117962903353 
5228.437113221612 7906185.570285496 5922.040600294415 
5229.363252273525 10329157.300422661 5312.710854433712 
5288.8471081585385 2624881.070595124 1480.0601822635406 
5274.982310024187 3666579.080278249 1831.44157772357 
6856.061625709864 709081.9294695677 188.1881725689201 
5404.004578178075 2333306.883017339 1190.2690809395242 
8207.686181694422 443545.8016465004 140.7466799698102 
