8685.765745832066 888508.6806412832 162.75439832437408 
5227.106265093141 38125577.124020405 30048.788094962572 
7962.152253758661 595876.4873226571 238.9108789698563 
5227.099329181676 45773107.039093815 29124.016188734924 
5227.131268837154 31848266.775872257 24645.952787687223 
5227.180833766008 25768361.483047184 19502.6679716032 
5227.167713894217 29515207.990389556 21160.13175969108 
5227.122914032635 38184867.10750805 25716.984852380698 
8228.820154161249 619444.5347922614 182.32204146025862 
5227.31483321882 21425504.786371864 13926.284346365264 
5227.362954012111 13981982.020807402 12664.290695440408 
5227.240285593319 26473519.38223477 16740.235099710935 
5227.17045851861 39647556.39955986 20812.79096207961 
5227.115833457045 42134514.273543954 25287.05487055023 
5227.316930293007 18921620.933530968 15015.926939710751 
6760.380256189817 693776.2604760948 284.01312721010254 
5227.2098857832725 20511555.015385393 16791.83169608399 
7864.612718698151 655143.9006974607 252.9618989672178 
5227.609333305519 17231907.744458787 10811.94323369371 
7270.918153751149 668004.2059858614 226.9345150410196 
7599.628612717844 906653.0369286848 177.58706465392947 
5227.430845679666 13255457.93478298 11694.8668838425 
5227.348348571765 19226746.32097062 14622.390997541708 
6582.6303839387 824227.8947553239 286.1315748973936 
7601.225264259542 669221.2695200597 202.9623532761455 
8091.896407910645 596189.0958383471 206.37665865316626 
5227.610138161826 11482685.635503884 10026.279698888557 
5227.757349005396 9160295.131991087 8070.981400751386 
5829.499482877738 920865.2121490432 446.1764496612572 
6579.906796516097 881876.3259579188 276.7485973707008 
5227.755561232628 10234096.579173043 9210.26482337722 
5228.860932234573 7340621.132101735 6391.3133563148385 
5227.755564834422 10200916.354465729 9194.396893886194 
5607.3054618021 1048167.0548954951 672.4279787304316 
5227.941844695883 11678147.51700431 7883.702623072965 
6096.363154333516 883277.9111289075 375.59583755013864 
5227.452691973305 13424919.626934998 11306.840664888925 
5227.640906528315 16451966.786073355 9910.330835003242 
5471.6710265852125 1232169.8133178838 737.4218961988196 
5227.248049376081 20376880.737682547 16296.712832047588 
5988.870089240918 896874.1985731882 440.86996908211165 
5229.436603159354 5237451.824708748 5301.974054802412 
5228.779929977081 8038889.430999306 7125.279865907824 
5243.25098973016 3568662.7493979344 2279.4293784420192 
5412.121383333216 1828529.8854014399 886.8827556816101 
6498.335886571286 724094.0674996028 349.8406847440361 
5234.373806155477 5834086.215689303 4356.3031859629855 
6390.043637884342 760699.057609126 367.0158542845154 
5227.251012435414 20050593.508968454 16176.897962629475 
5248.109689087771 3180690.1774247717 1929.866022782051 
5241.243831980717 6053545.081897965 2585.2968598976745 
6689.327447583628 813318.4282183341 269.0227186386413 
7150.301525829773 743539.6199328679 237.3283594891223 
6203.954342453872 838482.9952408671 327.96590264262477 
5239.085313837406 9467633.36598315 3094.9880282447725 
5355.4832600899845 1958249.555700952 1179.3297900404534 
5227.22937957957 20998863.516460966 16708.280662712663 
6023.6622297684435 868811.304735685 392.93560451059335 
5229.704874707002 4788489.72791259 4874.892074082058 
7026.2527228014305 678533.6251095841 329.938412431531 
5228.358777737955 6696337.423649011 7342.702682585243 
5229.383303319588 7549788.451389549 5634.8047215568895 
5228.888463306577 7262792.153903956 5971.072892394837 
5234.803493251659 6274474.209981236 3637.1794359915416 
7954.373222258505 599973.3059118325 215.36722661746438 
5316.774495753382 2606554.570966538 1227.1354869061822 
5234.024788508911 4987632.754824743 4498.2513536407305 
5661.971751934821 984653.774783158 548.9493419553392 
7194.767097211785 701128.3357702778 249.74839736280785 
5279.41106377923 2334233.8654391654 1544.3836936036196 
5235.01337033017 4761914.952332684 3267.5754590341967 
5294.058571289764 2738199.7632916146 1415.4869919497294 
5228.635856860513 8486471.696599074 7193.329719087237 
5721.131167338776 983527.0972439197 547.7220101559135 
6528.624512236315 716069.1652450328 380.99245623026167 
5449.879797822581 1562417.1799989375 1174.2881542575915 
5273.424853047851 2887999.0363199012 1662.625952832591 
7265.37988312159 657629.5789395872 230.03586729691577 
5236.80145679118 4064077.3085940992 3168.9881621314917 
5234.802665264525 4782611.809762488 3835.783070809797 
6289.09972958262 792852.592579725 317.19069576662537 
5240.059755054309 4302812.612801824 3152.538043841275 
6344.173216588048 793116.6425499944 293.84361559954226 
5638.273595147151 899565.279052227 634.7003771303479 
5337.503574518343 2680552.452539033 1152.832088298651 
5779.233749453985 902326.3262961422 488.19610245051257 
6255.676477282358 1101660.2739139742 315.45896989485374 
5457.326470662008 1239233.3225651036 741.6399752785705 
5255.222717305235 2972611.8828683356 1606.5880268330293 
5231.935276905217 6687497.174842604 3736.7481456659884 
5741.705774847114 1062603.0550137714 519.0258154448513 
5451.976197602584 1712902.878918082 1005.3857884588198 
5228.1803147707105 8472260.70608874 7490.845865319832 
5767.696801389161 1133459.0861748904 453.1394503160802 
7171.7731766940615 964971.5930571592 204.5368493093767 
6215.4719472836605 817920.1430175735 330.5112858251156 
5991.270993129119 795262.6815261993 463.0009671844828 
6364.148808690664 742105.3243233914 385.8739695522383 
6273.781927193133 703042.9473100331 389.22256832218403 
6354.347508926028 790146.3587271046 338.0126121550423 
