18527.27715588187 516084.7626818753 63.55250516730479 
18352.91651379185 534120.9415304299 62.12612894139549 
5227.018217428574 44521102.033621565 33906.62298002837 
5227.069202317891 50965692.0639475 28543.981336677665 
14203.994667940055 409429.49660750147 121.44504978226823 
5227.076935509228 25875593.778484844 20764.36265011031 
5227.059707809798 50147428.27750103 29726.813458071734 
5227.152941571585 20270346.56461767 19823.308966083532 
5227.165530315192 21329479.246312845 18307.476711898813 
5227.690181535984 9909034.031352729 9973.351803584515 
5227.5604536423325 13743170.183260372 11234.74664859613 
5227.482513449563 12594789.004925098 11748.188138523721 
5227.1988029725035 20987035.792697348 15530.913504418604 
5227.365724505217 16384151.051696813 13072.498968915714 
5227.989626980228 9344734.999360003 8252.167155611456 
5227.331813146964 19967978.47501409 15215.044549646915 
5227.267781595283 16586696.19573895 14928.23223283799 
5230.687171907211 4382354.777152907 4206.874490025664 
11022.376785352068 435875.69001651194 78.77263444814119 
11804.791428075674 412868.23179739574 95.76106415375247 
5228.499269663837 14302758.529704452 7141.612428501113 
11195.357257443125 400436.14128051995 105.86545229996169 
9191.238587055075 462968.3081756502 104.90132224594359 
5230.971402016623 6036759.636113117 3854.5811029675483 
5227.756760706701 8783977.639910234 9641.148761144119 
5230.589631492034 6416364.745920281 5349.912964178359 
7535.384288786576 567254.1702293782 169.45488190927526 
5227.24316026192 20225167.865901235 15173.22389418037 
5229.171175841455 7629268.26835873 6142.646486597344 
11408.630442691881 435637.20959389023 70.89346380677212 
5228.795875328564 8752193.064300328 6861.278611135055 
5290.29396944969 3257007.3104021945 1577.0668965307623 
10644.080446763985 424571.85345238744 109.56059683403186 
8013.323871093219 612397.2710368838 168.54026093254387 
5234.105595330015 5048419.011649087 3275.221501053604 
5241.503204846213 3171272.7434178093 2304.922769061519 
5236.924582517592 7531420.154558666 2722.981301001831 
12691.035693598653 440694.6879113945 81.25415625734067 
5662.929558157934 1273279.0164562706 639.574563979152 
12874.032629408248 406246.20645258145 103.28917067013481 
5242.413770000523 4868887.5832504 2005.0974803484964 
5227.262872187378 20709023.618531592 16637.26290491815 
5592.399218351978 2477388.099639486 782.9586104241403 
5227.23925823519 14053968.871071046 15307.215363426156 
10024.428161257822 416565.29024097696 114.48391272656977 
5229.021232718855 8804325.388558568 6485.678180828874 
5229.212107454888 6175696.745537952 5362.094851223755 
5227.439170456088 12357417.366229482 13205.453531415098 
13137.563054625363 389002.70514675137 118.40754201736667 
5229.193618085973 4782364.009421381 6011.48394860044 
5227.7469600671475 9308179.24102443 10644.683483062792 
5844.1102027772495 1107583.0275216047 467.74310881010246 
12020.379745689812 453997.31906363746 79.54106796339393 
12380.73755077382 399216.7772872875 143.68901492018486 
13849.485557056569 432426.80064891675 87.09639205769068 
9084.34395289682 422860.73945614405 133.59860979514158 
11034.471814971239 445570.0790600078 91.80186591032586 
8195.46261394522 578149.7867391476 141.17957636066697 
5469.96617959941 1620630.3518005884 1283.72877268961 
5516.26980577989 4396046.546185202 1186.6920267598186 
8868.94338482625 436988.5840376188 151.87027969909698 
5227.334864907599 14892146.215348404 15029.804167333943 
5349.768701288765 1976737.3457898004 1188.4892364175487 
5227.36337272298 15189480.065909453 13618.570510089152 
5417.65863813252 1766944.6713798821 1369.5967123224564 
5227.323757872989 15603708.67730305 15184.802590972518 
6612.898096629544 720331.5387128834 218.2240952145599 
7090.681965163441 609932.5721210022 252.55659413829022 
5564.840249390074 1774498.2128277705 910.4733412093098 
13240.925437964725 392972.47452884907 88.84708872777311 
6497.0382135156515 788687.7502973049 342.41266995315146 
10819.464701727717 417439.3748089534 98.26379337290268 
8681.086785126286 437952.38048735633 151.05001768429915 
5228.877253895463 9177032.049226258 6639.340376058738 
7373.050086976881 536197.2685338309 223.12224441079428 
6049.5035941491815 978018.7059882374 374.64283559335513 
8392.73782034324 487586.1262948858 193.19961146159457 
12349.72132742072 409325.00046171667 98.13128850696691 
5531.2810948675315 2226606.1720739817 818.7383409477167 
8551.219411081636 488246.3223822741 130.37758076981038 
7104.034647182576 583143.4194796539 251.56651040811715 
7257.802443133097 559771.6631594353 196.71163977639324 
5229.0325344908615 6467907.905665789 6710.569935523144 
12593.513582073172 415557.9410244523 104.23136670156623 
6202.673922465432 872628.7531392283 445.7574853677052 
6414.202271565341 736672.7719948012 440.8758863694105 
8105.556930435005 501094.0643662156 148.08004079688047 
6878.715994931139 654524.8746703642 287.02466967404115 
5228.9915286462365 9690362.344360612 6612.7912564356575 
6735.162332036854 631644.8755262862 289.1025631526516 
13397.655498662625 413614.9076605311 84.28965487795195 
6317.80923108423 912598.5590225921 277.50002698679947 
5922.579543626578 919371.3803837914 515.5523144404508 
6125.468905584806 978956.2407371413 337.15080032829525 
5921.24830095301 922634.5777644081 517.2378822817759 
6762.997953822291 609071.8128659984 317.6852691832669 
8455.502888590765 491744.0052901331 148.73167529710628 
7297.5354768495945 538888.7118171165 226.4259542835829 
6944.869218446838 595778.4576196631 287.5632385006795 
8794.643232072805 480204.33297422883 147.8368111595052 
