5227.044179352707 158212383.73920953 45242.90749946741 
5226.9849249328345 78787297.75309765 49907.84231473168 
17641.6539932908 359007.8490766377 84.28258325949835 
15658.504773909384 371131.6050483901 74.71105161534868 
5226.996527834155 67157268.54688638 37164.655311447495 
5227.12015532867 38997846.99013251 25188.803297742685 
5227.0980917013985 75033840.39050487 27506.22526816938 
13294.395193339158 404895.36645582534 80.20279465874994 
14867.007333814698 402366.95048085984 86.1685785375721 
5226.998137513538 68001172.10180868 37006.10726197794 
5227.0240198225165 77715371.15805109 35436.48462969249 
5227.108729788501 63386301.6461842 21996.559319442495 
5227.052259143363 43131949.851598136 33352.97133301484 
5227.016411344144 49204133.71952036 32989.9372598131 
5227.148583945013 23228826.3458366 19294.819244163788 
5227.175575025607 20522638.340879425 20269.90596533356 
5227.1854578130515 17963185.95897948 16113.114329330223 
5227.079990851468 44727070.29427487 27522.17725036224 
5227.107448737371 75314460.0277188 30054.98143191831 
14724.922650604545 378591.32568600104 91.17017157933898 
5227.376531391399 15473100.321737785 11741.317439042445 
14458.740864879299 380121.55454623303 99.43724770505258 
5227.368541848801 21763767.724326815 12345.92732848715 
7083.52685076018 572201.5978458936 186.6215642552042 
13837.128445227198 377557.610166354 105.27617747363607 
5227.282450204048 13925058.917981474 13949.378237015946 
5227.828237230894 13296368.556529326 9446.51453351823 
5227.137192481996 29375625.62880535 19757.742011392183 
5227.554348729322 9864887.20241763 9692.298185281014 
10192.30212229623 388688.2246284689 102.03297664447628 
13685.131023717016 383610.94151967997 107.47913367416842 
9953.215852718507 391521.88677921734 93.3646491604386 
5233.475951237894 10835300.748404719 4187.624250201289 
7180.14340676006 910424.963727579 213.23920782436676 
5241.3508092770535 2505608.2798286346 2187.7248810078404 
5232.854656183325 11579352.112032933 4625.964508385031 
8992.22378362715 511131.463914075 122.99128576543905 
5234.381846394788 6142119.778551842 3192.7331690732717 
7103.380614040605 544177.0155244109 242.07726551708663 
7630.230015864918 497241.5616777383 166.21883037261912 
9136.92772753304 405827.2197579309 110.17897285828654 
9917.308275257936 411077.424546305 87.18219385232064 
5228.613158104658 7743093.647288822 6424.049704832466 
8418.935015606787 468471.25063208485 160.15300653413615 
5230.995317058558 7293175.9819269255 5227.524795767836 
5275.958032811677 3449664.679138371 1779.4441215412803 
5227.872596553698 10483001.642509148 8580.12067597956 
8655.516652314705 443076.05983536167 125.17078389917734 
5228.695882318974 5523850.332265594 5601.116921574765 
5234.337441604466 3854775.7673216546 3634.1098247626423 
9479.048371950048 398930.95119959343 93.57281205285345 
5228.040059990074 9964827.10539327 7794.033454577034 
5449.058063488865 4643712.128449168 1030.9853419927563 
5338.728624946624 2039620.9701157385 1217.5626143281715 
5228.319375864778 10180039.898358425 7040.136898669642 
5227.188829260389 17153407.385754503 16209.064535949203 
5231.165538184775 16383213.095947567 5642.325113706244 
5576.146484027068 1113567.220562273 676.7876108674159 
5227.965614917123 9941124.96252443 8376.227813763317 
5228.504562385839 5656748.2658831915 7569.971614731027 
5227.025625450005 50874704.07903994 31651.35806966255 
5286.332271820976 2329903.060299679 1492.8692395058454 
5229.312772636566 8944500.592243616 5504.519208371047 
6444.18790299794 850315.1452520796 316.02800453451937 
5477.690245527993 1640340.5722956846 987.4902387359406 
5233.889005220282 5009640.806865089 4009.142855085235 
5662.591703247255 1099301.7652991763 631.0190244417793 
6000.013034848225 1303395.7642434153 482.0263988097857 
5843.956719484928 954491.633429483 601.7506259766523 
6987.8913626383965 640747.0727896034 229.84348652551103 
8434.385892633416 456270.52522210986 151.74519442217976 
8824.848592404367 440933.41505306785 134.95465652082504 
6269.67258069906 923428.058512546 333.39133504014745 
5783.626807719575 1254869.58500178 591.2823825325943 
6317.817608826819 796636.8589830135 346.42519248537167 
6559.057043412317 1016270.166106671 295.9808645174483 
6824.536056184701 840939.251279219 227.76629152072195 
6108.274357761225 844369.8577487931 472.11710235975363 
8869.974983020282 431531.80401577556 150.48796252507768 
6665.6109207476875 909679.8260661181 295.19562090071173 
6857.401655018569 596839.372605313 234.22686410328348 
5227.236739275665 15863936.151631363 15327.67393937043 
13730.796010176808 438212.9585890677 81.20015907517454 
6981.263604797409 588674.1141152336 246.90028047041469 
5477.587413503635 1749266.659912229 1137.7417233492995 
6635.532136462238 976365.5140076653 282.7561639508002 
6075.030784697552 1242713.1988098389 417.3527318430826 
9401.086562845314 397801.4429523103 100.37074939853544 
9394.19801832484 403298.71614852035 95.72362350880402 
6025.5033798597 929487.8453937209 463.2828021368377 
6664.6526925518065 784342.4538243869 310.91800487896217 
6025.182775336036 1045296.6828670535 488.36725774552366 
5227.317457028099 14577932.847605418 13851.426054329608 
12519.038158206138 398936.52278270386 84.29407852352404 
5227.005566787729 59217481.08163059 38120.55534779548 
5227.073600540638 77741114.57585053 24964.597769157015 
8262.284447250842 492361.9029514019 204.2468969644292 
17642.6656792605 359648.1250451065 79.55894960675144 
17641.163895127313 361471.7692270607 79.92044734259304 
14355.858994455322 386178.4679527448 105.9937752961257 
