8425.071279063466 242315.62989465773 44.164291345281754 
8280.437899005212 258314.84518898686 28.336329054850452 
5262.177034427305 14183590.144762423 4978.047847242856 
5262.755708045246 23928682.07600282 4016.9263252416445 
5262.360667303144 14736036.705307297 4771.120695352003 
8032.641621379258 251874.14216841053 59.1112166110147 
7529.292065009969 256829.20137737974 65.41982666382033 
5263.378843404486 12029758.378135968 4214.1789977569515 
5268.082556258201 6777936.313606747 3112.9269759312497 
5264.092325540099 8328473.2545298105 4566.615276873243 
5263.558840205517 10572370.205225423 4637.587107138787 
5268.48127639532 4946925.200503936 2905.8928017613994 
5279.969069386813 2547566.118521645 1828.7450576234714 
5264.708222218553 9359444.500841543 3973.1373282704362 
5266.764759103797 11183262.547909776 3438.4799327766614 
5267.070905376312 5296675.324621142 3368.537293869681 
5267.255729748944 6188984.8716710955 3155.1153797590614 
7400.790765628646 267005.55458717304 38.74840844243437 
5274.2281304438775 5794298.729531541 2358.02918214077 
6780.991228206514 295600.54261517257 150.82784741269046 
5265.953192923566 9641355.556310296 3480.9263482479705 
5415.678332117581 1309255.7531249598 1008.2670898946338 
8162.860321548369 267659.80207985494 31.082998564744706 
5268.449403292301 6224840.962197835 2844.9759582227407 
5263.611481975464 10785370.410343004 3852.0412604123585 
5301.677928483227 1700637.4262938902 1377.1996685348195 
5272.77653580091 4148004.5070354734 2743.3978305507785 
6697.255843759368 308732.94733556174 110.68475871861027 
5514.513656455175 1564960.480705122 928.4903992460187 
5362.004054809377 1494875.766559563 1128.1755803065728 
6495.898096677414 329581.3582177223 136.9775989208587 
5264.450927598154 9841286.39183997 3819.0391563528337 
7205.36199974322 305270.7077982064 42.35424746623406 
5272.911624029797 3409458.036868538 2655.985319258675 
6348.776238397605 910185.9255382955 199.91783370426955 
5296.939515495937 2341548.6581494436 1517.5043790325194 
5292.900032233433 2271834.196863641 1661.6127811830136 
6881.348666621139 307531.6706406094 85.32139545833522 
5334.3415536561 3714776.1861796486 1279.7471591306175 
8092.022462163441 268338.90276691655 31.093176438924857 
7135.194518745269 280569.1453259318 63.406765305306784 
5271.205512798473 5296702.337332479 2428.795834802005 
6237.794175636471 469152.8996934303 218.74553934822927 
5489.220981423862 4025392.8813473796 746.861792534525 
7521.892759403521 261758.41375145022 42.55213660528317 
5475.550604151235 1763442.1511408573 832.794021676176 
6426.003529605872 396019.09380414797 212.30134566937355 
6141.549622642802 415819.38858604146 316.96940448285505 
5812.927814128667 740014.7919189646 522.6477332703263 
7075.665501548427 286591.078600048 82.66014322762119 
5393.030762683831 1397592.4495247744 1230.386152101959 
6554.684873371101 320015.3138002137 181.54851370668308 
6292.950317691993 425081.0594618351 283.2943278248503 
5939.249065590933 1083869.0850662543 376.32520723689083 
6964.11802929927 352876.96223404823 48.42183824918109 
7011.305889650939 287499.85465201177 57.52423040400997 
5288.04026709981 2783151.366980261 1563.6146005220712 
6185.294554748138 423227.0094461349 292.7262488167078 
5268.640232635412 4695244.453960979 2563.3747131267946 
5705.261548407215 1050576.5229414375 446.1081037807538 
5317.83260086405 1881738.0858914289 1312.8227942697974 
5867.917456136151 623460.8527563951 500.24376751034265 
5967.007220143286 644504.1360634889 428.60826781274096 
6009.966544243386 602727.6244994533 358.1451393238983 
6630.918856505552 316894.1684755871 106.9026168822795 
5264.517786125542 7952141.605306914 4242.445795827576 
7311.899388032317 261912.3284957516 42.59811989003152 
6102.155077299177 448325.8702386871 232.93728932271858 
5556.366484528898 1213310.6625905717 800.3680800543236 
7288.760096783257 302046.2661470654 45.42625050768345 
5652.015484965407 805383.9950127564 719.5998853214359 
5278.338506012222 2835441.4449076257 2386.0088724097955 
6066.001739671134 432746.73862693994 277.74628362819965 
5285.859242471068 2674806.2330909604 1732.4088378443428 
5272.781380039474 4466018.856421598 2483.4570511991683 
5410.220602740924 1834123.7767418774 859.3104412709712 
5274.573111630227 4026533.5404803627 2243.9402775301446 
5631.873393951302 1314950.4092406686 641.4286825888043 
6599.275427952142 299446.1657615737 172.08805077553788 
5349.935951256128 2394101.4246223676 1171.729632602098 
5890.116615283693 706568.2817955175 391.4427102263587 
5730.38825629615 762499.7341761327 573.2382310420109 
5613.788329497841 1999098.2206028844 598.5732492489916 
6902.885398925493 307562.55224729236 81.45655048144985 
6386.918738467876 357373.24921354686 229.34671498155788 
5271.314283154541 4487691.211203225 2602.3256955710276 
6034.202854576291 537553.167310825 555.3929705599608 
5539.417596644364 1467245.339310815 672.6452437699331 
5287.31463986162 2442742.5111298896 1761.5737573568417 
5597.702951941552 1420278.2672551365 720.5261538728037 
5768.063591965034 818109.2453122857 552.9798688921579 
5266.370144190598 6680026.047323398 3766.017403235442 
5264.749046577989 6753729.798153799 3578.81335633057 
6530.107281414672 325717.99990037986 184.62211998705556 
5275.923927529901 3132407.6104959925 1990.1620317600168 
7548.745816202775 268334.6051374948 67.98585899642019 
5264.8618187761085 12821950.867124317 3800.5740238285316 
5266.923102918498 7253791.965532819 4268.965456574707 
6115.903538654543 765820.2604307464 582.5852854141076 
6711.924932973749 1932956.8548396358 494.6349852435921 
