5226.9317869536335 125590526.04981938 101332.46323736044 
5226.949014487478 832183284.9408569 40944.38484883941 
12692.514531487246 144899.5423181337 1.0024742016174548 
12888.177070638149 145768.1490876518 0 
5226.938438084689 65762639.68473984 50280.77039500736 
5226.953394643298 169904071.69915465 34975.704110146144 
5226.934025517831 62993451.28861551 76153.72474194922 
5226.932170483786 81619201.17856134 90464.62808335824 
5226.940913517295 44952976.3023151 54156.2400391947 
5226.934814608245 67381842.16658953 68048.00749922931 
5226.945687404759 28453859.2380186 41449.73922859099 
11891.895410619001 148184.84221519783 0 
11329.463493248557 148654.8138901586 0 
5226.939648197426 94191618.34393221 56313.859506245586 
5227.2998616099185 15902963.001046421 22034.905741503917 
5226.939193886142 81193834.1645752 56632.20510117489 
5226.935518334829 54240870.31578019 64208.645714697435 
9924.716051866739 156162.47539225273 0 
10846.790148957381 150775.35780702767 0 
5227.120402604265 17156215.629065882 31250.173217030155 
5228.905574379293 8019379.8791841855 7411.531361791884 
5226.9375141909295 41607194.479600504 61172.33191129744 
5226.984979154218 23406026.9739787 27067.33199034875 
10231.441426023146 155659.46808160096 2.034807717899831 
5832.382082713197 742349.0837149263 289.2874527316703 
11088.768332522322 149555.80635695925 0 
9231.754123265671 159943.73383103675 0 
5227.125067310995 26093203.647930518 25833.65553373619 
5231.886797608251 5303894.730960654 4685.494276042311 
12522.834948600032 146070.87787984312 0 
9800.586963949956 156529.89517343696 0 
9486.008724510502 159720.54602300227 2.069770401035589 
12336.193014636281 146485.29933335664 0 
5226.940211837941 42682206.72268743 55879.10329075753 
9579.177934320185 157294.95744459066 0 
5227.99050686179 10868031.911064485 12586.565489169316 
7406.247997548508 181616.9569889669 3.430497810234816 
5227.179617100394 16187204.293212812 19203.900897376614 
5226.96830240684 24829999.328925095 37009.790692161245 
10664.281393148447 151014.11201909653 2.0103207210754697 
5552.216350375909 3005613.2432229277 692.7298917805967 
7602.887186532865 179812.78284574064 6.46849614734633 
6436.402975703979 251173.0676306854 42.62564068466851 
10479.84594593195 153044.48531521604 2.0953101669133707 
10329.953327919278 155208.84945849996 0 
5227.400803478031 17848895.216465227 15411.257779175137 
7794.13803988028 174763.7933298441 4.140242985137075 
5228.259986624925 14445950.189561708 9673.50220344918 
5227.544746289621 8811560.5585777 13949.61255832878 
8067.276032502028 172324.31116909944 7.861088385504451 
11248.068522316524 149138.60836048226 0 
6293.916702490816 256407.38097114605 46.32467852875876 
5287.897653702244 2877545.8392678164 1216.3455785055837 
5227.969592997128 14912505.384606374 10354.129385377777 
12010.86113145504 146692.73638164476 0 
7297.785714371253 183318.37583119178 3.436559220484109 
5226.952185743237 34401907.31367272 41977.50993048564 
8583.102162416542 165723.5876846339 0 
6035.155530918435 1052412.7280958577 203.06899472647706 
7181.35172945102 189193.30062904334 3.660706129916635 
8202.865017490101 170373.8395048999 0 
12189.85785021044 146245.30096326506 8.12037324814547 
5227.321929154075 12995540.347413037 17105.70385385307 
5412.104205456734 1624086.024713453 841.4074782453952 
5235.284389921531 3682892.342294898 3078.5894168053383 
8287.706532105298 169441.195992561 0 
6546.520460699858 240154.06352175685 77.2975953308223 
9097.65760575566 160949.67745926726 3.0379360850047643 
6986.2398249520975 191701.53216919754 13.303229667610832 
8920.569459487411 163400.46001002492 0 
5666.433144445463 933057.3716783791 511.5747874367796 
8407.440519630944 167506.07097722855 0 
7077.121223816383 189423.5220986499 3.6966391664380684 
5252.962509047226 3003648.2142508556 2423.276767264917 
5227.118911268618 18392364.600081973 32931.015252655125 
8707.181343225966 165332.61048386028 0 
10582.51260552986 153238.89653676533 0 
5226.963409846256 31478136.81612563 33259.69884687769 
12107.144977259786 146628.09085960424 2.0161487660965998 
9034.065454985426 161938.74166856182 0 
8483.215961563055 167102.0508675236 3.7814754046621095 
6878.240155847644 197751.1421314869 6.775871379151265 
6142.955364368695 617997.1014235894 100.4220679994872 
5362.911652204682 1857490.9370020945 946.8398344111988 
7946.650998546993 173689.21806419714 0 
5227.1564930712275 16373861.265813336 17824.247343814426 
8834.720646379168 164206.01011293937 0 
5227.140884793724 18808532.272946738 26414.620371435216 
6037.973892804045 541357.1456000111 102.4385181631327 
5226.968737637601 26726556.193914942 34535.69238512724 
5655.2941806625795 1234167.7829196039 542.6539820152345 
5226.957792264089 29682145.736033283 36069.82543697521 
7701.210265598082 189044.2971038837 0 
6202.4892704369795 561571.954618898 101.99971003738435 
6747.721918985248 207912.69950588892 19.899651897122535 
8769.29964994852 165289.1418992016 0 
6634.773133329711 250228.4790617043 41.25158328294242 
7960.81008975441 172662.2061996854 1.0609069478399051 
6669.826616079885 223694.47338221062 53.6522571733606 
7664.595650855718 180078.6611467131 6.064003106082776 
