5226.931623522436 314281129.61987966 144009.7011766559 
12169.491918838201 149665.44274559218 0 
5226.93209607868 153391421.06084314 110272.57920833371 
5226.93295921038 103559518.09165753 77124.98669233834 
5226.933029850791 143546210.1286508 98261.1378388389 
5226.933571420119 71742311.8511241 67731.67674376385 
5226.935497633431 107889257.44428062 68846.35569985502 
5226.932223719714 150474021.57495826 105747.34506260025 
11468.383520112293 150155.15499511675 0 
5226.933453525695 58558318.79593639 67728.75469496228 
5226.933820618997 99890363.88072169 65110.947939716425 
5226.945903775755 36472084.729021676 42020.85162427154 
10812.953133494248 152885.82893211435 0 
5226.936681010574 48032303.56182256 56260.35333365333 
5226.9607606237105 25864923.660540245 30796.779676682396 
11375.377200565985 150785.87151550775 0 
5226.934678805983 45127510.34743823 67539.64774766957 
5226.936839798924 31372524.124950774 51822.17917566811 
5226.953761742105 26334960.038783908 36290.9950816613 
5226.935347580329 42772844.66290821 60717.3857185387 
5226.940336364324 57435722.12447861 48100.09362161785 
11047.183991194477 151099.92580635176 0 
5227.067236346699 21932819.75302011 26812.264882703334 
10500.39983036562 154010.9832461861 0 
9060.053324344148 162502.95662907034 0 
9798.760312590859 157903.93364369063 0 
5226.9438276236215 36738242.26269459 38982.55928422549 
5227.072606812049 22922557.04037626 24317.89692617069 
9299.82385727773 161924.20640788894 0 
10270.052452214215 156161.49874158046 2.166938917024651 
6251.572643898402 269904.11580938735 61.95083162021773 
5227.4681529246855 9157844.909057489 16459.345363519828 
10990.981678165183 152094.6872389856 0 
5227.578803766248 7879493.022021125 12210.641579926367 
7163.8210117742 187642.09908155023 5.249514286509519 
5232.355017915557 5631479.079504192 4443.422428661057 
6025.823332662633 357153.4672542906 146.70471209062066 
10025.864999070254 157048.6555641275 0 
7041.458637687569 192734.18517777906 5.487009420809013 
5869.219792322914 657163.667418968 255.83856242839443 
10049.215743561816 156590.27981072085 0 
5693.34948541523 822498.1315501857 344.03099987464793 
6435.630012063002 274915.03350915277 58.59885405178275 
5231.118694427599 16962103.57891144 6400.0502930920175 
8023.879498314378 172494.05021919485 0 
5227.850838899072 10513370.994994221 10227.9486123376 
9349.847925823473 160895.31764979183 0 
5226.951685594211 28841959.982391007 37694.74325943127 
6857.810905099119 204463.54569351595 10.54017451062596 
9528.270515344406 160450.39951364463 0 
7546.151283622799 179480.0540602087 3.332338558009938 
5790.322347248512 1219816.083367604 254.98021894497282 
5249.472219646933 3119841.635031836 2061.3686408445633 
5227.235587549123 13419772.027422339 21830.485339959643 
8291.287099363712 168632.94545933933 0 
7837.042435675051 175087.9095492763 0 
5362.461334208243 1873975.732832605 951.8029056837097 
5226.943811517492 41475172.8878961 48538.85671965763 
5226.939673677469 88627693.53384095 50729.260856315246 
5568.61618684597 640880.7588462305 415.99976181609793 
7937.534340685286 173538.69625121888 0 
6916.029414265303 201950.58029654055 15.494777806809868 
5230.2654255383295 12355461.080798184 9198.50156236286 
7303.3274865385 185945.04828797808 3.9109249903308436 
8161.3018030172025 171696.66462894232 0 
8554.533737842126 167584.2028680826 0 
5227.322724912105 14294061.964743368 14324.684282810982 
5456.605541816097 1139181.117531131 686.7372427461397 
8393.161036173016 168259.13267900626 4.95482124144548 
6106.669848457162 313151.4784807877 111.65653917174149 
5227.270618427655 19160369.80485771 20996.35477802629 
9706.104719135945 158740.2865374536 0 
6708.068490158224 210347.5864507609 9.577910900934882 
5227.282951503931 24153454.928747095 18606.827566790478 
8473.086656014397 168054.560917926 0 
5227.31711114877 16733160.607658073 14197.79432206009 
5230.681012042208 20650979.807192408 8116.743296308431 
6624.012446788649 253941.0078678075 51.239408100082244 
8896.125470579023 164000.66282169076 0 
10355.84706990806 155440.5215659046 0 
9630.585497524138 159423.35865192144 0 
7426.5797787298925 183654.554578154 3.9975532031899093 
5310.462222752829 2658117.118726808 1177.1544608818622 
6191.228614887276 276924.08322358114 73.44925803415127 
7745.114583860183 176695.75897762712 1.042581156428406 
8798.422758786792 164988.33506221074 2.138617448806743 
10426.399564399126 154035.57937167407 0 
6536.308240624954 244969.12222044347 87.46221914195328 
8199.011542750417 171446.55686325944 0 
5227.116129153195 24993462.333643228 20108.44266086815 
5510.800527900625 1511078.4829860083 643.5671717848566 
5277.297858483675 2501608.4151180126 3342.4358242059557 
8670.255459976106 165871.92078174738 0 
5227.147954977386 20275084.058353476 18863.852200887875 
8646.823725500168 167204.7176072035 0 
8973.8407349908 163610.888929213 0 
7633.153960484576 179715.5393363165 0 
5226.940400418797 29986087.397309765 49043.9485473658 
9556.582436724304 159465.95600996615 0 
7691.484286579618 177409.2978426649 1.0433174336009543 
