7622.034954538193 294098.3132500682 36.71571478729097 
5227.016632298255 53285725.662451684 46020.09234556012 
7621.98943900921 294299.4068498755 36.69071272980165 
7393.034666601983 279389.8927150696 59.76400981364944 
5227.019327748997 45940761.09197115 40901.98458511953 
5227.02270483358 41472747.15884933 32893.6624272977 
5227.061189131982 36695206.528136864 23085.282887403046 
5938.972781239761 677854.3010868379 210.36218914010993 
6083.524149494547 551963.1590279096 289.57938705849045 
5227.028281399081 34859503.28690342 31866.456985325993 
5227.055270174382 28382906.313741185 25812.24792592007 
5227.045783503259 27314902.82690805 29678.870865542835 
5822.977961232704 772442.5907091198 339.29771629863353 
5227.038561947387 31613466.532363247 29407.0952609885 
5227.14224599263 15097603.852449382 15500.248408425767 
5359.835744613594 1531627.1584765534 1010.1462973837582 
5227.041808226979 34621033.2897329 28949.28497659152 
6179.951583247688 451498.54305617616 227.95698239701423 
5428.277253507 2572849.237595693 906.3242991226795 
5227.040089570241 35592909.633821286 27637.27191656434 
6787.661255578869 370222.36134742486 84.84831313415286 
7149.358579942491 291424.887053845 58.394905565426356 
5227.377884863895 14914790.969893955 10583.12246859439 
5227.081965426759 24894872.20418915 20045.827360718587 
5238.998362389525 3026263.9843321405 2862.575370576579 
5470.253287152512 2684574.837589605 842.056752301085 
5227.22147453476 16231837.777015284 14989.06435792186 
5288.441130909725 1523733.6670179355 1165.9225052455072 
7060.651078931456 303459.7523666846 83.43983975404831 
5229.201422659098 5469554.692025897 7623.459007641162 
5228.326094139171 10734024.398091847 6601.245671345493 
6965.719666444032 346621.35064729216 55.10629855366233 
5227.090121030891 19681622.361012958 19028.96721893162 
6706.499570657781 325727.01408663404 132.508416492876 
5227.342158225024 13338920.199125849 11969.217258116872 
5227.051764998145 29500233.0531459 29027.375465272024 
5227.084802246763 21682944.14742997 20918.01018673305 
5770.871233440662 974512.3544562783 245.95613735892937 
5540.6993834080295 1395751.2415246456 1181.5109506437016 
5227.139704447364 20760050.39179615 17128.60690318487 
5246.819308637554 1657298.8145027943 2070.9600814872347 
5227.076599102862 26435574.194693964 21365.13560072158 
5228.831393973543 8085026.085667948 5221.424177947931 
5228.555473173137 6514760.830112713 5812.743041480275 
5227.055192792894 31366154.469502944 24457.739034666265 
5228.047584337767 9616923.021346848 8228.864906547682 
5640.717720971481 729981.5648712026 401.48831342099953 
5233.98885520647 3687985.720782338 3679.4022410896127 
7262.925210730348 283266.86748355516 43.192997746403094 
5227.087616121295 20439686.44836084 19483.934720677513 
5227.127637001668 18052854.96160352 18034.845715072854 
5227.328184980139 17137521.742305614 12796.024711292284 
5227.76732967679 8482290.835623091 11584.5522203646 
5227.064730137557 22648474.157846913 23709.12280193458 
6377.4487690936585 457552.63744154456 192.48457497245607 
7017.860208386766 307816.5421968241 82.99090063132621 
6625.524706721929 359444.48808802495 120.36819475785465 
5232.238164403507 4806458.30173926 4618.925202948374 
7336.4584459246025 285924.146851359 40.80267743775111 
6293.023121900832 525632.0704909302 179.85586550312294 
5227.045468023093 35718783.67355857 26653.13461812354 
6904.419486148284 315794.05989228416 85.3141218646407 
5227.080035682846 23557083.704024248 21299.24566076823 
5725.383549208409 756730.8382115124 387.15067838720535 
5227.34628286784 10354081.525593825 14367.598389537248 
6497.753891933639 419205.7772635746 157.36569667229162 
6843.08574262574 325869.2226441362 96.54875500786379 
5685.829334979578 684277.1334585246 426.36569127448445 
7207.263131329149 297853.0864272064 46.686082046367645 
6429.489303717639 718083.650513602 169.34836508112244 
5227.051809544718 29526807.553890124 27118.532151771036 
5227.8351682791545 9383867.786594665 10001.656565561894 
5228.846776517093 6469713.1624510735 7071.6289772743385 
5227.0714041325955 24503212.96574405 22646.735029156753 
5227.459614567765 9685392.444111511 11076.392703676043 
5227.261177942454 13212666.856965346 13773.060299397577 
5227.2889413043185 19005459.426278144 13126.7797938784 
5227.047459667312 30312258.57138946 26687.326145802544 
5236.573169744204 3567141.028422664 3710.2848142186763 
6550.625550753895 403348.8576691488 160.89160149517983 
5583.739064135695 695355.5979766396 449.95186396917904 
6671.294632846642 355202.2778059888 96.6660171437518 
6330.020287064941 491264.4214121671 175.8337919262235 
5227.076562980529 23881712.1749717 21822.798356094783 
5227.136985486167 17523282.090203837 17186.74135569475 
5227.093633963719 18896387.10583687 18473.714078702786 
5227.62909343163 13234100.334231105 9173.856144809963 
5562.9885958544355 1186828.9380169665 506.0589833553255 
6239.48480237398 464630.7676780421 186.4355493393083 
5245.402392675486 2018550.1646610755 2140.986072594274 
5227.0567309016715 27028099.815669887 23768.23003628224 
6578.979914383153 411646.0714872533 150.26285640387647 
5227.09969969094 18506616.41340626 20477.42394742654 
5232.93498428018 4989607.105335791 4595.923331324549 
5227.073050172599 22389952.545480616 22882.529270430205 
5227.084179531577 31928192.72027203 22380.422887700057 
5227.04720000594 30860596.0675934 26994.6997149343 
5227.32046126396 11576749.197550874 15129.047991287362 
5524.576546737563 1114640.8989433125 582.7697053682659 
5227.612213038026 12886473.201913642 9455.879196411932 
