7627.696546267946 284034.28516629146 30.1005939360571 
7651.770881003794 276923.78413447 36.78677134341375 
5227.015069792665 53958917.79811319 47216.96600993606 
5227.005928526123 55259889.614777386 51328.66664758605 
5227.021037749372 38575468.0446615 39805.919883758565 
5227.037876785672 39645753.90316564 28049.576751132263 
5227.0204605752515 41954092.82487841 38884.30793330031 
5227.026991984963 37289615.76190425 34399.185376946385 
5227.01686830601 46050981.51059336 35849.75159547843 
7494.87842746244 285924.31536948547 34.54759573419165 
5227.086914041979 19954093.51638663 19306.5728248448 
5227.32167320057 14578364.755051762 12234.102271355874 
7326.607249586262 285453.24572002434 50.85348945708147 
6321.770247374575 403661.0758967617 183.01632124983593 
6474.333516236353 377577.9052881689 159.11010556361575 
5288.399668012109 1539371.6110925174 1176.469997888273 
5227.306380886441 12310354.969340218 13944.569178466258 
5838.57701045836 785412.9146584895 334.6312195711695 
5227.103830896018 33749301.82958709 17917.82561293397 
7397.931516070171 279085.42620910914 59.764643860788915 
5227.121518350175 34638698.938135915 18389.280822787794 
7210.973333388518 287393.53184765554 46.515277376092484 
5940.9021744112115 673324.3616160135 210.7076027301355 
5227.074864476016 24928631.964248504 20689.092259500838 
5978.215680026456 602205.4738603244 405.55229175260376 
5516.897946927328 1444159.071476553 655.6518923438391 
5227.052224489179 26139720.90205729 26965.602186748056 
5227.025651068435 41115420.723282844 33469.103462732135 
5359.516400010244 1575399.2512257597 1019.8968584966206 
5227.080200315659 23461497.93524277 21667.35539957587 
5227.631283321598 28137661.167664986 9082.304407577256 
5227.0489819733375 30258270.77748379 25082.11491439791 
6951.796763144305 348702.06136560807 56.531507529685165 
5227.039825663236 39437925.9166051 27636.13804915743 
5228.032889354383 9183875.839067483 9803.336944665434 
5775.4373484027 1024026.0482496404 235.29876027446554 
5228.033009224551 7121727.319149076 11651.215582215858 
6083.648947190103 556618.7828343359 318.24292713462603 
6580.528788931368 381248.3222748153 120.18429887208711 
5227.033415886406 31982305.08326152 29264.127199654788 
5227.018991166251 42346470.02618479 28183.689636966483 
5227.126046954352 17680181.38933923 16417.37904650916 
5229.201095766015 5568309.960414307 7597.268380896467 
5227.318920619865 18327672.786352616 13330.731017614109 
5227.021233096247 39076931.137918 30208.08421232069 
5227.038118098903 30016375.661193896 29562.823648318965 
5408.461002053122 1319891.1064496012 808.6844178050756 
7103.580907988996 299611.49409275915 47.48755634334871 
6749.105850797098 350618.34002834174 65.96815127668188 
5227.027478590907 38764439.85656134 31921.987894654038 
6863.790046748584 325413.42235786933 66.27224492299098 
6836.192413174247 321392.6614715337 95.7772427005169 
5227.061363582031 28815157.044951774 23055.633155978154 
5246.818531518642 1656629.8887855213 2076.9391247014864 
5227.070874501982 27593503.184893567 20583.8312965007 
6501.841020854522 420628.0511024849 157.75781785032893 
7167.28219135134 296530.13422081555 44.93109256437441 
5232.934814748296 4984190.550031822 4594.707087013797 
5227.037396140651 36287552.04087733 28511.656994217155 
5227.834132576745 11352665.986774454 10245.208981627771 
7048.510621351771 291529.2777017129 67.9416154070598 
5227.089554164908 21255009.92218887 19173.22986242709 
5239.078994157811 2991235.928348399 2836.354891999815 
5706.6820940407415 758073.5193829752 392.79914795280615 
5227.142044906505 29023077.94896917 16101.023137298233 
5233.990349680419 3862962.736239963 3738.227413787134 
5227.0305294222735 34156144.128602855 29212.85412908616 
6997.492753338228 295900.76660033944 73.5200941189317 
5227.055237561034 26833983.650197286 24892.43971526387 
5227.206785577701 17325505.52938344 14565.697424430733 
5228.55857006485 6614129.937576061 5836.9054763986105 
5227.4597528609165 9713546.3385373 11233.51256949483 
5227.603749550461 35889300.72025314 9569.561689804235 
5228.36029327235 10718584.306785198 6470.25036711741 
6629.252625584684 360787.21407331433 118.55331027494711 
5227.038342251688 35041479.428671055 27779.458408368988 
5232.279958855511 4270925.604493277 4911.674364236381 
5227.056600601527 26471211.47430969 24336.946807924105 
6104.945539628269 547266.7714446925 292.3309042627748 
6233.849478510267 627656.033981312 205.0608481666078 
5228.1450877192665 11748268.863899473 7076.8438028406235 
5245.399834545091 2137449.77969627 2199.1953697929634 
5227.179974082963 16187222.8039996 15048.044398043496 
5404.548304729132 2551383.380641599 846.2426470387067 
6671.294632846642 355202.2778059888 96.6660171437518 
5228.0456605809095 9684826.085847244 8313.428658761623 
5619.770538006215 817088.5819969234 457.57009951781123 
6162.548155063696 443920.2475084068 228.8851063859825 
6179.950705712465 451503.7137880318 227.9593381240731 
5540.186444956562 1128133.6365955188 570.8300533163549 
5238.000926917092 3072558.91031475 3499.6885296026144 
5227.077519925157 23241374.09394404 22135.55035951896 
5227.063727013288 22863286.40603633 22630.20781868223 
5679.353848628385 691413.2803160697 438.65276296236806 
5227.045776459503 27539140.936180733 30035.052382182494 
5227.125118658679 18691750.088676058 18091.711741805262 
5578.209156063917 1218657.0900554312 496.5476919655672 
5227.059888342893 27493533.346418172 23535.601597466597 
6290.799498217218 426392.5709989047 176.795170920328 
5656.418562977731 750831.6289107483 394.1356262170987 
