8666.563895376708 195140.02752302756 7.212502026130863 
5226.9383945646605 101083163.81968153 121749.5193069342 
7941.782752096394 220202.01473303264 1.0331369006637616 
5226.944071309053 212378931.61861575 63078.53053422159 
8820.318796223242 196680.7030601811 2.05729291150249 
5226.949296364459 150037336.96556482 48487.43282920627 
5226.95765248512 142050077.35174775 38258.10347249463 
5226.942026223388 76957355.18702194 95785.17388333331 
5226.942063925464 125900466.27896939 83926.50690443846 
5226.939847570753 92457293.0386543 111716.16041923821 
5226.93853325666 107049647.9951603 116158.51256693224 
5226.940374189889 88111649.22186819 90648.107608385 
5226.944914490131 64978519.125880405 83505.14897501034 
5226.940542358912 76578794.07750547 85953.72962005589 
5226.942429875018 68598582.55778131 72372.59615944844 
7407.935602969043 216235.11696176653 4.440985152275205 
7739.161282071501 213028.81090745976 11.989760626001539 
5226.949353168985 48785037.757281534 45533.13298514022 
5226.944615654902 92737160.78574762 68948.49729032422 
7287.709814258299 225283.9072327836 9.729259394939586 
7088.758159986574 241977.7992209752 6.545280876300505 
5226.945145528443 56975096.90528095 63089.54185851627 
5227.798135017282 21571023.62566235 11482.99027298387 
5226.960494258508 27990095.280474126 42309.64662701786 
5226.954049775781 32546365.485827345 41907.77212291251 
5226.945205665469 53534437.11537357 59498.77019577367 
5227.007488199449 17337434.77386354 26249.807796136993 
5226.945098436814 77374815.49602519 64905.18629831643 
5227.038509860968 15402474.845739525 22046.177027509464 
5226.945526018107 884885539.8753885 75585.06111021237 
5371.182429671636 1331714.9686787198 813.8762843106138 
5226.970626071282 20751290.42418647 34450.29041080463 
5226.968172870121 55053163.75821644 32898.86341132311 
5286.049984070848 2237934.628074655 1424.79529037636 
5228.815142200134 10368640.50789278 6013.932940247126 
5226.947994529707 39881699.5487185 56200.896704495884 
5226.944637767205 73629585.05071345 66231.03006631865 
5226.949506991692 41829831.25839151 53894.35752912729 
5226.952188576739 39441172.357492946 44423.35323719482 
8755.49846252056 200851.27445494637 5.2840964247235505 
7029.62063160108 311056.3871443826 9.929300378181168 
5233.926090362458 8498560.01685947 3841.8252094278246 
6073.9187252081565 407219.6451207945 171.01257352788213 
6546.334907052463 286396.57873601327 83.33299100837732 
5266.209666007915 4460011.798996534 1936.3499011785234 
6874.218161565327 327568.5623318907 38.84110675548556 
5226.971385265584 16473909.339155683 30927.51043860605 
6172.500615181269 412556.91562638804 143.8354023276789 
5227.136282234867 18405369.78169482 15376.671239939613 
6341.259022116741 305457.3661956531 95.4452639071 
7860.067232186297 199787.03168720414 9.582501001032437 
5227.224239608141 13903088.376404794 13406.965447098948 
5646.1208014757885 593957.7673289492 302.7229240363654 
5226.943072221205 66738219.00015721 69833.95688274536 
5227.036662375756 19924025.726207152 21985.20917003589 
5435.360481747927 1018600.8011131053 764.2230751763946 
5227.979569796548 12433700.179852283 6926.808391938625 
6456.097941875639 359443.76786068105 90.55530146673193 
5226.955006921076 30954045.37981817 40763.55513189216 
5577.306484460734 526620.2237915932 359.75039005390516 
5226.945514726248 46513454.64391415 55191.41173389657 
7347.299060288866 225615.22277130026 5.3349343510049945 
5484.925726583374 1336228.3476554563 663.5675857138924 
5227.046309352958 14511943.667550419 18904.007926223563 
6422.191692476054 375781.719606871 82.31771882051532 
5704.5391722691675 569393.5042744641 306.309959126021 
5227.113911031535 13682336.229860751 16919.950344295088 
5227.820790370557 12943542.210606668 9779.557939464412 
6288.353357712894 325352.51449481666 128.1298353380538 
5226.948520176668 65352756.02014327 53593.704854320466 
7808.365024810392 213522.71148296303 2.0420098601249137 
5237.665165784157 2586894.736283342 2784.904154669761 
6703.550573466414 268948.6232017714 61.69280118454669 
5226.976776376263 17003628.951763436 29087.474283581574 
6942.9717395975795 297538.9083528868 10.435831620834811 
5535.194984615708 728389.8433500646 621.1500575001098 
5236.927035643585 5446268.872685447 3335.4834814392843 
5226.965482562004 30567069.71614838 38934.91171835637 
5759.164754408643 1173044.272467365 237.58909218523192 
6033.186436652177 420133.51761191426 175.49687293444117 
5226.944867625918 57705971.93773053 73272.97524302221 
5226.952263920267 45503519.238324985 44041.562635206734 
5872.199077325661 558358.0126279729 265.6774010266645 
6595.490471259192 322569.9535115614 60.12373975648044 
5798.7061792709865 694144.6061572568 273.3748768816651 
5849.172638893655 764605.5738315949 246.4003876883033 
5226.987789255573 19998833.841649797 27931.24025161775 
5974.273321359279 435380.78001734585 195.01114451785628 
6786.844421671364 352038.6124261766 39.245704312150515 
5232.791440958441 9035995.326255292 10092.822202965113 
5944.836083636857 540973.736726772 259.22245106367563 
6782.963675791841 353279.5161838375 39.71303678034051 
6229.062596706209 362423.403852524 137.92542527728432 
6639.445812129886 298354.8519551243 77.14730493223485 
5226.9507742856385 31509856.799003985 44590.08923564586 
5227.108578030556 22986190.910815787 18805.471024234368 
7749.847300479577 211955.26576318184 15.787492733797656 
6674.652125970932 277242.75912074326 82.39958561735722 
6208.653754717156 400948.70607360516 250.52355389968923 
6924.976455785026 299917.86851673457 13.946275995786184 
