8535.836557149263 681493.2319981426 204.62569094270424 
8336.707715724244 1020881.8309620424 205.18453428253258 
20965.03569638227 405938.6829034715 14.497738188031391 
10700.451350938307 553208.8579340372 61.02162012682612 
8219.423433050893 797467.7344912201 276.18435617732655 
9029.973081015507 420971.43317410594 80.8455719451587 
12594.765817364134 1336360.8217996303 30.739388285802494 
87071.34430220365 1090011.97417498 13.80202634456093 
8470.533085540632 711141.8177399376 219.55707287985652 
12861.809567281714 335407.1300445025 56.579329098382665 
12768.556769297204 413081.8454496061 48.07304321610586 
14155.580495689339 349690.09036305454 14.842659506543 
8035.222919555829 2049655.9899753886 705.2436170930424 
8993.0427570653 795487.0620243065 144.50332774170462 
12666.060912239958 512139.89478047565 18.077019450244432 
10368.846147411032 487706.54553044925 67.52077248565247 
10743.329637499068 258426.91216367888 58.67210916465632 
8533.377306018107 1239662.3633900366 160.33856107294335 
8023.900538785602 7434834.593752729 1033.2422900159813 
13898.626925722736 366190.77967181965 15.988442307456445 
8156.80298193678 4475711.609806058 317.4918411793083 
8496.167635936608 610131.3125618881 231.33625977907207 
11555.983898248094 516540.7502947403 51.19679301494608 
8096.318067450682 1009368.6314798144 475.8274090903466 
12913.123378091666 250299.82082809304 26.237225891518143 
8468.563237908 579155.749970383 340.3803697028998 
8234.370817855452 1070554.16791342 224.3824293764651 
8034.187175148647 1741821.6081977328 949.5302055790178 
8030.860598877411 2695693.1796686845 711.338410950407 
8036.868652389896 1532716.0032884376 847.0191593778553 
8958.537918004517 964075.1144957591 185.13705016225617 
10476.739969774666 311375.3797024472 84.83245859059517 
8496.554987552447 690838.0716870838 217.87079054410603 
8022.578061541623 4112486.748597325 1166.6917682415615 
12570.572057090369 407029.4424212183 56.91630542377491 
8033.438539195004 8513536.5383595 667.6987827142184 
8015.504908007089 9863104.216974609 2105.8660677847724 
8525.24846548488 971839.4214521163 168.9607425644826 
8116.51207430397 725101.8007537366 368.51888329771396 
8029.296245544552 7017181.29598263 718.4336192366063 
8021.894381026702 5503459.818822715 1248.5782610354447 
91150.62435807896 597915.6483593705 11.02980073046763 
13012.937653089133 348689.9594982701 22.18304992059179 
8024.81250544644 4533454.298473404 828.7071259746183 
8015.147748232279 17918026.52812314 1443.3619283906119 
8016.498802766779 9191753.502558226 1911.2754985777603 
8039.077554372463 2432254.114586544 639.370515537677 
8025.497652220741 2721505.863561468 988.8065576402118 
8961.187851316981 655207.9446031102 156.27348578272606 
8019.958270861625 4249480.016006973 1540.5074845222082 
8058.3298242280525 1109297.164345153 603.2164559596695 
96168.9044426267 732029.8831775992 7.11876336172168 
8014.977771912085 10514627.310619736 1882.7081307687497 
8029.008544643504 2584303.8176672175 1010.9896784391113 
8031.814606759219 2316208.7615845595 1182.4561815285529 
8016.922581908297 5090456.608175837 2231.7333544538287 
8022.481616166506 9849809.32846527 893.5276779326562 
8020.035626565394 4077241.0479580453 1699.8290849855412 
8026.330620790419 4000459.54690379 740.5080583688474 
8016.997072107286 4524906.328832747 1380.2527596260925 
8021.477217281159 5149284.979416667 1322.4831273286736 
8018.912349733465 4713210.840985492 1347.397213720093 
8022.463755184453 2953505.9388504066 1301.5305629694767 
8030.2213562936 3758850.421621184 979.3648508483022 
8018.0753405949945 6180594.8082011035 1170.83842416563 
8014.201899853801 7322065.066342518 2254.8556508416505 
8043.3260775731505 1208947.8836274073 327.318239279842 
12313.952242370984 295779.57948540436 60.41334165119282 
284852.53425404517 1008966.1919708052 8.22133775597978 
8014.940789687156 977200170.8628519 3513.0195244772312 
8016.588022579951 10430743.3518699 4496.9165085819495 
8015.222380036514 1110037067.267396 3487.861210231187 
8015.31830481956 299329362.7669134 3518.322279292563 
103436.67186599196 1079411.4454138759 20.194742536406828 
8015.480654008602 27302180.321561057 2143.8531174268905 
8017.1394956666845 7761474.111754991 3126.567601317528 
46202.93199325408 511125.81040484214 34.787292283735695 
8016.897838241568 16791316.099067394 1978.1351586351548 
30206.928312102762 1084335.9802553663 17.114909408112418 
8021.651639569616 6276311.549440009 1623.678451448404 
8038.96764390903 4858439.35301575 801.5902353478521 
8026.570454821573 6398768.679115522 1490.875923671418 
8026.813810188383 7930809.6276125815 1068.7593140377376 
8021.3418425393465 9807299.205052298 1245.3963653930357 
8041.751515270024 3552328.1564470073 962.2123129654401 
8021.1197299216765 8209867.203445407 1335.1625415412573 
9644.551891131176 26941984.198716756 204.89702540531502 
8045.125551655996 1472642.9648100175 642.7419595800391 
8510.139319555628 937369.437770177 310.87777659261167 
10700.481732959943 4757234.842062185 206.44537332785134 
8085.605267608402 1269083.9551673967 515.4769338419716 
8051.935541161953 1984137.1618219996 614.5309944512045 
8084.407677427332 1744327.4880984556 437.0716577873818 
8052.170962123592 1630291.5138075782 463.4319880269036 
8062.440767261126 1895445.3192774786 400.2867929781965 
8098.141475432924 2990218.9908461757 376.13469389696155 
8149.688560081296 1706367.2728146594 349.1946007176804 
8050.801192529703 5132717.012672513 634.0114351472489 
8145.270401993916 1752264.751522143 333.92457417220754 
8085.417567972512 1343265.7148633776 489.3238583863173 
