8060.628593561145 26852842.346199673 1496.5462815808855 
21274.888009359587 185480.42871836454 0 
8060.99420330796 16568911.23724912 1323.096296210454 
8060.722036654599 26645290.01566171 1475.4910206217705 
8065.401266314504 9247426.716665778 1007.2355280884371 
8135.422130327959 16561291.738038313 678.0286139175903 
8135.689458356261 13184438.505571999 639.0068456567005 
18944.04825142478 265291.0246935047 3.0299953326008557 
9817.14723610151 4023653.0888443883 268.91743808127876 
9229.542831231667 1568984.0515526442 282.10206983723754 
17581.468272975864 249150.16703902767 7.128646531658377 
8257.523088485705 3067942.085170255 417.75266831975046 
8148.893187030351 8267573.9961869605 480.5039297977849 
12027.723983801565 350096.9516707126 79.45971236873676 
8493.147439508019 2560485.9126972803 352.84942578802946 
8073.664221166814 6964059.1469690595 953.1975722457718 
8284.871857230512 3012238.585589619 395.2054087551801 
8624.565335554085 1585918.7344438862 299.9652971765106 
10239.80522002383 1182331.5810082387 417.19847175772907 
8145.80143778679 9967484.265411174 582.4331076029666 
8145.195990498771 10246201.620607376 521.2806587375505 
11014.322576067723 1905769.5592373644 224.27748992832068 
9934.007140205122 1356428.9625000495 483.844474264076 
8073.895374886872 12507842.430937711 885.9990620346562 
8076.210037638567 7591381.015158355 838.5337113071474 
8181.032937604854 5757522.2588155195 607.7626898574312 
14848.355854489168 271875.9421376472 14.430096623886906 
20302.189724242126 221949.79752743224 0 
11807.342279836872 374846.1518408726 105.6422579447833 
8080.779157974235 5281786.740560952 744.6355071576187 
13585.714520088588 285283.61883000267 52.12441759845096 
11139.60024082264 752134.7066369988 200.27550406864304 
16205.605057536086 238076.57047523122 18.4634276196359 
10414.511345054554 2359004.2941165995 246.51102160105023 
19613.719721881585 230589.39595308166 5.403457765191048 
8077.696868481764 6532081.315243877 794.7533200780392 
15668.944674081085 253108.5316024099 31.389964432280813 
8074.16539681004 9672174.904925933 897.7002069671353 
12422.45037233268 336385.2307249504 65.38349520968126 
10850.281720098079 991554.9995153642 259.9798023941297 
20668.760552233063 197212.48894035764 1.0120269120998784 
8077.12399958754 6036982.318620303 819.4451243253021 
8139.007123776992 12787353.142047962 642.7796721641728 
15884.343432414938 249090.0170565245 12.974606010143528 
10689.512917787128 915672.547817267 302.8007149656256 
8081.44785440405 5443603.061968271 721.786617444328 
8270.129574736688 5052817.186444882 375.66083351687524 
8147.449026891965 10915729.014874706 514.4705969049077 
8075.074835100969 8555474.393482426 936.4395299698463 
8074.231700330665 11614664.336641222 864.8504345315064 
13958.88466412625 287509.3127847588 29.277976108431474 
20871.619213695354 192057.5443463367 0 
8076.894593853265 7265298.426619986 798.9261906172167 
14435.444930685653 271860.0465488108 29.240444603866475 
8074.231700330665 11614664.336641222 864.8504345315064 
8083.676699480107 4941998.493904727 710.1289909829296 
8084.946394724399 4538091.239683222 691.873078704928 
17455.722162221842 313636.6946916584 7.043948509263767 
15304.671491817891 243529.59876980545 35.192114653855164 
17012.613723398783 211503.34130399016 9.661894863759976 
11506.995027923283 410595.8573438126 119.35003142617671 
8080.506655136381 7590527.369363325 770.4217946380194 
13115.996651810936 310605.1159702125 51.203163358222724 
8074.174479176032 11095824.533958148 891.7534296158673 
12880.611398274883 317622.9116486033 54.70734241796162 
13371.059481054674 294816.25602605694 65.18203539662184 
15073.973674797497 249443.73340071837 31.666629411233295 
10409.538682092243 1086051.0261478869 357.45383966316797 
16584.457671626667 249345.31416422184 9.685348334866118 
11305.083546358232 764424.3496966416 156.13851285153584 
20022.421697380774 243502.66867144094 3.1658389941999463 
19893.690802924637 249658.68380258433 5.362807598300293 
16400.042231908938 235932.61379320233 17.379864416143594 
10559.031286217396 1056526.9174715648 315.7979158109406 
21175.29983059464 191422.0652615216 1.005452708776029 
10502.85413999915 1058367.8988380926 328.08213846889066 
8139.772700541907 12930652.479507226 632.0020085632608 
11379.570744332766 480663.8157055952 135.3876326328285 
8160.677238569373 6750113.951212198 550.0409672834899 
8076.314342717686 8893477.156235624 818.6464187361496 
8622.890688578897 1745018.4185589347 325.0089736905984 
11617.514904486283 409263.9936133349 139.83974913489163 
19263.901450827158 252038.06645282503 4.357354889524264 
8148.100693449313 8823812.148811722 496.978829416119 
11234.612493502322 534698.6660374685 237.97105473169327 
8160.677238569373 6750113.951212198 550.0409672834899 
19304.00325671829 261634.6773411469 2.0245426238248267 
8085.643774392604 4605310.5780060515 688.9544875460994 
8140.571924599175 9502841.447741276 615.6636177100733 
11353.671746033873 657621.9335283798 172.36542723445905 
11292.661900521816 1609791.9911132762 179.24112594056166 
14102.135394407134 286842.57975848485 37.5616967431462 
8161.565890579541 7553987.517334832 509.62523861096105 
12693.270600779506 320196.70759563247 54.61730785350748 
11270.259741288595 579398.1930593571 218.28505908854754 
13211.577520884812 303229.7687566562 57.89742908582058 
11700.231667283315 392505.1986826777 113.7447760729149 
8074.932764140635 8591339.759954268 937.6543212118465 
8074.407725113935 9547603.62836679 872.8740563382926 
14289.66137650079 288590.1889543905 29.253548028724445 
