20915.512772133767 364815.78741803666 28.886548976595066 
8092.405416617821 29666824.087240666 1404.8204859117664 
20930.028212030982 450535.1901058217 18.31832376014299 
20605.734479894512 541487.487984607 47.45110107381755 
15662.530063072718 429939.0733264005 47.559607614483454 
8125.477893929878 22012821.324260242 1023.8233384748704 
8108.398954736371 15620932.493727367 1263.8143230860123 
8125.512407892689 20828606.268693954 1054.146483801213 
8139.408492561855 10238910.907051915 935.6774475777804 
8197.973729105835 13843312.401378274 755.022753731467 
8139.629857544487 8505695.203039927 886.4544267658091 
8203.752315484207 12240181.034282338 711.1605754690256 
8113.7151376356705 14778051.668551465 1122.878896029706 
8099.088078993315 21988516.504728865 1314.8646922108235 
8682.791511522853 5254882.608352646 653.5756469589511 
8299.911853039122 12556394.582144396 606.1167921522624 
8196.731112945732 14539962.893161703 782.1939774280227 
8137.502193994642 10612069.99792495 975.9877583867612 
11298.604979447144 3898919.147337646 300.0062701605517 
8108.408544848611 14887059.70864987 1238.3835928235849 
8150.028187540376 8070583.256843672 879.0727854862296 
9512.662116287933 3186657.840999763 481.2141264293685 
8260.232208815902 11035956.109440492 674.7300912655026 
11478.851738888592 900988.6975029194 216.29815708605574 
8118.100028431961 14441988.26881699 1108.0234708794787 
11514.451909656585 880296.8397137567 204.7037636347867 
10155.49199472813 2928003.6693202946 573.4106260859788 
12950.057486385296 643724.6094895133 138.44767644678865 
12495.205605801919 900998.094387063 158.5535480383344 
14123.058928058712 604768.5334449671 81.07072513721097 
8376.862832076025 6824117.611963923 676.4689865816417 
9127.249836451363 5341554.461262142 594.4221472861918 
9680.427908465634 3279695.292708753 432.81075058221177 
13017.558103599575 577171.7832669301 120.25320805046229 
10277.952641183167 3290694.0527078304 420.63849612096226 
13787.150036354938 499200.4916542738 118.5187723798212 
13486.070913654654 660336.4941542859 95.151868823739 
12184.774922264894 937682.2504334922 195.1001192115467 
9238.261069462742 4282043.155779231 404.86074073661456 
14529.876183741995 573561.7030208458 93.67280911635048 
9237.173674459507 3501642.5741806882 528.7684285396267 
8853.569732165337 6017072.163526569 534.2812597893421 
14864.079429199168 1027312.899638821 79.73350416058369 
14677.407908091362 517495.75729562005 110.56148206143882 
8108.408544848611 14887059.70864987 1238.3835928235849 
8827.409446421198 6786446.495187104 554.5472023302798 
8105.531446734891 21243051.893787235 1301.4941097288802 
10510.762594154683 2820306.9810145507 378.33610129749627 
20662.56434170042 612576.2948355403 46.261284862157225 
8343.386520967131 7267017.842960916 559.5552346660163 
11377.914859315031 1768644.079836173 346.3855559358843 
8855.752817864857 5714301.24439802 586.9335867911118 
8105.531446734891 21243051.893787235 1301.4941097288802 
10664.830157797001 2275479.818095641 455.2491681988188 
11106.6321440474 4518207.5479975715 303.99809234914443 
15365.782970723867 747573.6614840453 62.921953611289005 
8304.48929930315 7638863.478381053 550.0303254733124 
9211.879522974625 6980364.518839615 362.3107698439759 
13531.651187735079 996452.2611291389 84.24218676398598 
11186.748116102237 2652421.238560588 336.7764223502446 
10712.500525913933 4846444.977980363 340.8346343023571 
10975.354995139609 2236182.5160944494 441.04596764930176 
11277.300227658798 1819864.6005098403 473.43465143181555 
9647.748590636465 4685710.349122066 362.1141318383222 
10777.469632614368 2510785.5192395663 371.1308490764187 
8150.028187540376 8070583.256843672 879.0727854862296 
10878.446490344177 2988829.219617635 359.088909636023 
8855.752817864857 5714301.24439802 586.9335867911118 
10584.179295741425 2341440.946134639 440.20767121188067 
11174.159452331272 4310503.79485738 320.1511668468855 
12378.049395350932 648674.4506449933 167.55830670209122 
15524.821838352122 586693.0870949386 65.58785599888901 
12367.806575329181 704462.397532878 185.72226925877175 
15023.283176393166 730181.1140155427 64.11358271179378 
15589.540303892181 513857.1009283755 54.61829025811173 
10923.715757984344 3619280.4826779524 348.52657509604853 
15141.155909929754 949022.7897107307 49.144228801426124 
11299.791157683478 2049494.6521645174 353.36219283351704 
14915.970305777595 843357.9604245283 77.2489775080008 
10949.09249706089 2274949.8928294303 396.73370494916867 
12189.055702229458 940148.511516405 195.0796641379411 
8306.20751778554 7558083.060807584 553.9724012815257 
11042.841056641293 2311478.6300013345 381.26177850990507 
10882.808617858307 2429243.761556162 387.5324920433112 
10750.932231562103 4402895.269788243 371.8110803015122 
11410.756961370666 3593694.203643601 324.1204833134442 
11144.497446808335 1989838.8785961121 474.75797674489297 
8131.340070500004 14561647.825637972 1042.0180591135988 
12321.099748730274 901741.6523185669 174.38317280063214 
8830.026326433073 5975787.525776751 551.8205551032436 
11338.044803678693 1878358.1622543016 385.5427580396725 
8131.340070500004 14561647.825637972 1042.0180591135988 
11372.593928944309 1854612.72392503 327.2026801705587 
12321.099748730274 901741.6523185669 174.38317280063214 
15189.099832593534 512344.93334723334 85.02861464277831 
15252.175873658023 948290.6053190005 48.123357648395846 
10713.120826230088 4786676.182372909 337.67443876140476 
15210.325922802567 455445.74003216147 70.13942628483203 
14888.988441918864 827940.2388049847 79.34619254146612 
15662.530063072718 429939.0733264005 47.559607614483454 
