27107.71724990068 35474.89057338955 19.999406301630952 
8020.856911712724 2331443.7492761444 568.0694339900788 
27254.358345774228 36331.10798709899 16.08179145126292 
25189.13673015537 39210.85896702229 0 
8030.585317744681 1739657.1735151815 267.1210920993704 
14372.44768467279 133092.9522459107 11.290580300440865 
8317.826239676117 36267.597199129596 16.15508661833828 
8021.0931281832345 2218832.745757593 530.9604838822936 
8022.205188928171 1411593.1061306966 421.7780821269158 
8048.943953782291 467101.3071870826 134.06602269291042 
8021.1859502818625 1200370.7117687417 508.59983194632673 
8112.224853668574 389950.1908391649 42.60987606800979 
8021.288931934583 1112518.142186094 493.49693116545086 
24070.794560289265 41821.53992167549 0 
8020.908237953037 2239172.6985923764 556.0797580599515 
17415.420430680173 61694.75303764911 14.108414523714824 
8081.85591720039 169378.55140848138 61.41292282819876 
8046.806444044494 537374.1168636678 304.64550194086263 
8021.47313738326 1163526.2840660482 458.20224190795057 
8021.478523709857 1114671.0947918682 467.28634455036797 
8020.895937063548 2260953.420225051 559.6719213844309 
23222.3999317696 41238.74717971012 9.849562564945156 
19782.627176893588 48679.06807296879 5.119091962512885 
16862.703557875317 69225.06858457265 5.246269101265193 
8021.129148764541 1284949.4856231627 515.6663826236387 
18021.054234670868 54769.06859836452 8.883282544569592 
8021.550965225047 1036227.0318904453 442.5784892800832 
8022.690921668857 945360.1905955392 409.384341301282 
8027.90209332032 720955.1280382694 287.6612421716704 
8023.9100454433155 898753.1819692879 395.6589179160074 
8079.488192635228 804524.2234422211 81.06457716420731 
8021.0931281832345 2218832.745757593 530.9604838822936 
8028.12646295855 785805.4795431107 274.3785036013545 
8058.061321763764 304514.650034563 142.28161658980338 
16059.787327150785 78670.89813302012 0 
15551.730470802235 86095.97081915317 0 
19248.130565059226 53037.17814905814 0 
8024.523857781789 812925.7555035604 327.5130688609014 
8078.666013191034 1306983.42943647 89.32179002881615 
8025.358187568154 742993.7781139035 342.67393833294744 
8024.069491985897 866026.0100321372 371.50806878669357 
8021.2342538692565 1136259.6901563406 499.3492669138226 
8070.1952838251145 244799.9780757107 147.6191603935652 
8025.525476054 749672.4091019471 316.7648341082374 
18798.870132405602 52897.6600879686 4.020760142447449 
18395.222472131933 55487.02259363954 2.0199394952406857 
20265.465266576466 47762.01450494872 6.463407582727891 
8021.482311482787 1072248.125875334 463.4707551192246 
24567.949474360044 40027.265009067174 0 
8026.350285660513 683156.3660104597 296.8940330382745 
8024.108581874248 803825.1947888376 359.93171080349816 
8030.706849781657 817631.3419417666 253.21291662331473 
8054.2703809438935 252679.8895607069 219.62739755219894 
8054.561440936074 245248.92287107522 206.89842265061225 
8022.542683850395 968166.7035835669 392.8014614531717 
8023.383809761364 928311.4275104713 378.7280322953982 
16468.849396921978 75660.41201506514 0 
21879.262661404347 44416.26782840621 0 
26636.578953613975 36939.948325737874 15.021845520572478 
21452.985275370607 46223.00554207184 4.110682393083843 
8032.027136587291 709516.3108633248 242.9546443239993 
26002.463801789334 38031.21422698998 4.064726394306844 
8052.462034615099 439659.2073471837 118.14174301478998 
8069.669643899757 763722.9417162483 97.01844755296545 
8053.357962388027 261533.22916499962 237.5111713844241 
8048.229043690032 578305.5628142531 157.9648065888937 
8038.763220555733 550623.7797523715 195.55070691981976 
8021.98391211727 1011718.87505661 426.6921840727566 
8022.219842262145 1368714.900513771 416.96021442227413 
8121.234742972254 145967.49224405168 32.66894262180397 
8057.841759296659 327707.7351232165 173.1381577856786 
8061.496340126061 447836.590534776 106.42729813421751 
8061.433110998554 831601.2636141154 112.7055138074295 
8024.069459294378 870922.4552944858 386.00449388814803 
8039.608670630498 594310.118685019 189.69507968419242 
8021.969232797626 1017322.0920048846 432.4795379602925 
8034.860614857138 822033.3496834215 229.2718680780573 
8048.716692011521 600699.731392556 150.41750570482748 
8045.125753034573 565447.5766000448 166.67730151112792 
8021.119616522601 1293800.1017861431 517.7241841139064 
21070.195144784964 44375.79093273153 14.582307466742723 
15248.390831157314 93059.16177884754 3.3098093072186114 
8075.292305080957 435355.4994584812 91.08005942774012 
24960.744787765572 39073.3500942963 15.858955890443793 
22652.507388478298 41961.04580184216 13.397663436529456 
8043.42217915211 542049.0001807199 179.08630380057554 
14732.721762527555 103563.06645243196 2.265186986384475 
26011.025505620182 37944.69081452556 4.065345420015579 
8024.534618872901 746907.90678581 349.6578119320197 
8253.768002890802 96383.31680191711 56.62262870637824 
8028.626310394427 637828.467149811 298.12441252326386 
14975.563073303414 100229.64855673377 3.302439605798348 
26817.45561225133 36230.715769038834 18.752658430909726 
22933.69990040683 41451.96976031033 9.756836743784296 
8083.623243858156 114912.66452510175 49.90309482266561 
8044.254332071586 644176.1346907091 173.63174604152948 
8129.225767399001 115244.1467681296 29.248014702054355 
22314.479175814493 43875.176229128476 11.642642872889038 
14484.006989161073 117299.94084594453 5.995132239082983 
8029.147049473158 1040745.7170280647 267.50342758735127 
