6765.774548170231 488173.54525589774 224.11215901077622 
6482.704903861386 472676.7728378829 313.32266596007867 
5227.0877394467 155314796.33973294 64010.898993729046 
5227.10632113922 111036505.5657002 45396.616916724306 
5227.1075801910065 97618112.6279751 38944.90822641568 
6185.241665907688 766306.0264493105 411.09649958883824 
5227.13138024045 89012900.66205107 34703.79859298877 
5227.158124658119 54220218.72107134 28521.48315862002 
6711.446769626534 527126.2251446185 229.06351746809634 
5227.114448725828 68615460.74699779 37689.02701959586 
6053.329658224535 702750.3412993196 487.59768561401705 
5227.143023469722 75623026.84482452 32982.77163297757 
5681.434276562843 1027528.0455869009 755.061866149277 
5549.850002906911 1136459.9429106754 657.3560964785905 
6302.428119641744 762601.5472621644 352.2656160753948 
6168.749228871644 678718.426230201 517.2953043041009 
6604.856257138321 516937.579268515 270.4229045618364 
6538.080653241295 615193.9177974402 248.13776107328235 
6617.597016495491 600571.8577216672 321.519666692098 
5227.112462434439 71922797.16350108 37659.50497705498 
5227.286509158148 31067506.37208558 17888.963097320117 
5227.109750026357 84512969.95838429 38691.42516469519 
6473.976315737788 551200.8565017593 267.95898796653796 
5762.839910457374 1818033.7910997807 638.3150605820368 
5892.473202824505 714542.4970186742 508.44475198380354 
5227.164939424225 79716399.7697925 37897.82911452313 
5228.718623702804 10265221.522397494 8827.53148049303 
5227.182612018953 38478525.13783211 24251.993564685756 
5693.010171491279 922503.0581705107 640.483749835285 
5227.136065699992 73052174.14750496 33789.01866928539 
5227.560383820846 14782792.606335036 19064.436773158643 
5227.299996099968 21714055.528320238 16999.42549080631 
5227.154274506375 44096687.901603706 30579.304639546775 
5227.178044478582 35502587.74785313 26583.825253665585 
5827.389372350668 1101462.1779240076 612.4542440296589 
5526.495710665857 1437675.8809849205 826.8501682196231 
5484.134378252994 2107014.9712876515 908.438049242001 
5890.5890048175825 842016.7981658147 562.1939130132658 
6595.649982262673 526919.1472635104 258.56990707308097 
5227.4737810349725 16718713.84344577 13443.163505306638 
5228.606382332111 17407252.68479174 10279.398425545833 
5227.109768733416 84582860.75240995 38604.10534731399 
5227.202184240997 27391715.86385759 23094.647519492253 
5777.154878900351 961399.2022802834 635.2270487980365 
6012.451663071351 1481364.6819551482 469.8273050513218 
5229.838749967438 8548698.452895109 7797.971069698457 
5227.311456489625 18702738.433595058 15189.458175351976 
5227.1512316743165 52329386.26174225 30164.60870558792 
6366.4698655671 748915.2779019761 323.17222546232523 
5227.201081545562 24841256.44358767 22250.195298896935 
6330.730454457581 729435.4374213064 385.20902566612835 
5262.567996775216 4127710.262061459 3126.9411126470677 
5227.325443221816 20340334.210794237 15109.157633834722 
5227.195649731494 27741083.950918537 25790.410687075615 
5432.512946516413 1248943.309673706 1000.3509242306712 
5227.144934496807 49348587.96036501 32286.828943914734 
5227.219363454353 30553713.17443892 21720.751611226617 
5227.14805673194 44468202.36981275 31369.84843019751 
5280.801217124816 3503647.7282630675 2107.9364951807897 
5227.112861234781 69727692.97289671 37849.63862648952 
5462.328762321498 2137545.6400069357 995.8278358078528 
5822.500231577135 1590468.0268654227 606.2908460668975 
5227.165021991123 48929306.05872805 29245.121070397017 
5383.306102138472 2044135.3082772377 1347.3183623830873 
5227.179547232987 85587387.64091505 34672.736880043856 
5227.147973131809 47953048.26705292 32045.55072099616 
5227.733072600728 12771860.51280259 13019.303081053724 
5227.222951548076 28065850.557246145 21044.959073849757 
5315.844852655693 2794022.784587601 1542.7883519133738 
5327.343809229873 2174289.8235929715 1121.6098603141538 
5242.299065381588 4538136.811719267 3998.121917202241 
5298.349809232289 5940266.797609981 1870.523969863977 
6032.214545607305 1220856.2136808308 491.16825350033565 
5227.971487630542 19314956.64876501 11989.024594106473 
5235.6892775802335 5337700.639848454 3766.109005630653 
5293.609761348833 3066435.090742399 2443.516331361936 
5227.173205598389 40223062.804582246 30148.556665207834 
5253.664410660299 6010510.182392462 2815.3718517300695 
5356.609091397103 2454757.1414881134 1064.8955089204353 
5230.266296122283 22295811.681138854 6822.792296691614 
5409.392799431346 1662760.4844137453 1074.7430925717495 
5227.301151760203 17983625.06926722 20184.24155703325 
5227.224773716065 23785230.908064075 20956.339663831637 
5229.623971892172 11270500.659228548 7391.415252606307 
5228.1685475761715 10979019.09906364 11052.87766735674 
5359.690468293952 2061076.7242507234 1199.856400953057 
5227.17658312303 36635232.47582083 26295.56146756643 
5231.080545452167 6722125.027934946 5372.284319650353 
5227.509793931838 15805003.129003525 12865.204208664802 
5232.75469050782 6247210.174507684 4978.976607333725 
5227.195455348974 36817263.94189926 23622.466428911062 
5227.522633284145 15698469.727235606 12123.810452299253 
5398.889383249998 2928531.842915009 960.2399361968259 
5230.885918906417 6364871.14993893 5991.090827081979 
5230.305231704503 6958637.377359083 6424.143107839706 
5227.282499803037 21348090.03145609 19740.783639217945 
5234.670868566152 4264618.027880458 4350.531028742655 
5230.112735206004 7742219.869191991 7158.95270212707 
6309.984048531261 668765.4066258712 407.0464616550017 
5548.568857667619 2204639.6871339562 826.1106664698681 
