5227.458231261861 37980058.784006625 28372.834301012004 
15976.838746434621 538293.779882504 130.44019832258272 
8145.171934686347 374813.8268978796 188.14050655104117 
5227.548278823714 31708858.790043052 22264.822515093467 
5227.669349524257 25754903.718458164 17386.366246668913 
5227.7126548045135 26152374.0156043 15380.85991843779 
5227.649559670331 35797102.23808021 17391.376664840824 
5227.6506847936735 21638684.527798895 18529.59462407922 
5227.628074475138 28292289.374880977 20248.750447144343 
5227.724516537697 18367651.164222352 13690.549032166027 
5227.637428260777 28484879.653526753 20167.509077383023 
5227.654994038234 19422902.27721059 18727.09268532185 
5227.648147622059 37175045.207980484 17480.676200824797 
5227.652935481054 27321407.814055096 18177.000189029648 
5227.643536881367 26077753.518065855 20076.39405731885 
7322.5629438867545 547501.0804449135 250.30539057842486 
6766.329908409432 505737.8862142378 251.84938615964825 
5311.67806119933 3432322.651007548 1352.4707825985756 
5227.652909382333 35901400.57415474 17216.703569255784 
5678.294858002962 2386981.7020638846 985.4614791771263 
7505.43104663518 552556.7473793929 226.45026921073443 
5228.04000948136 14594410.539678968 10846.904533500046 
5227.98643704578 18305296.978404306 11239.240370761403 
7869.710645557867 513170.2009426497 199.3689404975094 
5286.923952287476 4379856.2278046515 2294.9102522814437 
5280.673275523377 4148004.2962819654 2566.0342347068754 
5230.171996895221 7622427.5210323855 6194.850463802259 
5228.670577662729 13461910.291954353 8430.171165259435 
6467.735429124068 610427.5625164345 344.26275962308296 
5227.65407109837 20226876.232746176 18398.54754668039 
5378.246309872496 2168383.8113213396 1028.0307681935765 
5962.80316424092 1696425.0256693126 690.224414396995 
5776.212676148394 2720707.1222372823 944.5250435050306 
5227.800095303497 17271724.378463775 12088.752730480946 
5228.43014484415 11335822.879795354 8783.185758653817 
5237.523392048073 10573297.590030901 3990.78439582309 
5299.985834363716 4989865.150303014 2104.708682678478 
5227.67988535857 20475661.42596426 18307.51333524943 
5234.2066500893525 5953921.880496662 4650.662722524325 
5234.196490568689 11662838.314193206 5017.764627638449 
5229.006943041969 12813229.032836547 8245.834588115207 
5308.387292883859 8647182.098830268 1887.5481519461057 
5227.921396446329 16816285.8467626 11850.376240894093 
5228.044503697975 12084883.989617344 10201.608711861263 
5227.859448986012 16388659.56130154 12992.94690714166 
5228.023108181593 15692667.023238935 10495.542770468599 
6051.124943736364 1557278.8145008862 709.5781612778061 
5228.331382723732 17968515.65212721 10966.955561075802 
5230.286506544259 8054558.900030492 6161.280503332208 
5229.108604339201 10127883.033394264 7912.653281446889 
5332.4557732496705 2865962.7857276294 1164.9895534963043 
5230.10637659552 7804603.69264289 6883.16253186947 
5241.789187232427 6983766.065188533 3484.6570590742426 
5227.752185254036 15643640.444930475 13106.267127518135 
6661.848301191202 621693.3928593344 299.23736889127304 
6207.356728392223 810452.1177577113 499.78855616690157 
6116.898492451726 784555.9634075855 503.9190280345646 
5236.131511148603 5239312.012411222 4023.685175960604 
5881.058376879759 1246450.3544315246 779.6772545980543 
6289.709222243333 1125722.0295532646 458.0937267804216 
5228.25581963448 15901380.670800807 9104.190419082444 
5269.453299074225 11069119.87684129 2645.943269190781 
5232.74855053004 5812415.304428977 5318.630589225625 
5228.332011564595 11499173.126233228 9308.122353184455 
5227.799260088821 16805251.865059413 12797.858000429544 
5242.957412742548 5591295.6034370605 3077.9443849039244 
5235.054506409399 7018672.432299058 4519.533113450814 
5228.80224328813 10551158.41469821 8450.402722653762 
5231.030865115655 6350021.637072633 5984.025634634363 
5229.522211046401 12531330.665636221 7438.515933898148 
5229.386897773451 9858022.724675443 7608.487075601629 
5227.86192783549 15074242.15451422 12545.347312397073 
5227.911308857237 17803701.133485384 12051.186748061271 
5227.857414121376 16331706.865791854 12685.985030937954 
5230.331633625813 7065148.799057893 6735.189757920801 
5229.700483244885 9077525.53526032 7199.266560590823 
5230.718094757305 6801524.195337928 5869.656062217275 
5227.740880480139 18579352.098633334 13382.740671691654 
5230.023048859048 8729843.742322857 6696.089369549689 
7964.475979328852 436257.8233071796 163.6730479107909 
5231.387996890292 8788551.476885851 5613.077622758396 
5227.718240704163 18918935.89563986 13786.490046838175 
5232.866577133511 6457488.4746563025 5114.327967436343 
5230.0795463083505 8561115.806060446 7919.978916520844 
8131.719963418916 407937.7266840528 173.56896890301988 
5870.097038057313 1690758.3597181384 869.3097560925565 
5228.204378075565 17162911.088332485 9645.258387947939 
5228.251511764527 14908666.992718672 9984.805797126643 
5227.724474967391 17963280.291766778 13651.742491568668 
5255.497623412935 8699072.65602038 2843.7357486614446 
5229.360633433187 9890744.197398867 8066.157776138349 
5231.620309594435 6681083.690096319 5556.075863233071 
6310.204524179629 537532.5191115364 345.49005648092896 
5227.765886019824 15155903.283459548 13014.219142085853 
5377.813379939763 2127125.038350735 1117.724860376006 
5229.634159562541 9561990.647899088 7486.165327338035 
5227.7381792960605 19150977.674307175 13527.30499303396 
5376.381058000826 2219423.9514985816 1212.865033620023 
5241.871739128536 5375574.607988276 3426.5578409937602 
5228.250706191188 14956874.638002265 9931.742051287321 
