5730.521699632586 549874.8918321372 315.0887850160048 
5226.965533190326 78190423.99022083 65499.00193732715 
5650.385204035963 485361.99446244567 322.25126058474365 
5226.963891232358 83619806.92369209 65051.47772152792 
5226.9685270191285 58943262.718929976 54070.21260492255 
5226.967271110841 77973056.81155585 58409.829467833224 
5226.966914784556 78270954.55785866 58960.68813221663 
5432.505176187517 1104554.9271424424 569.6091343590273 
5369.214152389361 1507031.673111246 778.3355013468853 
5226.976722147653 46426531.78746055 52650.74937921514 
5226.98373087604 41172569.05966413 48248.48626355105 
5509.877901147033 629842.5860721868 469.69389809493777 
5227.07319096185 451061065.64323795 79422.57619182851 
5226.981112387132 56539422.43504079 43430.299459702255 
5536.2398238911355 574318.6687582594 416.48807366916776 
5226.973293727198 47750949.065756425 46801.43730465527 
5227.570959535279 14124667.12628644 13498.877268307846 
5226.9650045157705 82988380.89308567 65477.3977378245 
5227.609622678305 12774624.824962543 17778.866987906033 
5569.335948719377 573405.818772705 423.9560315892124 
5345.151827389773 1576030.088170375 848.1169906170128 
5227.042344668621 28815292.42752964 26070.50297355843 
5226.989972627588 49563808.07612044 39564.75051898479 
5227.362683062135 18813102.241428826 19735.172732763192 
5226.982779249311 52283193.556325436 42154.6002952894 
5265.627468569815 3777423.7334386297 2121.815974119025 
5226.978640088969 41902540.30162493 44432.13363151233 
5227.064744089897 22404596.94821784 24702.5589394666 
5466.937448899545 831623.0177305778 534.2891957823355 
5227.270479798792 20901319.054953784 20031.28467636649 
5632.7143916943605 508390.5411325882 345.5110976790108 
5227.013209086722 43457932.406115554 33963.311619873086 
5227.004718428245 33944661.890859514 35061.491014104904 
5248.189134304044 4118608.58401946 2419.128975170079 
5226.97045842866 51270485.28920022 53298.10666136808 
5530.812826717816 620751.5688782246 428.2088810560342 
5449.854298085951 733778.719968373 566.797953554693 
5226.9953283366995 35503980.88487509 38887.60815964998 
5227.886478478193 10088796.784022387 16199.115911935329 
5227.387731613689 25187122.384086464 18831.92436302604 
5235.044781679957 4722142.286073266 4215.361582448713 
5227.134209748429 27243480.993192665 22021.385047155556 
5228.348793396096 10940020.900915856 12699.53614358854 
5489.329814241622 799097.8662228782 505.66240892991135 
5299.438085653653 2024412.5170672701 1327.7822305883537 
5366.659421843102 1251819.4868810372 789.6871388871643 
5227.055016241085 26489773.71715143 29887.551511194462 
5274.008973455279 2258225.281546753 1545.7320000985821 
5226.996714400248 32819957.08861159 39209.19579047605 
5226.996669982379 38904837.50162083 35837.80264454406 
5227.143578795379 24773263.8628527 21007.623964881226 
5226.995275256254 46487782.338314205 37427.65130967135 
5228.759444332067 9241611.008266186 7738.1324070769615 
5226.97785660737 45210203.37151635 43982.74489272776 
5227.033815125201 35966885.68576042 27593.70785015076 
5254.513065666341 3889229.6615638207 2350.0387189393246 
5227.0241430271635 36646539.59430433 30632.748724880184 
5490.687348100213 652001.9355215874 459.6363040414129 
5231.123274310776 6287043.990413585 4837.844264327001 
5227.95371765011 13572616.132664176 11838.967056061789 
5227.292245521849 16682110.210916277 19907.328840943846 
5433.79505375423 833767.1037493316 619.6708679394854 
5226.995784531563 42735670.12381414 36905.322197230416 
5285.757095439764 2129295.074343187 1306.688825860378 
5231.713147755272 5772442.219026601 5693.1320621601135 
5226.971942019186 54097787.53818931 47402.0244936366 
5227.094105151104 23865738.337165922 23423.39328071216 
5227.069848346008 23476557.347572163 24167.7395705051 
5237.2712722009655 5145292.076321401 3059.5200200667878 
5226.986268205128 43959588.46752794 41352.32779991883 
5305.935720976958 3047692.053938606 1183.2261749025135 
5333.697861766093 1121611.021936484 877.5219979688062 
5227.217244750375 15380905.29493804 22704.189916374242 
5459.606204204736 735099.3724707159 553.5599960749466 
5229.871324538789 8285339.007698496 9471.35565385848 
5583.432470153341 661942.8589286387 393.4362675172011 
5227.038907228779 29887539.04676579 28006.741408709662 
5226.984795240356 39593747.487343736 48050.6392762506 
5226.986967613996 39485007.651961714 40856.75004931734 
5227.660861715875 10053021.990225958 16305.956391501084 
5589.720538848882 534000.4452885448 396.61224256113803 
5226.985534448931 37315361.63228636 47007.64970460462 
5311.201893829688 2576396.3896041303 1052.635066715366 
5228.438899817857 8141667.5706425775 10773.140893545393 
5230.35720424792 7644842.265560366 6934.849825273598 
5228.504420894719 10840402.235807952 9450.359537657358 
5328.2245729879805 1676230.0574565635 900.7539744264451 
5237.215671257016 5170860.624881598 3070.958057224459 
5620.8539946102555 534730.5341816567 381.1541903698289 
5603.436709100067 524918.1069416365 395.2556719222439 
5281.054463683926 2594285.871707338 1202.8401228382313 
5227.034076921302 30410304.02040073 28865.160071114784 
5571.172303128703 575508.9532676601 408.1955293553469 
5227.028479826508 29241154.29664557 29099.17087325598 
5318.559473287335 2898780.2634854903 1037.4653833576099 
5226.971942019186 54097787.53818931 47402.0244936366 
5614.409397715524 550405.2759182856 383.4737167127465 
5227.255662680188 15798764.83365085 22452.5216481179 
5322.100511575345 1485791.2248052147 968.41650654682 
5230.137312705272 9481977.96348926 7555.718369104652 
