5226.9549744285505 69231193.81557393 60995.88659533931 
5756.160709982492 442817.50105570233 310.06778629473814 
5978.261909867281 452092.66056418716 240.05429324415556 
5226.954849391466 82291417.60715541 59400.37608575647 
5805.175018592726 460911.72795639606 269.1263609981994 
5958.451148003956 462655.68420652987 254.7607318156297 
5226.955074716992 79609519.78441958 58670.360593344034 
5226.955359704547 70811613.78957123 57635.20079338794 
5226.959667724693 61582186.09237199 47795.40749750957 
5227.782529075607 10551095.745202914 16691.25787082821 
5226.970316700768 67544279.94605245 50912.71882963167 
5227.139151224105 16203341.164105471 18910.439184127634 
5226.972553870917 154617268.4511696 67294.26097806971 
5228.486355941854 34201233.446701646 8908.681776147427 
5227.467003077868 19487194.236358877 17963.44775305854 
5226.966396944806 41236678.206373006 41103.972412204515 
5227.016001158094 17102616.43616767 25048.608010788135 
5228.066310562932 12028815.729505736 12344.180022492747 
5227.096277267834 22614267.831779107 23358.135719828257 
5533.111899902596 536844.2663349455 394.0637947974324 
5229.173613775622 15184691.956649076 7111.279820317967 
5226.968690668783 37525355.000599995 36051.715224137704 
5784.641050033706 507682.6119644061 273.680296471395 
5226.962509184621 47482254.885150224 48107.82958494706 
5226.965841032153 51990762.25068336 40098.06598046979 
5227.011440081216 21165509.405154947 26535.324553460443 
5502.181330126625 570212.1659234946 453.59860492941414 
5226.978562502227 27903577.22813462 36298.05053159175 
5226.955398537068 65980079.752218165 56808.57414329662 
5692.9536662356095 465196.0942310654 327.66911116715903 
5226.958745439531 59374485.08412189 52448.81033000776 
5403.622736750618 769366.1523720789 622.1150409581953 
5463.8820271266795 798139.3005008168 527.621665045926 
5649.705146192202 474741.4228672987 307.0192980123129 
5241.515701378505 5839883.755300415 4980.563537476578 
5226.958646927322 63231744.55284662 53151.88848309598 
5227.003599517479 23869995.39245113 28694.49627212538 
5226.9707797854035 32827048.975451153 39445.771843168426 
5226.956201737633 68022636.09128264 55549.40377934844 
5226.995452175322 26104610.920539245 31313.782402855828 
5226.9751113212515 59537135.57873969 46092.72999446666 
5226.976476079751 29329861.32082797 35406.19841205581 
5244.646673175273 3914236.7012628443 2616.7376689088396 
5227.772280221678 12822146.62733981 11393.737043310533 
5226.962269000775 48987077.40949394 50660.32338815583 
5428.182468758453 740415.4788950259 560.77153998291 
5226.959021054963 56813002.601164766 49839.64504186235 
5351.727466089442 1317319.805162627 728.4215220997047 
5625.428522140981 488523.50394374283 314.37232533618527 
5226.961425747402 49451000.834591195 50544.4725172403 
5226.958613878714 55973978.892452344 54843.63646732431 
5226.95884929167 54535690.63873544 56283.95687441248 
5277.45366641506 2681523.780661895 1363.5838226217122 
5226.996935690323 25349866.849266477 29556.313280168324 
5371.093632332688 949853.8834372652 725.2079121861929 
5743.462057634046 464891.70663567685 289.8555907497821 
5232.498162666151 7982058.340186913 5364.361368471144 
5487.035221485085 614636.5406542766 487.5302686950024 
5383.301246114959 796872.6613115616 745.9509348114539 
5246.506998190795 6560367.991146467 2556.480379120953 
5296.72262019263 1856617.5595390422 1018.3051608026378 
5227.592440136199 13391243.911410287 11922.307476849923 
5226.955000018128 81838271.59950535 59041.47745481287 
5231.738148948841 9605322.887046395 6690.784113340677 
5227.88547542597 12126980.1872375 9698.585379854827 
5231.402727428354 11785892.965551866 6210.554676383261 
5226.9605742490385 53428719.07736574 49394.98365972916 
5612.0716075157325 559117.9594994242 330.46482634063074 
5226.969555524345 32909846.432296745 33904.38526749705 
5227.011730612429 22021131.39885722 25978.70083234929 
5559.250362555416 559986.1984361429 375.80474919769676 
5257.812835237466 3492994.461480715 2136.7038255703424 
5305.454924927613 1360063.0736160595 877.0430085303971 
5227.003848255164 22935424.075923074 27978.504817516077 
5586.243904901745 549652.4743837294 351.0478198929764 
5226.962466788977 47750571.071543306 48311.05340698315 
5236.05773740404 5885768.466101629 4101.428427484057 
5226.9738699469235 31979121.831702374 40698.68421982372 
5226.991606802397 33068235.503567193 31858.527410395956 
5226.958745439531 59374485.08412189 52448.81033000776 
5260.854736671775 2339521.2560552238 1606.886379559434 
5321.068784983797 1146917.929781126 868.2834156085592 
5717.262696713446 473653.8434511372 327.5235856670197 
5226.96035272828 53052155.91510757 54163.340394620674 
5564.285309806156 527111.6940725171 371.78654621325086 
5284.920795783444 2177080.1045383485 2414.031095461035 
5720.781110555175 464948.30897631147 298.83279031085965 
5593.422622413826 497961.7031055422 338.5093841075613 
5227.000581999831 23001424.437708557 30517.786736395417 
5425.409800191883 747556.4457774663 576.8934552314598 
5228.099617038812 8242901.5057112295 9316.01738992053 
5469.903666954202 724619.4708943906 538.4682232808356 
5245.416622502151 3717824.1251076963 3862.9269254982864 
5670.372221093438 474718.0935012836 290.4736091582134 
5227.096277267834 22614267.831779107 23358.135719828257 
5226.987584641635 30976997.722370617 32955.598797896586 
5226.988414191979 30984318.375387616 32709.255433371774 
5226.996219944056 30051212.11839121 29928.246789554192 
5668.977681275527 478818.40053269395 292.2671193295684 
5226.956272942904 64537788.76267274 55743.00778195413 
