6609.014764636811 402675.4668384126 192.1742072753905 
5227.007306071257 57520104.02039653 40526.54294103449 
5759.146115760152 585079.6789735605 346.0562807013964 
5227.017729546629 45101744.17351672 36652.54531567288 
5227.049074338612 36534157.38641166 29280.88188956159 
5227.1492963684705 17124786.43066422 22469.80489835723 
5227.0211898086345 48816272.36959476 36312.39262045692 
5227.037036223632 34028369.297639556 34261.525009545316 
5227.049361039089 32491148.099979833 31699.098090754487 
5227.0250115291665 44250619.760341205 34731.72830748347 
5431.537148416385 2118930.953897069 841.3125608188401 
5227.463647919698 11426568.120195923 14869.683284632478 
5227.26924307508 15876926.655923696 16653.684427265904 
5227.054664724141 29012603.701949123 30492.36634982352 
5238.746207289211 8382105.302860891 5613.337861509879 
5265.0068398591 6486886.175455298 2242.7953561061695 
5227.040250554958 38196999.36237789 33129.62326705984 
5227.459826504188 15494543.14939225 12797.161161035527 
5227.019101444955 51305864.930007875 36067.125608998205 
5228.100775425624 7411626.917200301 10344.50576039467 
5502.662921372359 837956.0086035568 597.6046684117425 
5227.108824978905 22142963.40452539 23256.143218862475 
5260.063823347812 5414540.379789356 3093.483238986823 
5227.2078185237715 24766281.395598873 19023.391795987773 
5227.023482618195 42010023.80001054 37944.9575130118 
5616.511138174332 1131793.992488577 535.7112725583659 
5227.102688373183 20088975.980952196 24124.349042954393 
5547.255820690396 784823.624189865 539.4298810196874 
5352.96638601544 1399551.2092619925 916.4096509831245 
5240.980041759817 11062871.644515082 4381.477148281078 
5227.34563894567 13344432.50376293 14692.801024875735 
5227.793503706033 9728653.315471947 11194.5302574561 
5228.837114364189 9632084.524649031 8726.61663890399 
5578.726471511174 783181.6286879157 563.3326458799279 
5227.025746554011 42631372.73712841 33540.10614973901 
5227.598780584411 12431413.282864567 13873.369465266842 
5227.043062356056 30624790.417956784 31827.317734074477 
5227.038092403728 41478899.18274977 32229.255253356576 
5227.170985125295 15472489.737248195 21075.286899299954 
5227.0563665188065 30120968.020040132 28280.72286314671 
5227.06833851149 27972846.086401977 26747.13667008901 
5227.088256586046 20717596.786677744 25465.692969352825 
5227.11372907227 18698671.95513043 26051.954428488007 
5227.009741098377 50715537.485193655 39203.77696602418 
5706.027974034222 568909.6917161616 409.12401266871507 
5251.435821938834 10289156.261060663 3707.3998502831178 
5227.228570401003 16316002.58118014 20088.000000823136 
5227.2342278950055 14426598.988416094 17108.724857514353 
5227.020085458663 44389359.796825446 37468.76224071871 
5227.061134844299 25677245.594974972 30069.276422863568 
5230.1535628439215 8994929.054679247 7428.049315623083 
5227.0297085339025 40402376.19391763 33465.19161041522 
5227.007812927799 55902344.4676505 39842.48030321934 
5671.861214908095 655402.3061190549 506.6348971014081 
5227.059263215896 29610065.532000054 29114.098880824335 
5321.951991128107 1418586.7856234994 1137.2881006170792 
5650.188815842031 700419.7816481993 451.29189543044413 
5245.428737197484 5629700.353017531 3957.2346180508607 
5284.2390224248775 4203312.618939399 1871.8087325830925 
5734.794340759167 552978.3030962114 448.626886125241 
5227.225623728854 23945958.463629454 18883.16497257409 
5228.635675049334 10619092.583721336 9325.206717083096 
5302.442332603392 3644253.3321491024 1582.9185198420435 
5227.0610755362895 26757344.050806336 27782.47594264098 
5227.231680374947 14614866.059020143 18179.149301819856 
5296.515119017693 2749866.725053639 1658.091581722349 
5227.088088821165 25725295.651576094 24694.59701172258 
5313.93869839755 1794155.7979827183 1274.5480666706235 
5227.230581356456 16523089.093628537 17661.56003950268 
5227.062247669132 25969676.720614377 27406.390820194672 
5390.493517877563 1267148.4369970907 899.3535236593425 
5227.028336457704 39006525.84142945 36275.709904806434 
5228.281055036442 8584627.562348362 9925.037163830857 
5471.929744254561 986976.1456387268 771.3000940149254 
5227.028555023891 49470823.884921536 33440.49554462556 
5227.182656100904 18949810.39360421 20473.277989156806 
5283.209333149774 4835859.353189079 2139.327693248744 
5466.106670400977 899950.1903535451 814.0346006385881 
5227.007650129606 56736106.861884296 39945.787156540115 
5227.072224921708 22753274.578310482 26051.335012068404 
5228.025186308842 12748090.680802703 11084.597377015649 
5227.007872616687 54232235.87414396 39619.84242529658 
5227.009217368574 52308941.90031185 39808.54928307812 
5227.225973141347 21639958.673434094 18026.411683610982 
5229.819423388844 9060625.51979985 6463.444687978057 
5277.379665247744 3186948.0032442934 2184.2003276545865 
5231.227151645609 9355020.53622867 5982.492421843856 
5227.071551476832 23971872.804710843 26997.232524510622 
5227.060426197574 27495293.987470172 27751.447332378648 
5227.04787670083 33409248.695275433 31757.116836826215 
5227.704027478316 10905782.718042118 13485.627075648006 
5229.058427838458 12713008.893988725 7229.093467460985 
5386.76797412168 1270845.0633542016 909.9258994978073 
5227.1092118564375 19506069.17980087 26015.759562621406 
5227.179906398811 19297011.468514167 21039.553164365825 
5227.0096118635365 52903305.79068381 39278.32752930445 
5227.0393195415045 38561786.65995092 32198.229433620203 
5227.013947737856 50363943.87086508 39250.62623827367 
5227.008344860671 53466148.03795273 39483.64083527799 
5227.008455587423 53963750.26359404 39424.25764082187 
