7044.539362919881 434947.7408908184 192.53041591784424 
5227.0012949028 240471540.38395998 44786.815475788935 
5227.000952385729 72147656.1017716 44970.688539793744 
5716.847943596034 564023.8715748744 333.2582884948303 
7208.042025707142 619082.2083717701 237.15287896367977 
5227.001295560489 85129755.95872727 44896.95243911425 
5227.007016156731 52305754.584921286 38566.140880731866 
5227.0031569190805 72866469.89971757 43158.13390991357 
5227.006792316555 56184424.65602807 44132.415091655406 
5227.001994251996 74076143.76197483 43682.096800329375 
5229.255132094746 7914945.065701624 7598.535835827897 
5227.019528435914 41354462.59774801 35430.47506020969 
5227.337423612254 15496014.615421468 16266.925183209412 
5227.507698933462 11514050.141416114 14362.943781401136 
5227.0161093313445 43454392.86701075 36498.34546564371 
5228.566809062262 8335034.012924051 9311.213257306019 
5227.039222168003 35348386.86693216 28378.68143227657 
5227.607731299307 16846943.28024309 13604.4843359068 
5227.012775711107 49413375.915770516 37500.31764527292 
5227.183044184196 17681935.769828577 20128.52670546823 
5236.452935896067 8512607.431531774 4586.703195555917 
5227.201705055623 22788634.233279217 18648.55369596037 
5227.0186993941215 50413302.08144815 33724.14669757746 
5490.172922087739 1182673.1957995428 615.5272876567586 
5227.007349003117 53159828.90470358 38091.09467388525 
5233.519607046044 7043927.704667211 6700.213842790422 
5227.034980547296 31939913.346993916 31585.051837789902 
5227.014267948898 43735040.91611082 34849.62844872793 
5413.724255121233 1135709.7466267352 758.7525779419016 
5230.294168436434 48146567.94865054 5688.564211354082 
5227.1534891683 28205535.716114692 21337.576975891003 
5227.76126188542 11081718.396604318 12318.426130725558 
5317.4977081871975 1442097.0810291185 1074.882622945233 
5273.408753122289 2525412.741518843 2053.0166030833984 
5228.042122242872 9128692.556196466 11190.862128295717 
5227.119379535719 21103559.812826145 22935.327627288098 
5227.649556201565 12217990.196910325 12199.708359093554 
5227.160062317875 22760906.198109258 20318.015613397376 
5450.110671046073 1487549.6979040464 683.6259921365397 
5233.312136250544 10128577.224447232 5575.882099250046 
5227.029464408634 37447701.19820575 30436.34017062217 
5237.961191604863 7540852.282931774 3926.1884322387873 
5227.040242197461 30008401.33967696 29275.247772067003 
5227.04921819446 27249449.12556994 26791.682093058917 
5227.039214530934 30608943.658575594 29531.98173608723 
5227.028970530043 33483584.48839755 32854.01527960309 
5227.087361788269 29181548.344873898 24133.38436305363 
5227.149403066747 18128800.88110695 23760.340863940346 
5544.062406908941 717197.8323116032 527.4319913380307 
5227.023628739933 42968838.56138418 33038.27950382537 
5227.0387947343415 30078549.922026355 30783.693622459596 
5227.253932733696 18463237.13121917 17481.469452792393 
5347.602715681154 1311273.1621166354 936.5061710974239 
5227.049334658283 26250012.36159484 26482.449535318112 
5305.1676415912025 1586262.1902578282 1441.1015681946426 
5589.918194582342 708862.6225246773 578.1143024234688 
5227.04485730405 30992935.1592365 27457.195918236597 
5238.19465192496 6025581.460472259 3358.984413935368 
5227.034073263199 87869047.62484577 48256.53742764285 
5680.1489555991 613967.9932280083 396.0940131333069 
5227.160790314858 16028580.479228482 22471.49329595776 
5227.023983294295 38165694.80603149 34694.5282721571 
5294.150843026219 2307011.6065911166 1629.2249371140313 
5227.181423132727 19060770.970302604 22023.61528980327 
5470.040774014393 956617.4019355383 768.9684924602676 
5385.704408767928 1350190.3427002146 925.6408943852836 
5544.062406908941 717197.8323116032 527.4319913380307 
5227.158834916981 24328990.80075086 21634.7016264385 
5229.499706199083 7161870.698217011 5997.488293087562 
5227.049698578428 24943245.5769799 25978.39522536289 
5227.0709567065205 21584223.68287366 24715.338190181355 
5227.025187194112 38097989.269719824 34306.566568997674 
5227.263385926812 17092594.20798514 16629.894623188586 
5228.494676654371 8823509.110845279 9903.942101256443 
5365.2672865390205 1449917.3505824099 920.640447346671 
5227.045379706317 30853452.078111745 27792.844885385308 
5614.863892570573 672087.077541699 408.2628204359046 
5228.470278770156 8397732.430080978 10595.83260011706 
5227.028845520443 37803434.89975863 32371.036035506862 
5270.8646869633885 3086547.4736256553 1697.4195537338298 
5227.099317414335 20092325.06006546 25313.94699515102 
5227.513377801312 10657809.094637254 14157.713260857883 
5260.35052650037 3706507.1708992543 2633.5488376995895 
5257.510768962966 6656775.208619844 2491.5532871688642 
5636.152498458856 629523.6244915456 432.30345501993366 
5227.867006391343 9354082.845083643 10848.976566953745 
5227.378737006664 13722147.286833791 18396.101292963354 
5248.813727049217 5295490.02786389 3140.4342537065854 
5649.424034722067 634551.8089365453 355.68304701149134 
5255.0368489412485 4433656.083864927 3044.591114644212 
5666.513425013743 597210.3835795443 397.2748717331241 
5227.075353098203 20210060.825233363 24885.620535514052 
5227.216596495338 18733504.6830436 18344.170580926657 
5227.210908260495 18396965.31384421 17757.62306382279 
5593.836065378236 674152.8240568917 470.4276705998238 
5227.996280576695 13760712.053335618 11007.893743731947 
5227.071915462217 20675762.41955754 25591.91508365818 
5244.608301271224 13056741.911960721 3048.0595097716096 
5227.263908639854 14919303.735527866 16605.472865477423 
5248.436706116959 7061424.495048756 2825.7766390803104 
