8059.275421634852 2041.7830438958192 3789.963918036401 
9559.69786693383 118.0429377198097 0 
9592.636745688862 111.48515754484934 19.977356906545616 
8012.434214215708 59712.26848920832 724.832706565283 
8014.402219913681 34005.253069659484 477.8622261491422 
8013.552412546162 55128.04349984633 368.1837137708796 
9157.118009346299 128.43327044253024 10.867120473849434 
8041.521282715629 3577.6071545767163 3571.891109124058 
8070.39612213615 1887.2742059132665 3018.008673055653 
8041.037797056266 3613.395516741977 3239.188345171313 
8013.487859588929 40002.83589888517 514.5013295804454 
8039.750555474686 3672.6060621666893 2551.5680951864656 
8013.4499422844 37991.22510219031 551.5110632540325 
8013.9483979242395 43391.15658972689 427.96584280263966 
9369.069927775607 122.07241326983647 16.4461001070932 
8022.025025664238 8107.828808269741 2111.1484616302287 
8234.416183562938 514.47166754925 192.98817116559718 
9462.126894716384 117.89485009030928 20.440588103209034 
9049.536009676203 131.018796667663 32.80371711485196 
8028.406667554454 5384.626169903135 3462.726180994917 
9323.993031574832 122.68829191796257 1.0651788122470087 
8508.334630972597 207.63493091079886 73.55830350420828 
9264.255057154207 122.57196046464647 7.169369412987861 
8012.7729014302495 44966.59767628719 955.5510368757609 
8019.17302952602 11307.416206576443 1306.8857243402617 
8016.223368837113 16419.63250497388 349.49023910682183 
8038.401178198953 3939.065225325612 2941.0709053634077 
8038.9785359705365 3829.2037328985843 3340.6181183687086 
8020.234499892766 10121.711409586727 1806.563715903964 
8038.343143596978 3947.6237793394866 2777.7240933701514 
8844.309854852689 155.19274985808931 10.888372589096466 
8013.1572460056395 53924.822850210796 625.306477356253 
8361.402030369552 356.3157436567368 129.48774566231617 
8014.401696745826 29789.482237945995 574.8961214266324 
8020.9533945760395 8978.506221903484 1394.1232932060284 
8111.208832475827 1408.490241722244 94.53720942615132 
8611.317392807607 213.54648001306055 18.038684823061793 
9445.631053109453 116.43207164541373 20.780800528903118 
8012.931612207192 47820.81294117351 781.2470854783095 
9000.064227043902 136.97862649465634 14.132372904772886 
8013.727893752997 32470.827841256378 699.087476960002 
8054.089779239468 2805.8769905511613 2467.007267372197 
8802.548502401307 173.9030381077418 8.198070803911673 
8013.467288720143 50384.27668426024 524.4893711247812 
8022.257587653821 8043.83839949355 1947.878066803952 
8757.088345223521 168.5346673282491 29.920619758998953 
8400.952768016901 335.6218744995774 271.1713805064906 
8013.217855261488 48418.57645394933 642.8344498475883 
8021.85276252984 7991.719977719151 2235.5534763604246 
8275.097489279324 410.6479564257229 62.78483909523632 
8055.950523876072 2237.9875942197095 1189.9255685280125 
8022.916594847945 7500.486574206561 1535.3709360834423 
8046.759449981088 3022.6153367073503 2783.0246467586003 
8015.191509207674 25090.630818136808 411.09772972813823 
8956.718988257608 141.9016181311407 25.614737835728654 
8026.660849399558 6706.9695436915035 1093.2966657390436 
8900.435331284598 159.0048727655286 2.042499037217784 
8017.525205842398 14644.046139141205 596.4491906229706 
8142.823745393307 1218.4134037392437 163.30267103114645 
8030.878888521127 4381.016913258973 1586.9744744564532 
8020.921031116125 9287.800616996066 2394.4643938209274 
8303.992032476363 409.7021289138989 666.2815314322708 
8012.9501719942 43921.10136826476 1056.4003565897988 
8013.818803232996 31242.65156044789 508.246043025998 
8015.93973011878 18138.67857247026 566.4364560262513 
8028.0504207590375 6705.913017822038 1710.3172280574393 
8012.514740884926 51875.36631620098 678.305774708753 
8020.81866600945 9918.505966663486 2344.303125611874 
8469.149308445492 222.3790459964605 35.38799134240274 
8718.889088500273 176.60037793982423 8.260011537210412 
8013.438710519868 45656.76358462576 677.4781673906734 
9206.316786908792 128.03757942341377 4.783201478655657 
8014.733439712659 26350.692417887676 401.9065131272708 
8014.665941053788 27996.43932891982 769.6501978023732 
8030.441369491714 5734.708130313591 863.4227746936109 
8018.023318808976 12222.607108418515 1266.7592766383964 
8015.047084340835 25752.546246808317 812.0828574285811 
8334.694976873156 438.76115198965056 21.800518797740548 
8188.3128099152145 563.8536517640744 537.0586153895013 
8559.506607491367 220.29204496388874 26.490948805428033 
8160.704438418714 720.6015947966409 1910.6560018690311 
8018.057769362735 13282.180596895148 399.15335655358626 
9221.504368126996 123.16032063248215 24.99700218212962 
8015.3383991368555 20918.0270914115 615.5005053037457 
8014.161175424471 38558.33351972133 507.8317313575759 
8689.300022840182 179.32036751218067 10.829924565970867 
8015.286238583419 23117.18292467778 399.6452677623539 
8921.401049826012 147.141943314143 2.4231312749806255 
8018.4518707187135 11931.7248691972 1462.0305309635767 
8028.672142278767 6127.697418627243 320.01861670948995 
8015.885624822515 20382.311135116717 379.112294957715 
8567.587738301692 215.30557891524458 11.903621224592102 
8049.758780476423 3135.1785211515053 1014.4201019612192 
8075.612809028263 1583.6923328306304 1874.7592744441881 
8016.8858088123825 22155.755203453504 346.7668238163337 
8660.566184466032 186.55167785920315 0 
8080.910349018634 1915.4576073849478 43.16160830133948 
8016.154850767544 28087.171843157492 371.6906368904316 
8030.358177450765 4858.648507419155 1720.2172755827864 
9045.499098012628 131.38433201376114 12.779442792183696 
