9481.950779731324 410044.4568648818 80.99804341805643 
9401.355097360425 419688.59923008655 79.76324944381801 
8299.363670123943 4040018.1910586925 800.4971015661339 
8300.06348506813 3288075.2956421534 825.1322760637078 
8298.466999877031 3432426.4865267267 819.5217399559699 
8952.928841104966 525812.9086173119 133.14202889676378 
9118.011814749561 447061.6798744694 99.99304811108851 
9343.497381021025 451619.9836580958 82.90894249689032 
8298.857291401771 3500217.478711193 810.4991730059688 
8299.713934493255 3975211.3401175775 792.1510210674445 
8726.759675320185 740247.8194607878 175.99548918379236 
8299.760906041556 3808309.7132663517 809.6991789642979 
9156.42722738923 422069.37993476784 253.47573199372167 
8487.858358531816 1806825.1905139915 289.20973214366165 
8930.657978286097 492154.1068411741 143.9832221103402 
8823.137466549466 591274.3127870981 322.66783014777695 
8648.434398499696 773168.3017823905 122.10121668577123 
9252.584712898743 414794.0540474262 92.34360815334584 
8883.356088276421 800538.6859280376 120.75748820381803 
8314.698919556215 2668118.0117315766 627.0008464337212 
8810.774458610806 682978.1430367979 341.91845908086117 
8326.627540540994 2518181.3652146095 483.8028291881844 
8636.016200522765 811148.9220775045 180.77975708477703 
8411.056261595237 1123684.818961948 348.98372391958696 
8536.503908759973 1062803.4530332752 209.08626092323325 
8304.831629315537 2722639.9286380108 730.4353346863945 
8299.859590744487 3459189.949924547 760.612042923514 
8499.596358864355 1378052.6950569577 235.3350236116615 
8433.528692665546 933025.1905458004 364.0190270984716 
8450.416412229497 972291.0735663761 291.3095645403376 
8325.442493398059 2473204.927935291 524.6609911411565 
8544.593125546271 881566.9130124194 220.3159935612582 
8304.767093274591 2803967.3592082993 721.0701293098025 
9375.043110955268 438069.93980549485 86.657025917162 
8327.032794376859 2425597.987581754 497.8166049471285 
8344.71067991055 1959009.6284233723 550.7482379357502 
9452.316824288222 412988.8574286594 82.83182372018831 
8595.940862103434 1768780.274679539 183.66794135911658 
9169.417926800059 422872.37192920793 109.87622754210362 
8341.098449923978 2103157.4235986215 460.3753569066723 
8339.439138470692 1593816.44138678 602.6463835071739 
8648.116342616526 1409644.898244258 162.60487300526663 
8585.220929790936 761512.8796693002 312.5612309513158 
8305.811474024007 3013866.073184832 697.4551146681058 
8326.059636888089 2341507.0265849144 511.0242579701329 
8348.01084371849 1899088.6339610661 422.09760076850785 
8382.734174685917 1230868.424292904 396.4714311079248 
8309.605501234408 3120534.1675399304 668.67928973397 
8517.692696994154 1312606.397815214 228.51758253948447 
8301.522723500784 3335718.5667029666 768.4780157143259 
8308.301456920255 2923429.9170292644 671.4396219855222 
8308.282548303654 2936975.5798882023 679.5116782437829 
8345.736354227904 1475579.5613294672 622.1447920312535 
8400.736260242667 1179280.51755345 370.8531123357891 
8349.753782690586 1649975.5565189752 515.022215632995 
9194.63476371441 427324.0415972263 93.7254954030395 
8442.919887068072 1013884.6749489591 295.33664923557336 
9412.043586871521 412487.3435977004 192.40371163452613 
8319.092900890148 3161690.7716224454 582.9045079420725 
8758.992120996303 703921.4599715426 170.4191536760835 
9215.078284471301 416556.8028789377 91.26221448179584 
8905.677330560364 504012.3316880987 187.27502068640894 
8302.629016845902 3313525.0035681804 774.2634807605343 
8299.760906041556 3808309.7132663517 809.6991789642979 
8358.689109518416 1460175.882751772 383.56176444306925 
8341.246195486368 2038482.6107832384 457.32424968173564 
8526.183994666595 1103942.9831779646 216.93539283483082 
8892.674977074048 555770.3157558485 165.18868257961353 
8329.021144888116 1833375.9060627315 569.1735322803884 
8311.763348720418 2306758.86023717 663.2986079720132 
8338.716645199907 2165890.3641903913 433.49989095826214 
8364.068879327699 1389325.0921367968 406.7496602250893 
8564.61887239297 805609.8492885402 193.47015848709003 
8315.350327367029 2154620.9587576594 648.7499845621549 
8306.267655646554 3215894.943986506 690.4731204746105 
8348.123814847602 1726798.431972057 491.51118048859087 
8335.503270123485 2289830.637815602 448.6409661358326 
8315.834352709324 2234340.2596122655 643.3950867548307 
8353.8939232953 1553356.517326354 436.84536066284056 
9143.645799686532 428193.45175072935 189.70399991810814 
8366.70593669654 1283727.3613200178 565.5775429416015 
8745.670373058914 722454.8296072964 174.41840064167047 
8790.417858099847 748140.286885254 130.13981439741255 
8391.312672764785 1209233.5951102856 395.235514376694 
8435.502064004228 1782754.8515460538 333.0403496451519 
8785.570633722005 713133.8440573453 169.45461436404554 
8331.882162496728 2776269.6766793574 475.9715843485463 
8315.414387133078 2270192.1158360126 639.2609660772837 
8366.858750680029 1799071.8822093427 379.7286892932171 
8396.98765233592 1187425.462251782 418.5105082711318 
8567.491144505148 908644.935109335 184.78114959074537 
8353.123193110305 1517048.0934863 595.1293094146315 
8328.596876216525 1626722.2094369677 579.2336779486047 
8354.467751591714 1301098.5204825888 541.535246221691 
8345.084926532534 2002597.8419083217 541.9910268675152 
8439.023841021295 1119155.9861633866 302.5139650727093 
9241.09076788522 414114.1873567174 92.75276724666799 
8823.137466549466 591274.3127870981 322.66783014777695 
8305.29218560207 3246995.393688392 705.6823519883291 
8492.933123932002 1340924.1755093373 290.26182402072084 
