9513.52741813041 389051.987287715 82.27474570642951 
9605.363293897124 404452.0628171051 66.71664092625473 
8262.961535900158 4205791.281055788 757.950197405876 
9586.645730529792 502373.1934254 39.66528039234886 
8263.564814139881 3598814.5028002905 711.7712659029255 
8263.128657333757 4125772.061346899 753.6626471031648 
8679.360278373963 659835.2217214669 109.45341922188317 
8589.53343175117 649226.0374160345 112.02881478305478 
9235.785703509753 509390.0205057078 61.84058726379179 
8264.061364399471 3331495.12030015 723.5685121235861 
8980.35536232523 459804.81262841914 117.96738035624814 
8290.851900854803 3196129.908310033 428.6844506523543 
8743.026408494414 502599.2066800683 318.03868226627856 
9176.815436491499 429740.50347255816 95.70619631495552 
9432.954274926262 579118.9503547669 50.00621307902536 
8339.059478268593 1462664.4879404348 365.42608326452046 
8315.106051578037 1415556.7055044384 561.8673982287834 
8274.632530102213 2137308.0026213177 604.0749238181617 
8875.808620542466 515548.03805320116 144.4297038737538 
8292.495012070514 2632778.0810996057 419.06468662001566 
8430.483327089512 2847935.766142061 265.56843833582366 
8268.387515430253 2442753.90671154 631.2782042003598 
8330.214788445073 1930452.7640724103 396.43109655238834 
8285.050272331377 2514964.61898694 523.9734815898015 
8901.75644357351 534935.3868118894 95.38957343648269 
8352.132472341056 1195342.57755082 533.955592307625 
8901.24632466463 443415.1564411993 124.86920760308017 
9280.49735612451 436457.49761397566 84.92770241346668 
8265.94153259051 2708696.5695514022 658.8024448404767 
8285.771844630937 2494222.934292013 491.9101073241002 
8412.01464366145 827321.8965389824 272.6898441338048 
8264.980196991004 3022387.4346348 691.6188158360088 
8440.345724124698 1722830.297063438 232.15938970039252 
8393.736216577887 973037.391172643 460.87363896857835 
8268.799797096497 2321849.0954781882 606.5026747012014 
9394.593232068792 475459.5896569907 67.39305185305273 
8264.389354272376 3319683.6117923683 724.4985045123777 
8295.396384219704 2191273.34421796 435.50147089419477 
8461.767576496526 1356347.5984851748 220.76461838759303 
8447.665130791538 1598745.5318896826 229.61853216581224 
8286.428969599046 1652864.2578126844 611.3681612362683 
8713.484036978103 555541.8232279231 331.2993171886225 
8568.437790408068 803204.0123492852 167.1256799067893 
8292.617779091313 1548713.8921964234 628.9740890845984 
8265.108509736772 3282157.1439567907 668.4342089481145 
8572.311653305387 748442.6637381141 216.58196996394256 
9333.678660769536 579766.6979501449 58.64029805093605 
8273.735871783723 2521599.569918631 585.8025019032123 
8285.057774113317 2557206.755315249 484.2641777938554 
9073.699286335364 602829.6498425156 72.85746314166516 
9309.168335732687 399263.0730381141 89.40685864283726 
8265.309310936409 3038434.6179573704 662.1938448567214 
9130.101253451736 528693.160922404 94.07869705395467 
8265.606638649255 3004119.165045906 675.8731000203826 
8308.953964076443 1379618.3295214197 576.2273515709157 
8862.356678528049 581270.3683981071 180.95387999018317 
9025.590739598794 583273.686057844 77.53347446255859 
8404.18699280448 919139.8220479172 285.356229349297 
8490.72849457022 1096685.7191519924 190.65231678217293 
8531.355657217171 851995.8541931207 151.86858302992835 
8811.024870561643 547699.6045305147 289.2892950146543 
8291.234928135602 2243443.600344382 444.4811090557942 
8375.802694605929 1048755.9794070565 476.9957410124583 
8505.99778049812 1648563.6671458085 172.0340304487363 
8283.897357441889 2501907.978598839 542.9811407551689 
8273.084442778156 2057065.6862745024 647.2982863924544 
8433.603421692314 1821155.3354909162 243.19054516623794 
8381.094929845896 989248.9323373329 453.3331179056098 
8819.381065920468 465157.74729942053 303.90422962087837 
8265.123778675925 2917748.984165772 713.5651314015519 
8518.107523836741 1022478.5980010538 151.32025660806167 
8267.796522634166 2274361.7014799668 645.3055199694517 
8289.29883405755 2819124.0309022744 433.5054153253246 
8327.302229067807 1854765.0590556166 409.0240763720233 
8484.855466325702 1135667.81765189 241.9486774469891 
9044.606589168707 583451.6182715528 74.15074858245319 
9162.471943341345 530770.1225651563 66.13058373874841 
8831.137949090069 598626.4160241729 199.8870650905742 
8540.613061767943 803781.5494460261 116.6248472398247 
8716.452096083927 509513.70073278766 326.6996935695978 
8359.452293845443 1288667.698921048 340.4890268306763 
8994.777666514736 514806.96318507893 112.22256124799955 
8361.154350255443 1251984.6750829984 377.5310885525661 
9460.324926777525 399990.3442401618 87.37877825881571 
9480.923836890015 402067.8076080637 84.27712631547217 
8499.437917511368 1901176.8532829753 182.95555045969078 
8266.210337556291 2956624.787168799 654.2300633101306 
8776.619041823124 544722.497203151 298.0458767771551 
9110.997828697597 573584.7602489155 72.12104815191319 
8380.388884924885 1157489.7117778466 351.4884117727744 
8378.48954291848 1237762.2537229103 382.3683062049505 
8571.509110391384 773306.907374642 156.7834185566607 
8780.544936454964 529099.0147562051 297.7538948952056 
8474.67169711789 1262154.9000250485 212.96317663989112 
9508.195921853088 533718.6201089858 57.609440068639806 
8403.34939293581 924718.2916106465 350.3247917245588 
8334.531276575264 1294936.6370730666 404.5325153732115 
9368.709739690874 425751.42876157607 84.6437588634335 
8455.626733918296 1515438.2036897636 254.52203598333205 
8829.384005249656 636444.7493732076 207.1058726278746 
