22285.485336219568 374823.04863612953 3.4858912454076467 
16864.858504634 283563.41797390743 5.424647510719876 
5315.704935117833 10183377.633207384 3030.3306868612717 
5315.440250315936 12193574.526230123 2848.911283787187 
5319.477958833109 8296069.966851717 2340.6511369085542 
5318.955947461174 7335848.861846716 2362.2312783106167 
5319.953390627976 6550299.51728296 2201.819931438311 
5319.792568937744 4274035.348263354 2643.871771548811 
8458.559610489821 765653.017411328 227.1770743394285 
14307.402058580425 341492.2123673739 20.269807731227694 
5320.028763852011 6190047.710531001 2115.702461829885 
7167.383752316899 545230.0955340978 234.70848732340062 
5319.023592182609 5904040.843376218 2467.872192045292 
5346.110980065569 4687768.384108184 1494.4993072495372 
16006.847010043344 366376.21612496616 6.65098455509169 
5316.7979408333995 5713764.150857144 2578.7088567356686 
5318.689330944513 5095163.1650914475 2524.646122764882 
5319.556020945352 5508418.628094825 2492.068807226332 
5470.332566847126 2049476.6327917879 910.4108746679377 
6905.715236806988 650762.9788486841 272.1991653528733 
5343.047161531287 3161356.420917704 1638.0509904422572 
15301.239405382104 339759.663314366 26.107011485343783 
12472.137409032273 435234.1521248682 34.76205233418077 
13635.545737677021 349965.2634676274 51.459091920091765 
8913.156372472002 550699.3576917488 186.39294355218627 
5329.666132092131 3659470.298570849 1952.0986629387314 
5422.481712472425 2153997.6086054826 1314.4451065405567 
5467.876197341318 2379921.285267992 992.1474173274389 
5764.086682296262 1506371.9049334726 848.9684128138576 
6267.481834998336 1008530.4126033703 412.36785745320714 
6170.468908106186 1039226.6348949318 481.5506367364457 
11917.764602071178 389668.84919043066 37.386412676658324 
5331.789693446537 3071116.439808236 1849.0877407976309 
5343.1672103726305 2459390.2986705853 1528.9721334103683 
10737.710748556741 533502.2952653404 65.84048791823349 
5333.765951533853 3788302.1121527744 1811.7236930555123 
5341.327438256413 2646948.215860241 1744.593333054131 
5376.450897460261 2271223.8688163776 1227.2337151452948 
6217.222696205068 925882.2935037178 538.6553436933884 
6541.661500397829 705430.0183816061 359.7391570995557 
5354.07732063659 2818450.181999801 1401.9140147002045 
11155.589415380573 416904.4157051638 70.24241451949362 
5986.543041924823 4994050.784452155 651.8846131887478 
5339.681471299826 4193584.9445150048 1712.6684058028611 
6121.432838345194 1255771.789815559 577.0212978071944 
5574.8935323777405 1524965.6580053591 814.1829695578687 
5325.845501248585 3286238.7743065073 2177.690724484469 
5326.2292203450315 3239844.27134242 2055.3395076758184 
5878.107824641774 1415405.5927998289 800.6175774311052 
5930.174723969542 1803190.8372596547 715.9616951588696 
5436.137551599838 1712387.5538805784 1031.0108737056614 
7041.225058683394 607961.9609216511 258.0293438083532 
5428.760056800977 2272626.5567204715 1081.4715368452198 
5354.626890371734 2601670.8822574522 1432.716031708652 
5339.599959616554 3882692.0125936847 1712.9887720286044 
5931.968326282461 1242531.1432606424 660.482820852066 
5390.153035462099 2203317.1028118115 1354.5980434574622 
5988.310099421108 1125655.1678267273 621.8152221122356 
6570.376954248037 683631.4432453297 363.9767549732472 
9694.727882134506 519135.1610833262 104.07411932086714 
9202.143025692862 917938.8939583509 146.44806266941777 
9474.287583463982 468816.8103279243 154.2121523287589 
5335.09484343286 3003238.672539041 1995.4454581683933 
5321.815678258972 3524176.2041270756 2024.0322726789298 
9358.18917856674 525789.7726487037 188.1554036086467 
10416.327955305922 394080.89692709886 72.55087044188012 
15610.972823449309 325875.8459856808 8.805861827522124 
6442.30066496349 788738.8577559249 383.04529133952605 
5335.873021347616 3392521.0254766787 1728.457070256681 
5392.756051884685 1893200.2792650175 1386.6743753967855 
12876.579235221749 357527.6704573561 49.1083642517456 
13334.625805313302 360440.884507622 40.20952961751434 
5342.367782766279 3265176.7510887966 1688.5588827467016 
5773.905196372296 1732687.6776117887 758.9799700379701 
5821.400682743945 1582071.1734419777 778.0005894346752 
5402.591101316786 2524046.852606611 1201.2906179675756 
6392.790643227318 897156.1530359865 380.5394309663501 
5427.218498024636 1649584.3690600311 1123.9842425229417 
13216.751189882034 389178.248038087 23.51993649935345 
11371.406504392437 540051.8202636172 58.217701801620045 
9925.555708352491 433202.8448722186 145.3396766966846 
10253.829732829996 423503.1287712959 124.29621310759043 
5344.54605028275 2981451.9362646374 1498.310232565434 
6102.066634300909 1089216.760364769 648.335518990852 
10150.477200084037 475857.3558737114 75.09451450466925 
11642.91385599579 354064.8350563131 56.56107283942133 
10029.802925469996 427080.5323457802 94.81981381405893 
12938.971956601976 363063.50171257975 48.4690219381923 
5845.258591515617 1679724.6586679234 724.6661171677481 
9624.687170270663 444678.5856643789 130.8052441124889 
5417.955330879814 3519616.2761077075 1165.5629705056704 
15303.549712341524 298825.37808734336 9.966146823287305 
5424.199690180123 1958091.1927672327 1137.1798406163268 
5415.126338407799 3652154.9046485866 1149.488643129046 
15567.9641999246 295478.9395639078 22.582886663410196 
5330.2443750372595 3835452.7444933457 1840.018181565516 
5348.920042738881 2326388.974029857 1522.5683055673749 
11523.06975309641 396094.20092075097 56.00416897586592 
5413.213035357379 2600960.6573798405 1182.654602597027 
6118.149449901706 1038812.7044915634 605.8283846209572 
