18441.976806697472 258152.21940696775 0 
21777.80322990947 196676.65908418022 4.704280960921918 
23391.268222168368 197978.32364776015 4.39096709996338 
5291.672926506816 13099781.900198638 3471.7787659373494 
5305.02559830882 7010359.482342086 1893.4379691988265 
5293.25141892232 4966039.668233772 2729.951876622778 
5308.053739997386 6617618.89999055 1687.8594310211279 
5296.54649774368 4418911.373222043 2519.3053448737496 
5305.268943230366 5648591.0551825715 1855.6619594746137 
12848.504176434137 322126.64355543535 20.89122035833881 
5296.965000504647 4062615.7235905332 2376.403383341216 
14283.161409147282 320502.6346499819 32.94149776561851 
20649.27900420651 220001.25768833183 10.783731437829843 
17427.37608669812 267184.0145567536 12.550029247024273 
8756.886038126373 504583.70134447725 146.7371353747499 
19532.46134337928 220355.98758467124 14.762306253472117 
9619.292621829067 394258.7263246684 77.49203897069856 
7961.638325727881 543930.7541567736 233.07795857613235 
5293.125453378582 5481739.788340426 2696.4264008306927 
10410.596765704724 490519.48221946653 73.3860189181362 
11931.752662768171 449817.0897946701 29.11581708119301 
5827.837538300997 1168324.777601572 621.530771701659 
5532.880689659027 1894316.6066758195 708.7182744154743 
11283.256832301513 334668.8275442668 39.72331084800507 
15625.82566039225 286556.02671545447 9.16706306548722 
15178.852891888979 269241.20547551336 13.22037600904113 
12292.539312659577 335512.0163722508 28.939878609118637 
5306.508097479105 5376710.869112715 1906.0614452520128 
14668.555342813712 303589.5005403088 10.52669261426226 
5298.773765683232 4695133.550674003 2297.8144422417818 
5299.010444515087 3792049.5324177155 2128.686275383766 
18939.309823631265 221572.04119466865 4.425951353602391 
21518.41268207703 205920.8472650062 2.5679870164207825 
5770.271851130093 1246610.1621758298 770.1881190082654 
5316.747929058504 2352876.179150639 1735.5275533723425 
10689.212620017684 349555.04327667353 59.76528836528945 
5351.168829148193 2744071.425715604 1254.4158148004326 
20891.50205373915 223227.42846679827 4.357338091488033 
7703.188915369311 555984.7492412601 179.94772616371372 
5313.339346265383 3212083.09549898 1496.2945679792285 
6147.019972857089 671226.1082973054 376.53875676266995 
16143.251089620813 277221.314337425 7.7420106558523205 
9324.653566669156 1027506.1485327322 122.11096294765298 
5418.796842081891 1589955.8782671061 955.2716684178889 
5300.283692229102 3616676.0604971074 2088.777676594801 
5302.735366207545 2968957.922152855 2224.6855791423354 
8959.506683580268 465103.8021322997 202.2986565627346 
5297.768308846054 5625355.951151992 2064.8944915215106 
5301.097287364009 3156601.6980010923 1991.4030385722108 
5357.027490532073 1692046.5245844435 1190.119936395778 
5295.047340687361 4427729.33725671 2318.3917945346584 
5346.466557355978 1955004.9858618467 1415.437953659803 
17093.381149948837 282197.060276999 3.018718475395062 
5314.17091645063 2481524.1470901524 1590.1830634721016 
6445.520012336535 931285.9611047346 316.20207495047373 
16716.830019851513 273769.7260145887 7.015118513675783 
5574.473750490872 1409478.2292406533 806.1046567135027 
11050.04172133743 346010.48863342946 36.055367763822225 
7459.692948817148 665980.4384406399 206.81466796307308 
19370.33838777228 226552.84502553474 4.334648672765449 
5306.616645502372 3427166.465950875 1950.5531199439388 
5309.698053613647 2387652.4483039794 1674.2118550530836 
5393.441651586512 1541534.1551560424 1007.389793448894 
5506.694756512003 1794080.7726215452 908.3091454589614 
6754.888071387157 762939.1651366423 302.85403648218437 
6047.594630256152 869806.1220108443 425.5943519523929 
16430.171926380022 285944.0557614408 4.226728355046665 
5979.082191317037 968848.4416618308 566.6609962943617 
7224.3422108960185 533729.1854727973 242.29696918519494 
5383.025703866688 1532976.4660808137 1050.942544171855 
5328.864571146641 2593307.5218366254 1485.561938990189 
9520.985909852394 482210.8703980332 117.87313372902625 
5350.528192442129 2109371.616453144 1352.8189680333144 
5322.2946303856215 2464047.32337074 1600.0620551101385 
6097.099050133248 835553.5000445942 449.848595557787 
5900.904276609645 1200807.354030838 518.9475927170195 
6573.009299632937 691745.7847699154 331.96886221234973 
6932.8203225689795 1656229.3504542506 287.24004802555817 
5846.769816852236 1032547.991798839 555.1776492920015 
7044.565487837193 542642.3316347299 251.9157256352911 
5299.935536989483 3772621.623229584 2252.950235438888 
5365.7009500087715 2752890.8226049575 1149.804356793197 
5380.31386089913 2104225.6477005086 1105.2510572761564 
5342.4737103666275 2195229.272606055 1314.4132304064337 
5514.163423483745 1511452.7959230335 886.4362295793206 
5307.489234704205 2817943.200327865 1937.2661650241018 
6962.043756428364 597771.27165938 340.2244017397308 
5514.203680830423 2170914.781143445 851.8298466542465 
5379.305837633575 2009390.934950077 1118.668240361409 
6022.888434987005 1311523.1618807898 495.76740672557105 
5332.035818583052 2232919.9189787805 1326.6974514969638 
6001.412974626348 1396173.2854025138 484.52276693635395 
5301.544965468482 3052635.182521598 2123.1942818266753 
5297.59750437412 3362304.0811573425 2310.34636575988 
5528.1065567262785 1781157.3687719088 824.5381580527312 
5309.564089920916 2924830.0096387006 1879.0120819761878 
5306.986938997324 3111697.5649685254 1728.1728695883564 
5331.549890369459 2466103.574833899 1460.6693991149782 
5292.883971117423 5482065.848394661 2723.173845099088 
6829.418373750545 665622.3579133415 336.872588951876 
