10117.124073623225 10683114.943980865 569.3331058479754 
11327.005417723884 2458326.836091675 366.7592068869689 
11365.55839898071 2134597.3548269947 361.8890792764994 
10021.590720908976 3740257.782352883 575.3602920439197 
9733.693417923972 4003290.989587418 1052.571291510571 
10374.50519205975 2201588.761429402 491.8909675310893 
10697.17556026414 3709444.0319434474 310.02174291037653 
8372.7800640598 38026555.71600844 2385.6893368337123 
11479.832639036998 1829228.8368753935 317.01489339345517 
10227.68216419976 3427248.3374896725 713.5289503637346 
8727.93177520332 12014733.903315375 773.4132319606739 
9307.702885361063 4246573.583788173 687.6722703708737 
14148.587646661474 1476700.3843284415 266.72320236620646 
10618.657324283207 3685180.106828116 423.99010665965875 
9106.455277447592 5031677.378605265 652.1663893195539 
8525.032778481509 22774006.603006825 1294.745155429536 
9319.353362818525 7449009.543310933 630.9995561780278 
8934.565606094136 6903786.892101381 804.9510194257039 
10316.314992799202 3849608.5670581018 420.4656027413235 
10141.001889968711 5088934.177717646 535.4241826805618 
8756.772338238858 8257104.750343883 875.0690095258074 
10187.28067217061 4859076.941458147 498.0072622645894 
8555.39401063145 11366027.023424929 915.0139886000193 
11105.111960797554 2264709.241933627 445.34673755590387 
13556.860844322804 1800882.985831551 322.864918369745 
11043.067419881425 3380852.1095780698 369.44322595227766 
8367.498689046923 87030673.88798365 2586.8820162515794 
13702.11887703394 1799135.392268939 315.5961154033206 
14851.951916317688 749130.0355377579 125.41683434667182 
9895.116709015503 3645700.260831747 680.2672032846274 
14058.787302129129 2028905.3261143628 282.80819636287714 
8997.212826283801 16906123.14768659 652.8993311859626 
10643.410782646177 3134720.705924755 396.6028845937618 
8393.487897637326 32008701.89262119 2286.490510499737 
10251.20687152236 2693617.340171068 495.6595194506374 
12277.36745789491 2040366.7145341106 260.9760560214373 
8399.746036052198 23572163.715093225 1531.8047660766345 
10117.124073623225 10683114.943980865 569.3331058479754 
10117.124073623225 10683114.943980865 569.3331058479754 
11855.198727792478 3612071.4115278055 265.4693725787032 
11698.090379052514 2904700.2416637596 306.808600947772 
14233.228923499912 1193357.4649572861 182.80069129449228 
8538.740116325598 153904961.75883895 1314.7808495228705 
18773.696192773416 1057411.0517263515 152.5428982723882 
29486.670981607036 2072889.6835416732 134.95350326634525 
8397.923451507544 96890219.53102827 2757.711044320371 
8428.938347001218 47846523.04704685 2242.8946907411655 
22848.601098776166 1428121.0186583558 142.02162710844803 
8398.540553552775 93280823.1679191 2597.4423802333245 
8506.66948075524 32298394.883969348 1761.3277164871947 
8556.564097513168 23897937.88282483 1480.1567777048601 
8464.333959292875 35413309.6987486 2269.241974393455 
8556.130359546056 43178866.19548967 1606.561771398618 
8526.407360973088 29543097.363668725 1749.795880788122 
8754.379484433284 15579890.313785754 998.7749816999158 
14421.544095944088 1615182.1857518752 302.8820266687577 
13119.38010431769 39299196.37839269 351.78143525101984 
15727.095113341165 1841294.8380620314 235.94654332974196 
9366.79605722825 6937288.84101322 1342.6833869733218 
8587.818183234289 13559367.367877567 1097.4719330634382 
18260.28053867991 1298083.7951733817 167.79612749050148 
8756.777343039386 12879624.480494175 1230.2605117233898 
16485.83659744306 1999697.6855440137 172.08959600683045 
9633.795122572668 6073725.220064999 814.4553446447387 
17496.517917833255 1600468.223454751 196.30430620674915 
13612.58459343656 2984487.1613194533 346.4176153509407 
13968.70653977359 3682265.0460574375 272.08988189121703 
8670.367380587853 13113794.02920022 1181.0013495075063 
9673.1278595099 6695457.036973435 733.5435086973707 
10169.991889319237 11627908.444148406 602.0049778471068 
8841.006798033384 8801464.274045967 1123.1396649309052 
12612.326196794498 1955684.7834619419 368.4365656534379 
9162.933429311264 33477777.071670055 842.2230284055685 
8795.251552861268 9944781.605793066 884.9833453065137 
9407.628468287838 5693907.169256764 931.977299595129 
17621.684486446957 1594144.9242013406 200.00807467193835 
10885.698904818371 3216297.559025298 401.53046799782703 
10136.653361094228 4522568.548141453 613.9012226903205 
14237.661542894164 1931711.0612318947 228.95257734547712 
10640.116108040915 5416093.437820514 453.8307975622196 
9840.105483650925 5786489.860941701 707.0465026785405 
9340.497442129104 7583684.727133254 958.1737108094319 
11810.012929268501 2300740.6456825165 457.47862107813035 
9181.818038920988 9963197.699737068 840.8022030823631 
12272.405810565097 2124892.3679753374 359.3278201355405 
16034.812213780344 1710433.8566234056 244.82481914449792 
9057.953595070845 9218472.867861345 976.5735178436908 
13243.95572330251 3433596.4984945944 352.3784678579559 
12136.14225703672 2266668.5900943577 491.2633531063229 
10583.706699824303 3138184.20398863 541.7848613531265 
11367.894062276078 3724486.213313993 380.5678556076092 
10258.898969515689 3502095.2336264784 520.4144981226184 
9933.810554756583 6600495.007243074 682.5803350803071 
8967.86236307697 7699566.4535799315 996.4496181518414 
10579.920892905933 5459576.446979048 499.0635121313974 
16286.535316213514 1950436.0871340802 188.8300097749754 
15795.639884378936 2315050.116222879 177.1689745512772 
16097.773491104428 1471563.7475220733 207.28797728644275 
11182.569006618462 2821715.2730325637 514.1412523675295 
9932.397855795061 9073956.193521757 647.0361687668701 
