17353.60600703208 1323107.48031654 290.650883037231 
16704.07125451796 995995.1687099703 320.81311414232175 
12699.06795723894 1593227.6312232953 274.5882986458518 
5643.434379616455 8302069.702228312 1334.4119059991708 
6134.3365337626565 2758636.7386691454 1044.4142992582085 
6743.570906260922 2065327.2005965898 824.4649268132266 
6356.89293588257 2173304.114150783 1038.3455474652096 
6243.511137621475 2564039.112450297 1026.659208437933 
6382.639384751411 2742645.339974748 1004.9927426182612 
6065.740236254509 3658013.5737116733 951.4873783461093 
6292.13328788207 7214880.164727541 944.1340749589541 
6054.8603291873005 3106051.8898398066 1166.1243119478916 
5591.583956915914 4680622.009192419 1694.815343345289 
8666.235672491082 791484.9966926508 327.05304534944526 
5993.533681473378 3045148.4515888183 1195.6143625158634 
6298.206139634242 3285210.513852006 861.4393371996788 
6105.432682413697 2484887.2831154927 1078.8737866327085 
6069.66600602436 2871685.4475723403 987.5240404924277 
5315.857481953161 10508926.911318159 4850.24058192773 
5315.344784219753 6452553.207909251 5405.635120263668 
5333.890585435618 10987520.91758543 3701.4330373503512 
5229.550176772551 82976242.4434359 18573.502495321005 
7421.94882772905 1778807.9744601152 627.7975846094331 
6338.0023877238345 4335949.558727573 780.9697338192159 
5229.630633708466 37212323.595173545 14137.006755506867 
5258.562684352869 17008463.982356183 6829.278984779147 
7557.571295158838 1079256.6174232475 553.7729131691708 
5317.124668545846 10452857.040959165 4261.026461806403 
5804.607485710394 3188306.6025727075 952.945503832725 
5347.740125094754 8451164.517378736 2699.394421219235 
17353.60600703208 1323107.48031654 290.650883037231 
17353.60600703208 1323107.48031654 290.650883037231 
6009.316944493846 2424060.701420677 1200.297102586402 
5480.5353363578415 6121817.077075481 1527.632641847354 
5343.180372260356 6927186.863965914 3943.391500998575 
7323.631363177001 9898536.284690905 674.1883307981565 
5618.293893849473 9282796.466735339 1346.1892286330544 
5257.777151997856 18998809.4699188 6322.5006505623705 
8606.828282518913 1308863.5169783777 489.70222924360667 
5649.273708644177 2455565.209051585 1342.2195490186696 
5483.954203562449 3728344.377253093 2110.2656362406906 
7592.884322841723 1313677.337167555 525.1803885361193 
5264.179732982426 15985315.058694173 7343.850936472965 
5595.29644810912 4991883.457149147 1467.3545452645983 
5344.9075271632855 14365403.725185608 2941.7928531112075 
5304.276751997599 13117767.689855613 4923.963860576692 
5331.1949766807975 12888199.695555165 3395.405835898165 
5483.954203562449 3728344.377253093 2110.2656362406906 
5483.954203562449 3728344.377253093 2110.2656362406906 
5265.580587907779 7766785.894108883 5893.900983863444 
5257.702954935118 23461932.78032076 8323.622098152417 
5229.076910266719 74429392.91829096 18643.84313468735 
7451.0908748571655 1456600.8275358628 631.6963514087932 
6369.599497313756 3672639.67039283 838.8178859719775 
5690.64140373201 3597332.0398410764 1200.3802776060795 
5257.777151997856 18998809.4699188 6322.5006505623705 
5257.777167598129 18989505.225434233 6321.44170642376 
5245.485914909745 19291266.8525225 8848.859149369304 
5326.179748927127 7909211.57438783 3743.138305684905 
5275.187046671146 11360829.810531659 4934.770911361055 
5233.573872023003 25954085.142327573 11294.896719313716 
5344.9075271632855 14365403.725185608 2941.7928531112075 
6395.811248116939 3008870.249922408 803.4555402865501 
5382.754153158001 5742364.6305912975 1610.8916084549164 
5346.052360865156 6559169.992610881 2706.366098661634 
5231.924345918973 23008509.488286175 11332.28308503612 
5306.077238081078 10629334.13898634 3900.7634989920425 
8606.836895068851 1308848.6550029542 489.7010618288748 
5319.499576709141 16594344.536828445 3875.020972081942 
6437.492633725637 2277294.5914029516 682.8960500201306 
5447.178336926423 4093030.6603865647 2048.9995799972944 
5274.5157405484 7158670.825204752 5818.7258849602695 
6338.299698620358 3127236.002162322 987.4848966683792 
5409.755770121195 3778573.7087416574 2131.1196577778396 
5483.952791154406 3728678.746895743 2110.3564916802584 
5523.619400648084 6652793.500173127 1442.2137205766521 
5315.345313647175 6452188.332897391 5405.565960646555 
5315.344784219753 6452553.207909251 5405.635120263668 
6884.990044170612 1407184.2601521343 701.0526294104519 
8489.16114777272 1421912.5189786241 490.35258368933165 
9849.09510897762 1043424.2104679045 489.52472658675237 
10555.084809121101 2505195.5266337334 353.0329322630431 
13053.641178205751 1247767.051828667 392.9865631421111 
5229.14066128109 463078617.0500703 24239.99103845682 
5229.600126477162 159418013.42605004 21176.78240965189 
5229.6528680612955 68464681.8617529 17042.72031794421 
11449.845429130717 1205002.5203225529 417.45674357711033 
8028.6570843772515 2596590.7246083347 534.9970440387996 
5233.678608936012 42822270.91669463 13701.563264620409 
5268.393420754764 20681485.825828128 7373.247678518665 
10655.5680150405 1584813.0230962886 382.98876466200693 
5232.483947566322 39190106.738494955 15287.423275519133 
5267.634980438549 32445141.071340833 8683.01566017659 
5334.316838773254 21410650.043694716 6001.1168516040725 
5232.200017018614 58934347.9446321 16643.657020336417 
5233.682152165666 30623526.034784514 13031.544359943728 
5248.942012023013 21358393.901570715 10073.153703682534 
5240.971129972221 35170334.891704544 11684.285056671753 
5886.4115849413565 5267970.69222974 1568.1463683177897 
7780.267718608879 1927953.9333136268 591.7887200094036 
