5227.054674722105 50493015.03610425 32961.26918036627 
8281.920574818912 244715.95107571405 49.07440389746458 
5227.070504049902 52487481.86347649 30052.341499114093 
8497.738737035479 250553.70779631296 44.52198665447437 
5227.057378459707 46218688.558761306 31027.844278939443 
5227.106662651061 40256449.496886685 27013.976718272053 
5227.102510488763 33013911.107449733 30984.254489141564 
5232.18739820216 10790415.817323111 7027.233772242369 
7529.628340440728 269531.1148808952 74.5829135310488 
6099.635668173599 679815.0571293393 286.0698367954068 
5237.143921736661 5433238.833435413 5080.867079638378 
6593.789697119053 377305.1159686636 193.6269582810771 
5227.67980397158 13933094.07724057 16479.306278036933 
5242.998858185707 4760699.5634974595 4216.860233738204 
5981.441163083963 1259984.802970294 290.1964920109155 
6448.234746544204 417367.27992384956 179.67038208429747 
7362.0353836604545 286499.42319909605 65.67821771463254 
5232.682968540728 6226321.612223398 5658.099238674362 
5406.0044068067455 1823650.525501469 852.4831495960564 
7775.796480844852 260235.215521188 60.99907464397138 
5227.148028672184 23008511.786281385 24195.866218623996 
7182.210827176905 277321.97143590834 70.73266860549083 
5227.218680001425 21347740.01754323 20481.898372236057 
5227.119427525739 30578947.469942518 27764.11636101744 
5227.106411977079 35260132.17892089 30176.290939425046 
7893.373680710494 269898.8109177983 55.26540478328517 
5232.557469621231 7709822.215948846 6503.6794778753865 
6232.639296477061 467456.7745531973 271.5179021551912 
6682.130171287987 459854.95665731316 115.01960180796982 
6908.698762999401 301611.5156842095 74.25163741763255 
7988.59088606709 265622.9774963683 54.19572333991418 
5227.213633107736 27353406.53840974 21077.831261397172 
5227.179549651252 25060961.345844235 23855.526526588903 
5227.061656711672 35768685.038717285 32607.51950081992 
5883.360756697599 640921.8295332727 314.7079674153615 
5228.358463122805 8709531.667829853 10591.17670687442 
5227.40834464845 15126159.685332367 15140.644018391604 
5229.243683080444 6929292.410976422 8104.839915323368 
5227.104534849228 32199473.037516292 30861.242330822486 
6784.69287443745 317461.05506546167 99.12729673445507 
5276.226206582212 3965054.649985292 2817.493331212905 
5227.111321812839 36083565.716927476 28776.259305632342 
5227.143001907623 23944177.788611244 25391.569281789038 
7299.494837501418 282976.355921663 66.37883795350373 
5228.20018021414 9453818.902289882 9935.316082428471 
5228.135471832954 11586552.689053163 11546.49855288905 
8117.988077740737 246893.05839900134 52.45375975978016 
5227.177837244732 25632288.903438482 24025.119163677744 
5512.959079909258 2620846.115154851 649.8072658984584 
5330.278701387267 3416096.0769500486 1570.3846435616342 
7064.3348933824345 311343.0527867513 71.8645095389914 
5687.221833066812 795379.099535476 452.8541187167018 
5227.189628344432 20749081.150088735 23142.94004790924 
6367.782545463186 412533.5703277959 210.25326793413308 
5752.102328578666 3096875.2725082226 431.5873907553122 
5227.190054975183 23864594.64524809 21968.82111916988 
5227.308666013597 17628872.26682474 17344.043281212227 
8268.249968251725 247003.5981738122 51.714529962692986 
5227.124125693258 28201035.554986726 26809.16782203401 
5446.058959903027 1489508.9960655782 712.0176375165111 
5227.388149657869 16488438.48611535 15637.153364770596 
5227.252806437071 19793990.556604814 18413.37800692622 
5227.478748809658 14928662.416100511 13871.122028290049 
5794.709054318913 637604.4164284122 323.7898549374774 
5227.108476493314 38117200.11109156 28684.157612740735 
5227.177486564442 21781940.283900306 24983.77009316351 
5291.66956568929 2506878.831329009 2312.726109140739 
5227.238288780717 19609802.34762192 19555.037105875348 
5227.276469821752 19203743.331240114 19319.713738637736 
5313.868101668713 6773352.110436978 1246.5241602484662 
5227.264728874834 21898393.057899367 18237.05290799839 
5227.801056852848 12487684.720471632 11946.717856353589 
6284.744912415612 865604.8439843511 209.7240090250043 
5227.210044787343 20423176.343997516 22694.345045718506 
5602.275130095907 973615.9759144915 557.9559428317442 
7641.07916684548 262921.7557079366 63.14521708483787 
5227.19955670213 28023924.950745475 21347.251910677744 
5228.860306081674 7337800.567683911 8539.630572836671 
5263.073173675983 3776873.0110558844 3873.9549538117676 
5227.296137173784 18132714.15123277 17663.38701909703 
5227.126618377309 30059859.19397328 26455.840101040667 
7672.513413119317 263432.72126843076 60.532058396251784 
5227.13006511392 30183225.008075878 26051.154044022976 
5328.162393646326 2372258.189809462 1810.1809528973265 
5227.466851121301 16268003.714171078 14165.732850335997 
5227.117429440197 37219526.37485161 27897.4076952472 
5227.759049604379 18990103.67043968 13228.396582022398 
6864.688705123076 320445.50232487224 95.85917093404461 
5263.870785894529 3828903.046863403 3280.5225175138944 
8089.715355083269 245972.91239161807 54.55478253707084 
5227.794172261082 15848714.490489947 12547.530290699195 
5227.229967887291 18434124.926269967 22270.516004187917 
5228.468362570511 8998243.813135684 9020.349270752275 
5227.391171722555 17391902.86708279 15513.984141984123 
5227.1121048409095 39086708.972128905 28233.266565480124 
7083.473190535696 307857.81914588256 71.92431568468803 
8449.059231061245 250285.2712764745 45.70950578656492 
5228.115161617554 12111916.26736937 12466.398891382161 
5573.136667124466 1187218.1257448953 575.3936706759588 
5227.06177550266 39997926.60477235 30289.782488631296 
