8228.515153483906 249359.797198961 49.372316483385866 
5227.10884422143 33726626.9322256 31557.460279097148 
5227.1554838306065 38762905.46861733 25409.10028131604 
5227.103683083727 37639059.05110153 29899.399886417283 
8126.066214221362 245650.34518117405 53.20052403681039 
7606.464316247384 272756.3283157936 70.79093258699798 
7985.493098130982 294131.44536759984 64.92942098460571 
7473.954612146083 268248.64494645316 75.99548417738903 
7271.490151888314 289687.9950792429 77.84763842276027 
6955.686299306431 311250.5485996799 105.83325797249077 
5227.128664795267 28972546.310791474 26371.283569900403 
5227.175466145403 23939288.102263857 24634.292068204268 
5228.352731023004 9219716.866933648 10200.196934378379 
5229.514407593157 7122194.774999778 7957.859911763409 
5243.012035902885 4746717.298762738 4223.719363944443 
5227.195629700359 30600458.491814647 22396.301859183674 
5227.114449802607 35609733.817180134 28049.70000773326 
6668.837157011005 596921.4928179723 177.21422763321092 
5573.007782083612 1192291.7333899282 574.5709443899067 
5276.1975190821195 3975032.9250539276 2817.5891171010644 
5227.108250699135 33908870.551206745 30797.420949058047 
5973.75952996681 1141662.2101365274 297.46515420544813 
6550.214721029757 388017.7188239327 207.16885093049933 
5227.247311958123 22463575.537860747 18537.59271118475 
7277.592897810297 282028.4203689786 66.46389231064178 
5233.226482233837 5445251.3252410935 5376.1433371332 
5227.199279536826 26219503.573449742 21650.473471285775 
5228.227121303734 10858096.871354531 10697.87404667756 
5232.281177157361 6275686.635371488 6280.366726964285 
5227.28894831585 17512103.866695203 17548.950677809364 
5227.834985512769 12214367.925029576 11615.680474075432 
5227.210586098335 19549521.51640161 23489.032632214446 
5304.47915578928 3032201.418250328 1793.0151011210587 
6071.081787031616 548825.3277156977 341.26487429216695 
6237.915521052566 452164.3692078327 283.5990103682899 
5227.20200786819 25523676.98483833 21374.70361460541 
6820.263381023695 324662.55289489235 98.70527221652644 
6354.095624479425 432257.40143771947 240.39098208391567 
5227.1633629316275 23532714.63419919 28455.306737741113 
5227.283901815829 22109922.377816763 18157.86195452927 
5227.109427550623 33393105.37294975 31370.622123090998 
5227.109883122232 35596079.194644265 30669.804060375885 
5227.134002453923 28292184.71857675 27068.40994616756 
5227.471515588522 14563433.4199246 14134.141986097893 
5227.116644192917 32104442.147027113 30825.930920499835 
5883.343937161477 698295.3754484808 321.04330210868386 
5264.1888938285065 5467294.203299574 3730.6303720862516 
6750.867022572821 322553.81320823025 112.95599420672025 
5469.386747963203 1677743.626787991 733.6749531099965 
5227.803757407668 12944505.455205772 12311.09077969657 
5227.1293477283425 27641280.163397674 27591.164386172433 
6469.352726649533 741384.8433260226 206.33862269973028 
5227.38588364546 15694691.924809366 16742.862885642695 
5227.120630704176 27533561.49557984 29129.385010071477 
5227.256365685597 17691894.05913903 19324.3227964507 
5685.454071011065 794755.5755837385 443.59610184158845 
5227.234891785716 22305914.46985808 20316.992349570864 
5300.935392988953 3249314.6796922465 2540.3682351235866 
5227.106496656593 37763702.03261025 29643.617846430232 
5227.382589161212 16289407.588527767 15907.395882624147 
8081.262444973907 256116.00755413176 64.92304590059467 
5227.1986624419405 32480066.910589937 22320.26231193112 
5371.757759346432 1891718.0234719662 892.7634425587619 
5228.749573787025 7565339.618297301 8806.281299498673 
5415.508622533686 2317277.316673913 886.1810382332246 
5228.285663809739 10332087.652958745 13377.789325632002 
5313.864662993949 6787593.649992557 1250.965022010865 
5227.510128544034 14183525.389070228 13652.217896002032 
5771.165096576786 3416538.0880819336 399.07311389391043 
5829.54197029579 939718.0047874906 404.4334253831985 
5227.253191402731 18250773.818388674 19578.36807727417 
5227.208060814787 21097683.549036033 23780.924368608346 
5752.204161715506 2596255.0857123905 415.9474822215013 
5228.541153562271 11132495.759532385 9567.152267415635 
5618.500049558195 857519.5254033038 458.2083813910958 
5229.073355090917 8351865.683336204 8116.122817321748 
5232.927208166656 5590876.715844725 5622.626211985635 
5245.2552195491135 4248556.984677248 4042.9297077275687 
5228.84188714316 8020679.943649059 8346.88448354729 
5227.224126166613 20078944.296106935 22246.21815962815 
5338.567716497094 2252988.9145347117 1085.7457261822312 
5227.80250613449 20909752.17407571 12991.485314745809 
6408.592065168769 461409.1142816607 228.9203102855849 
5227.126211317242 26017738.173148677 28893.702435769566 
5227.4293025708885 15049887.277153054 15312.977904894387 
5227.242779518532 18551408.480019756 21443.864836416924 
6136.0160904202785 874988.9607082617 231.79846849246195 
5227.118545971245 31748004.14824462 28245.51187283808 
5227.183994186359 21210893.35548205 25342.228681810582 
5227.252337054781 18384893.50329148 20908.950012943806 
5228.604117814968 10374721.725831445 9078.435547275798 
6180.590116711845 464110.4072767219 254.2314427591922 
5227.325779286784 16979941.86962629 16297.089377748722 
5227.860915596253 11871495.163629308 11743.630513470136 
5227.417373711898 15503126.801805865 14712.124983123791 
6922.846579754596 320314.6754721448 89.46483516654396 
5228.147502848228 11178571.570311219 11888.657561351936 
5227.521382319901 13764542.260111224 13135.24714873348 
5227.398756662206 15907019.68753323 15608.89682749328 
5227.157046993911 28720313.697418805 25038.71520182851 
