7596.255235117533 305360.3614899176 147.0301944321359 
5227.287401505317 25158441.932358157 23924.714174864803 
5227.287401505317 25158441.932358157 23924.714174864803 
7860.125663313457 330416.78663986124 63.72588363353342 
5227.3927020184665 21474235.398084797 17305.913979976456 
5227.320009159233 24630878.53879052 20203.05720327135 
5227.295329817595 20493792.570583694 22303.548817734805 
7426.925914679925 314530.04570132465 129.70915675681837 
5380.386830898042 1932170.5677980217 888.0971717599749 
5227.296530047944 20713112.96447278 21906.975998923066 
7268.147722199851 385158.9319389769 77.10890606405637 
5232.889303374958 7291788.2036745995 5730.371094970879 
6258.413783969084 570326.9984282632 242.23897057273987 
6050.719695791426 714115.6481567412 226.4371763649495 
6399.656935329486 569609.0603669955 189.04734320440284 
7733.914681190265 344858.0391212771 124.52968105270139 
6810.293223628623 379532.11030853714 97.79331563698838 
6195.591952054874 805568.4279150736 201.65430163637907 
5340.965753285677 2256713.304867582 1129.6088672833523 
5227.418838951833 17397918.16071681 16050.584547797716 
5542.007368754395 1196629.5652411762 572.6229169753875 
5888.652453235636 755211.8251231085 261.19923825099147 
5229.769174447476 7993643.320912879 7045.073201018311 
6603.37074762526 479366.0326064014 184.37161538557947 
5228.526303660452 10253923.466045186 10784.267148613537 
5227.45918874963 16909871.211782157 15228.943102204037 
5468.214475881186 1610257.8733954425 698.0807133072517 
5232.762061077222 8761993.906905008 6276.318819611102 
5230.0065219054395 7809271.675575809 6746.083121830497 
7351.907345974404 364132.96979312616 74.25598137306301 
5227.480851897298 16194386.153054265 14558.473708275249 
5229.066582611056 10927923.839438334 8593.545327711143 
6524.487627608198 510592.1643672091 195.18180067241022 
7141.39886447951 372818.910224305 79.65074357188197 
5310.763004560567 5259077.346202007 1708.6398033244686 
6082.942191679078 464702.40778463427 254.80592562613924 
5238.9687810490595 5872512.724455502 4696.8283686644845 
5229.333088380431 8438388.103279622 8232.52407671342 
5805.359536331809 701557.3541363268 327.088170844718 
5611.4532582509955 921785.1824296237 518.5426629277483 
5291.273292795921 6405198.15974886 2274.685665679883 
5227.614085572448 13792052.706144907 13013.639492561864 
5227.478780961333 15119114.291912014 14703.904359900092 
5228.466707996622 14259469.683418352 9794.38488241535 
6889.05262769661 400302.4229425597 97.01196535642495 
5228.14681369332 12791701.603786591 11276.317667033309 
5228.842918674681 9936117.72268688 8721.866750401368 
5227.322713946338 18879461.735612705 20666.031703560016 
5227.4339250645635 16693773.172420846 16469.65961146019 
7664.14540225458 376292.9998064061 71.69705709517864 
6451.372233797977 592410.9363934753 174.88679986320747 
5647.243142995386 5565780.830728846 509.10729881671205 
5695.682108966418 1458522.986199664 390.1464283718277 
5244.53552578252 4498109.89272517 4306.4559707684175 
5232.774828076275 9418329.562066017 5725.465051431984 
5227.63846421148 13219758.044650044 12709.507047243362 
5227.768307134986 12392771.465361064 11885.789521117915 
5227.50821527289 15766871.41425571 14125.815922136004 
5229.207087143984 9076683.936178116 7804.2098163812825 
5305.980484250031 2827696.972166005 1963.6565304776354 
5227.410017869391 18389389.643886473 16629.727029747864 
6692.419416351021 344780.75605545845 155.98108009527078 
5227.960120075898 11895481.388832016 11418.784512742975 
5227.306481902482 19358644.73541028 21098.18732829126 
5227.348525822394 17516227.590779837 18864.23628581926 
5739.173493438221 759686.2349023811 380.4221732790944 
5256.51042495038 6201425.824138775 3491.9296732060393 
5227.333635524834 20097512.906862985 19368.90764975795 
5227.446408244167 18051955.997999053 15112.402584996187 
5227.397666941444 17806048.084213633 17723.754233483498 
5229.720413760757 10222824.89868252 7666.884177409698 
5290.4707138269105 3231523.0504542366 2442.629315910226 
5227.603171469962 14792905.428752651 13632.526845778208 
5227.74907651405 13079427.15477277 12142.484187962355 
5227.325204858184 19158139.862533234 19840.788448505555 
5227.595018959423 15594063.688045349 13876.986576763826 
5229.056549673701 8624105.380709957 9294.653046460518 
5227.344700152501 18514204.68825143 18290.666839219444 
5227.796797332874 14612030.191856824 11798.33323300395 
5280.83963197951 3877183.6378796264 2827.889830824327 
5228.653707143556 11252205.634849746 9109.568815556659 
5228.291783763267 11310917.926899202 10445.221243589309 
5879.894699326788 697165.2957437643 273.47750482431223 
5244.574151182758 4109913.9986095624 4054.9211583060323 
5233.421373859081 5492533.769028036 5337.421228203451 
5233.6230215338965 6297203.371771034 5112.862533494992 
5228.266941750454 11764535.162415925 10336.666863317829 
7109.692030488869 379650.0385623988 84.57257792196745 
5227.67773782724 13944025.427717932 12486.051754092645 
5227.391510155792 18599505.704155162 17870.68483655557 
5227.343605494251 18840676.77404178 18683.877346945774 
6688.061535791862 480216.54065685405 172.9879731908825 
5227.334611197161 19624476.055154182 19620.10020802337 
5245.083730165771 3580413.954268637 3752.2666581728786 
5228.315376033596 14106530.79889411 10121.414328072082 
5475.661411614553 1204607.48593926 664.9163553850914 
5285.913722778143 3535977.597683711 2640.688148063388 
5227.592285539857 15652287.46108635 13349.93369435377 
5266.584162384148 3757566.834410889 3259.1640201540195 
5292.956386991213 2735622.84484333 2343.69799865182 
