5226.932590644521 547329305.4007424 151463.60065480627 
9670.369206317024 213000.021413053 21.69747999644566 
5226.932502645392 551119245.9330026 144390.21350933515 
9562.25756608665 214914.67655216047 21.177895428078898 
9585.330828447613 208377.1899296235 24.88111097759502 
5226.932592182052 547290586.6943132 151408.44058154328 
5226.935061672825 117546410.25684132 94693.6742515843 
5226.932603716016 63911400.81358833 101692.49548305527 
5226.9371181878305 88240747.12690811 71660.25214213599 
5226.939859206995 69729042.38842294 82043.08559864319 
5226.939928955536 82250325.84227566 65549.2883079336 
5227.0615091181235 24832080.89748588 26040.76737791924 
5227.153290024904 16309554.430734297 21698.44044639852 
5226.943006000706 56880144.93684529 55446.12036816233 
5226.935212199123 94104784.89197665 84085.38504411934 
8306.088247204516 239804.30448129226 44.13890717830863 
5236.887839675496 42560034.9220725 16943.595409890557 
6504.0218950230355 530963.7034381425 160.0650320319287 
7409.377335718635 287696.3472375497 43.75313291951314 
7210.286669821537 275483.35898598214 53.96741895656972 
5226.951464499849 119623058.20248762 66506.94544888112 
5406.1093257143475 3458769.810183179 913.4849314413051 
5329.649729174861 9445563.352587882 3714.265691279913 
8102.679333354676 251639.77011244118 24.929903679258743 
5227.042419032261 36220179.49703962 38221.25983328666 
7795.064831154099 256979.11181777855 39.97569412456774 
6686.211615618725 508118.10174696107 147.292873241063 
5226.962067434824 39302220.40559319 52537.31385722942 
5227.016322512195 40991550.18042889 29910.267616418572 
6943.845909253136 314439.6704554955 77.94354828465531 
5226.941151485866 41905470.289370574 89085.22163146768 
8686.668131629085 227213.70277394587 30.782837769803752 
5852.6870532920575 674207.3904184295 386.47635169462285 
7903.333859390511 259469.89259102062 37.96046470230158 
7667.424363209639 246931.59177174917 40.70652103811044 
5226.969905207043 55528634.405635834 38917.27856733864 
6320.344292702864 794381.6204580509 190.96878797055544 
9159.360185924623 217406.88263200087 32.743820427153615 
5226.936232031085 49291461.991976045 86939.92351156154 
5226.961763850752 71613072.52492353 41392.28939366335 
8402.180527107634 238828.20443613495 37.28548578412533 
6181.349051409394 602255.285621719 226.177782829917 
5237.123933840431 10195014.056798976 8809.426278811321 
7609.049527520532 285562.44647051796 38.77603139312784 
5997.341974615939 516768.92468222225 252.40441296221758 
7982.26606636165 253456.56453072955 28.412266288678563 
9253.608605977028 212875.38228949116 31.84152043507141 
7039.593477050432 298822.3464093468 61.01995106747697 
5226.961337596875 71699899.5278897 44404.64161517749 
5226.935732289041 53260973.945076555 84933.69450548678 
5672.642293321238 774334.4846067618 532.6772160020058 
5236.999817532594 15879207.13018819 12458.747834874162 
6126.406285965926 454395.79497839836 250.06589867267107 
5226.94881858071 92854984.86922313 54441.970965698594 
6407.379422762067 524345.1942864788 176.16362724333877 
5492.210339639561 1528784.6741744552 663.388400548152 
5226.935502818788 60263400.41042873 95223.93717595855 
5738.782504467558 755579.5630326805 479.51123450009266 
5226.941036532089 46259857.992963016 83615.8370534264 
5226.9975998373375 37020448.61759311 32525.965739769515 
5226.933683283034 95431319.6151907 98731.48492953462 
5226.982292500379 42760155.96742054 33814.60471529175 
6837.329033262395 316527.337277296 74.52583195055331 
7506.080501813398 286432.221964317 38.37605401543035 
8946.331985423732 227856.54405788865 22.484893001307867 
6009.419411698424 498497.1107875141 282.40936008511636 
5276.618340822416 4174324.241468646 3997.879144505776 
8783.278608676388 228448.9240310227 24.801719190828717 
5236.994985995232 15911733.89090198 12508.468422539614 
9073.450312406272 214363.74762482947 37.184127790451605 
9029.368918382217 220493.23297275242 37.700007307864105 
5226.933683283034 95431319.6151907 98731.48492953462 
8060.993270281755 245954.84818716836 25.414418872507166 
9438.124974209515 213349.39745996473 27.836966142684624 
8478.556296555294 227677.0090584905 38.12019739502605 
5806.487773110781 658889.8283933024 417.3456812162466 
5226.939950028453 58161324.176346496 70270.91123381225 
7145.172588073793 278656.7104355425 44.66398768531837 
5226.939562462042 92641778.7182181 67801.99826065848 
5589.490784649512 1093574.4127092948 625.534212352357 
5227.041888668846 36599101.40130933 66310.76993146303 
8584.613460976845 225605.40624934496 32.907346772937785 
7099.490370512723 298140.8619000764 58.31632238186138 
8521.678560669538 229181.4221082242 36.09749351929123 
5226.940414701665 60820635.37457181 68558.58913347512 
5239.996713293636 7057191.011811948 7460.44875122121 
7475.438411830515 269137.49118418066 62.71449994727292 
5467.889968947802 1266802.9031528933 690.2851095740637 
5262.49216332765 11533041.406848071 6088.918209514624 
9316.1772349347 220802.89431537432 24.757090600084243 
6721.9780958447545 467761.40042152035 198.4903750772445 
5226.9622297715105 65859444.183534674 46574.97869225048 
6778.694304247856 441791.663101098 167.081930084405 
5596.36088299537 1083092.4578103616 609.7008716744919 
6361.899763753879 521921.74042644043 181.1026126365297 
5273.7188210781205 6523508.571041565 5708.091603944255 
9603.347161392752 208482.57799697283 24.83812162812064 
9521.399063871915 214183.65263031595 21.48243620589986 
5226.9738872137095 42426282.184279524 45937.14351515759 
5248.157180464754 5725757.772693783 6529.657456462444 
