17384.7492175514 1325010.885672787 291.90685171785884 
16680.717263204664 994482.8816074643 320.9709682049904 
12713.22295766122 1591886.3663473576 272.0186038068066 
5270.7451352694125 16504098.395361394 7792.433718793438 
5309.807275392617 11180633.563595485 4726.405089447312 
7221.750181061973 2208986.341038595 740.4687911493346 
6889.677406734501 1698965.072863408 844.1331904807859 
5476.967834471805 4787405.326567008 2563.4011872415713 
5642.141527338315 6514039.403201292 1285.7389230739452 
8028.6570843772515 2596590.7246083347 534.9970440387996 
6134.3365337626565 2758636.7386691454 1044.4142992582085 
6743.570906260922 2065327.2005965898 824.4649268132266 
6521.70774521736 3413180.750597989 780.6617570438809 
5597.418672657545 5634879.997853775 1527.5282252185923 
6356.89293588257 2173304.114150783 1038.3455474652096 
6243.511137621475 2564039.112450297 1026.659208437933 
6451.562022358665 2681634.4064951586 992.0078636837204 
6065.740236254509 3658013.5737116733 951.4873783461093 
6288.362156520218 7110191.753703384 926.366224214686 
6054.8603291873005 3106051.8898398066 1166.1243119478916 
5591.583956915914 4680622.009192419 1694.815343345289 
8597.232991674435 779686.7238145646 335.5288388469599 
6677.413302107104 2355085.6169052105 894.3372025730233 
5993.533681473378 3045148.4515888183 1195.6143625158634 
6298.206139634242 3285210.513852006 861.4393371996788 
6112.19042610852 2317138.2170676026 1058.4001191523244 
6068.014200867426 2822793.0928349495 989.2620975392125 
5315.8477194204215 10503847.673097994 4850.181654802393 
7721.0440138254135 1811625.601027334 542.8193706720319 
5315.344784219753 6452553.207909251 5405.635120263668 
5245.597962672671 36075550.309118964 11324.980521289057 
5249.427353384016 42984686.82283 10843.422387727867 
5333.890585435618 10987520.91758543 3701.4330373503512 
5229.548465091109 76639309.04724537 18463.62137913326 
7421.94882772905 1778807.9744601152 627.7975846094331 
6338.0023877238345 4335949.558727573 780.9697338192159 
5283.037195985447 14347093.498403436 6462.163520556298 
5234.052537142607 27583319.728575945 11419.683879281236 
5229.633711987457 37333865.20064751 14119.840128145097 
5697.592586706239 3540758.695629626 1431.303134722533 
5247.501100845251 26337262.13560077 11900.004885640112 
5447.177908302233 12373074.550879095 1792.2415419133818 
5258.595740906652 17005209.013446044 6829.146616248649 
8392.28885877494 1655503.2699570223 529.0927538696677 
5680.938206251229 6139938.80269501 1469.828098427414 
7708.153894865293 1056844.247784227 549.802036381218 
7328.963428979116 2690096.6817507152 693.9059054187476 
5317.124668545846 10452857.040959165 4261.026461806403 
5804.607485710394 3188306.6025727075 952.945503832725 
5747.138247579437 5287952.003900012 1247.7014676917504 
5347.740125094754 8451164.517378736 2699.394421219235 
5686.5067916110675 4897352.650237153 1593.9380805637165 
17384.7492175514 1325010.885672787 291.90685171785884 
17384.7492175514 1325010.885672787 291.90685171785884 
5725.285233295926 11774414.423893882 1207.1249111421498 
6009.316944493846 2424060.701420677 1200.297102586402 
5480.5353363578415 6121817.077075481 1527.632641847354 
5307.47712128875 13114556.28428436 4973.475906735863 
5343.180372260356 6927186.863965914 3943.391500998575 
5291.289570342348 12598595.939744832 5455.647734767627 
5233.686077139975 30461050.480156325 13009.621345033993 
5288.7087062583505 13740409.071024446 6466.829069198483 
7323.631363177001 9898536.284690905 674.1883307981565 
5337.70083123185 10067014.81812326 4474.151171032798 
5618.293893849473 9282796.466735339 1346.1892286330544 
6526.337329568328 3495755.669637065 745.5552862709766 
6995.222002904804 2362456.745251177 772.3350030089539 
7173.688104761202 1845841.0399967905 746.884893221378 
5257.552180985505 34989266.368534274 9631.45014914536 
5254.298962061211 25207910.354235265 10232.70877204942 
7647.1770697253105 1935606.880201195 594.1287172039009 
5257.777151997856 18998809.4699188 6322.5006505623705 
5427.262940550232 6886830.638823069 3499.895196967235 
8457.954848056304 1295274.4688936423 479.90340105545715 
5249.427353384016 42984686.82283 10843.422387727867 
5249.427353384016 42984686.82283 10843.422387727867 
9849.09510897762 1043424.2104679045 489.52472658675237 
10555.084809121101 2505195.5266337334 353.0329322630431 
13190.352748206176 1236607.9341448206 383.72520869774803 
5229.600126477162 159418013.42605004 21176.78240965189 
5426.144653666682 141113888.46775785 2737.8966684350776 
5229.684256814578 63970243.42467563 15958.381108109637 
12154.459473191122 1779532.4648718121 415.51149380375165 
5232.200017018614 58934347.9446321 16643.657020336417 
8887.956520876392 1576134.01492367 539.2710883536827 
5268.387227235111 20681618.036478244 7373.28907382391 
5238.434639178934 46715007.91626538 14145.753113186924 
5241.298388935952 28975143.37452519 12754.4241691845 
5253.3530045696625 53785731.29821308 11730.818885530012 
5266.23413387665 17149467.228660602 8644.65298231131 
5668.088045693318 27600262.473325882 2336.6633129527836 
5329.468889586781 52349613.44703586 4672.075305711765 
5261.09188040535 28983242.93892496 9294.762848274077 
8461.839616814626 1903432.2345855995 516.1067712920252 
5260.021277673236 34938651.44173396 10827.171971419364 
10064.206866099712 1790483.174480761 482.01981030780047 
5232.483129003787 39271523.86169521 15284.4007245339 
5291.615139711094 19420929.844491575 6252.946157218959 
5491.609700807024 9419845.177241733 3440.873251042166 
5377.452211468074 12172238.275221381 3976.657658614419 
