8488.716593468613 673689.747020147 244.46713997514968 
8790.301485193946 630617.7243727132 269.72204569451526 
5228.201986085617 21163381.059530243 12204.350670875929 
5228.255413065045 22188396.90202529 11827.293830340404 
7453.545056367273 673617.6131939441 345.72204692492824 
6606.57654385342 740420.9976657577 318.1834751611053 
5228.290430725647 19188246.481802724 11258.853755756318 
8033.169171601289 713208.5655760705 296.1812859866511 
6338.404373891528 1057929.8793169225 324.8042137894599 
5425.538605845713 1755885.5652609365 980.2490177544262 
6081.756556112846 765400.5392776994 393.67148163246156 
5228.347314757345 16966466.614241477 10934.537858205296 
8391.085766831839 707668.736626831 250.24774392753335 
5283.222446381714 7682582.943100966 2454.3179625797497 
5272.99679034751 5977378.455827812 3112.876092009477 
5269.660144208277 7295701.7358192755 2861.720802883319 
5241.3189703837 4679425.045906529 4803.112738340382 
5836.8506042738545 1932000.9823094122 485.3362493906942 
5337.554407813723 5040648.965742373 1738.5451540001868 
5238.916165802884 6514097.134233039 6478.3503406567015 
5229.836387196314 13294066.05828419 7967.940088652154 
5229.006220880627 14907836.105300857 8925.702420025713 
5229.126424204613 15541364.260077959 8625.788972178407 
5229.987321580737 12959965.874152673 8298.875666815127 
5228.432541690476 16184224.235318728 10435.97613966385 
5292.192493417132 2980125.3695218717 2778.871714547057 
5236.131804312383 9665057.76279848 5969.479855115336 
5343.643964742255 5326453.640564744 1418.1229893808527 
5233.254046233724 12517853.81495712 6284.425261842881 
6453.1173185155385 1357691.655241013 322.4388695733351 
5543.974790939109 2282453.880084345 785.3240454404552 
8234.196116713643 646665.1280679767 274.5851661179403 
5332.522892464314 10126400.569562972 1968.2246157445056 
5228.460394635667 17139061.383380506 10082.855184283526 
5228.360603752099 17684079.309379693 10574.79498095189 
5228.6484746475 17406677.21279177 9726.586162631793 
5238.987623218722 10753776.04406511 5237.848798390636 
5228.431059809891 18552349.739841934 10475.155831987937 
5255.220767133303 8521490.947908148 3530.1747863249934 
5231.37747590628 10400163.280648988 6663.747609379787 
5239.356620747049 9292391.202458253 5158.047359129455 
5228.632444963285 13994754.805171238 9808.868952485334 
5524.475112752199 2966021.0842545447 855.7669621430177 
5228.620118531218 16422279.985058416 9974.820797638593 
5329.042521250467 2677085.008552472 2246.0355509533565 
5722.137840140092 884098.371952876 492.7604924894031 
5240.056804201114 9463970.853945034 5143.396726870227 
5242.757901478522 4882091.749081808 4367.79126731822 
6505.29235470451 789681.4823874984 363.0354539083235 
5228.241022561576 19169063.416869618 12385.972893179054 
5361.040783062778 3842969.127950811 1193.3783293395613 
5263.542110585674 4483715.158567686 3424.688373810299 
5235.020250627453 11310593.80960623 6196.92012971198 
5230.113243715261 13188870.4612127 7571.337649661743 
5228.994002029799 16415194.167834083 9229.533691988372 
5245.193938314214 4979058.602634018 4215.909094660743 
5766.364447331452 816258.6977531663 570.1625716944363 
5228.922707978001 15840400.732155278 9316.809278227423 
5232.992368096743 11156812.407450264 6633.617317460302 
5231.142906031728 12298815.971822513 7253.220085118668 
5255.88840654084 5276592.229066621 3216.730497480273 
5597.799390689086 2474667.4614221267 702.6477472982411 
5291.7977177154025 3708179.3944691285 2341.9424666211494 
5248.897702433606 4488650.250858258 3951.970861944972 
5241.320685359221 5756442.550462142 5909.460595187737 
5228.837212076876 18235819.729505084 9471.401818063068 
5230.20795388164 12177373.314119514 8370.190406136255 
5237.802579682783 6924411.665300523 7009.382326435746 
5231.261125672091 11790812.336178806 6953.935555249126 
5316.910652702161 3373013.0760607207 2456.19056196539 
5970.720963402781 791456.5807401738 374.718818889244 
6051.512715153425 925709.2029057391 342.08968011428755 
5255.111432320359 8570960.626373017 3532.5533860126693 
5358.582451900952 3873817.7305526403 1210.9823185429752 
5228.73480142225 16062367.472174851 9617.007139354535 
5228.3271382936855 17107403.29632607 10635.16567756895 
5229.693477997317 14620104.94057999 8317.646554915616 
5230.455855193468 11979581.511819266 7789.440044942277 
6352.54642497288 824665.167726445 338.3815785582798 
5238.33535256729 10263133.397514502 5672.136376355942 
5922.86557142342 712162.4534120607 400.20641302984393 
5235.738676598313 10034891.771384832 5715.431000238862 
5238.983007052406 11526037.292004015 5345.655238638839 
5230.760779453274 11739398.350156035 7400.829064142349 
8127.811449191006 720160.2075140551 278.85156125898834 
5243.209092795309 4154902.881005175 4602.658285860282 
5629.782295785504 820914.1316290034 569.9943977627374 
5243.209092795309 4154902.881005175 4602.658285860282 
5252.546937889044 3380782.045358995 3688.6860122317157 
5598.9741083838335 1552320.0109117678 858.1693227365347 
5229.198457296198 15401637.577781394 8890.687877080467 
5239.050705330854 10095049.762075607 5449.013406544643 
5876.284681624553 816274.3486302573 539.1075685940306 
5229.800807536578 14218511.66104172 8309.449163930778 
5231.206925107143 11651521.17933479 7092.265111540899 
5255.0185116426555 6687393.476738919 3650.2253404345365 
5609.143610669829 2732678.152074279 693.9263635724956 
5251.757040546812 3327620.253003785 3852.7780885066863 
5230.0583904718005 13598142.45879347 7740.404740366306 
5251.970650837508 5384135.582525778 3841.7339189773365 
