11355.365900401941 204784.41409386546 14.549837810214775 
5226.931929797116 133835440.05811599 125955.34138964988 
13052.62516061923 185360.68704757036 26.07996960099238 
5226.980117257868 188935863.4882619 37987.29185816721 
5226.932344555658 76044968.98290044 94786.16838200158 
5226.932014783285 136117765.38608706 120234.57673467413 
5226.975124159381 169664519.8935287 41082.94218134497 
5226.9389185429645 39732245.61135318 82351.51712001217 
5226.975542292623 171265134.75622585 39688.10784056922 
5226.936038081745 40709433.13491594 71887.50710846578 
5226.932789603753 51068933.477208875 80993.64146634028 
11897.116985846551 191353.60310066253 27.928611550566877 
12736.890186106275 198453.20727580233 17.455165662299287 
12325.50299247836 185742.29564256966 21.37958451955562 
5230.267611457692 11503889.302809944 9841.436639746831 
5226.960045230367 32395092.847975068 42751.579532611235 
5227.073597233336 18511147.181597847 24509.981409928638 
5226.956324771793 61155093.33076342 47258.087543355614 
5227.207453995636 13952782.930074042 21696.886244848956 
5227.616823594793 13717480.094252717 15042.844510470195 
5282.798754643834 4287640.11382089 3995.107361005712 
5226.988338566545 47203805.355012245 36364.81953537574 
5227.052903646162 23141627.43378359 32978.21666075794 
9846.15872959619 225824.61832703446 20.060786728690424 
5226.936370729549 56026664.29787717 62871.23392311554 
5261.104837354629 8348368.164736178 6993.2113922488115 
5226.936325161077 67707811.95354047 59061.72736482013 
5226.997839701702 26774153.396131437 31292.03029910113 
10245.174721242856 206222.71032945655 38.00896168415872 
8054.373060758076 248939.01524041817 31.29695419541308 
11124.732363445677 213058.83096184308 19.603053644594066 
5227.034677977847 24616550.15584302 55314.74722267806 
5226.955011179476 61474963.65205529 47905.870685496004 
8743.977612517589 223767.50100225792 33.27078465268175 
5226.9401215250855 43202024.401474014 49831.091343949614 
5226.93987767438 45943257.122314 83215.7467174263 
6134.230933603611 433991.687128918 241.9857711380143 
5293.041099134082 6614599.109584116 2205.026459053959 
10501.961437665237 198801.75800278893 30.768968519163245 
5226.975479464058 66605472.73406109 39710.036873171724 
8609.696825444134 228215.23091375813 32.94430329274042 
5226.939948929033 44718251.39345156 52555.12207614505 
5227.616299931716 13839607.973907474 15037.488445639032 
9593.511114631663 214097.12352712222 26.676115811427792 
6355.881551814719 415684.01346065785 223.87810343154004 
5226.935768277667 73652293.60834429 66488.97927428083 
8232.14591486506 238024.21110658653 44.40092929782435 
5226.932787745938 69436050.63182308 81755.42494474321 
5226.998969229122 24716722.15483001 29385.26784554199 
5999.319723499097 1176790.4872991403 294.0331455586116 
6461.098503417271 487701.94049716403 163.26799911391473 
9329.85745485839 221497.75655178426 23.143376609021942 
5227.135775230272 17015605.93603961 22506.737372436946 
5227.058256561797 19843880.797098644 29530.489522814958 
7831.688802701676 244672.25829737756 35.7259313104153 
5844.470215539801 708389.3042416793 328.29215817386574 
5332.608466697144 2724703.081829622 1443.0876007744487 
5226.936311029663 55135041.07849848 67184.98210122187 
7375.157259379596 273873.37269319803 42.94715302009183 
5226.945756682437 34474369.47804195 70599.4847004392 
5226.959795094716 38065309.308215156 51163.95861472602 
8994.118252250573 217748.44902505464 40.49476070327765 
7093.810274776761 288347.31830350315 49.10324071739963 
6840.071890786973 335614.7803481876 90.96988405678496 
5609.5528829085215 968684.0715780081 559.9787553722074 
7596.909946616513 254060.19180979187 48.38001083818799 
5237.139780289088 15195929.545954112 8851.318873593893 
9461.808789508097 215665.1130704454 24.95233405002331 
10866.674668065793 194663.17798787967 21.160617351456164 
6956.747039211361 294686.55670634494 59.66301380539208 
10265.978698412284 201868.9371644913 28.907537152514173 
5715.633896589759 1029842.2615959665 459.7420143416292 
9145.995449673792 215619.53857893083 36.58788425437864 
9795.541772813838 210260.6438230173 27.965970416153947 
5226.935878513515 55764960.26918452 65437.436819617404 
5406.676704034626 1653626.8272699094 923.3350378236003 
10645.630077087426 197155.2728971131 28.57846977558449 
12105.094245832686 186822.5299187514 28.98094222474533 
6665.061695980297 613266.3963347664 163.17642074811707 
5466.048434464049 1123468.3322914692 660.4669192649156 
11259.029351904976 204186.13745555794 20.022771446022926 
8399.631101163373 232863.176541758 35.4949026771703 
10863.003754187946 194789.4071664471 21.262633954136014 
5226.939838484836 48535399.77315102 53933.10283336917 
5253.065901799762 7922358.770007382 7909.760917596441 
7236.650184806713 286817.9816744092 51.936152751998925 
12082.880262892384 187027.99395215386 28.90224120375561 
7742.746691562077 245950.32195406192 34.36093840998412 
5226.998107531303 26443275.50762005 32310.701382200692 
6688.387795855956 478435.7480199483 194.57641296191707 
5226.9801269095815 24969790.796180915 42524.58449560872 
5226.936380467029 52893351.598713934 66238.74124448784 
5226.937073437746 48071830.1468349 62149.40496942589 
8386.297197598931 235243.5049760748 42.411484199826084 
5226.936577276641 54244440.47724189 60777.19019037821 
5226.936584564564 53718982.729136534 60189.71618824008 
7647.249977097528 248977.57565691392 42.66865051827266 
10617.115047107363 200049.83913332075 20.605708047322974 
5226.936841685935 49138597.28174524 60592.725014708936 
7302.336016095116 277881.4385130735 45.578171891194536 
