9224.216898006312 240771.85854488285 26.961301173239093 
5226.948365997828 758070595.1210417 91561.39877184689 
5226.946716015242 534144756.05259913 110656.6821233785 
8689.478482580893 226398.90111953116 34.955525880147775 
9231.882456442016 239315.50698325055 27.96249270255833 
5226.947313748889 201418772.31300795 130285.63178549729 
5226.952310826511 371328060.09259665 63332.76262643939 
5226.947305333774 240454271.87615728 99256.22001385251 
5226.9478948586175 232694188.30497703 119758.06672858611 
5226.952209030837 333756377.5531723 65968.69436924254 
5226.952002374306 104240150.5123996 75795.80074678634 
5226.948213972809 125987748.50133163 102122.8614120167 
6402.3004115373 401517.6518710016 197.4506654587521 
8213.311656845752 248081.41497672134 38.86327624760129 
7939.922765263121 249265.76777677346 46.988454081957194 
5227.639792566703 14345027.656560952 12717.43776446948 
5227.016888687434 142233811.69796285 31025.47410628922 
5226.952097287299 79598317.56600364 72120.7589121172 
5226.971122786949 177183402.71522257 41748.49410350473 
7277.73591519983 291021.3788711298 53.61125658537201 
5226.993963684157 156912918.48504606 33996.25736254558 
5228.958281359411 7439029.307168217 8152.857801746252 
5227.186409194133 23257019.432747748 22716.412952505565 
6208.6764120577045 571112.7816509381 221.51260648403155 
5226.955052525562 65359359.75163654 53968.23002940874 
5227.076883330494 35676657.618215956 26361.9620056483 
5227.244013005849 19220405.924629323 16458.968421323563 
6715.44922164722 343479.16699643305 101.68509736183736 
6042.463734747276 931927.8872209445 247.5789308903409 
5884.155356934561 540562.6691105923 331.53577856496634 
5226.952323546319 104272735.06800401 64789.119793398866 
5226.963337500543 56128582.030980095 49518.42537324598 
5226.952904081814 88329729.9864768 60388.4796087045 
5226.988250095318 159502386.95020035 36367.533206950924 
5252.234069123407 6392841.255172109 5927.019318855812 
6588.399231203442 396768.45660665823 167.6858992367478 
5226.95355606847 96692295.53467378 57949.32804841673 
7782.560234906995 249506.82594401855 45.53258480953008 
7622.2603845548665 267634.289652106 48.39143845250523 
7431.08211458451 286607.29439713585 55.52821483841915 
5535.141133442617 2425883.543800757 676.3761463059199 
5227.065109816951 26776320.957624733 27160.705369974992 
7929.610544431845 247824.9456910135 48.62430193531078 
5340.625897884416 4807583.870959569 2105.460198517943 
8818.063236315196 231705.22088221196 33.084341304597395 
7182.677604792203 286009.531518567 57.582060571556106 
5455.027558544996 1163257.8823932332 682.8587219244571 
7689.14589853991 252223.00073411295 47.27145343214797 
5772.6270462017 832663.2708248899 420.78840484423006 
6536.625375368327 524410.1477525379 130.55035058039536 
6930.14491192864 299875.93725913216 64.76117904496707 
5226.952701449159 86471247.17474334 69359.36605511644 
5305.658772564765 9722078.890636899 5302.38713218281 
5325.362254994519 3557264.1619575606 4809.499993953045 
5602.013491653903 821601.5449701799 532.372202050782 
8933.430215112292 230756.10179041175 32.47038892594037 
5227.009462878587 27697519.233341042 31113.090924354743 
7008.996453327875 289472.3564866252 56.1954098421829 
8509.297924078199 234445.5409117814 40.635590362785756 
8736.360302096758 234786.08895888267 31.763755675384765 
5227.24666664954 16911105.220645204 19968.109549956655 
6866.590793437816 307674.4267713328 60.29107511201747 
5226.952375811649 102239031.1052207 62561.66656323291 
5226.964913863569 60223867.27783323 44692.92961617266 
5227.004295232399 57007843.26059105 41007.885939019194 
8605.178362814739 228658.40379694419 46.29933058760452 
5227.274970788631 15241124.634328783 19006.316799824563 
5226.974399325813 53713214.460223004 55317.10700701399 
8887.588543860706 231838.45759217997 30.8009493075077 
5226.984177411861 58125668.05109119 43007.329956622954 
5846.22891338559 628430.1740498854 438.35594396119126 
5398.712012904667 1765009.4164108376 1966.6843962431508 
7060.579830656837 285867.5370956564 59.93955663990007 
5226.976458058089 176084416.0684114 38928.836925011245 
8253.42349279003 245261.14486762794 40.56609552082011 
5226.952182777807 103639020.33583573 67597.73044914192 
5704.705048642112 708263.2286528181 456.51185343548536 
5666.1851501633955 1312413.701857123 499.3225029005177 
6088.101308929406 772753.050602315 314.56890977549466 
5380.727471567751 1948716.7603640882 950.2739787159874 
7431.88561869962 284563.734955881 52.79934001174472 
5226.957108048794 85271545.49215883 48084.5482792845 
8417.235590166481 235991.30748113955 43.75284829552202 
7528.405298683807 277117.8036382689 50.87493117250549 
5226.963303866702 70769496.00759631 44851.50725801485 
7767.7946372415845 258081.53354595552 40.53987579855111 
8475.044988035506 239355.39217361898 34.44763530348068 
8322.616994780847 244766.19052121902 35.58814989617716 
7528.301749602499 253791.3568779889 56.02299799820139 
5226.9649983999225 59393865.750122674 45454.390921744365 
9224.076764934514 241213.06847911162 26.986139912079963 
6796.5129962810115 312062.9689531452 73.92207083969541 
5226.9571021073625 87352576.98548183 47390.16702895848 
8625.255969341055 241095.60808323833 31.40085481560574 
5226.957160629951 59482456.52070067 57226.20397486365 
5226.981046352797 52083755.260646425 38962.737561905495 
6145.763825079657 914205.2794983083 241.46740515239068 
8378.979516060544 236051.75315913686 47.58276946908875 
5226.9912254488845 56371202.210678786 36800.55027395647 
7120.086017205456 287782.48873696855 56.61319325464618 
