8761.689071094737 732505.8885729443 259.5302478165339 
8347.923103776555 710411.0950101865 401.0833214601395 
5228.348875401762 24734278.582128856 12117.737915304751 
8783.1276378249 711618.8048731878 265.7357910626404 
7650.570528712271 1138595.3676622356 331.8589012805269 
6615.944967367069 828886.352468226 405.0746153160371 
5332.55703952812 10232746.778943354 1970.7184115156751 
6211.686942541324 849554.1679060193 498.1891214765544 
5228.620833562333 20523798.73989903 11176.826926792224 
5243.137154411721 4902519.440463579 4384.097165653848 
5274.604227448218 7764659.176672111 3162.5622536280844 
5228.454494394158 22882731.761810258 11196.26193233193 
6367.951037974452 952303.5514389666 378.0671778009368 
5228.638154304517 17672211.770580705 10848.980205958236 
5242.91842782061 6734646.515881589 5625.437060519315 
5228.431108520045 21975470.070728682 11496.31819702588 
8494.723334939283 724024.836834532 286.4660741838766 
5876.291202801184 816173.3959013452 539.0227211337849 
7849.419264211532 864462.2066236625 321.7177884088503 
8108.341983792417 824261.2475794854 291.5335966590862 
5228.828542490502 19153453.88347309 9939.293766628145 
6597.383434836714 949021.2296835406 349.0903549168023 
8737.973495572416 723351.5260088744 261.68796241884866 
5230.0452141746455 18663354.569129363 8193.422510026687 
5228.655492076661 18859940.033169065 10536.66269260233 
5644.344951826417 1216326.3125157268 763.7052597373137 
5228.350674791777 22504170.97631436 11634.119284824386 
5721.503102796421 845403.7415498567 517.7510374899526 
5228.921680687066 16724322.263140434 9389.872634702786 
5230.845632881479 14603251.682203045 7268.710335741988 
5876.289149175905 816681.0044024879 539.1261227335381 
5229.420833214071 15787001.743585486 8725.583022861078 
5238.920931402519 6705859.193006953 6540.777387307481 
5247.420630050036 4467511.1702644015 4020.8704378169305 
5230.977067981722 13625232.242824785 7021.54195740488 
5228.719896606801 16265129.413393222 10227.458482199181 
5316.910652702161 3373013.0760607207 2456.19056196539 
5544.9487060890215 1955178.6819808823 1295.4798175969042 
5230.191560011882 13288834.423794525 8021.700838541187 
7979.9784481569095 848856.8902072536 380.73746988130716 
5228.711039927077 17117838.670672677 9996.557003314045 
5229.706159452297 13879280.353962002 8653.085077423399 
5446.340884674708 2407288.6345026796 2061.215029699042 
5578.832638174909 1928212.8021976808 2026.8615003448763 
5285.422758566273 6867734.793557974 2791.6745967939632 
8381.655596871817 719306.9284696918 308.2260194028193 
5237.916657331866 10937186.720634963 5818.435202596248 
5344.998566805169 6982968.928686852 1454.1368832359021 
5599.282220319338 2575760.6779201287 953.829918026974 
5262.573511143049 7062387.340693846 3500.162610930626 
5229.228899520942 16797222.842660725 8949.023520683219 
8017.662861086306 1418924.3793728205 321.4965232765309 
5230.437486495 13550939.00244613 7784.72267031491 
5524.561276961316 2953992.636686238 853.2972928417071 
5361.224935427263 6255621.356643949 1710.6594521228922 
5229.129196324783 15944096.95344828 9127.75154623007 
5255.980800068304 5351997.149915047 3827.9280597621596 
5236.450327742662 11572193.363477055 5992.912342057834 
5246.325950254378 4330957.302326886 4293.157421760339 
5229.437934832795 15864542.821645925 8526.140122718485 
5289.419631264576 5926265.854968865 2432.8191041184555 
5229.04405748112 16229751.396508995 9688.848172697852 
5230.91449391412 12495273.048016394 7158.8451681863535 
5258.739200631199 4887107.803956792 3796.4386803337975 
5230.76471783102 14215282.153726175 7374.684004803141 
5229.970813813107 12967093.071410319 8301.16653806083 
5306.082032148216 3633230.854130997 2959.1592340561365 
5240.940816269778 7634333.621915055 6198.325719388977 
5255.09834125627 5586771.761871325 3568.320617242257 
5377.761593970782 2744163.1088671735 1366.0323378464002 
5228.360661027031 22248643.79748821 11595.915353810942 
5502.311236791326 3056494.5122832884 1048.4713038966763 
5232.506699860725 12127106.349578883 7047.076922699572 
5294.10933739927 3572628.7298711264 3614.9593286275363 
5237.003151278231 11221731.680555893 5836.783886822636 
5475.805980620594 3105961.6006943025 1108.3367617974168 
8017.91819918033 772304.6876622484 394.02602849805237 
5361.003578092559 6264941.718053736 1716.654092079771 
5289.902284178685 4143338.3795544696 2832.1796247123157 
5335.300755651415 3226189.7572671985 2148.1812717005478 
5228.797426017942 16966010.786726154 10173.818296199941 
5277.169158190516 4175503.9735236033 3285.5046355434783 
5230.855701254442 12909833.936275689 7373.669429722299 
5230.560586943547 13137521.277370667 7549.954660866802 
5230.874589011424 12362387.922756854 7483.452672515945 
5329.023929836169 2675429.745006042 2247.935748295988 
5340.120188285015 2483883.6472743736 1844.6674417950169 
5230.539916136911 13215897.78075705 7769.218282806193 
5241.563706279879 6600813.216923618 6388.556261208223 
5278.675797819031 4372082.447736025 3134.5855520266405 
5242.196272689953 6587326.556389209 6437.340836216759 
5238.24223026986 11343503.670786921 5671.006523837577 
5238.0962573842135 11888789.90663111 5745.973552880117 
5228.890277185056 16795389.597220056 9744.208650192859 
5395.5378657954025 3816852.272470925 1158.4725857329563 
5241.260482101545 7311978.955807753 6145.264790304801 
5291.7977177154025 3708179.3944691285 2341.9424666211494 
5250.433626443305 3797847.141902741 3926.3897293780483 
5402.386186186379 2498614.6890026433 1180.8372023588563 
5229.227439037251 17024632.274136428 9066.339712344989 
