8010.0035239696645 619923843609.0203 320551.0399161937 
8973.791882395144 4709.330181179848 0 
8010.048661480321 1712448916.1490211 17325.553608307222 
8010.008562203653 39245595.942768976 38506.8145462345 
8821.524668275215 4950.028374681469 0 
8710.288240965869 4991.332172201139 0 
8921.633418614028 4838.037599552343 0 
8845.460604504033 4901.887763753897 0 
8926.73686813848 4802.146473189085 0 
8010.012808395379 27713195.66859188 27535.632896103845 
8110.564846366346 28752.32214196368 40.10918095465947 
8397.727265474901 6912.969931950876 0 
8130.340507258097 24369.841462419205 14.93869781079637 
8584.858401763504 5363.930028261413 0 
8556.017258866797 5496.986291453093 0 
8541.04132184556 5533.23830434532 0 
8332.712055822612 7798.41536252586 0 
8415.542827572808 6779.88822136558 0 
8229.912653896683 10955.452237017791 0 
8286.236053550369 9157.78558488068 0 
8021.998796685983 1164255.552365648 1337.846508204738 
8835.951660471295 4930.012042118582 0 
8265.321482342362 9640.043260104976 0 
8081.760008164365 48115.899539950864 67.62667694743035 
8532.470876656518 5571.8531114104535 0 
8439.931384152418 6689.802149950263 0 
8614.379944137332 5353.822060939996 0 
8200.638766486647 13003.855544699543 0 
8650.891354536256 5195.515776428354 0 
8092.814204252836 34762.83697170495 49.98216072378327 
8427.847686822788 6707.0660863358635 0 
8521.055960105168 5667.822599631761 0 
8701.7150553099 5023.560807740035 0 
8344.10999938202 7673.071906309451 0 
8386.313186425043 7127.61407552576 0 
8315.302028701279 8144.328321224573 0 
8010.023483364468 21089572.743798718 21535.724945777696 
8469.196759147711 6200.937239994721 0 
8010.00868313775 32795247.93204179 25126.159472972748 
8031.605111270054 163406.45291589206 344.1886096997192 
8101.20557990553 34077.76547313137 50.01394574583921 
8320.727596886829 8005.98304474621 0 
8363.371002738106 7294.46423140389 0 
8012.035837029642 4384590.065938517 2753.394498186135 
8492.377733518493 6009.486320162629 0 
8053.128147391584 76348.30453246471 142.45572771982742 
8601.195326435853 5360.910682095546 0 
8010.424204305691 8327302.372076623 5632.780180818843 
8641.588233418282 5228.704493070131 0 
8215.972716218317 11897.511623898077 0 
8691.141222277107 5061.715020781895 0 
8010.105183851149 22744847.878859475 10411.575453341231 
8675.375240061116 5097.92249088473 0 
8151.32906140243 21406.888940688063 10.735804126558461 
8379.05424802007 7181.140035336036 0 
8370.617959173438 7237.500460656825 0 
8064.40118689227 112340.16809998843 128.78874061372753 
8161.042683650129 16714.66108819606 0 
8178.087141171882 14351.409661312047 0 
8499.291713653496 5789.653852693246 0 
8137.788661695416 22914.95762567207 14.939649615631712 
8238.500925576862 10696.343566559734 0 
8010.159592385549 14203445.361868933 7607.178890287308 
8189.012685183641 14269.141353208244 0 
8662.271261027374 5176.727477860692 0 
8010.082455678577 30359243.67695441 12858.942707422422 
8507.522433741631 5737.760716619127 0 
8621.16153847168 5295.221919544917 0 
8564.948164037804 5453.30798338428 0 
8145.33102359038 21952.856346199293 10.207479720778059 
8513.323527925535 5673.0243147342435 0 
8628.316703089611 5245.666976815962 0 
8010.056637294705 36326110.766619794 15061.447656670338 
8302.086493644583 8487.372338565732 0 
8480.270012521989 6168.6940469308 0 
8072.760535776785 55801.11784125455 74.92704284397917 
8244.659123529735 10526.633252517615 0 
8634.633965605155 5230.879686562319 0 
8601.353219112918 5358.21104645425 0 
8010.045141613604 58482123.18289011 19028.74780411455 
8685.550020405659 5063.834631991338 0 
8212.476723692791 12563.330549807108 0 
8014.74725911118 1314085.4363134112 1024.3990842471674 
8458.292301407437 6609.396320223694 0 
8251.774619494261 10414.339361412018 0 
8420.525745993142 6756.494697614308 0 
8482.550952107478 6107.7579037226615 0 
8037.818244150145 147849.57930484306 328.030938754109 
8192.749034105436 13365.032328188276 0 
8661.234950168364 5194.108629799624 0 
8296.508901252497 9056.280260561998 0 
8462.087670390198 6267.215819355819 0 
8449.388882818797 6650.52932580493 0 
8287.755728330181 9133.428041931105 0 
8678.087712302582 5077.016820090288 0 
8353.301577876508 7472.71652705352 0 
8569.681576056144 5424.4844820792005 0 
8575.598563324069 5404.432962345907 0 
8447.741767298474 6689.334339385569 0 
8843.487257704288 4926.61324343225 0 
