8791.059025623825 5168.056281493885 0 
8010.035562712561 217339518.50340116 39243.402358783984 
8010.063547881117 627284486.1647011 18497.538263115483 
8010.075774718014 272410395.5953317 14439.025862682594 
8010.037398290376 155593859.55519858 36549.43033136611 
8010.039158954958 111687852.17805415 25575.539394896816 
8010.052934318348 150143377.55748373 24848.97524959242 
8010.053941939922 69707816.51680708 19201.247574053938 
8641.75960954139 5228.199420496714 0 
8722.586205890118 5223.880701683876 0 
8722.722496303964 5221.625701956416 0 
8010.072609358944 95129172.87269765 15657.491257317984 
8010.038399409101 147911307.42603636 36688.217848921304 
8010.038283555394 149522093.8046702 36905.74082540535 
8222.753154572045 11408.82026044434 0 
8010.069571024891 52740050.56114372 16170.059031348255 
8597.507857216753 5373.3457377041905 0 
8010.05944095599 72972928.85805902 18547.76329759502 
8299.645841126898 8571.65681018636 0 
8510.129996344589 5734.154347607555 0 
8351.921726385332 7689.27176713504 0 
8069.234553866521 70552.49032332022 96.70264718827829 
8050.704471151335 80507.57433240724 151.6146031123069 
8611.94446101819 5323.608496193314 0 
8193.64550113744 14085.15054716889 0 
8013.13185632209 3332811.315328443 1946.6586674681348 
8010.079362819311 36431247.97265683 13340.409857807914 
8010.125026436519 19874195.290491298 9356.878083614201 
8011.23761979172 2983601.288962132 2813.4958822854933 
8010.068834120665 67494098.28080596 17418.69680447279 
8010.32867356622 9857458.723072745 4775.21055618573 
8010.3208224145055 9546172.523009185 5815.885710469262 
8263.41131815846 9876.303276001756 0 
8315.339870324682 8144.771003974899 0 
8569.606633683583 5424.741227454496 0 
8392.955031336902 7054.27977967171 0 
8156.599092676524 17916.36759077106 4.5005862152067 
8010.369559003305 6411278.50909508 4265.9207893963185 
8632.203262745883 5275.69851122379 0 
8010.073249973342 43975440.824397966 14851.431769801222 
8037.156918752222 133052.6852501441 264.50191978744743 
8014.768463953584 1312871.235973927 1025.1769702067766 
8022.189469162871 1163214.3334142508 1347.2603185465719 
8121.65121205134 29279.307725800336 43.35027154848567 
8419.93189377991 6820.662984685288 0 
8486.61830339539 5892.031540841562 0 
8137.616468926157 24639.817168712016 27.873114097407104 
8376.786687271133 7451.141224680305 0 
8444.056445766026 6734.687900845335 0 
8010.185930889167 25400221.20304272 7177.827697526212 
8242.829675740923 10582.980147536226 0 
8276.828127089017 9085.893502694642 0 
8010.105057751047 57887312.33393269 10255.104034889324 
8453.171136419094 6231.749951415843 0 
8427.36013925463 6770.462609855632 0 
8524.477260350493 5662.2833695229665 0 
8534.126544210012 5595.534497259359 0 
8331.200338023897 7884.721891111129 0 
8010.0876085447035 28890754.563618775 11852.175999794948 
8010.0850523489025 33678197.40258478 12551.629427249794 
8010.105132685479 21724158.717679396 10163.070358228924 
8010.503667633184 4680698.045447169 3586.424139868138 
8566.419893858783 5496.708733796171 0 
8188.51557015427 14298.726770874235 0 
8339.300580237781 7814.404639186598 0 
8172.8722172950165 15115.435472977766 0 
8084.775251285815 48392.660230592825 67.8244589105235 
8237.772626515885 10795.72864566344 0 
8010.0964584497 46529077.25828283 11055.952122274353 
8104.281180875751 29327.647893822777 40.198875518192516 
8025.552721258332 204867.40994048992 332.4532131762865 
8010.144101901729 18952989.07160336 8600.81843237533 
8010.159356104744 16016435.920896526 7798.900940469391 
8010.19395849695 14686054.128925899 6832.572940165836 
8010.198376163195 11756775.840157103 6505.246587727961 
8022.398389033042 332366.92835913424 491.242690639101 
8010.073249393634 47575310.78241154 15458.404111685104 
8548.555016912762 5542.2225863197855 0 
8468.522771856107 6108.612206057221 0 
8010.8730763474305 3740977.0651461645 3340.716631819389 
8010.134056923794 18519418.8653211 8671.769217207984 
8010.065774205977 65164955.92299873 17826.92032657783 
8010.077016788898 39508070.31916919 13893.647645552326 
8010.085750955053 32611737.630653907 12449.766856320557 
8010.0717863389655 49033897.592949234 15764.944561383469 
8131.378134279247 28704.49589987233 43.557652464906184 
8167.865900132071 15335.31459580264 0 
8010.29373974805 10504686.762404483 6160.430325714775 
8010.091021598975 31160122.924973622 11530.848323124872 
8010.1633889308905 16812118.30209496 7782.5142214358 
8483.468575789819 5980.476887900608 0 
8388.865770777675 7069.999121849012 0 
8010.057888991216 69853217.70304078 19041.295059184034 
8471.144818356406 5996.168660729262 0 
8010.077025444802 39144399.9325613 13884.082791674802 
8548.441050022342 5544.564130462913 0 
8274.417983080759 9169.209512467969 0 
8095.110672742087 31584.088780301343 42.14773920925309 
8010.0677228621935 64510612.10078276 17690.530775700143 
8010.099426762587 23371637.395181935 10744.753435485509 
