8466.245113128367 7041.218726296441 0 
8010.517754585355 6401517.669706767 3492.0250947261025 
8010.53332076517 6743563.126415609 3410.2808576327097 
8445.675651764732 7486.351946887468 0 
8294.549488399756 10239.377232325533 0 
8010.536781465172 5093778.802857883 3330.2061646580237 
8012.708766924692 6337970.439226938 1751.5542428141778 
8277.548897265886 10987.931898389765 0 
8031.817338301971 502025.58201644744 736.6318195917281 
8033.3274427993 216143.59580839076 364.0170851580187 
8216.447312559832 14104.169108592525 0 
8030.909505642985 9606908.671446973 937.9408649238549 
8142.863134596146 32532.240620745517 38.98779878417347 
8108.894394378361 35191.97699285079 38.417868313855266 
8030.9419790408065 573210.0230464181 805.148681864966 
8029.753813918589 1239834.6754179858 1518.087861392067 
8188.797373962362 28219.03281014122 25.983890798453693 
8027.759872819182 1665276.8624266586 1130.405048998128 
8013.385839557295 1906539.6129248682 1346.560032788249 
8030.677498031222 1641451.5548458258 1132.6789230404859 
8171.05510673176 28513.8007870996 32.69281312406999 
8010.616138815254 4278429.7985857725 3002.387508276433 
8011.89791716416 2716843.1855373033 2062.6322968242957 
8010.6039446645955 3975416.6925264746 3105.2448944534176 
8010.549165311584 5020673.080207616 3263.4897202462157 
8011.991400139391 2608987.361381316 1904.8091536122606 
8064.266352297698 60604.840903430304 117.09090495295385 
8057.377758735462 170643.61849378183 158.5359815308804 
8204.659201310147 24929.801251284312 29.523261895432974 
8019.792947088257 1688807.242306164 1176.0283407682678 
8010.604891593601 4703384.125056388 3055.35256943996 
8010.631818000392 3774882.735934847 2930.42951120852 
8010.631725335692 4476905.910216916 2959.5038292301097 
8076.551697820618 58862.88732495528 106.65206248180056 
8010.578486430435 4193333.958414018 3163.4983331123867 
8013.364616049037 2049774.9219613746 1432.619443401442 
8010.6716598171215 3522243.5042112116 2795.1719966000046 
8013.085493638161 3042047.015137836 1708.744929959849 
8010.8564210297955 2776479.140697136 2358.762226804545 
8011.006005403077 2426990.283123576 2117.3241208758136 
8010.661382202691 3576065.4571232335 2838.5574967409307 
8029.761272880956 1184290.8538892518 1469.526404470599 
8171.100318059236 28512.825736615807 32.692853160569115 
8010.97345909087 2488821.4700509035 2180.129414240593 
8012.060652082516 2219203.15611539 1818.3214880017624 
8045.927872190811 85902.95390489575 189.8642630811157 
8013.260808700493 2192831.4288456733 1613.120930473916 
8010.771256484302 3102189.551452207 2545.8721212494124 
8014.225479636535 2379737.856055579 1306.9393418550876 
8010.602208640035 4612384.139080571 3077.3348922017985 
8088.910053957936 87576.48219996963 87.15337756660745 
8010.714920402934 3377881.0039690686 2653.4435352797095 
8010.81722811899 2872887.2862841696 2447.4229103018542 
8029.770575991928 1093117.6739461992 1393.2494387079807 
8038.15553472607 132245.5144601744 227.26338017341467 
8209.419096882688 18286.31788849314 7.947382835331634 
8092.227340468052 54172.07720233438 65.10456963946538 
8010.63960949732 3715251.425101546 2872.7412414856453 
8081.218656403984 50574.13374262056 91.43431913379221 
8010.583470339047 4781583.59465386 3131.9984340117335 
8011.949115103716 2611893.7777966657 1978.3183124380062 
8015.669525393021 1756231.0110631115 1226.0653889376765 
8010.835339856101 2952077.427248457 2392.7883497987455 
8031.774702516435 550454.3658432777 774.2815753514741 
8099.358419629345 44094.23028652574 50.00165979405587 
8011.957659013744 2502875.9038733053 1977.420137196208 
8057.960821043274 68359.29491700404 132.73578983100143 
8014.240142458362 2229016.710598364 1280.1697449496662 
8043.051674685856 118517.60167682472 301.33750152929645 
8013.279258325403 2175868.7842009435 1594.2535074099605 
8010.706662554715 3309329.72193079 2739.7740931959556 
8010.574027881137 4837317.543429615 3222.240985071985 
8010.58201314215 4878792.553436145 3153.30232040494 
8010.90416980876 2681304.3620978678 2307.949000269632 
8010.559016286133 4963012.443049205 3216.285253527019 
8011.940568351105 2670092.465496106 2100.9550898833318 
8029.794076431989 1011204.9149014303 1407.523188652894 
8010.688137073886 3461837.3225637646 2728.6545587532923 
8010.589181705936 4034661.6503233383 3088.5430939715493 
8102.794290588507 36373.44908296157 42.59738756751581 
8010.636880119635 3741361.403416098 2918.927008489895 
8010.630620776612 4523264.1688899025 2990.2538379947873 
8025.67624641837 1676423.9583374055 1252.4167349477905 
8010.683817103045 3647442.2429056205 2724.9363675018485 
8034.648558500288 152258.4874163193 256.14518370052906 
8010.769337045963 3162130.632478821 2581.246044632677 
8010.842499524576 2839923.872512824 2389.4895661937244 
8029.801345039239 958065.6480347412 1287.7281185545312 
8016.1836123386765 1703119.5040243284 1249.214295239399 
8010.928342638165 3255260.9364425163 2253.515181969403 
8010.800567626395 3025150.543716491 2475.30875250782 
8010.945032823995 2500704.5522512086 2220.457713448644 
8029.753813918589 1239834.6754179858 1518.087861392067 
8010.7678801427055 3166687.1894473834 2620.935013527901 
8015.679337307134 1734272.5221914873 1223.4170606606815 
8010.769282353156 3664378.392746458 2597.0439651704214 
8010.807271244561 2917963.0372677604 2486.625451517894 
8029.764253286209 1130464.919637939 1413.2967311190948 
8027.263666732246 1645861.2319995833 1140.8480169716056 
8045.366304317982 122979.92649949179 291.78944248473977 
