8010.278958780511 10735379.58433792 5383.24636300747 
8498.521295427641 5875.5622301850635 0 
8010.288588646739 11228297.983432315 5215.0509999061505 
8010.504557282696 9286605.321492104 3344.758375506822 
8011.689215177639 2336678.889965705 1954.6111652424365 
8010.290421807326 10290794.448129965 5164.3106217723025 
8023.487835181864 615092.8608107707 767.0956012946793 
8021.583972995898 1404608.841831848 1405.460365405433 
8022.350007958526 979279.3385809945 904.7812487296892 
8429.638823677898 6774.754292819761 0 
8459.168172311896 6151.520658667963 0 
8023.623748459362 310139.41916726204 460.3072906223797 
8475.537846882458 6045.026057520414 0 
8011.997441869073 1867033.2996078276 1636.0589655662122 
8291.155792583366 9188.139424605211 0 
8011.7997672346455 2121331.4976456757 1755.184641448173 
8010.353027785515 7260622.850780777 4303.263549589246 
8379.84490734457 7857.764548007322 0 
8189.502919373686 15339.27328025641 7.3601690522329255 
8010.602615523173 4397856.683651793 3467.9175001212107 
8359.92401480563 7944.0815242657945 0 
8010.34133816999 7005153.036219151 4441.134029472287 
8310.395619862518 8564.842086497587 0 
8395.160660773172 7426.307325626477 0 
8061.018246269723 68191.77383155178 135.7894342830691 
8011.561588146394 3229013.6196165862 2119.725565855729 
8010.321897099497 7634427.551807772 4660.436138880075 
8010.300945769044 8842526.762471266 4972.318715873849 
8142.762087834388 32477.318541857887 29.511549563008245 
8013.072357441666 1765433.4559867403 1339.0699159832286 
8015.610882742632 1422827.4445646503 1115.3941655031106 
8173.14348753661 17269.49743619629 7.145817092923553 
8122.191250533737 28263.824788106995 34.64468711110915 
8010.333269810973 7384046.934713893 4516.100112612841 
8025.467847042557 462671.2119647058 442.76721932906145 
8010.307027538653 8379758.902464069 4851.83077331435 
8010.3988873013 6433868.279230054 3984.896397489953 
8010.637715555518 3926284.921249834 3134.033893503884 
8271.675934770543 9832.724111536956 0 
8010.677267864169 3570872.3674977915 2829.676896917599 
8010.504736975619 4718429.845647408 3302.2081173262322 
8010.6430572536865 3805946.8796925764 3019.603523262626 
8247.250242820879 10495.868735684864 0 
8237.359050887786 11092.311851352822 0 
8011.559328276796 2672974.575209261 2327.828288343022 
8084.966347979487 53901.55955562259 78.80027789251614 
8010.419099054072 6016708.48540494 3838.0847504345957 
8072.771536041147 102096.18459242569 110.1105388930841 
8010.372292827498 6735746.520296241 4226.7031375640545 
8221.346659280192 11460.810979292044 0 
8021.595184019592 1072287.6004044998 1345.8963831030328 
8010.604329786419 4104005.8143346123 2972.5946085867454 
8046.217432864929 99916.73441955338 170.5588317135108 
8010.313509690457 7980346.9194787815 4771.914965807487 
8263.467242692646 10396.379136139823 0 
8010.397450729328 6578842.624875244 4119.544507485387 
8013.259264264124 1473675.7569959657 1200.7704990746554 
8031.086683449496 159356.74257027503 354.1382511139717 
8010.304385180581 8479056.177944997 4921.5016554473395 
8206.576052823024 14196.75128089477 5.679462022623036 
8010.66509283238 3648683.5344699947 2884.7572272525485 
8010.442466116461 5449189.802072174 3653.135011703455 
8014.526495358999 1500195.7943722764 1128.3550688333758 
8010.428380627696 5528253.244543548 3735.206577013236 
8010.29573159593 8726074.17634937 5038.604354957992 
8010.4251078081425 5804391.705601395 3771.5495472322973 
8036.548171766224 206540.5550126359 321.58958382230577 
8011.877628344258 2015772.7755106986 1701.5868262066276 
8010.388147926361 8135375.454107743 4165.473157703787 
8102.218646851348 30472.011325333333 34.64924642601715 
8100.928946258672 31228.82598591386 36.123978250283436 
8010.402158232243 6261787.201575698 3923.5153367848256 
8010.708605878061 3365717.740583984 2693.1385939893294 
8011.552463288532 2984794.479194902 2180.432288223255 
8010.313898033693 7767344.011824146 4758.397213388643 
8131.074224092106 27862.397521546183 35.61974032817148 
8010.467950402311 5272244.665394428 3525.568533001999 
8010.449522897208 5719668.212944391 3606.4191549412108 
8010.713018454349 3421100.925935415 2690.617005482726 
8023.1788560587775 587662.2407139522 839.085234352533 
8010.474550847659 5089368.351675091 3559.686394094849 
8010.537324306208 4868632.627265183 3246.497602470652 
8159.690163027751 26221.545153329353 23.33031123191817 
8010.480975723993 5164024.23693023 3438.2696250370736 
8010.328165364848 7732650.917456177 4583.505494394716 
8010.4110012218325 6151943.970959393 3888.1679040769745 
8413.026744573395 7276.330876489914 0 
8010.622719422467 4014004.867223473 3227.0406597838173 
8010.295608164726 10366266.850182775 5158.185783585998 
8336.657823599748 8167.275764984328 0 
8038.717977613278 182284.01902844952 255.6575700671088 
8010.302467848262 8676348.306893054 4992.425334640203 
8413.091972656712 7111.1026800560985 0 
8010.825467208671 2828848.393852695 2480.1221497503902 
8080.857357920215 76561.11799906292 81.18757924342655 
8345.201883057522 8016.320206004644 0 
8324.781415990179 8536.91648794974 0 
8011.542443903039 3062314.6796399453 2252.5072621663053 
8010.281063572593 10569146.359839585 5348.396014522493 
8010.388362849251 6913866.608619639 4137.808328328982 
