8950.568506249292 4568.668661558182 0 
8009.977085082167 70337883.48226446 43532.66533521121 
8010.057308080293 380614475.0852064 14765.636302990932 
8009.979704967363 76882889.2995518 38975.377565360584 
8852.691014385957 4680.562695136625 0 
8729.665665245866 4726.519935539232 0 
8009.9774734859775 55646069.80496059 39729.64369583433 
8913.943008089043 4583.959717919159 0 
8009.98751813241 44166617.61953934 28098.176899947124 
8252.99879532895 10975.226851198244 0 
8009.985023283678 47452806.47819444 29663.431679322683 
8199.544935408116 13225.143496145936 0 
8868.83829590412 4629.56505391127 0 
8074.424224240488 65818.49895855458 83.52752717230894 
8387.589525443964 6859.071371201623 0 
8672.847710747807 4871.2199142923555 0 
8457.692102577674 6176.777549888196 0 
8303.109212162015 9952.947284910764 0 
8640.17924055061 4997.398034872578 0 
8009.984477799281 49935779.53477998 30454.19591587199 
8268.44019039552 10711.865277878245 0 
8060.9869927384425 219958.4647560677 172.63179289851894 
8620.012912292976 5033.513445215386 0 
8009.981638053268 51100574.363812864 35930.28217764166 
8009.980783160194 54773425.54553799 37447.70802189445 
8009.98297140086 59764453.57935606 33357.21124912049 
8119.11400816486 57412.86211599803 80.52919649053293 
8009.998911765786 22242046.31015184 21193.028900865174 
8591.341131468742 5073.27809229421 0 
8018.19545052945 1533780.5511184735 1166.9615640045079 
8010.008574099293 17175955.425076917 18992.186943175737 
8010.061620462383 31158151.704506945 13880.996685435948 
8482.896967803437 5821.057501942788 0 
8009.997385551469 26261193.90184581 22278.531947067433 
8348.093921207263 7547.004863662385 0 
8009.981879778807 64914114.91021445 35041.05486449659 
8321.41905991028 9950.773009402259 0 
8010.124661207216 16095144.866288943 8512.881155389885 
8012.535897726538 2740124.6598595553 1653.9027273393124 
8010.089772578189 22389409.708199933 10874.086971602082 
8402.800779041578 6725.450512725389 0 
8010.02502067575 15021694.533076191 17703.802746370893 
8010.222965209872 13197488.793832501 7618.093921256152 
8032.244336410253 134389.3708101121 261.67895203175567 
8941.432066949716 4576.37367078948 0 
8010.25498079627 11777588.810790256 6984.496414189708 
8009.983575815779 57735182.710698 32601.222441258567 
8010.545110789878 7553041.13686869 5493.213288078117 
8706.338680381221 4739.023066468525 0 
8010.064096246913 28489742.926145617 13017.569958038956 
8011.956779030552 3777318.799748986 3019.351972539424 
8009.990276971038 33505530.202681694 24863.564938246484 
8028.069941783475 160203.50612023147 343.8698457576312 
8693.561475751965 4852.209037389095 0 
8009.988863897555 39562419.48138201 27085.396499442228 
8009.981676847223 66447562.64334045 35720.363196136044 
8429.677421705974 6528.350264454767 0 
8528.55029720423 5433.066717485152 0 
8011.401074636962 3806573.208703652 3073.8211610685557 
8010.123599041994 19250115.63543302 9306.167935294947 
8010.020493318213 15871022.327701448 18398.67315183198 
8009.988703816822 39847737.0345393 26701.280674911013 
8575.09112224467 5263.1796900080535 0 
8010.006344938633 19933110.259033445 20008.773575385894 
8159.651957932512 42407.0233221555 41.98100096901423 
8510.67626379979 5602.055814011568 0 
8009.989860195787 36013208.47909391 25665.114370041167 
8499.934475318158 5698.191231934251 0 
8143.168681078507 55213.395306988336 80.4197813898475 
8009.993463031851 30969449.91452634 24042.412198274298 
8010.00126123192 19790518.2657342 20308.582172959872 
8009.984017033414 54430550.002618894 31982.10999346182 
8425.610299331465 6559.336601878544 0 
8009.982297383505 62096511.95078769 34332.56596960783 
8009.980580498502 74069797.27717388 38112.01649845 
8009.984423900929 54482674.63377961 31639.05981484561 
8009.995963492928 25559897.58304032 22963.272056956263 
8010.043181550527 40958262.78642322 15929.694128087958 
8009.993573254286 28999709.148441214 23365.447866101134 
8009.989210776848 37028133.82744093 25856.456321859492 
8010.043030836387 37590590.31866376 15979.48517886921 
8010.046532421599 36177369.40219783 15258.362488137038 
8010.0791607008005 28291001.50003312 11628.91189859944 
8343.005780989872 9464.879729175631 0 
8120.64856939287 56890.6037607657 80.40642954671821 
8011.336340391997 6798965.598648245 4214.84254131749 
8010.072551455595 29655173.38218257 12316.04414234447 
8561.499284319354 5269.305236148699 0 
8009.980134964174 58305251.07559349 38156.682700486366 
8009.992805781769 32819583.36461265 24457.894085827444 
8010.260398230131 9397310.08286232 6318.263272446375 
8729.48369662817 4730.306063992917 0 
8009.979653448464 74899643.7366244 39430.442867191945 
8542.38446955935 5393.818616222318 0 
8010.737627941064 5613368.363547127 4689.100481472802 
8009.982297383505 62096511.95078769 34332.56596960783 
8191.715517597479 13480.850722182813 0 
8010.028977157155 13321155.687128076 16920.3309484963 
8010.028324218521 13375570.640739096 16940.018278408956 
8010.122411163006 20144303.320025954 9643.45189234913 
