8957.763951681136 4505.472048268766 0 
8009.976109599456 40599029.57631703 38343.414080544884 
8009.987045754971 1004527703.2815068 26759.603998658724 
8009.982139462735 249049270.02541023 29791.564760534387 
8009.987045754971 1004527703.2815068 26759.603998658724 
8794.541093905455 4561.498031667393 0 
8009.999760923112 166857309.92658186 20561.508362515444 
8893.096966934823 4555.94564357222 0 
8010.5027800075 7847641.910653857 5010.328369649093 
8010.004505997411 112421646.4213732 19105.832967258302 
8010.109944148131 15494177.8695051 7851.392001564187 
8009.977845015797 48123796.5637247 35428.27947154511 
8009.976372700097 38413333.678562894 37776.61711635625 
8501.131447291134 5647.682301564735 0 
8009.9870565901065 208903115.9920251 26840.824791416602 
8926.657275176152 4531.619044678857 0 
8009.979140664307 41759434.067185305 33507.73002112091 
8462.4857728621 6114.455849715697 0 
8010.063583896505 17712597.773638207 9236.390116431541 
8010.020691914414 229246831.32500213 14864.348066433784 
8010.496902079106 14401484.736741297 14318.097785253147 
8010.0271959546135 23155588.804695137 12281.733875332273 
8009.978566798271 46691694.01478278 34833.67120477164 
8329.64067584729 7786.899836404698 0 
8009.985859866083 87059994.01336107 29597.585343091785 
8009.985882881792 49556903.14784012 28548.021411825976 
8404.27608143397 6566.755398266905 0 
8690.54395568325 4777.03419793373 0 
8009.979906275488 36602109.3940977 31005.5181265325 
8728.540537542032 4657.401350366766 0 
8009.990507751469 30921169.54555834 24001.298197713637 
8561.31560885457 5325.935150431202 0 
8660.163517832163 4814.473069819282 0 
8010.017743319333 14755999.588761564 16873.092788039183 
8582.73274235845 5118.148488553137 0 
8010.014355798327 32147139.409321137 15761.593507007248 
8009.986393636526 78444707.55952463 27327.725646402232 
8256.02053737346 10103.739433773495 0 
8152.215851409783 20833.887740426188 12.267421418954985 
8010.055150064592 16625156.293343334 10447.44860661682 
8302.87237123205 8479.9943998591 0 
8009.992315344836 62514380.69982445 23038.01858140626 
8353.349290345817 7302.046559750073 0 
8009.979767886934 36216186.81619858 31567.710335891345 
8015.845892499243 1532061.460990357 1146.5205877608646 
8706.4765210832 4735.260055407078 0 
8752.209115274607 4655.4847207753955 0 
8010.011710996801 18117255.54800598 17487.467086999262 
8010.026580670892 97207161.38900265 14393.557051963084 
8536.304719418902 5506.764416208328 0 
8010.033005124486 24083230.632750247 12181.63935676426 
8375.907908926887 6905.762448825985 0 
8010.000128041298 32854065.623470157 19824.247063852155 
8422.507321380996 6405.052637160533 0 
8009.993341044604 25663896.92080631 21810.715268041287 
8010.098214167071 16097458.94821639 8093.37228341473 
8010.037882098811 20773091.57491275 10857.45536806082 
8024.130591058391 1506557.0882924758 1555.2029813530576 
8051.238068057945 88206.98416671697 159.90420955267376 
8289.563173279426 8600.450928106502 0 
8894.765667143836 4550.151564956736 0 
8268.693268418712 9221.805790161712 0 
8103.593825313648 88954.35401164676 88.07543989535547 
8009.992691037995 28761059.46500147 22808.296790741748 
8009.987188747133 27960039.982381184 28001.72112350574 
8112.828196483448 53185.9512560706 76.99897562905525 
8010.540421437987 5824339.10099605 4252.822577577445 
8957.661546085072 4506.3057709826635 0 
8646.775760986724 4869.66337195832 0 
8604.580045611585 5007.176753533278 0 
8226.618712440035 11398.121651480153 0 
8009.994545824271 24678121.364279114 21491.14607724522 
8048.51352479165 725780.0110659781 219.51951474461868 
8011.749319422401 3042770.0959706428 2495.9394576347763 
8079.780294405854 60598.14670768979 88.78532479379182 
8009.979589885041 39088807.4054255 32588.404291124396 
8009.9878279852 57048812.333820134 25726.164756468905 
8010.0511005341095 11507713.06712588 15222.248315237379 
8009.988484687541 57463144.92093889 25132.406008733047 
8775.862695128697 4574.803667392675 0 
8200.819912277402 13287.95331279333 1.0243208298996898 
8011.273727238294 4026876.0581978112 2827.8561830501094 
8023.6580848316935 2305257.564519439 524.8409803761308 
8175.10661065823 14285.770895037667 2.0300046026084004 
8009.979628169255 39918885.21478445 32409.06480509251 
8027.748584156315 156691.36807209358 363.1502643624261 
8011.2463864914125 5227843.742498265 3532.466011078532 
8079.812414115818 60593.49319456293 88.79307068828417 
8009.997441096661 21757936.39260166 20645.47510193604 
8538.096934674199 5345.386784581364 0 
8009.988769775936 72435754.55990952 24715.433422283983 
8202.857371578857 13113.08144131749 1.025465396006511 
8010.008490383447 18500630.361873556 18381.30073131138 
8613.576999278423 4974.703892199785 0 
8009.987469858932 40597626.95964268 25985.11687775462 
8225.269682838405 11853.169735257317 2.0341358310020823 
8009.987103285789 62069714.0504102 26675.398435071776 
8766.34493642988 4604.439001644412 0 
8174.054893961978 15153.689381429582 1.024603283287503 
8440.127065250028 6285.406707599504 0 
