8009.977731080249 76627578.61885133 45132.50122591025 
8009.980182359567 99786041.36316505 38863.11522451957 
8945.457624942364 4568.983264464944 0 
8009.984330743782 96949971.32452516 32828.14983182603 
8009.979637285107 83745254.4907352 40140.822619674946 
8736.127466407732 4740.141646376407 0 
8838.959865464221 4727.793120731672 0 
8012.039272640548 6684193.851466324 3084.7890478361824 
8010.226957016608 12157170.959435571 7107.734158395482 
8010.0929204467975 23150530.792733893 11241.342878806583 
8009.982551522752 51880815.99686961 36294.374259472344 
8009.987650188618 41315597.59237315 27702.127920129096 
8009.98390674867 63336663.889583126 34118.85433742487 
8010.046860305662 34570260.38140367 15093.705703722548 
8918.892624595172 4654.48452423078 0 
8009.977933373288 79665258.4463093 44203.84908389655 
8009.986576937175 47591978.568298616 29510.92616360875 
8010.010966594883 18477699.88129779 19372.812630958244 
8875.481116180967 4662.291302271373 0 
8009.9791413338835 68485176.0237143 41783.571261912395 
8010.0167857884835 16417369.966649119 18604.18793948636 
8012.551518249707 2729082.089246547 1649.7188324335161 
8009.981796779268 65580969.40227762 36528.42819312536 
8010.106457300782 19789335.153004088 9489.612204653677 
8009.983687071365 49237542.36296034 35325.66684524739 
8010.078635967073 30007087.913787562 13767.924860952253 
8009.985911764556 57248011.18435477 31286.23883497509 
8620.28023957802 5053.218657096975 0 
8177.008243097449 14587.200376134211 0 
8010.006784563912 20524766.10289681 20292.095808649126 
8009.979359674697 69767055.32220092 40645.942269897045 
8712.881951505404 4759.929699761373 0 
8017.974716564482 655933.1376532343 706.4769027128705 
8652.465094118437 5023.1867951854265 0 
8120.37207822273 57057.010048501645 80.58336379444214 
8042.179370596402 134123.72034711196 207.05830542321075 
8009.984338345766 54244046.28518646 32417.46887888058 
8009.9786443772555 72494472.9934699 41441.15317781501 
8009.986115728092 47937029.09969286 29748.990213591514 
8461.05090021939 6186.664185060086 0 
8402.875795826632 6740.069121850317 0 
8009.98402855245 57586877.598557115 32872.278895088115 
8242.319563548077 11089.985602675042 0 
8323.305809277203 7882.692400294402 0 
8490.028704018627 5894.83476949319 0 
8009.987110866745 43738697.8414551 28307.424506026815 
8009.9870742195035 43807460.58527107 28348.291405474833 
8009.983793678998 59862284.577847086 34370.819012863765 
8010.26119180296 10369768.476653755 6420.914544314384 
8009.994788406089 28390252.598206475 23237.12051014156 
8365.635459392293 7260.921134638473 0 
8009.978511337422 82104458.56462456 42696.24151203256 
8009.988775264481 39646902.99343251 26795.26039203809 
8010.6218373704 7055920.595818424 5484.9176757284895 
8012.416006969571 9742513.502332292 2220.1797577455973 
8591.891474367036 5073.973506164588 0 
8009.980262688925 74125924.60993578 38409.50694787214 
8012.699758365659 1797707.958387659 1397.40761425257 
8010.026233342537 15135756.325752724 17781.444707190454 
8306.056089319442 10068.843793136852 0 
8437.875915067323 6321.828749866009 0 
8155.291412544598 21691.973273901167 14.34019739601081 
8010.028515415192 13971952.138084555 17573.91737561587 
8010.106457300782 19789335.153004088 9489.612204653677 
8009.982778962869 61152550.39472547 35109.18516128225 
8076.2891986862305 69547.95622295141 93.04204909969737 
8355.559937668186 7379.489231066828 0 
8009.990942357844 32792840.870406326 25277.02297123707 
8009.996988162697 26537696.427697994 23022.259735777305 
8010.083286071782 25058845.428115375 12041.870636861117 
8682.08570796956 4829.72961209345 0 
8010.043030836387 37590590.31866376 15979.48517886921 
8009.985939615661 55406495.563949525 31888.131193366647 
8009.999222347119 21985222.54207223 21161.598292175484 
8009.979449688826 76883759.01648238 40149.50893133275 
8009.997330140778 24372062.298568666 22179.809224953893 
8083.100436794194 67401.06072830338 92.12171998344114 
8213.736729199556 13943.08623014305 0 
8264.91922856131 10554.08328952844 0 
8134.96839013428 74639.87375387743 57.944018871025094 
8009.990638507096 35324014.52361492 25462.168438705416 
8853.01648843563 4687.898825970477 0 
8010.0819683442005 26230319.243170686 12552.667380218962 
8009.980191493506 99140584.06746063 38855.47906226911 
8009.979725187317 76265133.89250465 40100.73453398774 
8009.978375146298 72827793.810963 43013.37803449268 
8010.296707292184 8460484.88721969 5890.815596827952 
8417.312800711132 6426.25924228036 0 
8009.98983226557 37853097.67487095 26150.089481679028 
8010.07418896795 31106732.55271419 13111.733550871873 
8547.523556017546 5428.787765341215 0 
8009.979154234266 81435004.68856227 40612.544921098146 
8009.994517889173 30490594.929839067 23748.99490094645 
8011.012097363966 8720695.053398153 4510.358421027168 
8009.98112847397 73129367.26676676 36998.424214129314 
8009.990230906806 36798396.56923622 26045.539080714607 
8009.992098867225 32141411.64973456 24535.16731581036 
8009.9821143619 55844961.28103895 37564.35471402757 
8011.012097257677 8720695.429734223 4510.392621383495 
8536.414547315073 5525.659356991425 0 
