8478.18127298327 5976.5231090993375 0 
8010.303804857206 10188229.361377448 5018.777293407186 
8010.307002090861 11083548.109515503 4953.072351432862 
8010.338201299765 8713349.01458716 4593.48044272741 
8010.307002090861 11083548.109515503 4953.072351432862 
8010.310541514678 10045101.639949286 4967.90561320194 
8024.321287628016 8328711.089209958 502.2544610117907 
8023.240496440155 757860.8799251401 797.9449225963033 
8010.398027502648 6414358.87755733 4008.477815975512 
8259.416121863982 10695.79178881509 0 
8010.496740595258 4813134.468061865 3386.4978194797604 
8027.493705581147 371911.25339865166 360.68191060444997 
8021.268618905397 1475602.431754204 1065.1634318881668 
8010.417981553813 5943263.953297175 3825.705309337396 
8010.346832228224 7565047.025886604 4479.778350883938 
8438.94341749086 6701.222371772279 0 
8038.133148544453 165569.33037725498 347.12050691459314 
8025.106914781649 714714.1257296887 935.5815082352002 
8359.937289804424 7945.251916918746 0 
8010.373900702043 6705108.125260056 4133.1413652394895 
8011.742108413364 2282393.7659086906 1861.3768917698715 
8010.35923940332 8693511.566997804 4461.760507764081 
8323.06570055709 8301.987406689537 0 
8010.515309393626 4659819.2055190895 3307.485311967877 
8133.441283544716 29385.77221080227 34.116003762396986 
8283.779366747307 9520.37689941291 0 
8010.342900608412 8095025.816857022 4530.3270097997865 
8012.834561150952 2213431.434210256 1552.6455137505593 
8308.510239185975 8669.211462619902 0 
8010.716736873697 3225540.4100132375 2699.420777344011 
8022.100433776489 1070762.6947581575 1304.1022178368971 
8416.723374957228 7129.586282152406 0 
8010.373294526691 7067022.85068819 4246.078931149292 
8010.585523001446 4425492.7309070425 3091.3489483879666 
8096.114749325355 32112.787006537023 35.12264806242101 
8010.483196591268 5315870.653601692 3477.5702410907093 
8010.457716102042 5248565.041477764 3585.1986965952738 
8011.973282673706 1913161.6774139896 1649.0402370171798 
8044.952198476489 103810.91403658556 226.61097395289354 
8147.408852788517 33135.99261668208 30.501208354311665 
8057.0546423877 75657.96134074511 157.63199551943657 
8080.368020318019 49409.30601890499 119.04376773771756 
8010.397212622144 7142473.561774511 4070.8974892414244 
8010.758441369238 3036831.3241763837 2593.839672414535 
8109.509298985858 30545.270245540138 36.03864485776976 
8379.854554203179 7857.165677628313 0 
8013.2771830254715 1549805.4939354302 1237.1284317307714 
8025.438978486374 253604.61287158704 413.33281961375906 
8013.052068793944 1824061.4842574755 1367.3542568739572 
8115.913558175841 29567.736851360358 34.77764804633754 
8010.360267837388 7840765.525251753 4462.433600364044 
8010.443695907524 5497559.720187111 3630.1926624838043 
8167.198721738385 17864.581994618165 7.348169711344803 
8010.366368869028 7101757.569513963 4277.2746167999685 
8021.912782021847 1162129.5348247916 1396.6178542904586 
8459.166583521022 6166.158207275908 0 
8340.875384093764 8122.874196519586 0 
8010.694905229112 3361154.4389077583 2774.014223284066 
8011.002888957435 2436451.9590490265 2116.98409312615 
8158.5643179697145 26155.546294257067 23.814484956783566 
8075.16690196156 80368.10506586828 92.18584186269972 
8241.658237773725 10715.930881681812 0 
8066.997523527046 97712.57425484409 116.9151426435281 
8010.603102794512 4075263.1486737737 3012.2374249559407 
8408.609520464694 7267.647797806261 0 
8395.204916070355 7425.967021269615 0 
8048.776291844932 146843.2950690987 194.5781071799011 
8011.712982839008 2462927.3886804045 2015.0019618967017 
8020.838937325975 1488088.7943848027 1161.6496862553151 
8180.204347695881 16489.427277895058 7.224037579983994 
8010.771690020681 3036797.2429296263 2513.240108221353 
8452.29900332008 6259.018371443128 0 
8199.824063227035 13387.358500480163 0 
8212.792917184728 12427.811579116209 0 
8345.605503087543 8010.602895128848 0 
8475.320041226705 6041.178485536815 0 
8010.685366151332 3455024.1683749976 2836.7611478493154 
8010.431793553174 5603266.289216482 3709.6662964220786 
8224.195978662583 11471.617231399494 0 
8010.401138679932 5842043.922599848 3913.5732240802595 
8010.4237491097665 5656372.869626945 3757.5647267296745 
8010.976851847101 2593899.7224267083 2384.3025710270176 
8010.964771072212 3020850.2492566677 2201.247503191812 
8010.65982497756 4021029.1699927244 2878.148322098366 
8237.674366246472 11083.302353939562 0 
8292.514962306386 9162.924544997164 0 
8011.824147893399 2074835.8031209328 1747.6871969946837 
8014.090976459405 1517010.5039647787 1191.4455579806984 
8013.027137208092 2059190.0680794334 1422.1628513015264 
8010.659610306481 3573564.5979048526 2966.905997024316 
8011.801293494088 2024476.7168662227 1762.3058359189706 
8010.61835721573 3793002.841319206 2918.1589705069064 
8010.408672526851 5782758.874157177 3883.048653113774 
8010.891518088622 2719059.356782025 2311.085823943428 
8010.539602059163 4322782.704420559 3218.7527642928644 
8011.696698072156 2516897.8710697074 2049.657929685585 
8023.848210702918 749221.9235049821 880.2561799948978 
8010.395006676128 6619302.3959635245 4081.2296528564393 
8010.542624974835 4306428.008433542 3191.6781650743046 
8010.62315669463 3670537.9496434955 2929.0638224702207 
