8600.902001206527 6220.156716988693 0 
8010.401047259772 98997542.92954111 4478.420180530355 
8010.427411204622 10503221.19491127 3889.9384146199036 
8596.419841992305 6411.246521122771 0 
8456.536724018835 6423.9713336197965 0 
8033.820058407704 183495.99180263272 300.837969615426 
8032.686253757369 529209.7636304524 693.2601090855349 
8027.760750776788 1665216.3370007684 1130.3860650776523 
8031.81997633818 502218.417392691 737.5177338321818 
8359.150813562814 9020.350803558304 0 
8249.17323226279 10917.093538604759 0 
8312.271466770537 9098.691898268371 0 
8106.821597016241 31339.372130577518 36.53121327952732 
8029.29262418546 1158328.5773519957 1452.81815184716 
8220.456455753661 11723.881445839796 0 
8427.84327631669 6987.491281779445 0 
8364.993832008036 8639.605109678696 0 
8303.14905651405 9551.625838186505 0 
8391.415090003222 7896.437791191482 0 
8421.986786372663 7055.67360900134 0 
8396.858527972287 7792.209128142558 0 
8010.44388652064 6408166.022239446 3769.9704402438915 
8270.116145482345 10820.485041576445 0 
8083.773125147171 38135.482667500735 51.38945645669344 
8456.485276287869 6436.927085789381 0 
8012.627529627804 2212673.7561901803 1750.911963968974 
8123.155358134473 33575.19910359029 35.09270741363903 
8012.967658306809 2451300.1206845073 1610.7064949750356 
8010.47341430041 5739760.249483518 3618.1605761511732 
8132.824781473534 30589.715147165025 35.454564568671614 
8279.985351955831 9729.046615691352 0 
8011.665434076012 2448473.2108503315 1995.7783798129392 
8019.8064988098795 1688562.78567579 1175.8473676549274 
8010.8062451839105 3099816.5173503873 2656.137647340417 
8146.19005071504 29681.104439114097 26.263663772906458 
8010.4739604626 5086456.02533659 3529.4660670489293 
8074.467083178217 52222.25980669574 95.18898769292764 
8012.714959575967 1986282.7826563842 1645.5188793535208 
8010.679594417719 3664681.7399862255 2857.9146044830436 
8010.711771132905 3455294.8870517053 2781.9308367143394 
8175.76092130419 20128.719545036336 8.511537693701099 
8055.650707100673 61616.421204634564 127.8165552250395 
8187.129637861497 15563.473094834015 0 
8201.963606186411 13150.854654535133 0 
8010.531187276472 4719509.431075854 3313.4019050868283 
8212.434885930714 12369.12481483101 0 
8010.531608194693 4572105.590705635 3265.103348736408 
8011.009771206189 2423469.984797555 2114.5437779642907 
8011.65434148666 2485501.666298121 1943.5766794305332 
8010.435085896652 6054552.800870078 3805.944808921717 
8010.620041379172 3685647.236752094 2934.6454870949005 
8051.502338486406 109113.3238849044 157.21895297903467 
8010.558322445894 4292015.045998285 3190.8027727015465 
8027.439475725911 1659156.0071826973 1139.7040943097675 
8013.045427279463 1776060.2975285505 1367.8653029484672 
8010.483437788513 5019267.673668895 3471.8153118598693 
8169.57163582715 21166.64513168588 13.064491790030058 
8038.002625539746 133090.6699750535 225.9527792058671 
8082.90453301928 55631.146831821345 75.33381480954952 
8193.680753845638 13750.902490768212 0 
8153.639255371194 27886.726467154578 23.89040342818982 
8010.499547465568 4906203.283108547 3394.928430787401 
8011.793468454277 2229640.1021431545 1833.2863575707827 
8010.928342638165 3255260.9364425163 2253.515181969403 
8035.036027225303 765122.4550726543 258.56215055337566 
8046.485429004722 167747.62740678602 198.23329692586364 
8016.254403183459 1713349.5304024252 1258.3909858212169 
8010.95374858928 2540033.126514706 2215.424548992179 
8010.461550599591 6215749.948067861 3684.0181422202577 
8011.7035236766915 2363177.293170947 1869.7306239451314 
8065.336950560017 60748.74740700281 118.67505810478903 
8010.5788313276025 4368845.033056038 3096.3262710012177 
8010.889974121742 2726056.9960546237 2313.9941493986043 
8010.5975952828285 3864415.685034573 3022.4731045061944 
8010.989877506003 2468942.135042253 2156.613986707172 
8010.453721154694 6394470.905716153 3768.7132467599945 
8010.896043181853 2662794.357392259 2350.2998081270935 
8067.573040952311 56881.34331466715 117.55438693271023 
8015.679337307134 1734272.5221914873 1223.4170606606815 
8010.578527762397 4102223.64080077 3146.293350705917 
8010.609156648958 4143150.7188022183 2979.428765837561 
8010.84198497298 2880520.5440126713 2520.86464160748 
8010.498167822904 4837362.626310259 3417.189649584193 
8010.756505035952 3147792.780139277 2569.6987517849698 
8047.611795460174 89259.2722308925 194.52227228698564 
8010.47172479527 5970374.141211128 3680.1618404886713 
8029.773545917052 1030134.0631664841 1342.40811408107 
8010.691750805631 3666928.264917171 2788.1669559412912 
8162.051754545839 25612.53820150257 27.809678712864915 
8010.8899980813 2717595.1525672954 2399.089115977192 
8278.413392775828 10756.501125839824 0 
8015.059356298082 1870682.7642544245 1314.743216129242 
8160.636914222108 26815.385270872226 23.52273703661961 
8010.865743869175 2733357.0690543978 2423.6116179022483 
8010.605472191181 5317996.021080668 3014.71854849801 
8312.189060756715 9109.79329966572 0 
8010.83979529811 2908469.171558275 2464.7647821388973 
8010.750956753689 3337904.2320511295 2621.4758819981244 
8015.520948562013 1779039.6382139693 1295.7675926427344 
8010.834272675851 2916401.3455137955 2490.924646265622 
