8045.90038823832 8096935736.133633 8168.862500553289 
8045.90038823832 8096935736.133633 8168.862500553289 
644132.407852712 5727.979459557054 3.1724263765809635 
468864.18855911324 4783.939319361814 24.280639658234655 
488185.28759440687 5807.638253208521 0 
8045.913420848723 63190646.77562174 2801.8486132878606 
572129.986534016 5243.423177983352 24.07594525398252 
8045.927180460089 16598094.316678312 2350.3861730657854 
373533.81833698356 5936.9064182969805 25.52319323793747 
106604.88620682177 12543.073983033348 63.26374290432459 
93800.9409664876 15291.383641909037 48.57612398567295 
14008.435006990643 221425.68551789463 147.65127130385275 
8057.40359585996 5247020.829966586 739.8663678830562 
8047.0302915655175 13805708.283473127 1932.048058498452 
253171.94203513322 8257.43592011226 23.803839611311457 
201919.71308325566 7837.348158315226 25.660306832355698 
83308.12608804656 27287.382038878448 0 
8162.675298517859 860524.6808437882 251.34696645537326 
188223.6163806786 7896.125114621622 29.200241488439964 
358712.841229492 6397.48497733893 22.086524278678215 
317514.58675670926 5974.072923331377 33.920436424892955 
340699.35474069417 5864.2002890833155 32.53820204680317 
289252.1272711736 6542.212118122859 20.364458135108485 
74431.29320362909 16537.051756982084 94.46136317685684 
242261.93166187857 9077.945574295416 1.0189266995405737 
306290.1165224573 6086.780891139705 31.37482867151539 
456700.0015286961 6265.058926100991 0 
425388.5887947116 7364.307626440599 0 
8052.709028552961 14363506.38689752 865.3700992289232 
8047.196165787866 14919101.826939218 1755.0820971283558 
216516.4856198025 7413.946129000386 27.501691265145055 
388919.93871305394 6754.208030410821 16.471213830325688 
8065.027679784892 2617654.177452872 494.2432242888494 
132984.03474211792 15383.417197851131 6.374452978006678 
8046.126621960126 17417114.454636045 2316.0762832871496 
120080.97683408463 12265.503984151677 103.7181926663434 
28105.654823723497 57669.386212346544 70.82231278300327 
359280.49928979925 5390.751734412363 32.27551872697994 
8049.570797656655 8321902.603276982 1216.0710462152833 
208187.5895406849 7026.804902052971 39.65680610382998 
8052.175914799778 13724144.312636957 957.9041576050308 
8047.477559373231 33828086.24254744 1542.356693269377 
8095.611553777689 3622223.8809157973 374.90427205961214 
414988.2827496864 5508.895372526715 24.917930023042178 
8052.580622877189 7140848.540384492 1050.72717576534 
224160.42982434385 7035.813348373689 31.614283922163153 
156599.92427830375 8476.221755656996 51.251329494814264 
150394.54496258232 15802.458007955833 5.409167839819306 
8059.776810284627 7723145.18239134 588.3904073909732 
8047.874805513219 17488438.885444667 1431.7277618473047 
446083.77563995443 6066.181327051025 3.1744594466266536 
8050.415673927047 8097116.611882673 1131.887327983541 
171925.4783061809 10265.489441435942 10.192245249728263 
66363.00693388344 22287.770673872663 10.06789999853847 
8046.25032734293 16313941.380179472 2156.0825026522143 
235791.4055530501 6560.642125377309 27.15648124703235 
463472.79012643127 5331.86697738553 20.6484804593975 
121068.75618692068 13184.52874729928 7.415761809463489 
229985.52850374137 6587.239295464216 36.19203208100733 
55038.70929607556 30375.5660224472 8.886443470965988 
262654.5351298293 6849.305112146189 25.48116056956076 
183164.0303052963 11030.680761455793 0 
61812.66124023567 24931.297706645033 9.136439963832025 
176733.2998539269 9792.573564298622 31.081140231605268 
306650.3894100382 6060.187356788044 31.430522210888324 
8049.12036179961 9635093.974810757 1321.2555143921827 
432161.8096248974 5615.434860262162 23.1278480227025 
8047.252208466403 34239191.46906859 1605.9124348941182 
398444.49991043267 5554.073877627669 26.025204220700132 
8046.430347415572 18125898.44305967 2050.0072226447287 
274534.5776483286 6849.417340007218 25.17488425077202 
333629.7870640498 7296.711668352329 2.16927893778771 
480410.7045757175 6046.000948593215 0 
8098.827289400219 2795287.8124525324 315.3530444548573 
34938.58791900804 51123.07432806805 91.04564347911158 
389078.5001628755 5851.783155396639 23.133587297259478 
474999.64013424725 6204.46689775298 0 
270794.68467423297 6206.852474245567 39.66953430405321 
50031.474329176155 24957.823815582295 109.4482348906183 
136307.0201939836 14300.46620807095 6.6184126333823805 
8048.182379105616 11103939.348295784 2022.4258652236817 
42146.15046833466 30507.982040758805 111.0974483516551 
407330.84681307315 7302.250346423111 1.0005943171242513 
8047.443193361425 19470018.937565636 1651.442180154339 
20595.454525589525 157787.39595093433 84.45503575912998 
324982.28779622074 6811.54857585876 19.586413349935867 
8046.53196999286 21823272.849234525 1721.3040749190477 
164334.51589153404 11637.447303470797 5.58776678065169 
163452.94110517524 8506.188874423857 45.562820844807405 
8046.25032734293 16313941.380179472 2156.0825026522143 
143308.58854648896 13218.499523470417 7.106443813062294 
288465.470902516 6388.459352152573 22.363172815153447 
142357.87701086176 9057.827012870803 55.71364689191185 
400584.4839980531 5209.273794906888 26.025204220700132 
324966.1230715505 7056.258551758769 7.779494552172373 
37354.733402384394 41653.8638051176 89.41583415168903 
8062.49414344318 4356286.319082075 569.8485888933745 
46177.00601365105 39016.915021531444 71.21387869142262 
281324.1670975537 6627.892085966724 21.89319005417068 
20117.24552340056 100380.34957651547 98.06313320617258 
