8043.516537096853 15841200.883518532 3049.8564667325722 
753760.589587253 1993.3204029237738 0 
8043.540574507433 13633629.384142205 3077.6652139083985 
8045.653723067918 23226327.248005144 1552.9158925411937 
8045.715524819838 22083520.57059544 1487.4394776692257 
431489.75714416493 2683.908976862071 0 
553547.1413405797 2677.960360931759 8.353657451667939 
635572.5148497967 2194.146435834128 0 
8046.3803878430435 14867789.983769136 1239.1357566800275 
8043.560159190951 13364187.164358016 2905.8126983742613 
8052.717651291693 4873001.659358317 823.4016908911689 
8044.264558847149 10811680.819657383 2131.8623296087026 
412930.03734980547 2869.587479665064 0 
8045.591145601499 7986552.120677683 1617.6974552901406 
375523.7798832028 2971.805155545932 0 
8044.729346057711 9077010.202905616 1729.746290827262 
13137.595496676287 1835318.0727819232 189.70947751057787 
8060.552092637275 4124132.0374420895 623.0953009760475 
8046.085242987347 14921863.032429956 1368.6461958131565 
8043.694515552062 11822260.642978817 2532.755647976928 
325115.54335747764 3267.4975584088056 7.041200361306902 
8043.975596495603 11094002.95916802 2228.78876306436 
8043.638213445811 12630657.074919859 2635.7769509480063 
126370.89482065945 8587.935024766586 6.389637531427278 
8043.82352358464 11526326.31153759 2274.6377722919833 
8043.680048843664 12042002.143783152 2479.93901097832 
8044.367213976815 10791266.010222618 2003.906894754843 
8046.681629664834 6983021.220964497 1184.337625829415 
215798.0242044199 5816.253889524767 0 
8096.051661814861 2478362.11930517 1057.5154323699403 
8043.543108752648 13535970.27640939 2937.349083375024 
562354.9024059717 2546.4523811593754 7.242014070221959 
8047.68620288041 5897608.213146614 1129.5503050466414 
8051.433343745276 7859458.472074528 983.2033942249793 
8044.411598152602 10120107.232893895 1971.561656206883 
8043.778435295764 10837669.334887195 2365.733393786444 
295477.24757445743 3525.8372720544226 6.855582096633683 
594448.2201769594 2599.9132122458204 4.277313558762369 
8072.26489109139 7216744.9987158375 494.8694118938794 
51615.11555887305 358210.91915387823 24.11436716002356 
237268.77041595028 5423.373977026466 0 
152248.613697902 7505.749849492054 139.69718239474065 
8084.72070050334 3120779.689798922 441.76860329590903 
8044.473112257061 9650016.607048403 1897.7362578751781 
8054.663932537748 8529255.10467349 666.7797032555031 
171003.67752329295 6351.564686842374 3.065044432662824 
8043.601740031863 12482594.961972354 2798.309117701356 
8051.797061676725 5081542.027000919 746.4638154878883 
8053.58184649364 3749536.077683422 875.4232170159908 
8048.076754135995 5617928.734236108 1112.9166650567317 
602915.4876995792 2452.8233029502208 1.0011591383909104 
8048.158349690206 5343629.929939462 1001.5585616698086 
8142.36950362705 758220.4572122828 208.9949046445796 
254402.18942062015 5252.463902432056 0 
8124.718104573232 1287452.1630140531 385.61759392815713 
357321.06919762626 3327.919766265005 0 
8046.35565803223 6684851.604049122 1812.946082302907 
635572.5148497967 2194.146435834128 0 
342609.28964567935 3130.081149902694 8.154513265666646 
270916.964018817 4015.0321151141743 0 
8099.919663305423 4040206.3390634498 252.17825068042606 
8043.63907977955 12230947.16413801 2703.9551224550855 
8043.773964197493 13581231.515811149 2400.0851581491675 
98727.20557280899 10536.620479624497 0 
19247.60809917865 793832.4163683669 144.2147960145746 
8058.583481089592 6352470.693457178 540.6543443081373 
8046.156958315117 9358936.48833876 1279.3955064791664 
8129.866890520825 1063367.7342738707 287.9742756448827 
22197.16690326616 281576.92469352024 53.62849452601688 
8045.778820573782 12597735.978962867 1429.342424496126 
36066.657683164216 151721.70067337342 27.440799255132625 
8043.639745582896 12586869.817090053 2613.398422858208 
8044.406517952454 10415755.751065847 1994.9275828628768 
8097.781327237608 9141670.07948824 364.04104191035117 
8043.591021032173 12610517.882901207 2812.1132126594703 
8099.459397102984 2100372.2964531807 928.7761145460242 
8099.669668316797 2084615.7230176504 309.2839705832316 
8044.662165840296 9920183.829329332 1761.8224814302757 
194142.22004790942 4814.708820153985 3.0577339219574164 
8052.347294574268 4978445.993632978 721.8693895847255 
143943.89090112346 7673.125237883433 6.970428447528984 
8044.551929725671 9908024.34705734 1862.589407915525 
8062.528933146511 3435731.242487007 513.036185719717 
8046.156468063649 7902864.343243142 1296.3074143376095 
8098.403428629116 2230696.2105808044 890.9835003999842 
285823.95354495174 3880.5032907220816 0 
8047.337577633908 8302707.891119022 1053.4820473742247 
86757.54983401587 11054.998777445517 1.0098894793873754 
43090.74782973241 48438.23224194783 70.82879717347363 
189874.81261957533 4899.649205491316 4.2500248038422885 
65076.76284934176 35453.405178617424 44.4985738913587 
8043.63907977955 12230947.16413801 2703.9551224550855 
8083.59479160406 3237058.3095102785 469.1845283291548 
8045.805535166948 8325600.734096631 1369.210403513508 
71129.97341414267 25405.95670800274 93.63726496174671 
8058.617480502737 6325084.30218859 533.4302723790885 
8056.600066866006 11436761.962365929 637.5628352232588 
8045.291876263652 8523651.016996827 1813.4311777457795 
8086.569077381783 3152610.3462046864 399.72393113573 
72199.72001326921 21874.347466276795 0 
