8141.119645783332 1929344.6290126853 467.51250807754377 
8133.748006970454 2782134.134115328 460.6080542369092 
8167.305244833202 4326004.2624470275 364.57781067197845 
26083.793532311087 95931.70516900158 100.66978060939343 
37326.71858283282 115086.70388118661 45.995981246266005 
29766.485166581217 123483.18362866848 0 
8142.736014418648 3224589.2925209105 434.18066892795565 
29856.6270462948 118513.33464701082 10.332815605845495 
8138.011766224251 2816145.6696545416 443.4496706933826 
8292.349628700907 1009166.4732561947 329.0187834439249 
9065.362719937584 408330.3578808492 105.54619969942993 
8225.397894624035 2303592.9052156955 270.78255742794937 
8177.512569857409 1023847.3608972618 294.9209852752004 
8235.79062500066 2577881.142954178 263.4912480413394 
11964.649910861517 397794.88127491064 129.8725691848109 
10436.543214789552 1357014.6874704212 104.98830603424871 
8249.472352535988 2200993.5635293825 264.89466751383304 
8142.015617132463 2721480.0543989986 456.4190040154075 
8156.01193818694 2008740.7035275765 366.59117557279535 
8454.007919769014 658876.6750529666 169.06045263342776 
8373.651340519998 769367.6225805957 221.5618971984115 
10968.06655100713 611435.4919793545 101.76046944889953 
8457.158085237486 588510.355312989 147.47029057687686 
8712.082591227821 639758.437702723 127.28763905909 
8458.39422375032 573543.3111050325 139.05360792970728 
27542.050816582894 144151.98901031687 23.520948004182536 
8176.204478259855 1303045.462520164 358.113890496199 
12481.684195669195 316878.4785460771 93.56286456955489 
28865.221532142892 115922.47335381593 39.74778416779671 
8146.48560088918 1670612.271369539 424.1892847468738 
8167.721195638069 1477708.2416791897 339.3983543967016 
27595.360427600503 131752.3771644919 7.53547659447188 
8745.396925891446 479435.348727953 179.5283619405421 
18624.12005235011 161857.50120942347 84.97882834500186 
8150.5210470415705 1837036.508987329 414.5973174179414 
26740.210062645812 96693.42660777344 77.415811002033 
8143.299224446706 1769663.6093834462 441.9716990155356 
8291.996380843915 1207761.5889860778 244.29555807280087 
17979.455454431325 248475.62733484936 30.691548802606995 
8283.148358468494 1910539.4816643274 233.7680472943776 
8393.786060015154 1020689.4271136832 205.55633528606444 
23354.666031384055 148436.81663281712 9.239903544662258 
8272.572576401344 1330590.6060917638 281.97463522016983 
29349.498904299217 121255.63413817834 29.838262189726883 
8175.194338854717 1410059.129287588 398.04458872036787 
8239.174725888644 1197620.7534706094 290.3029330760069 
8349.88099285876 913436.7593151835 255.9300981176316 
20945.73376270576 155237.99674571253 36.57207865708134 
8172.547451812443 1420397.6982826283 375.38941840560227 
8157.52451404487 1583419.5911642467 387.1845053958139 
8306.58397753735 2774880.8184776804 230.35670400660257 
8732.737361785155 459276.3024060071 193.2233029965544 
8408.275899494507 838387.1439492265 213.52519439620283 
21578.85984906228 134335.61465195948 66.19093272590392 
8301.092702609138 1112765.2039749506 259.9698397290273 
19791.431131551544 153932.0603126336 51.069316846495596 
22888.289351782165 107661.65971948573 81.64459289476493 
8187.723811293266 1634704.7825099546 274.7115427095432 
24781.522157319625 101428.97808422268 90.14284353121047 
21810.930302397213 128593.38160998466 56.54734828394861 
25324.47197308227 135022.32195704264 34.29062607525682 
8175.801302644277 1261541.0244083097 406.37744044541836 
8351.573643011132 1813737.9187571914 170.4322328454956 
19241.97648534097 167712.89856676274 58.38000490107175 
8398.75988994872 854126.641306154 214.37083219790318 
15463.903906447922 221888.32889758464 40.67592521642579 
24040.011657241965 121021.02601328882 60.3311833761001 
13067.935995081956 300857.35487355076 84.54319669921922 
20542.325940567527 138870.33444221696 48.55036377604255 
13680.973032233029 239274.4790452615 69.19931501455552 
14691.07183286138 205833.42072360712 57.24945535360928 
8166.8533568471 1565344.8682606444 401.88075106806843 
15141.42367845312 185997.85490784334 78.11029003180502 
20160.342639314473 144216.79070700536 43.576785268866416 
16466.821895822857 196325.33670732754 44.6357796043815 
22466.245344813295 173011.619571318 32.51386305289855 
19410.454102944026 140587.61429186072 95.24424181681115 
16808.755899022068 187873.69454724927 36.39956499649026 
8732.737361785155 459276.3024060071 193.2233029965544 
25253.537738414416 100239.506398776 99.30650467607126 
17491.43963393476 180718.33769822845 36.50253182593828 
26062.14010321507 117675.97137465252 32.50246318543058 
14363.8060924421 215677.81466143267 72.6030784312151 
8153.6757890189565 1650073.4204816283 387.6179198333514 
13923.17844716362 273411.17903538106 48.28627258681397 
8152.297000284989 1486481.190667463 408.3214985412628 
14129.274183631635 232134.4603542897 80.31169248323735 
22562.971853784817 123013.93111978695 54.336755675112286 
17179.924184417672 164780.43516198423 77.7049660255934 
8302.652430527403 1137784.9515927727 254.29640011497517 
8287.562765032371 1823025.0202329159 251.4312531833626 
8287.619758512625 1517053.2619861388 253.5061796197274 
16110.737636559606 210394.91966756084 40.09901440809788 
8745.396925891446 479435.348727953 179.5283619405421 
24230.244579587732 103329.26140222383 91.13072773118685 
8158.67640965022 1662591.3137451727 373.3702560302325 
15843.647508451631 211629.4465103554 43.69577583301035 
13435.213142464905 276303.50576048327 60.31071786378097 
13240.427830078343 289756.1946058668 72.48499051050828 
24532.23469328869 123732.17226217096 43.71441488227258 
