314723.08379611035 10382.632012986744 31.026407523013397 
315406.8298742735 10529.83672757737 30.89353446453366 
8051.565990342891 19952307.16753726 1293.5779563300414 
289997.9939216685 12765.571784572234 0 
8048.510577026868 13575854.515363902 1503.6427353101672 
8058.170467485037 15594782.724639133 755.6747147716665 
276964.53681853006 13333.599868533414 4.162266372213032 
187659.68176618003 11659.32790778682 36.38663140376076 
8048.901478815515 12749674.549433818 1446.4035537143423 
8048.557167462247 9930565.095109353 1459.7338440973922 
162563.01772700337 13602.835343473147 3.1424173742349915 
306272.1426648707 11020.607904301503 24.38503236513733 
181402.83073851123 14083.830086864727 0 
8079.347210043846 1592868.143417582 393.4150731788226 
8049.734582741374 6929194.158347186 1348.9107945056996 
32269.756163351754 55516.88583978292 25.393983833423277 
8090.387729050457 7251879.297936163 376.14144271623945 
8052.57122766906 7985754.894632096 1108.4135340534342 
8073.403545946724 4069374.5762615534 479.2807225778692 
8052.620793091618 5551471.173159301 1234.9177176705193 
8058.899140759019 4283582.495869269 882.3060794715532 
8058.927459156231 8223650.414640895 718.118928352243 
9011.53215026777 341278.14630873146 101.9066567264659 
8058.921184451643 3665906.078015562 863.3363833910134 
8052.377148800663 8922496.728419686 1123.3645369796282 
8048.941947812056 9781351.857432855 1403.1317671807128 
290046.80579973984 12542.237312601239 3.1190124783231417 
8048.5221760560735 13565714.130701412 1500.3202361798567 
8055.543743478637 6736006.464354956 935.8246454236057 
8062.153934499178 5183992.24299036 492.6196565544764 
8074.673931575882 2386880.2145266547 437.6963780813393 
8172.238663357553 3153123.8513253843 194.04042061354477 
8052.737659967293 9248377.82260218 1013.7099183302223 
8051.657572705166 6781900.48759759 1280.0254002621716 
8172.891025597843 1169114.09661682 284.3961137687081 
155667.06145729154 13980.758105501427 4.149452669557625 
8063.317144570276 2724196.294767826 678.3228200385869 
8049.355750300625 8398007.167681599 1322.7547269120005 
8174.954787866621 883748.3583640171 239.58988666653573 
8056.246080625571 5023995.674012194 827.5885667587878 
8076.073991510043 2444009.799682832 435.89666001756814 
91353.64605437001 18575.147534786513 53.26190644951289 
8114.302439215857 1322947.7849365172 224.8846058914059 
107629.58349701735 19641.895080768078 0 
42562.589467900354 32390.97823564978 69.3789701108078 
8109.245864687328 8447754.946006125 309.7630317249395 
23237.938749494293 80080.00795468698 55.55694217964118 
8060.535126378638 6255989.1639220975 564.1629152236014 
49499.11101328313 26957.784834541457 96.55989364131541 
83324.2063813838 18001.19725482378 67.46587134663817 
8052.150080871902 6583473.951851791 1201.4611117306902 
124800.73150703298 14596.335505479889 70.03066076503869 
8062.147720869181 5114066.501812091 803.0732899232981 
99869.00909265265 19377.508052413203 12.40348186497801 
14270.518886413076 200707.16240492044 158.3034320372505 
8071.687565890315 4442214.823651131 574.197960938029 
8053.41301220166 9389078.293020522 971.6860399664959 
8055.734592441729 4225179.068274935 1164.122876833105 
8060.209694117762 6563729.807771556 778.3742135324571 
14633.41019823901 177802.207873523 125.12266050409991 
138651.93484765964 13819.078422140652 41.49914698501706 
8064.640326566815 4440470.572853598 641.8877152269439 
8062.220131436304 3340098.021721139 666.3388466079629 
8097.726114556439 8194692.3248493485 344.49081875593896 
96258.57324728403 16893.166983523493 75.96432753188068 
45118.78369241813 29368.740040054287 83.85706336526454 
119602.00034063979 16101.133160102834 12.352529623667511 
8052.86533338994 6431508.134317132 975.654013591876 
8053.200205094844 6284190.415599845 1077.2531334193252 
62122.630194275 24424.684192470133 63.68493825820718 
8062.089745824009 5862729.327703767 526.6561659893523 
8055.661835494936 3640267.73291033 1224.6712200505656 
8049.2210241268585 9376394.615323879 1485.4235099626112 
8052.918993851552 4986146.439544459 1175.0619429114406 
66195.84429791506 25775.71902537383 62.22112139119022 
8198.829390476838 845950.6535836912 270.752802246708 
21548.430691102894 137941.6211346738 144.50093310661396 
8230.689403674227 731303.6423582224 204.75917020380749 
18154.40098767707 139535.47013113106 172.42190382560946 
147786.7742392759 16319.818363208207 1.005936960370064 
8062.085766815944 5906484.011270087 526.056774291688 
8374.024875060757 601148.2865039704 165.69072126242256 
8049.345919524568 8423076.260120738 1435.3249452400937 
71499.84894812098 27759.43913669743 0 
8076.5619381818815 1967902.0979096438 592.5924451729727 
8054.01728797816 6443180.180240164 947.0959283794605 
79622.53305441502 22790.420913971728 51.80714943532859 
55754.73973670319 28767.117710052382 59.357813769156664 
8060.5275412613155 6073864.4130247915 621.9550970563332 
8090.437353975081 6045980.204584652 352.6118382143631 
8052.849924472045 8024563.416611537 1018.4100169676165 
130778.33517477755 13320.881751785608 64.47904128200989 
8179.954466194426 825466.6768165649 312.08827180116145 
8069.68471538155 3408198.016267863 602.8685570428306 
8052.681164480131 7151016.318351809 1042.1371697908946 
8060.556855949688 5707826.581806626 613.3364787184428 
8052.1121501070775 9840668.010402853 1082.7760343113714 
8076.5619381818815 1967902.0979096438 592.5924451729727 
8059.113630779505 6579389.359808619 683.25603515873 
8053.230544243596 4848527.0331484545 1133.3115562099556 
