9872.678793808782 1062722.3061155803 680.485919265141 
5319.30914813486 26926785.724189404 6552.579760112264 
19094.501299815336 224346.52223630782 1242.2477421411334 
27648.592060176445 266158.06157227117 1117.5011478535598 
26066.952944626442 292546.99845527025 1115.8223417364893 
5332.366511147666 9746780.01224474 4939.80899066683 
5336.44814897608 6621201.916467754 4254.21937259958 
5332.673748478735 7288694.482982541 3797.2380161237834 
5349.807234193434 4970493.243156826 3569.2102758520814 
12997.887524913822 314127.8097841084 1241.2690343977556 
5326.93281979269 10469848.127599627 5814.522425642975 
17626.987431634727 264578.22594346874 1192.8604963867638 
5331.730919037285 9268562.504188582 5579.079993226622 
5388.606835627284 2478778.2887685145 2978.1451361297823 
5352.857225104276 4662552.328309491 3341.6980099603015 
14575.530709604976 303464.9555204453 1185.2301780746307 
15170.38584291234 274050.8483264708 1499.9220993814222 
5349.119854397425 5811689.936179072 3706.799697553841 
19079.9349570885 235767.36006962266 1241.7540802304688 
16174.119402954828 297917.30515929015 1260.607463451191 
5338.275806061245 6998782.300765674 3998.6000576656697 
26863.200364488643 278346.0974304673 1105.841773721442 
7101.116189419112 638212.7622231373 1386.3997683756143 
10285.160931342089 414285.23538728093 822.2769892941942 
9139.998911411652 1037244.1256860092 764.364151463076 
10689.609950795635 1054282.4402253763 727.699170632346 
9679.159334389324 561189.9926306792 1004.7036678219675 
5432.774813469868 3526035.641829565 2695.151599984956 
7625.8022492622 558097.286204821 1603.4411994069985 
5374.810968467689 3059330.587807671 3373.6453965216783 
12145.406408473444 332884.5748043326 1165.0402407253757 
12480.464894083 356736.9429486179 1155.6901930595018 
6374.262991211429 1307361.8985901563 1742.1868101887503 
7949.656081345025 2064165.7805930243 1340.6473114572323 
5449.442712163135 2656012.088869917 2919.2949299613656 
26394.309961765975 287673.0389162394 1083.2831311144446 
11017.409714860609 388325.4445099194 926.0313887372517 
5328.764559479954 9277534.59356051 5672.378587658962 
6535.496807811582 822805.3897539831 1689.9771003447754 
6951.88453625428 4671464.8624902265 1279.7111866429532 
5856.314542295617 4235854.640022786 2024.2561507662585 
16354.584175436465 268303.41249949194 1287.1321218808782 
9019.95431528391 1157205.5998854516 862.3761633586818 
5330.605178362003 9454050.583788194 5589.917882415493 
5368.34980215063 3699842.183754006 3743.8752593880085 
5990.938475637797 1748137.6470375191 2081.3643860910124 
6058.582241350114 1636788.149538191 1920.3715067432927 
5558.004163672207 4399683.505801732 2209.586624789144 
5648.526516494815 2818576.063483127 2257.895943988787 
6101.7123130739365 1203683.8092073146 1855.9853262308075 
8817.852231440596 547382.925856656 1038.7835790616139 
5512.344730550192 2201719.136545296 2449.074195282623 
11577.721991454739 317411.3109926328 1170.3813206248017 
5589.4093186580485 3215745.211350327 2309.3458932943204 
17284.155161397564 275231.7757043119 1238.0459491391557 
5494.089456077671 3929605.6294754995 2631.1743416799018 
9958.040165535589 467078.3180481982 1531.1539595347092 
8077.595120025957 628930.2096241681 1428.2414391760763 
8733.55131201899 3155001.0221566893 904.8308519920249 
5886.888856754096 1462683.5584516283 2109.646894319423 
16646.390112346497 316391.1808349579 1181.5484046499646 
5440.7019225592485 3328377.8636195473 2813.7764479416087 
6113.5910406838275 923433.5429320476 1791.604611655337 
6015.488718387984 2310896.3068887377 1970.024656121485 
8468.798863910915 1562220.5034553804 963.8723581096141 
5451.896473424137 4058071.174409842 2613.936811288435 
8568.448050311536 1905209.7650168054 957.9125585962056 
11566.551268367679 386440.73764485447 1240.652215393847 
5505.944403507116 2854613.6221113377 2551.2232811973417 
6693.83161737381 830755.9351093977 1423.1521634011576 
5738.667551589804 3034794.935537682 2187.059230256128 
6622.119988131843 1117741.8813941977 1654.5103295040603 
5586.789912563909 1956304.933684649 2513.0355831667302 
17141.247679219538 383257.6069426926 1146.3381569133849 
16900.960174971417 338349.2769010656 1154.7848035487157 
6269.639404188709 1542394.922705656 1790.9206492516614 
5473.592795087628 2523635.5780493296 2815.4282754168717 
8238.48841704809 575086.363306053 1563.874755772129 
7794.190545256567 429587.8158110384 1573.8574399602398 
5538.554523538098 2573838.595934641 2374.2506567931573 
26608.357136512237 245299.3083482114 1184.2659401157473 
5367.590848533788 3365345.833059635 4037.4343273131462 
14953.05405883564 283493.09593437647 1268.6712653492118 
10992.500005948219 353213.7954881361 1554.4290615548007 
5868.986258512023 2350398.70137046 2402.7304685505173 
5849.943182975325 2827904.465615548 2156.938682151797 
5320.237656034819 10495332.912039405 4426.235748794473 
5340.666811767662 5600700.936783707 3890.4230368093545 
5877.7847626911625 2646651.844362639 2347.4933604158177 
8457.321790879578 539158.6067194702 1569.822461314003 
10344.326956427085 734774.0684780257 966.0713056512661 
27184.053230341473 320894.77150145685 1137.9076775024982 
15210.329325366354 306030.51937540766 1269.596309676714 
5320.292639015878 13861839.532545127 5907.367149525584 
5343.0795713960015 38041139.665704206 4791.240695557745 
5331.493919995193 19875739.98037735 5063.250884638176 
24412.12916522203 342019.57884130976 1165.3826983301658 
17186.66150821645 432439.28868201276 1133.079880648576 
5403.859521638015 8073466.379176414 3410.3113163758203 
5335.329853564165 11571453.109395592 5520.799248464775 
