8056.084916137183 12983.508009659037 0 
8027.925823645797 13361.208706417474 19.062073762988845 
8009.978655031039 49698039.73512314 17018.181051667456 
8009.993810388119 26887673.53154414 8086.859530993803 
8063.880165287277 13088.363563677802 2.6151218726510423 
8009.983538586807 9686438.028367653 11342.984125487175 
8010.123644794826 18827468.86610182 2286.4510181503165 
8049.389573481329 15857.558918547376 0 
8009.984996529473 19848236.261945263 8383.966536018208 
8009.980023515363 3036439.6733415057 13116.110957757075 
8010.0285353828785 7222455.098901948 3258.712238824559 
8009.982811373104 128876660.57620686 13025.055758989845 
8009.992590786665 7002285.407498508 8429.402553242628 
8042.226343304111 14795.633331722454 1.0257350611365452 
8009.986540480359 5218935.63665122 9237.461639680067 
8009.985378924334 4401001.9664974855 10036.215612437543 
8010.020580111584 1972106.0832114161 4430.4736904171605 
8010.004189799985 2767669.8843553327 6383.407588537901 
8041.336355552816 14955.517216187294 1.0566973312680015 
8010.020157413279 720001.0638803192 6913.492174066035 
8010.026071554607 1712016.3752831137 3480.988510188013 
8010.014747168581 3668677.728302183 5075.520265484735 
8009.991181137335 4660942.669224133 10778.549250196264 
8036.876400949555 14820.578653156435 4.295836739602704 
8010.007290985879 980871.2042776733 5391.6581872187435 
8009.99368497281 2794915.8040276966 7851.063087774553 
8009.981709830476 3100969.8835243797 12522.154391050779 
8010.1393745078785 875574.3196098235 1799.1366966421174 
8010.245692968964 9584628.723338626 1604.2737235078764 
8021.1350935507235 18033.565650681598 43.57294348626823 
8034.780273999668 15647.540128583943 7.056819266626501 
8010.360777208376 345118.6537939692 1150.5492781422417 
8010.058353343452 1703123.8807862708 3025.3914623731334 
8030.981187454897 15744.294406157638 10.460123860355996 
8033.515629842516 17028.0107378376 8.015164844833977 
8022.571570234246 17948.406767519464 39.10634855601002 
8010.848841291445 380639.4161628084 516.9913868358994 
8009.982408956415 4101705.221219727 13075.177569110998 
8010.0822408196045 1312921.001435294 2683.2784344913625 
8029.733990470766 14465.983287349398 14.882690648568435 
8010.058842527156 1217368.9621193232 3066.4814093566793 
8010.140851748517 624559.5415979584 2051.530941870532 
8031.562307344562 17548.404741957198 10.446464725611579 
8010.155479335353 677735.4240816081 1659.7750709959955 
8013.2884024998 46437.792356213664 171.58528508510906 
8011.053292046071 205649.15177858275 440.5693292452547 
8010.4609312045 760479.285457397 876.0535391392795 
8028.807142747659 14957.110370945455 13.834840563232078 
8032.375085171472 14624.715364441847 9.483967369082789 
8018.974741906783 31719.885036061423 65.21194114944664 
8010.138326637605 1047527.3052820675 1990.8238318587714 
8015.3336969644215 34029.253094981286 124.10593380230381 
8035.712953689338 16029.097031691488 11.183970437246325 
8020.333753024807 22592.077294190145 42.33885204829215 
8014.244956889739 54744.507807237314 162.25793554134745 
8026.9586551211205 18045.296314912805 17.460350780105806 
8036.701541241336 15956.557771204458 5.677861999229276 
8013.017257831294 49806.27806302416 205.67627400603402 
8012.3579329325985 63671.49185909917 231.11679280060278 
8010.606273353098 468194.83047364076 678.1505220795862 
8011.44447355975 85242.02423700342 333.9479790619104 
8015.9439541207175 30973.20980234615 111.90397695898399 
8011.947195898725 336823.1602740157 305.7165902554181 
8025.636234947302 17840.525841347968 22.557954438874507 
8014.783578379662 39019.838291298525 133.28851547461431 
8010.253582937361 446726.7085515978 1346.0601745579174 
8010.401672382046 312187.93653009075 965.997903280314 
8010.69537243663 2705081.124561505 641.0167867332151 
8010.082879581939 996348.7260376627 2575.6149133680747 
8035.467269800426 14312.418727345526 11.37567135614154 
8024.219161410641 18680.159796771757 23.866140285286505 
8017.491094534262 30684.232729721116 77.40843140061737 
8027.3470431628175 14481.066375030843 15.696960088433787 
8010.533869710525 426209.54884889635 767.1410762293605 
8018.106021320253 25874.09786626099 65.6534042898694 
8024.833328253668 18837.362287741842 22.65597707022001 
8010.315663743199 384079.39427316317 1230.6073989594488 
8025.089945799495 20950.343970878435 21.503316740602656 
8026.157926797532 15879.950884513473 20.16492264824856 
8010.38773881413 288457.53470270947 1066.0664506656103 
8011.343827617891 297790.0712759881 377.06046517501636 
8023.237836948889 24279.890383224803 29.28124434021832 
8010.097376573784 1374511.0801213125 2446.467141759237 
8010.049210612751 2574738.34782177 3013.0283892254597 
8019.358537154632 34071.191549397445 57.811100009609056 
8022.835598175885 16748.93469083766 33.14280236792385 
8012.118036192618 77601.88443440996 260.79430186205155 
8010.116210742721 4237171.685766789 2449.5575701228845 
8019.981104484615 19987.380286569976 45.545848802371694 
8017.184384955344 37442.15277144845 81.25920185817823 
8018.081893642502 25017.525159775803 65.78455332233435 
8029.288750959859 15469.819504552308 13.450165800441996 
8023.581937973369 20393.194376275238 25.617422291080757 
8023.869549868616 16293.162475606925 32.77227102889297 
8014.352186570352 38641.11933629234 142.1761184389297 
8032.90317495268 15460.140455379778 9.220958986752322 
8019.674803633403 25685.84025111956 49.02102717487965 
8027.892722055068 16362.285071438024 15.433790462093032 
8016.656744313537 36654.358176981856 87.652669540417 
8016.859201562559 32867.83426592891 90.7804986508577 
