8049.3101703825405 11869.343906438411 0 
8039.26296230908 11907.374376319947 3.5686146832588928 
8009.979856741822 78863814.69905011 11595.579744786171 
8009.978255574382 83130471.01053181 17536.902165679974 
8010.094558924909 10048238.810517909 2281.0349193484903 
8009.978777305547 2907888.6432044366 13044.46166176092 
8009.987125066495 4761557.0811798815 7360.454377056038 
8045.650664910282 14637.396903955085 0 
8031.286021680465 16501.915124259584 12.037845988391277 
8009.9853597566 13463283.471040318 9381.344436019206 
8042.556249201898 15624.962368564937 1.001093405103346 
8009.993234854726 11820045.792424925 5779.043431519093 
8009.979763798387 112952009.22998726 10646.532518354554 
8027.847538563338 14322.645296525288 15.457155561862344 
8009.979263284331 2822898.2607373674 12470.294608344992 
8009.980437482319 5721729.0146532 9632.849030718693 
8033.6995067933685 23306.419111991905 10.31945177522802 
8010.0370340868885 1095760.4809891072 3040.882974223699 
8040.439654103389 19125.84268807199 1.0013358535772647 
8010.019172603447 2670302.9641397353 4551.355055485305 
8010.056333808654 535418.8921114461 3804.6505765666484 
8010.008453968436 2948030.248516389 5059.216951464936 
8009.981378200652 2660520.603221038 9834.398445720415 
8035.11963311463 12336.558802541256 7.195138786281359 
8010.021636660328 2115134.4582501557 3955.1500066798144 
8024.059632011782 20481.436356890605 31.497341644768184 
8010.01209547928 1020633.8769981611 5384.713924545967 
8010.052703021178 1111737.5182063768 2754.0047579737443 
8033.973322032134 19277.967430863555 10.213671417347284 
8023.116867961291 17338.591740512944 31.97842885661977 
8022.176153968116 19305.21738236772 36.007301887651366 
8040.278204386246 15224.732778984793 1.012283837928026 
8021.446354619155 19883.516970877936 48.200202764638256 
8010.082213729284 1055633.7146759464 2416.15684979033 
8010.6766389822005 5307149.20855934 707.5397257000511 
8018.25356038563 21107.391295735757 61.536002479857316 
8026.727824887319 15388.116713507814 17.302682715771365 
8027.285909504396 19548.937828959042 15.673822534088721 
8024.981309035353 13618.16748417378 29.83935102536998 
8026.127173768874 14670.653246617636 20.122845445252597 
8038.138221085881 14145.120211634969 3.368712699260801 
8018.926950940236 27713.30552908851 58.00197528986926 
8015.808099686554 32789.690884993426 111.88864410583342 
8036.480314348916 15376.208845013278 6.591884738663781 
8035.890144734902 18065.211221675276 5.7374152347400695 
8011.918800479802 82628.36594336535 292.43256596284687 
8010.209592880654 1290548.6465325889 1528.6727050601862 
8015.222275257909 34406.2024826567 111.54839637108269 
8025.716733163326 19220.86540100634 25.03774202640836 
8012.339941736975 148693.99639640973 240.86513529438824 
8037.282755586165 17022.826465873535 4.522215834822088 
8010.139812875862 710451.7486793185 1777.9058442873018 
8010.271002514286 467689.3130670951 1339.4886365423688 
8022.774280266653 20575.097463217226 33.175267133545425 
8013.891331591019 47877.372644517396 163.3020465391789 
8014.827977476082 30742.885315923457 143.6789308846739 
8038.951124805067 12828.95614469411 3.588782596316621 
8010.839594010703 223622.6568170034 549.8221840705144 
8037.184488515633 16186.907157009424 4.650862263413974 
8021.004069370065 20835.390084159077 52.6657393282349 
8011.593861630343 153126.5266997152 342.92475732342245 
8010.458261843005 367171.5029570707 1005.6293498275227 
8038.369369522593 13909.46031577918 3.2436364287126804 
8013.355188533298 81991.44380893397 181.9346782013554 
8012.751047663187 58383.92009467051 204.21974852868243 
8016.21614143222 201449.05654027226 111.03852867452434 
8010.110687339226 1205020.7794922576 2024.7149799175613 
8025.162511321208 19872.69871535635 21.524951892165614 
8017.784778722912 25062.899929828443 73.11092480677684 
8010.130031451576 645672.6320668958 2016.4279368129037 
8014.424520527089 41370.21922525219 132.16537810161648 
8010.405383350502 389160.5554397661 1206.4249479707894 
8011.449664681451 286002.0512729491 412.3368351305279 
8020.272921604002 24107.666373400436 46.409443946857806 
8017.305363288101 29666.142119408778 85.20162045110297 
8016.464442212228 67822.2580778795 103.03133558369449 
8013.455181535294 43510.60654171347 182.78920801128396 
8014.253585851029 59037.42056215281 154.88111760849122 
8010.980164145184 415719.045208803 500.5450836232903 
8010.228981624797 800226.1758974369 1669.140922474185 
8019.384240891167 29188.463423138535 54.52551725291953 
8010.700901201916 274637.21740791603 946.4977756646388 
8016.994288208394 32870.781857730835 86.3011362567212 
8017.603680606447 28754.201165457613 82.61409399927757 
8012.677613954762 59730.189717156885 206.43643028002518 
8011.206774502171 830495.8652259775 466.64045428002777 
8010.308432793238 421383.50281433173 1211.3083878068242 
8019.290382515481 21635.317225431805 59.54992344008271 
8019.808403201859 20996.64528875579 58.05663838882967 
8020.042459917902 24090.293471815414 46.41465242621867 
8010.681613951991 283324.0688196469 862.7536633550102 
8010.181444483192 1318994.8110246817 1593.9796478560354 
8020.650930082713 20918.17943224675 40.62802136497897 
8010.535026005501 408008.16708522383 776.1383946618897 
8011.237050077888 137124.1478343823 451.24252236488803 
8020.672917384142 27365.92044833054 39.11795598347214 
8016.7571079730715 25456.690492681184 90.57155197616193 
8036.159198019475 18496.029486701882 4.560010985092575 
8010.613274804131 317265.4827467315 760.8050262048234 
8036.145374285464 16479.08195462755 5.137442787615164 
