8051.490970426565 37622.227289592214 6.672114197126132 
8009.979085373882 2257522837.2982435 42276.26829552371 
8019.32935708981 19780.29363838054 76.05330359670927 
8010.066925859149 7759530.714197758 2731.980456377564 
8009.979707206085 3177053.796743869 11489.571404855742 
8039.344513395156 27728.706858283982 9.957687467392109 
8045.156079333625 27533.540990162477 7.765717820348069 
8046.998598499555 24786.308398669702 15.456488588897653 
8036.920002954014 27737.775986425622 13.968318515886086 
8024.002048967403 30488.14975092845 33.74236501197408 
8050.796986969854 41188.34291349248 6.920420499632207 
8034.524937664803 26224.77033091829 14.45819876333481 
8021.274957718391 29107.944751908577 42.14168897866624 
8009.98202365494 5594229.379555735 10337.817065596877 
8009.98400472841 3162556.250198698 8243.4369737164 
8027.912226085684 25802.391149494004 24.42066847542852 
8026.003646381231 33082.311005057876 31.09105809803172 
8029.952954406344 30739.819656590855 19.713531721457905 
8033.038498593022 28646.49109931476 16.103658761067795 
8031.647755662871 29440.013374851107 18.639884829760657 
8029.575513204298 36379.907288485454 22.967048005933677 
8032.632922593599 29578.80605242053 12.354330305500383 
8009.9905552082355 2919294.796598144 7124.29730609672 
8027.1535162914115 28942.318176362434 24.737831575865346 
8009.984965119542 6321629.963840361 7883.379289577983 
8013.345531955744 114516.67235739325 194.03619116727998 
8010.022779696768 4741706.1684972355 3529.514169513158 
8031.661106824737 23743.868040876885 17.383863373040686 
8010.0325476894395 8435571.638487795 4433.549491718499 
8016.023821519894 65882.88834691768 113.8539588851359 
8010.003217476922 3297134.4084467706 5241.147855349549 
8014.771877378331 73557.53525641563 153.14128294793562 
8010.014450161054 999275.4887238012 4591.472247391958 
8016.770701406304 65766.96525055624 94.74375223770647 
8018.896451973057 41849.409209991914 65.08215807887333 
8014.075847196651 44283.860096218945 154.4517005565045 
8016.323361835368 159880.3391306854 105.93584249397749 
8017.760146800716 53182.68631975327 77.1504641731627 
8012.059620420392 62354.84095426103 263.13846887061754 
8012.741035858626 54326.031457098754 209.49354180292517 
8018.216675111426 39872.256615011545 72.85992843808447 
8020.423792407442 34355.39866772832 53.29679928312923 
8010.044128372309 1324700.0112166693 2948.7271063047383 
8011.055569395881 112336.6454249875 432.80043626015345 
8020.822282278057 32294.298415250087 46.0240243194393 
8019.905807777401 36690.797075198585 55.85291746989603 
8010.008026782463 970592.9462940583 5582.805702119989 
8013.74882435313 173546.38265096722 171.67251708593696 
8015.3874313586275 22539.648348998246 114.90202496380435 
8014.935334122621 42553.63964423808 134.4200150975686 
8010.751655577731 216524.37377090962 602.7765444495136 
8017.137841908792 66632.44830543343 90.22577587010878 
8009.9989892937265 2192646.489388659 6619.3623921947 
8010.003721155461 6932579.522830052 5930.915185487345 
8019.749684399789 39140.74601241573 57.66444181878492 
8010.0033856909995 2808112.4613897605 6087.15697850175 
8026.800892878227 36305.78846907733 27.613392166467186 
8010.000581480694 1963191.8644452225 6474.1580777467225 
8010.034030735076 1713286.5812793851 3427.656372264806 
8015.386558212488 68618.3613845872 130.0856642678756 
8018.189116007821 50224.739142525665 81.38112272588403 
8010.092969800283 1732902.4441162946 2419.592370858013 
8012.425330085857 78175.8196695126 258.7580421013834 
8019.024062258286 35883.1259387192 75.88329335849006 
8011.724086871113 286172.58428070456 295.3378123316271 
8019.335403451347 31490.159738903847 67.9771109600279 
8010.675774842509 399659.47443178756 679.2798166941985 
8017.437758041821 42694.25970680273 87.93568813366569 
8029.606712761004 31347.41464090564 19.155518241334665 
8026.62007643496 33924.54683676238 28.76671166690897 
8026.364340138201 30217.566934778275 33.21335225956774 
8011.4908947973945 303248.16880032927 348.384130045237 
8010.10640009135 921858.0239337728 2229.5344792918872 
8010.525351790808 2064146.2538085633 793.2628062185479 
8011.248385818666 637069.405136444 406.4085740329864 
8010.10908355523 3379217138.2675147 4277.367268134861 
8013.971426149666 91002.91192709323 159.52565226995367 
8026.031697191319 37292.957397550745 29.98523221812621 
8010.069645897978 993919.3995755591 2627.4338883816667 
8010.361944061478 281208.4660054251 953.8759596797031 
8010.27393763261 2107001.6999328313 1296.2237657842168 
8010.324792822643 353693.35128909367 1106.658148829584 
8017.3828239425275 51359.33288975927 96.01935712208052 
8010.5304265364975 741961.136432251 882.7831660091965 
8011.359111732286 148979.02656747686 376.5718994770075 
8011.700699441127 795440.7308536281 339.2774857642823 
8026.40821861406 29721.95261693911 41.41832074914391 
8010.1908681896675 4328499.858243443 1543.8954719137535 
8010.20348156794 3014158.2518045646 1453.312600310125 
8010.171198639683 2584997.0421049576 1687.3847680269141 
8020.599739724683 38399.189190036675 49.88854017327293 
8010.235736764573 624907.6957030285 1348.9461494054628 
8010.1198666193295 10522772.611880068 2009.6496939478106 
8012.583631279746 132433.06351393188 235.91633875419723 
8010.355957097037 503377.25289150176 1047.2601165294063 
8010.014238369391 6996344.954028029 4427.26991666116 
8012.650603651596 174952.656360124 224.26086848101102 
8020.5957901091715 30592.66654034903 73.67753004380405 
8012.4820004100575 116949.23118685349 247.99044315844816 
8010.164081032866 688233.1679556188 1774.4431981110295 
