8045.645293834918 10923.88637286504 1.4030337359498495 
8009.978666474894 17428533196.340813 99516.57252961483 
8059.3330685684 11543.532057317549 0 
8010.036152939961 1421238.2946330933 3026.4774576348864 
8009.979951275036 949086181.3750433 23263.353816775343 
8047.7132355035965 13297.438555737917 0 
8042.61133247129 14852.29019172676 1.004909009248533 
8040.081185634528 14509.168558930996 1.017410263422158 
8032.372102358962 14782.086861149803 12.105818678372426 
8035.404090979532 12094.456130861206 7.182541497897456 
8023.134939561307 16913.174430353607 31.579289030128557 
8045.753442857082 14053.466392958504 0 
8030.554278813601 14742.088290093614 15.626404442771804 
8033.588765271106 14070.004332919403 6.335709657328186 
8009.983696945189 5310107.384706009 9811.814813931227 
8028.762410759371 15078.336355054786 15.732874207923377 
8018.25501342368 22550.275362598233 61.47160024816819 
8035.868075275292 17591.848822338387 4.649822117791671 
8039.157913588503 11846.246850289219 3.4345006013864143 
8009.9894169978215 8042083.864489595 6884.17025871326 
8030.1213326082325 20452.860888838575 11.520793283335385 
8009.980216651953 2653456.9481602013 12761.40001670485 
8027.811389022952 16023.367610833624 15.441989596780827 
8019.606523103907 25867.709050984136 54.88148076284118 
8015.431696785298 34857.9512411434 109.05507197106874 
8037.191722652359 16959.06382412563 4.660711229305903 
8024.306060512666 14875.669021104886 27.40215740190121 
8016.627085853628 28128.524604277263 98.94112605428417 
8033.367823560158 18673.072371977625 11.24060835118443 
8010.007118275407 1715424.4791322565 5021.050510019702 
8014.427959755892 47101.186456570926 134.31812614473967 
8022.175856345501 18003.7000353858 36.29612670345245 
8017.305343019321 29727.200077864505 85.19317641593932 
8026.726125371266 15281.473697434558 18.30920609405671 
8038.356334959853 13807.964781385283 3.2590519166099914 
8037.976629758615 12477.97766442602 3.3382944493480853 
8025.626522730307 18863.911619701466 22.49124931985788 
8017.800849032437 24476.600985483128 72.99126155645808 
8028.269073759313 15274.852478903616 15.012659634014787 
8020.2696504565665 23038.163860826946 46.07859522350609 
8025.164082034456 19935.596270341426 21.535726074995495 
8037.274635742337 17344.33551630727 4.522393224520654 
8013.349014336363 63733.18631626174 173.02494995352143 
8021.340150225373 15845.236300716257 41.49480026056449 
8009.984575859464 11536657.950338973 8837.406037043631 
8021.946483819198 15222.465355635248 37.57452378991945 
8011.930156774184 87579.08388283335 292.79504856957476 
8020.735019734444 19202.165145241197 46.87725472157214 
8016.085707119571 26538.387162900177 109.38721031723156 
8012.338472760415 142337.99753903365 241.3778557397024 
8010.04774275609 1866060.3448498747 3180.9999271374145 
8021.487742724169 20593.10769858359 39.3974539967426 
8026.177017773587 15030.510572401696 20.113006585563863 
8019.83227873152 20622.998241780817 50.12923221227499 
8014.243898653828 60562.21596634371 155.12086071680912 
8009.993886852739 2064428.0253147501 8113.545221557837 
8012.9963265691185 53045.86945447486 199.44367089746257 
8024.832036109363 14872.274711510987 26.378270315176735 
8013.726431297004 59008.0878843349 184.72123320943408 
8013.863096799918 41915.4550430414 162.36257527322388 
8012.704743085602 144731.17561033455 246.02939275179918 
8026.63377831971 15500.906218977401 19.161887031867344 
8011.507813088336 135162.0808942592 338.9044142280697 
8026.227507817313 16290.902723266356 19.87193608006112 
8015.85028009909 32407.837675403076 113.71107029254425 
8020.704966221632 21020.064779464454 42.28504416098184 
8024.610354319893 20145.244753866427 27.078718703569486 
8010.009343262428 1037683.8168666598 4377.157724062001 
8010.069630442732 1892859.9969113115 2609.298392465485 
8012.109501933021 83297.65255257422 329.90341609874463 
8030.331206599789 20087.0089739157 12.410400261434372 
8009.9880533808955 2661297.274640101 8642.721073744628 
8010.960446119237 185406.0407517766 820.3838578439239 
8009.9998502139715 5256763.397807337 4903.091167234445 
8010.570909728298 1966710.796831748 770.6504707221699 
8012.816597021151 53715.43707783533 205.4828742978429 
8010.084170866729 1011573.0063800893 2318.1575230379744 
8024.385731674485 23176.62822675692 25.734518534547135 
8010.751618448562 315781.7010533527 768.1856075327868 
8011.153094715844 169792.4356612021 529.5079604029435 
8010.673609587292 366763.2969068764 643.4158835809642 
8010.321778901147 417120.2315462047 1200.277526593779 
8019.681590782573 24362.236211825195 54.01117395124407 
8011.459362464058 411379.835209378 405.94827338664504 
8010.111248757949 1821127.1685763272 2079.3654100812764 
8010.4143372413655 435105.8795298098 968.6029584996152 
8011.306031387283 103385.2423957909 474.0840897106712 
8011.062446719044 116760.28174981495 554.6754337781483 
8016.010372652305 26891.52090195242 105.48782760158862 
8011.31927657077 979187.6142912541 445.3231739335985 
8010.27212982641 468342.03294630116 1343.6805113156834 
8010.037860229683 1226412.8746790788 4079.164255338062 
8010.20948085488 1329869.566475144 1529.5800334149942 
8010.418170882574 424614.8739350259 964.7496592207508 
8015.898576479468 35034.84219864137 102.79141149128658 
8010.255447412408 566642.0957295123 1500.6425946862869 
8010.714215229891 262606.0603663839 937.0068542923846 
8010.139052942715 4293610.613943502 1838.3718667342355 
8010.132090126167 1027348.5753004856 1961.983730213511 
8010.191706525917 790151.5797377464 1722.8128149265563 
