8009.978666474894 17428533196.340813 99516.57252961483 
8059.284884008983 11940.63075769023 1.3385430420559463 
8058.12390543335 10817.364983799964 1.019522618860627 
8009.979817798019 949086039.9237152 23265.01317095715 
8047.734500681173 14485.525571298329 2.4348939448881453 
8009.980429680375 362563933.9446879 15498.97733749812 
8042.61133247129 14852.29019172676 1.004909009248533 
8009.989757792734 9029296.554503396 6947.4846097899135 
8040.077177318679 14380.650266397553 1.0186807437696181 
8045.636495123763 10985.26915090305 1.4030337359498495 
8032.289871866752 15087.699186057402 12.315070924199594 
8045.751843136522 14464.655756674741 1.4892597835368726 
8028.697112860624 15255.154645162216 15.743214307019242 
8030.543633197795 14968.909720263664 15.626797291689968 
8009.983600153976 3706956.0978804515 9771.1123578586 
8033.588765271106 14070.004332919403 6.335709657328186 
8035.310951629206 14780.80609384533 6.018684266934295 
8030.3343123013565 20642.579613606227 13.188543925062062 
8018.2413240862725 20442.21919536454 61.56626964848925 
8039.174087832652 11841.625364270567 3.4345006013864143 
8027.811389022952 16023.367610833624 15.441989596780827 
8019.587548649712 25137.303106777388 54.88219854068156 
8036.336855322796 12767.421248310624 7.007359465443798 
8024.305027107811 14957.565585041106 28.591818394942784 
8038.341265677951 13872.21035826779 3.266974938712738 
8023.134811134518 15873.684058144145 31.56106355302468 
8025.163414288358 20068.57850123924 21.534994176014678 
8026.725842305274 14788.053532019301 18.303382800239323 
8014.421632444997 49477.2638571577 133.79526414628205 
8022.127906118692 17873.471656133894 37.62471427472384 
8017.301474605457 30119.542563135317 85.19870991600507 
8037.992385903707 13004.724656770792 5.110250562733919 
8025.668826129163 16033.183071615866 22.48724922735658 
8015.319901997182 87005.29841761196 126.20781212289808 
8033.345407837819 14688.491543291133 11.675522516308167 
8010.007733772305 1626955.704200793 5021.297996873422 
8028.275783735968 15367.350804530108 15.012324338274432 
8023.078513470613 22952.374308189188 32.367030150911674 
8037.175439389466 17059.122348193025 5.661998220109713 
8035.868075275292 17591.848822338387 4.649822117791671 
8009.993498354641 2556054.948375417 8149.626498929434 
8037.276836437843 17338.076131433467 4.521829079191405 
8010.035458090155 2047368.3096969724 3038.4867329531635 
8024.483113306945 13107.729687425102 22.60195964885892 
8020.261409438233 22288.531592426712 45.23439382246977 
8021.329046506275 16880.61212238487 41.47890504634496 
8010.0384852091765 1439082.2490905488 4078.0676980788835 
8012.340679385957 130478.5221926589 238.41445083511408 
8016.722226558714 33332.605843044 91.71982106124207 
8022.000270085708 15318.412747308976 37.6074983433211 
8012.819671576778 53464.59216150797 205.5715979361163 
8020.742736283959 21022.29747073449 42.27026552294318 
8013.35274843277 64745.76612143264 173.1089351890195 
8021.487742724169 20593.10769858359 39.3974539967426 
8016.627085853628 28128.524604277263 98.94112605428417 
8011.929752945063 87643.19369453371 294.0570418032823 
8016.076494977018 26311.127379067828 108.89292334412414 
8009.984636563093 7667858.298984095 8816.098498442634 
8015.849359158243 32971.29458197788 114.13728603881283 
8014.236462748488 66100.90542081138 153.8915640450153 
8026.182189426882 15028.489831252355 20.113159236676793 
8035.39321390973 12302.526481591392 7.1828857820466965 
8012.994921516028 58668.599936755476 199.5640364214946 
8017.788857904422 24493.96463732678 73.04036524037168 
8015.427252769654 38050.07682701134 110.10297147934031 
8013.861822113615 42475.01029099612 162.34539892414148 
8011.506625565611 130341.90087861237 338.57212174992947 
8026.63377831971 15500.906218977401 19.161887031867344 
8020.662216145057 19597.11725871348 44.61355831225889 
8017.837912027395 25109.041464615297 72.5376487414732 
8026.215934482187 15875.73095600017 19.51594279929416 
8010.009343262428 1037683.8168666598 4377.157724062001 
8010.414761914375 436984.1439551295 969.1695125660851 
8019.904482232521 18817.38800577756 53.70527208001393 
8010.071779383476 1041991.1715499207 2583.52657995222 
8010.960446119237 185406.0407517766 820.3838578439239 
8013.654779980428 61907.236724915616 176.62684920952526 
8010.751353581501 316889.6001185386 769.4986559365664 
8009.987433068743 2588043.84781727 8636.102339117051 
8009.9998502139715 5256763.397807337 4903.091167234445 
8010.32931770987 415251.30634487816 1195.1402133615763 
8010.111248757949 1821127.1685763272 2079.3654100812764 
8010.084170866729 1011573.0063800893 2318.1575230379744 
8010.672937688973 316474.30572312145 640.779918773826 
8010.27212982641 468342.03294630116 1343.6805113156834 
8010.5695851495475 1697513.3360691539 798.7766704764683 
8011.153164745152 174448.0480122633 532.7421541114144 
8019.681590782573 24362.236211825195 54.01117395124407 
8010.20948085488 1329869.566475144 1529.5800334149942 
8010.138893178537 4337670.201163236 1839.0026052708256 
8012.162535536466 90479.75020604437 279.1723570597891 
8012.10822581362 84971.0188117551 330.96349872619754 
8011.057995345086 118006.61745522193 554.2481563089065 
8033.367823560158 18673.072371977625 11.24060835118443 
8011.458980146135 376067.2766126376 405.9623253099205 
8016.009439552785 26892.40653562278 105.48818804995608 
8019.865263495101 20605.67918426564 47.07728390057805 
8010.191706525917 790151.5797377464 1722.8128149265563 
8013.726431297004 59008.0878843349 184.72123320943408 
8011.306420370873 103510.72897938824 478.22550639261476 
