8011.940839330857 66820.87162918254 336.61791944918605 
8010.4142999057885 263118.12418225093 947.6767015134373 
8013.325387769679 45028.24768085483 232.32306629153067 
8069.498605009765 5517.74054582692 0 
8120.989243013563 3831.405982660288 10.95080927133853 
8010.411831394898 1092362.7844640221 905.5310463187232 
8012.265866239933 130044.92215151928 246.4169918248154 
8010.622342183395 207882.95510809726 621.2978475533093 
8010.516111049547 852258.4507858217 744.8298724776762 
8028.628883513348 159900.5491741295 46.6143939042923 
8010.438471606726 234839.18509941146 855.3190285872116 
8009.978485919667 43767806.22203557 14029.994281361085 
8013.325912002902 125881.55925144993 212.44039011016886 
8010.078458672894 173457196.1766969 2900.6979296885575 
8010.297092303452 540384.3304822785 1087.4724101142165 
8010.05574721071 962304.7689725859 2587.0781298645097 
8010.768596461282 150441.97534768342 547.9295735803775 
8010.502001149089 233201.64424363067 767.1192990021767 
8063.1230087736185 72568.98684090165 7.137460851493173 
8009.979149904073 1758955.8246686466 7976.155132890045 
8011.808468589154 135226.00615646524 307.8809835494845 
8010.810305289175 131298.7647790578 510.5459583389756 
8010.024713847708 1903803.2464995356 2989.6402177258688 
8009.977471681288 41990274.58848108 226217.6825145691 
8010.154604204454 460038.60654167976 1662.0938480494603 
8010.186012812906 612609.3940199795 1569.8514882956513 
8010.901481900106 126865.23933060549 572.1894062654169 
8010.632617078965 163995.0427210205 650.6468284522018 
8012.0503383316745 1447228.3885886986 280.30464960843955 
8011.017963498067 134583.84895463666 477.5921239660706 
8010.545682582063 360157.300115764 702.8472211488669 
8023.3039951750525 48957.90274752813 48.02729878636468 
8010.233576493445 6641613.398581855 1390.396447157407 
8010.212434342377 1071616.912640427 1407.2940805510993 
8014.507385697698 371825.4652474753 178.90993485596664 
8010.1476367756795 633776.7581615777 2292.718124863203 
8011.18152517266 420522.76413458836 473.47967063040306 
8010.705786983815 218762.00066389784 609.8225471885008 
8011.277796930621 228651.71765732905 402.47571146083754 
8010.378674006398 569609.1373664484 922.0174351741632 
8069.2784175958095 12205.373879190596 9.61695234670791 
8010.128003470551 1456009.1805722646 2071.5778902111915 
8027.857632321167 29171.126931282117 56.00274560662194 
8046.542080829677 12511.421146482751 21.04823366446873 
8014.023367735057 324032.0866558055 190.3305705911807 
8010.129008817787 1684613.2300020254 1906.7628500949822 
8010.202688701768 1263300.9752747964 1508.6243558136975 
8010.340489329124 648655.5853199407 993.2842886389645 
8039.487441629361 378253.1331376173 26.67913099668295 
8010.246493355567 1640142.4322630633 1312.4341548581133 
8013.285513039041 134659.34851887065 228.2989649699384 
8022.947866852902 13679.930922615647 92.71560951114606 
8010.977819804622 122558.30747262438 549.0107911617392 
8009.997749170196 2929535.1476685205 7097.616537546432 
8014.83768908044 7584110.819711464 186.83878279910144 
8019.628744867123 608814.1510403331 126.24779889540565 
8010.039711061119 1865858.6693663504 4133.796189705015 
8022.57094387691 676255.7797354858 77.28449090447552 
8009.977445125056 48571079.72048785 345349.81807480025 
8041.829603321359 20688.851291780637 49.08121517617853 
8010.113435747369 18910660.72262123 2509.7390797506546 
8010.147807289055 2713604.4511416787 1965.0108327608352 
8010.206760624624 625265.979214429 1546.6396572764336 
8014.569137891937 200527.12200763426 160.1594109309465 
8020.80952700131 50895.46241197591 77.99091206200583 
8010.29254705096 796002.0190189726 1119.9480109779054 
8015.448610549254 29388.312938346084 127.6158637106017 
8011.211037190247 143643.25127895563 474.78432890285177 
8011.915903757986 128175.87970089888 333.59538274879316 
8062.615392918693 312949.94573013217 13.541504045070042 
8010.388974054328 824742.4947000961 1133.0049403664304 
8010.133246761896 881375.0662978083 2103.874453688333 
8020.907143094606 259583.86599545678 75.62679514709413 
8021.8389520541505 19459.28431415619 71.9526382286809 
8010.277310839004 463708.18857537385 1291.9630218599573 
8012.141163381415 61490.11721576959 268.62299662817793 
8037.941083242589 244537.43383787049 46.16946334485014 
8068.357793926268 49933.34075357189 5.430449714035033 
8010.093031334277 634423.1894953138 2344.8608778774014 
8010.0219197392435 34010092.660335295 5110.924922744957 
8009.998082798071 6175428.232718793 6979.8571389991575 
8038.051464682099 212378.56810284214 37.31397160867647 
8014.2943921318765 51743.67664876819 180.85383192565882 
8010.118354838605 17313088.151883658 2246.390982204311 
8138.934420361156 23364.62178494786 6.175690316413053 
8080.169407863199 21406.56614835557 3.3125556828362814 
8073.365112392263 11573.676954755058 15.59443014520284 
8009.978227430165 277162661445.97266 28945618.49832813 
8010.276134712847 15145705.871249352 1407.814607443579 
8010.010122906704 2664570.7247598534 14944.423126030299 
8065.472019273957 289509.35704791144 12.336343996102189 
8053.7170317644195 221376.98196702657 23.1423305772175 
8026.2684292255035 717022.0870280018 121.01816524124386 
8045.076087315496 796524.2082141488 27.916708493911052 
8034.26095074325 5809856.654065793 92.34948332411405 
8049.648842386992 139186.51832160822 40.92301716747724 
8069.897522475909 61934.97480830403 7.420654255216976 
8040.45422115621 192605.96681124144 66.09669932841334 
8023.091742772238 67068.27671694757 287.85197487177294 
8037.350691862166 2244370.1375655504 56.727805740551304 
