13211.474463380375 214218.05269991356 0 
13471.471248831134 190158.90505453025 10.838849122676097 
8218.101015280867 89775521.71256346 1656.6415635763897 
15358.969881511302 194800.9092470808 5.9581896449922285 
8219.75634536184 42073819.09458778 1415.505435184623 
8218.385520806809 22110708.49449886 1416.8891523342343 
8219.808889081945 41967920.088689305 1272.4854848346115 
14315.281318797248 195119.4413155613 5.456510410740016 
8218.230693488365 10719614.291790534 1520.9756050243716 
15184.462236599842 191732.52399016157 8.809686412973669 
12479.895129105915 215261.48421827288 3.794820903102757 
11674.957866356568 216283.41807829088 5.478093385486601 
13989.748473634805 207987.31893427955 3.370892426089471 
8237.705126941764 9612730.440503504 724.4250017145866 
8229.618420740753 17361570.65609333 944.9533870334701 
8223.348131756873 15639960.54695436 1213.9063163960159 
8230.490523593602 12407074.652497247 970.2725611360036 
8259.129649898992 11463397.735054864 677.7328932027192 
8240.872421844771 7434177.360639369 811.0491215319801 
8268.879561682468 4351912.41873635 621.849739959441 
12843.542255873506 215490.59366392688 0 
8257.859681920212 4991828.348216293 1112.3129241063257 
8460.648998116834 2156178.6104223616 304.0049503264123 
11334.740776602095 216864.54014773841 4.465800293527001 
8220.439400286465 16530596.950100642 1370.942914744363 
8284.042677432866 10964463.40208227 571.0386763425822 
8221.189149209524 10190543.297654131 1354.685693190505 
11575.597012806382 218781.84948499734 4.4522403087345905 
8222.105156272533 9996204.54854914 1301.9578561779076 
8363.052169427732 3430874.3982928786 397.60797426059776 
8533.588871491394 786113.9923328238 260.163736232068 
8235.644818209163 7402474.031636386 1047.187591751222 
8227.440363157855 12016801.063393727 1039.6309585253832 
8232.612753127807 7782520.638899084 899.1997231927328 
8668.706421780567 723395.0022727089 109.64178372525535 
8705.806130679744 512006.31995174557 84.27764550218319 
8224.822677418424 7323036.590697969 1186.3357757880033 
8373.799675774027 2555823.157317452 330.1375175021874 
8331.994239467725 3127079.6420926237 458.1479555375106 
8289.316514052625 4028683.284264733 529.6118428944178 
8319.336635007909 3705684.727426951 473.8544519075713 
8278.289273512026 6656964.712640569 594.7906633515047 
10817.451045837202 231003.80835727596 1.005722362617441 
8235.422289474784 7042354.049058324 1139.1406367171462 
8417.386194212317 1838958.0260170954 350.75159358634426 
8296.378593140653 6426615.94316409 504.7467866832241 
8249.61648717023 5840322.011508925 991.1873674636245 
9667.960048598197 302379.3211661995 17.071853852704567 
9895.131292833903 290020.3452992694 20.317457243159016 
8620.600322301998 604759.3369105534 173.64898766666866 
8245.646680607437 6070935.599874228 842.3574813773207 
10610.264462826068 239948.0196622568 26.329696484938957 
8590.658694150374 943202.4277635806 151.55811824973438 
12648.897526337627 208612.6366560502 5.811007696546653 
11188.08390274153 200376.6938421093 6.186311160441315 
9773.527173398437 291635.4674574889 19.680675415423607 
8254.561190097764 6999353.556780463 704.3182615308926 
9540.682080692837 339286.4984181422 50.38742600766523 
8409.30990285811 2517310.370473894 431.04563001446365 
8619.083726577592 790064.1960277441 133.5213923139836 
10690.361472257875 234681.72683070588 10.525861229027669 
8515.108407918962 1123442.6551580594 229.09835378995973 
8800.004098288744 370683.5303068425 71.34169008816218 
10343.744637110363 262702.03807756834 4.082391507133384 
9261.442010197556 365365.3669692818 43.54177588176366 
10271.648374433604 278129.9990843956 14.232755943384873 
8563.902265414416 757242.5216151138 209.53492781112124 
8980.131614221013 515683.686364828 58.38026866191305 
9075.589575295451 469405.4682474239 63.93755627258402 
8349.068923062066 3900242.730697756 413.0550139184957 
8253.779663994464 5171841.0826604925 929.9482366901118 
9990.268968705619 313239.69000773353 5.59727400131192 
8537.380505240433 883967.5219932015 193.18996164153555 
11103.61531297513 226463.91584097428 3.276851601317569 
10148.829803743381 292318.7911157245 18.007345236724206 
8481.440228269734 942443.2247891013 232.49884072161692 
8437.223729130274 1760063.662235488 349.96833903200286 
8264.95105256534 5076909.818222403 874.7524689009847 
9397.406128117373 462638.607585916 38.09129221933031 
10480.015156592499 253294.9728614819 0 
10950.201137849821 244807.2948383573 0 
8258.543850093083 5445908.6205668915 906.757653894099 
8265.39285693703 5705803.810943164 860.4771009277948 
10088.358255728352 300626.46417772013 14.426007172195341 
8401.370048969988 2434277.862631484 515.5012728997589 
8277.341076133125 4280802.548525445 816.7440515709516 
9155.088063335326 480547.31073475606 49.680751043335526 
10996.972299865844 226985.4217164823 7.199409872185784 
8227.79200304758 16149070.876933008 989.0261759018042 
8854.690171296555 486357.9143000479 70.12492386433424 
9476.954074370522 336679.4480971849 65.03155814167083 
12718.603802371135 215718.07602256018 2.084209389159043 
8232.304992511308 7279996.614541901 1203.112915377371 
8933.334992768025 462360.7629522515 70.68841736382109 
10519.159731699372 250815.73623531734 8.712683071366001 
9224.34394855702 468967.27296253096 46.72626593964493 
8232.794952579647 7040981.841390168 1284.4071873336525 
9418.409917495563 755469.2315723934 36.99711912625488 
8230.361438527081 10081755.811346166 1129.6896137920098 
12789.27355400718 212366.89688281214 2.1428523156442907 
