5228.2082152313 30149834.899784997 12580.071670516862 
9847.400122626022 582350.0168198036 88.2024935128116 
9152.815537555003 1042220.4761457262 183.9001756853832 
9768.425937168598 697739.6887488861 252.38993035631796 
5228.229339578924 27898890.573704593 12414.220327795485 
8835.165655104394 741732.2632571175 194.35999441866522 
5228.298159508065 24288054.479091905 10763.860517329544 
7579.597898437329 1042859.520930365 259.06324573049585 
8141.254617682164 669660.2201392276 275.85182353227225 
5228.238819054972 23249209.187348403 11648.341790719804 
6683.750775678198 937586.2637213584 526.308576035011 
6268.116785093229 1450769.6427958934 597.8578553954411 
7193.308913088984 666291.0983422857 308.59672841439107 
6871.738369976244 1135750.5196819464 438.93430799087315 
5366.547221604586 3783580.3244527187 2164.604240469414 
5802.237048587136 2270353.2405621433 721.295662594865 
8839.955454533907 1658493.3402584232 176.2328749438467 
5984.948264248394 1446878.6921609547 867.7359526210753 
7874.557834744166 807531.8553356983 287.7846897520553 
7102.608985516283 1004696.690924055 374.81109518549306 
5232.320554312801 12550305.117368568 7000.0052506295015 
6212.564979839748 1496258.3998299926 642.4166195434269 
5228.8148932974345 21050689.782742396 9766.318464628295 
5238.403886974618 8281184.982872686 4766.884263541059 
5231.501385207934 15520933.538850915 7047.701507055927 
5230.592986521206 20037511.88544238 8252.92858454082 
5228.381958724778 20598264.231204286 10057.757547728714 
5237.512278937539 6611554.584237122 5434.04641894791 
5231.909791436519 17824502.777551033 6945.032320155743 
7772.40716597065 1023654.9880173099 260.577642174298 
5231.579855979901 14799043.142128712 8548.428385207148 
5232.983445648901 11488125.16942497 6845.880496607517 
5234.696615575617 16584255.08543217 5765.234252450833 
5232.62037487864 10200275.921367636 7544.540049111858 
5654.288093871814 15626454.693741491 1073.0597989707949 
5228.2294580114985 28917581.503524452 12207.684830828159 
5250.120241829151 13544509.141247844 3514.391764713688 
5233.0526183728525 10078231.512117397 6288.662409592333 
5228.210160273115 29065785.505892668 12297.232520530502 
5228.345775902918 20402903.356543325 10297.160151181675 
8121.134799212534 674912.7135342133 279.5138368934495 
5266.45701428863 7340387.810052995 3093.7085300976155 
5230.197584499989 19667005.64829124 8781.763936244268 
5231.34342171034 21859521.89806356 8125.874576724769 
5228.818649896733 17474522.181078784 9364.277567375795 
5228.264501496995 22388580.82991463 11247.615430114745 
5234.330441556233 5578338.434620138 5906.301537569622 
5277.057590127808 9010510.686406549 2850.6383230450774 
5228.329062824916 21902087.64471048 11045.43162612903 
5298.476990791901 9934140.780816775 2397.065442489692 
6740.208035707353 908542.909011731 507.2678839228323 
5229.068091554353 19379977.87289356 9145.210350717056 
5229.494656292003 17140645.67210648 9533.293140507898 
5233.595724125903 7428647.092388821 6594.059479004325 
5863.18021700588 1698477.3063650941 841.4027856032602 
5327.518593470417 13756103.03264092 1938.486120023556 
5228.801017087636 26377999.832809813 9979.470931267038 
5246.339876141197 13929656.956381418 3847.576962709491 
5240.444759664584 10340121.94592272 4434.314233206715 
5228.322228306906 22685473.244266137 11188.871631451628 
5568.495785363786 5412989.706458225 1097.1769390358672 
5388.641467112455 6042096.412749662 1292.4505715835262 
5229.277729985259 16981535.26595246 9912.083676116832 
5264.087611631492 9541836.489251304 3250.2740259571506 
5248.036589508418 7484033.804317318 3941.3963706244895 
5228.302407320296 24052188.811694458 10746.831987022115 
5291.2225625737165 8239112.912224446 2983.4378899248436 
5304.6561081370855 9185529.0800661 2300.6427582168603 
5250.718135153213 10755354.52094716 3388.3344158225987 
5239.89246696466 9583129.806083262 4659.191807789799 
5235.599571984703 10935589.736716887 5636.148265083577 
5232.338671147134 10139413.668556524 7784.621410209114 
5488.299699407633 5045584.691349213 1337.339621295567 
5530.667547382486 4263867.205966692 1205.1598259650268 
5333.175442895529 19490563.390311196 1688.2366015084513 
5230.360568219166 19509291.492697656 8710.904881969229 
5754.844549844805 4002211.1548349946 844.2099923310169 
5316.520354844799 11226435.630534675 2066.057530629328 
5237.609857488397 8958869.035075257 5002.880686606928 
5236.350577525474 11420428.03215721 4915.468867975984 
5234.762296424744 11089307.226309123 5252.048330573086 
5333.877272423595 4202318.841881273 1559.0343303691698 
5230.062405301858 14833513.129870906 8792.47150114864 
5460.364481597388 3977371.660404868 1483.7553590264747 
5698.110331388004 1875557.3703353838 944.0909912160547 
5302.743032378624 4617073.750676593 4376.752824191877 
5230.449178308876 14809802.920439858 8842.103105425409 
5248.230465250564 5714171.147760106 3976.062918744956 
5228.301882300742 22208650.595299773 10605.1941522771 
5247.023034792383 6115683.303603452 4214.3961793064145 
5244.5003569477 10772571.950343896 4106.453522029637 
7167.692489505877 1346637.6847631088 264.7114451605906 
5231.350470658664 22449212.944668856 7939.389960042816 
5596.537630284757 1782079.6118169993 1093.1303700207975 
5535.113388328064 2082792.7679722721 1322.408068540733 
5343.661443228392 4867420.2978243325 1532.92808500737 
5283.104975630451 5247858.3325425545 3613.2718367722186 
5248.279728080138 9844999.93334907 3814.907209986183 
5816.446533913922 1849411.0507298992 899.4435984167873 
5463.206110771916 4548578.623514653 1443.6287814852953 
