5226.981321774211 747618098.1776099 193715.44600329985 
13384.18609034333 176072.304226825 0 
13564.277020010482 175289.92028701442 1.0117175890187498 
5241.748073234328 78768463.7529958 31186.736740280037 
5230.210438252024 530457213.3877995 140348.14475752247 
5231.017834824556 521077307.89720744 151266.77187452954 
5252.317602639536 50495028.98678994 21589.669881597478 
5258.273393163531 31971186.932192005 16127.446229309899 
5322.298506982397 4844505.134002812 5180.602532230107 
5266.61010741514 8582037.267784981 11456.828181496317 
9364.92091974364 237031.28509114822 12.475532353208438 
7072.70103752379 295836.7381757518 86.54223021504419 
12230.381678703394 184240.8474706377 4.098683801270274 
8543.486198948392 286697.8847405602 29.06413082692154 
8945.486304358408 255639.60279963535 11.29369551931438 
6703.889368823836 308058.7063403912 90.29325544773826 
7443.224992392521 268410.85987457866 71.98409359032907 
5261.969408258863 19668753.43509005 12319.987559819583 
12726.139893159563 180132.3265620446 5.503836528648442 
7262.307387640147 291857.0053098143 89.77069797348167 
9860.891610734676 230104.33330945703 7.273197810036472 
9193.802582899263 249836.63070155226 10.99547527492685 
8694.413196169497 257167.52047915233 21.79949244059594 
11993.354195423366 185397.20291266273 1.0114955699654038 
9587.676041225362 230014.00041656225 10.040262457889924 
10060.52261553205 218610.94140936766 7.561178383692888 
8367.314472564394 232140.0071167713 47.13493121561842 
11630.691079918306 189866.30736387247 2.018186986054932 
7610.748827288579 259004.99283445507 71.2157135816365 
6848.699014827033 303842.8029939437 99.07624336996389 
11252.795993941752 194974.48826755135 1.0003233618948006 
5253.630510338669 14929276.894705005 19101.793018481017 
8155.457145183349 224664.58261882857 49.370214182377126 
13188.214756692974 179752.0024568504 3.108054149506925 
7920.532752346868 249742.88584343006 52.888302843615214 
6948.48269004393 299168.0270799373 98.21407245418251 
10371.597933171302 210654.2998475038 2.4527902669811428 
5834.27870234605 915281.530900151 407.4889864809877 
12537.172373026118 180769.5381387164 5.388201259754844 
5262.491286908161 17679290.52432618 15983.089682858259 
10837.382449053655 201450.22784667928 2.099605828109505 
13294.594101125944 176673.21166930202 2.012557709649906 
10252.748092037047 216005.13192204063 8.821396794442295 
11694.99921765014 189237.00272894406 3.0213245755065863 
5292.849183813619 5857111.602831002 3961.668337957632 
10678.80643686048 204036.56415526257 3.361337239449168 
11129.40496761605 196572.6139268224 3.285049881086713 
11541.952958549433 191399.50525239998 3.038551681522879 
5972.4394780905295 411737.93580266397 303.37770916668325 
10461.513708349688 205854.17683306927 9.735228854986069 
7680.039518517866 255615.21754524836 55.36490632100445 
12383.500695396546 185005.72789827132 1.0071243356923303 
7338.767813616882 309120.5208734239 70.53497036063192 
8401.179509044769 216432.48445855797 39.70910849479192 
13085.533509698133 181300.07853670523 0 
5361.022078792657 3076179.122002826 1238.2857972635115 
6182.385255067441 357342.9736668797 161.62054541155152 
8049.070793617411 238798.27495862433 59.95301219085525 
6385.900201222419 338190.7941440389 127.54913721902605 
6085.747564916179 366639.45972327713 192.8395670958181 
10992.261234281168 198570.90644775494 10.611150868098402 
12875.880230266073 181426.894192647 3.037622295529809 
5334.547382536857 5356055.050260414 1490.8390421513386 
5547.535759666342 1272145.498018351 588.6872381360156 
8802.545673201808 258222.0702424592 16.11776534237717 
9241.161276082627 238724.1987230116 13.775330729781345 
5689.869880628847 719536.1322848022 447.55843791847167 
6576.490331747723 317009.5226171276 107.59527058010883 
11385.57553015347 196425.19079108146 5.2400278047972915 
6471.566463968448 327905.8393510455 133.4575884697077 
9683.62639693315 208038.648323512 50.230368461416774 
5615.830838741724 699318.5364375939 558.9449972093646 
7797.966247075735 254432.61421573407 56.835935596342466 
5764.633611672307 1221500.8899662937 417.96806650137336 
12799.861674906248 177143.21381818838 4.237252822583087 
11835.110614897765 188518.26947009322 3.0287220283513188 
5260.038309604695 17252856.66342213 17843.932480800304 
10148.888920972513 214673.22216338408 10.114044597211858 
11276.282436742751 199344.25764948188 9.205304409233284 
5457.9113936310105 1322517.3159788044 695.7794684915971 
12976.053152728993 180404.8545258464 2.028660148539194 
12061.347725628199 625490.0244139503 23.009337894129697 
6296.27644320274 334696.45896137797 139.58534714727037 
10100.565358374166 211948.3992815234 12.02354328782363 
7830.092292794107 254306.30548339552 79.10485908252136 
10653.403145066692 235769.6058701764 7.8264482152033 
13012.240363362122 177112.39267042567 4.228794662388014 
6255.834911171451 353732.0077519495 184.96556400417506 
5436.052321638104 1263638.2534030792 709.07076563928 
6015.167771380606 381151.32952059247 246.684226147768 
10684.58851888237 234796.91351357926 9.235532747280786 
11880.912695321476 187378.2060686575 2.168052493640166 
12416.659270225766 182832.4527882308 1.0147038578581287 
8831.179993395557 258307.67650984705 18.15618649344227 
5264.626538713331 11757864.454497878 11824.942556052598 
11368.555331543706 799707.0320131817 34.245171684402706 
5280.021682227444 8422318.494986042 4444.915999947463 
10891.153625642355 198273.13071730285 12.523066355563998 
10897.505994936491 201015.68388421455 2.0640056169580996 
9615.959726010982 223598.5946982618 9.360626205606277 
