15429.564128469392 161818.73494843318 0 
5226.95705269606 262365612.20563033 132917.09580123876 
17112.56152585417 160512.7337160677 3.3682647742266427 
5243.536888854965 441008137.88653797 8966.18045728698 
5226.95783944592 159644040.90620193 109470.97622317629 
5226.962278291749 63040832.33629998 67364.30840225956 
5227.005341812399 103191639.86297464 45640.74219474218 
5227.021267468054 160958256.6257478 37524.43367326008 
7718.673310034904 249496.11932835943 54.42890885645738 
16547.242775772513 156806.01067450503 2.0982790436616763 
5240.573353215826 31304872.650452293 10165.799286380634 
5240.570590332489 28760512.58682608 16975.240600082314 
5226.965764049361 64479164.92652816 64171.69649541439 
7094.509047700639 292173.5525378501 63.47263664513912 
8089.40890971455 237318.19006203048 44.286431013824455 
5226.984156744634 90658258.96382973 48101.936352788776 
5227.060666561751 79049719.09823814 32988.29700560709 
15868.331713648775 158412.91685414346 4.11097959773347 
15234.340741379157 162726.90969813487 3.0330003054226706 
5228.248687628885 38426869.54167395 24798.44378055571 
16196.92100423267 157388.2187394933 6.418800407944982 
14782.542999838177 163062.85496655956 1.0075268133236996 
9295.665580742232 241016.517211195 16.52410752440108 
9813.233710248798 224641.58905693732 10.216496156819346 
8985.446434873504 255717.57746185848 38.333624060961796 
5226.976581380651 68213357.79578097 52627.07904250812 
10381.597453351482 202075.6855437639 45.0573102019533 
5227.1363489158675 47273757.668886736 28433.680371998144 
12089.494848511831 179880.74362973566 3.161061407673417 
14617.409346080634 164497.0094870942 0 
13952.013500636298 167795.5967563361 0 
8463.422387591563 295670.23000608635 26.79918219366562 
12472.139317574709 178700.99859560933 1.011524961114463 
5227.156456529506 45080636.36772134 23409.362942393145 
5226.971644183923 48959143.895189084 60079.12229604014 
5264.642313180384 9034042.652156215 6145.217284315328 
5228.343650735626 42422596.38319282 20938.385587506353 
10932.835760975195 194801.5292401597 7.507887222118854 
5227.009803056669 75882757.96902117 40383.5198040286 
15489.81721111695 160514.65301950934 3.082306428350584 
10961.13711223074 192399.35954918136 6.2765892989069645 
8707.537733155898 273552.9431949912 23.63730912475697 
9595.209299668679 226198.69968024656 12.137294972868666 
6613.381605096246 318320.31318888953 116.70274088194901 
5230.127595017258 23752713.7598733 20039.820728757404 
5226.974412502802 68023272.56899014 59750.01494611661 
5311.883748165487 13624151.52845759 2484.6966549313984 
11238.737909816595 190742.37324646738 5.9799996739503944 
13343.203500712056 171448.9849702813 0 
5979.453767138348 408694.7016085162 294.464362760822 
5237.485747013489 20519838.484628674 17498.765712943663 
5226.9785452407705 59147729.97660639 55816.43069145338 
11493.38985856461 190066.3274879768 2.036403134964668 
5227.009531098732 60899079.77657297 42840.31600708384 
14308.86618243208 167076.74505551663 0 
5283.233982942574 6235802.635315516 5045.243834393066 
10808.931861372956 194332.75119295047 3.1532277301725453 
14245.717454832336 167875.1251840081 2.363959089005407 
6419.303345771313 339108.925804854 132.36115770015346 
13779.960028492791 166900.25905910673 2.0272637865351295 
5226.981811920745 61596592.83835015 49845.778715546556 
5227.051513518559 214592573.70165285 38113.7945047475 
5230.534573044478 31056270.64162738 18322.771184952864 
11969.505154881599 184120.48415866922 4.441543590509163 
5227.02219010409 206458290.00082624 39078.37734001325 
5227.895073249521 39782764.25528974 35561.294004385236 
5227.104660369071 51405512.63730593 30551.140693245463 
6170.973805060696 453067.51991636155 246.74513155340927 
6834.706694419014 313969.18859911006 85.51337358583015 
5633.725773030188 2822695.442436947 564.0654547575139 
5325.878662197525 4487351.472368922 1193.2163147317517 
5263.191766834303 9636987.842943061 3989.487798921731 
5226.988969617399 53666075.788436234 49092.72499467439 
5227.021004456109 51476218.39193181 38495.37141783596 
5804.03188205376 791919.7981092958 349.78853885840755 
5226.9865281055545 58921937.97663594 48541.1720763403 
10368.462818860287 222100.7932801838 15.866221415640235 
5536.735241213759 2034499.4418397257 1006.5857438139947 
5226.976925292596 58964485.14491521 56462.41247374454 
11715.078772827837 185761.0379666585 4.345489395060836 
6916.096772496532 307885.7737793848 86.09671073044696 
6264.732041408776 339470.5862112708 149.1108847603203 
5398.13261423594 2712341.3707893332 969.7611050353681 
11679.412856248968 182137.2615622945 5.218626367722963 
12084.488862835902 180429.1957032748 1.0183207953059643 
5226.9884410178865 60884180.59889985 45771.038763116136 
8559.101599053098 274070.7468911545 20.074105749808574 
12939.38182843057 178091.4528873128 2.0103492785788832 
5762.275982219891 1996826.0086074045 705.6755054940993 
13167.90857540201 173416.540702444 0 
13098.975511711285 178062.65871883425 0 
12862.56392190475 173750.5672482383 3.098078899755521 
5227.1255531115385 50224090.87487377 30154.49793679516 
5226.985238207182 61810839.18917435 47238.933232298856 
13551.49706801022 171048.69231189482 0 
5227.042338476764 41900373.71867844 45152.50981111523 
9717.500298625306 202909.5672107841 41.68724114864347 
13600.893238331639 170371.19696942111 2.0516880564066833 
12597.153715948 177368.2126465079 4.471858182471825 
5315.810265110834 11269563.236876216 2428.7954798127894 
