11084.839969920085 217412.291374514 5.529183856955293 
5227.038684616202 287903860.176947 71662.01088504777 
5227.0374767342 115242505.14533722 73500.13710211182 
5227.041877179608 135815546.2609375 72030.17426358453 
5227.043829796133 117382626.39087018 69137.83122958278 
5227.061520136935 81696752.24400768 41868.60116718967 
10437.562661660115 227827.7153341386 7.838831968526181 
5227.044826796118 96922141.21865767 40242.08239108209 
9648.284751635068 240374.0736936989 6.4320229768897805 
9462.520466873102 248363.95017630132 7.829321296742536 
10085.481432911814 230855.83244066115 12.330136802133925 
9974.827211406113 239264.89312965388 10.52204162689035 
8174.065237417582 249376.65138062852 59.35253243732917 
6564.621250170319 337463.5826678706 143.01121805507432 
5227.132738683659 42241116.575754814 26771.84928334587 
5227.5912273335125 23419531.264445044 12746.462930640557 
5227.4715435489325 34852661.21190719 15351.438802097831 
5227.073865653656 88037882.26467691 36048.267937632816 
7200.574837088134 308467.19156761275 81.29797212840646 
7906.244069033821 258853.66775906438 57.037151526110506 
5227.1206962379265 75782014.55667952 29842.430979237677 
6920.6641602282925 309285.7343225579 91.92396963052522 
5232.9744555748875 7589194.089727778 5235.476121851631 
9162.25107360962 257585.43479822294 8.466751612973408 
8523.873095078576 366383.9945023858 54.377186787489734 
5227.50333381565 28317982.790801782 16715.588843838526 
5805.892249572679 917244.3900298107 446.9997801295309 
7593.437143228996 280946.5180744445 91.58727727586087 
5227.127612154925 57677134.127071604 30740.116264869583 
5227.078470323859 68720874.19702399 36503.898766266495 
5229.7835990915655 20060998.011550874 7098.906019179029 
5227.088402780497 74424769.73562185 33071.70789204821 
7404.560502191626 308583.1087289032 81.22496400152555 
5228.292712494382 14572604.150857043 8972.55607329936 
6753.110146978023 344896.06674787373 108.89962097569038 
7673.08636660551 293864.2309404374 87.05767255662855 
5229.557319382768 9865984.145908216 7513.396645672032 
8312.053244771845 252591.88465352345 58.34539278810087 
5227.069127599566 75621105.87309289 37966.79461186601 
5227.078413204808 70937351.94734773 35193.387384485424 
5227.048173527766 83749531.57426797 39017.9478358528 
5445.926301620159 1185876.3687260374 819.4513908642697 
5689.989565326423 872777.0806817977 463.84826885455794 
5547.355142977203 3795630.3086080225 600.7992798841856 
6371.844496804282 344025.9792610459 127.74467724395649 
8775.084814520547 273851.38742141536 38.8408466720813 
5228.166661542875 26212921.216138266 9714.586728275895 
6060.086832917858 430074.1617778112 283.6290200999128 
5227.9546836597165 48575934.353103496 11014.555425026241 
5227.194089029175 44158177.56007604 23717.748287775707 
5227.085360890651 65292727.02266338 34479.35161998188 
8859.19059910479 265968.45742887777 24.529812223173696 
5227.067572840598 76298308.80753614 39058.57948645143 
5227.863492139939 50958398.50049804 11990.282380511147 
5227.154003262032 46381289.760377906 25152.539520296752 
6135.291695596591 359875.4670878306 178.69376614629618 
5227.07292263673 65293429.46684941 40885.48042711193 
5227.136156723413 54247291.41495985 26131.988952788353 
5337.817482562593 2100313.172246733 1146.5656047941275 
5227.263223410273 33395775.988186147 19709.585872463915 
5228.856765281409 16123319.782406094 8397.10354310178 
8608.978785666795 244790.7057856663 61.54149746065217 
5227.174648351624 54560338.102791294 22910.799679504948 
7823.618475790781 281306.14824277477 84.1558298772787 
7266.2080186958265 305733.87592574535 90.58063461526388 
5227.176395393395 50072374.03428912 24379.827473951253 
5616.4964994837965 809046.6589690521 584.2472782782945 
5253.678968541723 3882234.445254938 3761.3729664142566 
5228.060078964459 19854883.218524653 10518.749720255724 
5948.5835921229755 439505.95042361197 300.64160438729596 
5391.533945264078 1855799.6188715259 957.2660923360615 
5227.426927383544 26946421.92380939 17657.402336728985 
5309.950686964259 3218570.716589791 4254.940013264788 
5227.351616915672 39123399.09610808 18054.071804727046 
5227.096040228661 63493972.037334226 32271.910081834638 
5227.291158260728 31709099.013830043 19690.695448618888 
5227.220555687501 38710815.159595236 21070.325384913394 
6237.2060615446535 357261.00780086336 151.19828776580184 
6794.127881839192 323167.61647935485 127.2045729720939 
5259.433689612049 4971983.781034804 2705.9117175705255 
8297.815327333741 393855.64935524657 45.93402552651378 
7363.58526571558 306285.0388763263 85.4714764107157 
5227.722913680893 17295978.88813802 12397.900715423244 
6369.799622507244 347965.0984395917 136.98602885507117 
5313.0248853419325 2985745.3721375028 2869.755262579714 
5290.191253318497 8545420.139945755 2113.748861357574 
5227.12215234446 61910270.117156364 30750.87750539699 
5310.339081212556 5981745.271730791 1899.0942790996417 
5227.06446905615 75339894.25555202 39724.688227764105 
6892.274025013385 316464.19242750964 99.99264291531247 
5227.0971915248065 72260287.80766055 30429.00585763724 
8878.85060514775 266573.62044213817 20.873761692124532 
5951.626416854025 469387.59053035185 303.46448314293986 
9001.124737248483 260687.67121485865 20.835773586887292 
9157.651962186876 257733.31388761435 8.467019746776863 
5227.320212567523 37217842.33980179 18828.001915944897 
5227.097584308242 63047553.236562796 32332.9364441806 
5227.2035721820575 42291746.20031198 21892.896611381322 
5227.227467645619 38016258.09780926 22629.73802432352 
5227.259474300798 35372745.33988406 21193.164161162455 
