5226.9587124356285 314831697.2426642 60302.598118222464 
19567.769668438003 149402.4768198392 6.375221228756287 
17120.141341874907 153901.23670904496 0 
5226.949950811818 135419981.19355935 163489.66680354488 
5226.954421222386 108007127.11897098 71934.69515792026 
5226.9803314398205 202710955.49787253 46501.364319337044 
5226.956944944737 149482885.14891693 62525.01612582886 
5226.9677056568335 199514957.62618217 53194.51923187858 
18287.666430266734 151476.73756757632 3.562380598045206 
5226.953395997822 130669684.30396204 69250.60162145947 
5226.955646795642 117232382.64104027 62628.68607239275 
12592.323015821332 174159.37313746123 2.0304826287202773 
13215.498216300111 167225.12630566332 5.301913031435824 
5235.691633278794 19400526.83745407 13083.337538429263 
7319.437959065289 306482.2206964805 122.95268327469174 
14703.458839247502 162342.20349820683 0 
19083.729456214256 150654.2181562876 5.440555413892104 
6628.468100258747 314428.87535582134 115.97166566333951 
5226.956045948369 96981078.99964048 64847.6050733974 
15273.137600694417 159501.32645555207 1.0202086805906603 
7825.162638968221 1977960.9091409445 90.69406349271667 
5230.649402383291 18786503.04531435 16712.17139029772 
8482.483342735266 223817.36790836818 49.66782225471339 
6924.916099775981 314703.673502865 85.64372423999299 
6125.770084347304 590329.1496325615 297.6160306745527 
8054.922539912062 236993.45015645237 43.54576833925193 
15747.679103396666 156982.81152847587 4.507086992926049 
16107.871009263054 156973.27653625983 4.559994539669325 
5227.075523964252 28527443.244284227 26902.28445430636 
11599.9583187096 182041.158095812 7.6668620658185365 
5226.991317081908 35871453.53413667 49552.81477577028 
11127.624193460288 187850.94530482934 9.01463419420214 
12032.613207313865 188578.54718240298 2.4824433212317003 
5228.010887798426 24306458.143939033 20813.147848145614 
5236.197118279101 16929131.32679701 9324.728841162309 
5226.990635609504 50528827.36475596 42230.93907020052 
10823.317122868359 207549.50060940848 13.279385350140558 
5227.11058013384 29668222.060716227 23813.81372384808 
5226.957766407211 80144470.56381719 65486.12490818028 
16404.614494304547 155015.71688292452 11.423992691119023 
9601.733006826704 223661.05241565628 8.397067259300268 
13957.607350052302 162991.7082069055 5.767381385065556 
5226.982134689273 75992255.06889166 53241.82194234002 
5618.487067426569 1251771.3089117263 512.6419204567325 
5227.070649378591 30108987.258497242 30139.132380556148 
13560.029328097746 169614.57630836175 0 
5226.963526778164 61075172.21081758 54992.5054478407 
10532.88366604326 210888.89732670382 7.870439047959772 
8886.265938210065 209635.0676948106 39.72587994726495 
12229.168319284096 175917.22396346604 6.176157972584377 
5226.9618387784285 70881202.14768521 55094.74935453716 
10107.231118594013 214500.9368958837 8.408662387940785 
19548.67687190606 149674.1332195048 4.207596718713667 
5226.991042946406 45079591.84529889 37297.98400843021 
15439.025746440653 159405.59197858846 2.0429189587009398 
11456.228260304375 185072.6581852926 3.0220509382304352 
5226.999791886519 38004005.92924006 46706.12255717308 
14411.684984832405 160684.1429169299 3.312813216182074 
5227.267147259145 27503450.051771186 20708.788462635526 
5227.0041977145665 41114900.41360055 40853.68194858064 
5227.000628115537 44916638.717774056 45431.01754725141 
16659.845051106146 156329.77671638044 3.712923624787136 
10322.453413045314 214039.40472637315 7.855916865496756 
5226.965366576245 63290839.09577989 53628.08654088892 
5226.962047472792 68689362.39654556 59042.32395150383 
5226.958446512704 99038920.62105432 58334.98650483245 
18696.149244630244 151265.30701055538 3.250289987715562 
8763.630723626346 212251.18663082513 41.80228551890264 
5227.025172798188 33558324.83793579 36600.33853144566 
5226.959153962352 85893233.65159586 59328.24689154853 
9256.49050422972 238472.97839095845 14.06215979885902 
18576.0058916707 150194.59313322062 6.820460031272887 
5325.857555374395 3392736.9735823595 1161.340175286275 
5226.963724958519 49422639.58235157 61182.42541070694 
5412.806485856946 1067487.080032465 854.1984796917131 
5800.720126191542 799038.7560567238 349.54500012021856 
5241.77071848909 9601926.829490881 5699.579238585162 
5238.07832111815 12513582.553426791 8160.701411544885 
5962.824265102419 711454.9814025022 406.52550362822444 
9263.204898728736 234389.31629751122 12.587966514183833 
5226.986930116856 80985103.48777567 43055.79426209309 
5226.956392546848 90038352.33154677 70301.23947542488 
5226.959730458768 87638216.61756417 56381.9461175418 
5227.005949536303 34015921.504212 34833.74462611925 
5226.957407408316 79048113.17702627 69705.4690555122 
5226.956677727319 91397497.10277376 69133.34193372441 
5227.015856926162 33691926.78514351 39374.15162213544 
5227.038125391584 62780012.63633996 34007.40005667803 
5227.058625679363 26856250.261756793 31839.595179772798 
13855.05582847048 164967.33525552854 2.0579326531773843 
5308.2911819122455 4272693.440631844 2408.494788853355 
5252.808033192101 7970573.657164324 7630.4796857242545 
14409.403210382847 168251.5044334628 0 
16921.943893876745 154324.45447697164 3.1458198082445135 
9838.029841638094 216809.735885135 7.0949721183657894 
5289.554126673983 4853210.698430981 3274.065101316115 
5227.041167945333 58961383.90755314 30870.736582972724 
16831.2288856174 156503.1316192185 3.288919221609609 
5283.481679080296 6230732.762806365 5058.255807892161 
5226.966493897025 45954056.973199554 57206.95017634999 
