5227.133878651117 2247197442.303233 51796.76990533415 
11897.53395151545 231582.63070251478 18.969975922559634 
10286.590831275855 249367.13331853153 12.715139695384154 
5227.2300458057625 74821353.87788548 22930.921221564862 
5227.148184807775 54253100.576892495 34862.95741051004 
10715.151202403142 238027.7586446469 14.621533138665068 
11660.039056740312 239917.50392917712 13.950926002344145 
9115.8104897405 326794.624259525 39.00289992646978 
8335.355835210767 258080.9689134483 71.09869708241561 
5227.14064537884 63378949.97058929 32999.00987198972 
8023.997535107025 260312.060602048 63.77647778473264 
5227.151099184137 53424239.812739745 29637.43599590207 
7776.870382857505 325482.92293128895 85.15063589489435 
6614.825727403012 330531.769849694 126.6650942922067 
10040.998397738902 266420.37692331825 18.814973076563412 
9701.099731097522 257678.36302521796 27.235189955149693 
7428.76225036713 370601.4523171177 67.93243105020137 
9432.154315267644 273562.1750999909 27.09858451961378 
10050.474255308538 255361.84082691016 20.19790792309577 
6373.706825666274 339478.87784291035 123.58722814520083 
8297.428323139797 259478.90791406052 60.756182108782625 
9668.561420881404 356811.02910749125 26.444599980472304 
9206.50316631311 394568.5405899007 41.3571217510281 
5227.220173435315 36525006.09558446 23743.421247587186 
7185.327143880588 307972.5413807854 89.47718987189408 
5824.358867442684 803677.4659291252 411.6005680400963 
5227.190469866574 52252373.9816845 25528.124298649207 
5227.149435875434 54081816.786603674 33753.260215449234 
10271.553957791755 260073.0660980541 15.366134632176475 
7849.617837168161 269093.0097587107 62.39993459169858 
5948.9570247717475 445348.2456800456 308.1395992766535 
11716.374149641058 240648.38122145794 13.35765374199995 
9556.219214710361 279675.9421197725 22.844469925908854 
5227.513742237753 27871058.774049547 21189.344098240246 
5227.79143024599 27548935.28040858 13471.479670739778 
7294.593113771705 397459.00716855563 85.4855590651326 
6043.761640415158 421383.2819085103 273.6388757464774 
6774.415682292595 354734.4281056082 116.07602587714103 
5227.164569336003 48125183.118561424 28810.513499888846 
6833.963039978818 316428.64481090236 107.84472587288388 
5227.400238834706 30198035.23005056 22494.64716478178 
6281.819694934705 338864.6707551654 134.60643889051022 
7015.071118102712 313667.57150049513 106.44602386386975 
5227.6510469319965 28297250.027936853 14650.083834443114 
5227.996071039068 27900989.399478536 12135.469407204611 
5228.394225231653 34031658.91654075 10007.532555452379 
5227.424846462631 35509055.5313968 16765.604225982323 
5227.239948252598 32709889.315460764 20601.06914515997 
5271.10597212803 3873023.6176503887 2196.288957512908 
5227.316282157751 51091252.067535706 19412.523784085115 
5227.345254862318 32853807.29897973 18287.459054335086 
5229.710931190574 16496065.270585818 7678.275558212201 
5228.040666253566 21881008.52972928 11179.822335215838 
6982.070398111582 324796.7261547321 104.11908557308995 
5227.521976527584 27931793.67456371 15871.772509718407 
5229.202267462547 19446417.317308005 8870.869516508219 
5253.647445673031 3226728.519534061 3723.9501867846056 
5227.993120948765 23843882.62140703 14994.582485733345 
5337.528973082745 1765016.5566488472 1079.7749914196904 
5227.167999293436 56191839.39745652 27997.213366866603 
5234.017814876873 4709386.558861441 4438.922098395675 
5227.420923566452 49922908.07704352 17838.045074217876 
5228.256852619598 21242790.03983194 10321.098347249987 
5230.1267844207205 7816867.530877124 6878.64722965205 
5227.332010449169 33598946.96737099 19723.424897999696 
5547.383252016323 1274555.6264057085 570.0046411329798 
5689.97583723488 775977.9488274918 462.2038935418063 
5669.475877484269 3150595.4166096747 516.0187106780843 
5232.999136437041 6219796.178491751 5894.776754803171 
6155.349912789918 362752.1134530156 191.47120641309127 
5227.187428782874 60172913.42803031 25972.684359755796 
5443.251905608504 9277211.84883789 878.3183676979259 
5304.383204142164 5862908.280765679 1590.5556915864015 
7408.220500630812 371301.37770835985 71.19347658220678 
5399.230620882599 2537827.1725937985 906.7542449728758 
6174.596117880974 362692.09666067833 190.25395996960785 
5230.044129544878 9577503.478755882 6505.846667349403 
5232.970064153991 7787839.051241235 5226.8803662149785 
5263.975559515102 4189696.645604196 2947.319278693131 
5227.172899688261 55225771.885483265 26721.76274399562 
5500.257128230329 1000790.7035705909 655.1187904535751 
5227.182584714917 53139043.60632419 27451.62649166545 
5227.451297452302 33138155.91503728 16389.480549839318 
5227.97737845622 33943660.328807 12723.105972813164 
5327.205679563511 2141563.9319358296 1671.3692703710324 
5251.816212710922 4555609.972270978 4154.370816398369 
5227.148845910004 59837457.686372764 29665.613106027366 
5227.202470479058 40605325.42587482 26519.879191310545 
5228.120204803769 21585480.088760313 10760.713064414133 
5229.610499761853 10502440.5897105 8291.72919838352 
5227.936743851006 31693533.682906166 12977.397203291715 
5264.675534755894 4019323.7181505873 2834.54401541326 
5230.633694713244 6347931.015506627 5381.387779483199 
5227.2313324975175 39185601.04890523 22727.987031032666 
5229.643097382957 16782657.596646007 8174.595654841731 
5227.204538564049 42349539.93799054 23365.472584064013 
5227.404514760964 46772226.8430366 17945.086338815552 
5227.182140048876 50606777.595907025 27608.760214059337 
5533.209318310583 1482759.4651173241 629.2371484660603 
5227.1966877263 48087085.8547565 23337.87074564646 
