16790.64451564719 154361.38368087783 4.264080552985849 
16301.835982484754 154002.06300632266 7.7316481033348925 
5226.952278857054 128897438.54455414 91289.94229974116 
15164.928685362956 159755.06877875858 0 
5227.003971902213 204757491.7006306 37577.28530847898 
5226.9803741006535 153340281.59087384 50602.078008340104 
5226.95949239853 74401321.41423948 74828.25112420744 
5226.956133965588 99850990.19556311 68249.33976069844 
5226.963614196617 132372304.06886658 63018.58364985318 
5226.955413629248 94193930.23493338 69804.58055955677 
5226.9593140200095 76623502.22011542 66754.74413010798 
5238.020173363196 12466464.225168865 8145.3564893203275 
8100.671188041901 242155.5241308233 59.96516016114957 
6921.893217460531 309057.1137850309 89.20589799891482 
5226.965448441477 72407813.13483469 59713.90574957638 
5237.503061407367 14214658.597975478 14322.893838954029 
5226.965468910472 75835411.85026613 57588.41391961069 
12786.54817072084 171573.4606619574 2.0804583660563747 
5227.00252375425 37597151.18856421 41616.934501106625 
5226.981251980736 34968342.24108629 49307.60609612029 
12314.397605876211 179470.5362733967 1.0143638514116233 
14975.159943663686 162446.98505420797 0 
5227.274940111374 26568289.06278419 27440.108583293237 
13838.301388018164 169940.83371576187 1.5218861713652954 
5226.968586375754 50255154.7461887 53954.45913611529 
11809.239102150066 181587.41231830593 6.320293345332627 
15980.748104983179 156004.14491859684 8.959366804080274 
5226.960352112259 68806562.35990906 74420.53687933754 
5226.980264806196 39618935.03206753 47396.383440338104 
5227.0357851526605 53845330.83545002 32510.75723520914 
9686.262604678568 227608.78807828441 16.97449695783316 
5245.769290914404 9415755.273448948 5847.130546907357 
5226.99449026854 64171508.49536936 44739.01389061619 
5226.966224710957 68023198.74543321 62884.16604357978 
5226.996228479489 57514163.33220705 43016.76522404861 
13275.852303297486 175045.4129121564 1.0092001985518964 
5226.97110814191 68306611.6439966 51333.9673628126 
5227.013842450813 39369911.619952664 38021.36608265435 
5231.542593879547 19972996.894282907 16291.38150684555 
5226.961971144698 62255218.75479289 65637.226636401 
5316.141379659413 9698946.93367408 2568.359742614402 
13378.161869379901 167869.24242950114 4.301353617348642 
5231.263368056186 17162311.60030458 18205.97376952693 
9908.124104124772 216191.9154515126 13.54278597451323 
14466.390841992788 165414.798427036 0 
16498.60666344346 157698.11608881998 3.1319642495884934 
9303.848419450329 233207.0068703296 13.476663956691826 
5226.969239154791 49660944.94226479 53386.00299602808 
6183.9450698104265 529273.1901613615 282.3101827542971 
5227.064370255195 31914588.66692408 31355.49138524643 
12507.826208971375 177475.72195539414 1.0199360837070048 
5226.984797947504 52107616.39562806 45604.60557157737 
5227.033854818572 50936133.386207886 33456.4281562352 
5228.205289115405 29489271.68771009 25009.309804514716 
10513.176247040612 204953.53259811224 8.965361259783334 
5229.197625525744 24596866.234679885 23299.3245555134 
11423.145265588035 184433.96338926617 11.264741311465315 
6408.313273239656 340069.65586817305 130.68415045871868 
11193.18955005055 198437.97697987914 3.9991263424194816 
6608.460019229247 317945.38009464904 115.89308343982864 
15714.136072524721 157802.04557350927 3.0596599625397762 
5227.047365185761 43669498.112971894 38972.583828051356 
5227.110831701561 41455206.57352422 25433.771175647475 
8258.107984829876 236653.79227850228 50.946624113138924 
5227.017358421766 60314833.5684673 37220.8932750947 
5967.510326605794 645868.5014153706 390.63637610481635 
10206.75256940878 207943.83261071017 46.67296770654845 
10973.106783052852 189808.28256459095 7.1669521584864295 
10232.014350915882 208076.26667477752 8.891733931520037 
5231.39840852894 16621836.636923952 19212.962878214767 
14065.538009548553 164487.88503928576 7.69640665694764 
5226.9567267788025 66674517812.59772 128043.25894001413 
14239.584700622534 168403.90214474892 0 
8635.322375591559 219139.72674946304 39.41664789758609 
5283.253387763596 6353465.828886638 5056.015213435501 
5311.055573598408 4511508.724973475 3673.442519466018 
5260.4397345681355 6545826.678103189 4081.427996568893 
5227.029154868586 45938351.25585772 35419.959515308125 
11646.734996405414 185570.20993413613 3.234287327568951 
5325.876417622679 3457232.3894030005 1152.6866134802187 
5230.505883963754 22562712.014321707 16243.854534632253 
8523.549706686503 277680.1668274492 22.688093995151036 
15353.799340172478 157741.6170198791 5.684929190630984 
15538.985584616878 159263.0341187338 1.0042068888655498 
10785.897391099454 196023.2694321843 5.421805970742917 
9200.400542085501 238672.6590820953 19.256082538902945 
5227.071132774881 59859096.38575172 30058.481331010364 
8914.069150508481 267785.74227236107 27.974131150819918 
6837.3739779597 313938.9679456521 82.61793952973684 
5398.126638431181 2710652.0860232706 969.6628138903204 
5640.195432899289 2357247.105162457 536.0971971764835 
5228.351656629602 29515239.958990235 21661.180305523238 
5227.779933366927 35767399.70042503 22569.069558121297 
5227.10248815374 73831974.66278246 29042.738793482153 
5804.097311082717 797574.1863451756 350.2548207252774 
5762.774256011045 1993778.015463946 700.7363618244262 
8957.188960089767 242423.69830551295 9.917800897173914 
5234.329947036151 33287957.959576655 14846.958425286957 
5536.9444132814415 2038367.066895417 1004.0823400747124 
5227.780301757307 29670272.412098534 20303.889278832383 
