5227.930136347821 22651406.993013836 11235.215977858128 
10634.500329355138 349504.6206906087 69.23227464371126 
9398.618156939527 364121.7396156279 80.1177831786186 
5227.968912500094 22627468.443337843 11170.195301064476 
5228.013957143593 20193107.26866779 10645.046905147596 
8500.17774770686 395603.84530152637 98.01627461014702 
8123.609660674326 692313.826370954 141.5848458447992 
7668.847251779303 382756.1903170291 148.47491104272245 
9029.208563670929 428380.20834934595 96.5194294356924 
5229.18094498853 14450450.666066378 8195.16323664643 
5229.353187854892 13227129.194270935 7535.416231178756 
5228.013690838625 18732505.398583956 10404.477380587068 
5233.173939360666 12112078.160169775 5214.848388653716 
5228.416707089665 16370697.425868455 9226.901336320774 
5228.365404088512 16138960.702609656 9456.655758314555 
5497.62702482751 3210696.3211048753 1181.3948344566338 
5231.752914478282 9900081.097076131 5699.938537190369 
5233.788151750562 5029700.988042217 4735.695671887444 
5233.459550449695 10762841.245034214 5321.37100266216 
5228.033351723665 17865206.820889864 10223.829312540074 
8296.717968929313 431880.6821822126 141.22247235349707 
9047.019754361452 411172.761155042 85.60076281913463 
9385.310538320911 394200.9619900466 109.20751537543359 
5228.89362716374 12734170.544283211 8514.706629299313 
5230.284973217686 10970891.672121335 7236.547763685941 
5228.738648682784 14867690.483752245 8439.36775759024 
5231.981794113764 5666320.689007446 5855.2802497577195 
5227.985029336664 21501329.724438325 10728.102134956562 
5230.593895127852 8606099.09988237 6858.522863402782 
5742.271091735191 1743779.7118426985 762.6768193590996 
5228.162213719834 19615883.23758156 9780.143245378686 
6387.585356759374 851752.287141233 431.1029212279038 
5305.813667368137 4637456.103702578 1687.9245887371828 
6175.716710620753 785634.9854680083 456.320009352508 
5411.510321173498 2111838.1543654716 1212.807378844826 
5277.381681038472 6804421.461695243 2212.5163607609907 
5374.482392442346 3662838.708918151 2845.976745623745 
6994.552142297751 563876.9913181264 173.08711250899125 
5241.333704934064 6178864.168985629 3997.9405317305527 
7152.2194450066645 633097.7168625086 170.11646848691072 
5367.351121118309 3629565.102439249 3029.125841639728 
5232.778408707138 7739994.344901537 5519.719619511743 
6649.577129027123 502433.6368283031 196.47152698707734 
5316.411384701785 4284385.541670816 1460.4701340603262 
5230.446656581853 9036389.206739552 6058.509947512712 
5243.234974627661 8203560.626833564 3452.97005812509 
5228.708309754914 15574486.770494636 8629.887614793164 
5229.339703885819 13218642.397068728 7768.872119510785 
6796.976074214897 470602.2650795968 236.72202953700935 
5283.553087818314 4055807.420218204 2626.9912698196 
5590.749501744908 1851942.7846714952 1158.8132068170955 
5230.789205231366 7452386.743728337 6315.779829694446 
5883.785033367198 2167071.5569957616 582.3025402576498 
5228.142813627941 15954561.041880965 10073.63844743039 
5230.698694733822 8071882.481480462 6658.942592978696 
5228.08725653375 17595625.93569561 10172.53750679483 
5244.106507831186 7357549.59932437 3772.040128237514 
5234.663533712219 5475644.309894354 4493.026290870506 
5230.146987364881 9685721.602209665 8133.211240273312 
5228.062270838984 18740823.20699119 10011.387638076496 
5969.6205539315915 1586925.4248957087 531.1078928480929 
5228.197758775374 15588501.872896349 9684.612237411098 
7476.771549510169 391081.317619488 168.91279985528615 
5229.982688792536 11328546.572282786 7906.504886107633 
5229.950841104671 12055550.501777673 7389.936212696187 
5642.825407407414 2707253.233188176 950.9188769625141 
5235.558934261548 4049591.6427181056 4160.241753655581 
5253.897538810689 8389683.061318811 3222.269790751373 
5228.4249853055935 15367352.5733241 9038.452335920027 
6875.808660018717 438076.18694236455 181.62374423825347 
5289.663148996724 6317588.694027608 1978.1810817420715 
5270.500008656104 4418323.351024447 2441.1656037204534 
6423.545019660765 608532.4797478892 374.2218085699464 
6014.949477253049 1094094.6543208484 656.9976114762995 
5233.112915434243 7010557.428066205 5558.083206052047 
5228.106038609603 17137715.43152855 9977.696439080479 
5290.433662316169 4863829.984702038 2397.0980737974023 
5228.494207233884 17067961.456706174 8924.659018433946 
6133.732308344666 1318306.2724118615 461.57914999332337 
5229.934471162183 11527653.589028768 8125.010775581826 
5230.60366563085 8968895.579558661 6568.769026859258 
5674.4270844230505 2278190.177149638 1092.508274736778 
5288.970117756892 11740766.917550258 2054.6073897265364 
7348.100619788496 614996.56212247 162.35109355209457 
5795.4297272169215 1433461.390742087 643.9203946734808 
7275.584481961473 418487.99048729765 171.99246930632867 
5624.890687618382 2788968.1156017357 966.1760900153525 
5235.085758915318 3768504.1715043434 4349.520389366191 
6081.884946010439 935277.5955668506 556.3951974530187 
5666.194200074202 2414973.903160669 1006.1665713252244 
5228.116570191893 17544600.48651327 9884.4294976846 
6508.837628822051 620358.5036999006 263.99317574498707 
7575.277643654685 394751.8779822893 155.63661206215824 
5368.360330721133 3890570.8078437047 1406.9997965017817 
5298.864804688805 15253313.60833604 1909.5704283657608 
5251.255910676432 5340013.077106142 3340.9439556696566 
5243.705511375405 5191177.033811975 3891.244488480162 
6553.034387019565 518287.1614078403 248.95502131174135 
5287.20562961009 7328539.676534833 2140.8129252113176 
5231.918663756245 8631510.963389017 6226.6227980315325 
