9868.961770847161 392498.6880931285 98.9107340413669 
10576.970625741096 472544.02485966875 77.40767975959415 
5227.977998431283 26762170.49328857 12121.414986874644 
5227.980299729908 23075122.29746093 11322.756960021294 
5228.057432771857 21724560.45120868 10258.90043487395 
5230.656411797233 25092915.024857998 6662.039374720485 
9438.641705132653 397590.14183354063 110.3216452788704 
5230.617208308481 9920726.37810161 7110.913567458475 
5228.736038534692 14839541.103803065 8453.899292399841 
6068.547995471617 917927.1157335007 544.8401665730823 
5228.160568865701 19865257.287930027 9790.097096971673 
5229.182348065158 14046354.837167064 8109.300008642305 
5233.546303862597 7423011.331310881 5315.610419484784 
5228.02987740512 18788862.03022584 10472.104829401385 
8515.367291939643 408924.7547570868 113.20958754582871 
7335.616587624752 408013.07963791833 173.3548030181035 
7668.823006361822 411867.74701544776 157.05785200718947 
5689.733688502378 1562107.3803042632 750.067768671063 
8062.8209786784955 469901.2459216168 142.63260941462462 
5263.352880890645 8971369.765509332 2763.101537775171 
6300.157389925097 970946.1693784586 514.698787746279 
5230.694039597183 26126116.840623356 6658.380610854062 
6550.177548381751 542522.5942284064 257.19719947222154 
9228.498075704763 430234.1333039214 100.62170088098699 
7043.188474188794 508660.8057273892 190.19462576293424 
9050.341337419784 489173.0576804711 88.11044712695505 
5848.567809929495 1313483.7896650787 618.9234938979283 
5228.015963765702 19709356.587207053 10646.859265878073 
5241.336817845175 6142737.38002346 4004.553067475472 
8728.062046737901 573798.3343458355 101.49515284130682 
5229.692336295234 17769936.785412915 7711.575681500712 
5248.528865179989 11922270.90896808 3535.5545585196624 
8858.925835540533 606820.0418718709 110.44083709159771 
7643.1068277679315 395880.0145032604 162.25346020249418 
5229.758127161352 12681013.264521755 8581.540240872857 
5624.422811656926 2727525.642947231 957.772563612185 
6790.412787179865 457873.25942389376 217.49924284429005 
7220.444671316025 823917.6751677189 182.64599839940212 
6855.700967238788 1000610.6354149943 211.84896221274062 
5230.31416221091 16680241.671831928 7584.552571336525 
5260.554919412019 13083238.048671465 3071.4732354978887 
5229.982121118237 10762332.810686352 7819.741640606831 
5288.968471798568 11962364.274604442 2063.844169663672 
5286.424046782958 13496308.158224318 2304.052189791204 
5307.720959100253 6783845.497313859 1510.6036473996821 
5230.843177782669 8306621.686792087 6826.551222304687 
5270.496181844548 4446730.500758309 2439.6909184233127 
5235.238156724706 3769936.6004362768 4320.515155827447 
5234.22098199375 5686892.50895522 4663.306983575784 
5422.782140495362 2154529.560305753 1361.4204381705722 
5306.173308611096 5389242.808471204 1812.6579978439615 
5234.038632998163 4953295.867876359 4773.744473558693 
5800.860608262793 1381315.3757887713 632.5110039191404 
5231.039429606809 7895399.301683661 6241.691069488143 
5245.329725002747 10919136.386317238 3656.759574219595 
5232.433372249765 6740552.588037786 5672.446776991391 
5228.464034172813 15383929.402722055 9189.192459112262 
5228.645251951882 15757748.379935645 8923.322265934006 
8300.06188487801 437843.67617993633 139.6556278342034 
5228.145352585272 16852773.501029808 9979.521818680587 
5232.776262563154 7578012.7253127685 5474.802565470644 
5251.263665035816 5334083.073231742 3335.578518820358 
5245.75449343811 5077672.49970862 3677.5287061472513 
5230.858493820142 7960015.957060773 6475.476525043416 
5576.299668594332 3401805.475907942 1130.1218054852618 
5230.969196084175 8757134.661496421 6051.431419469843 
5228.018511965643 19237975.47157839 10576.848956386626 
5228.378888808464 16436710.312530033 9048.391054630847 
5228.364854613279 16792324.29304042 9484.559370762154 
8267.255558852477 435701.2424893344 145.5546040249527 
5572.0337050361395 2474155.513006323 1238.6234172144939 
5283.561669523969 4039733.149476435 2613.878906780986 
8069.41129637594 471374.1992455546 142.16994944378035 
5590.9265444052 1841589.0154276206 1161.596112099378 
5263.915213861379 5236581.184772262 2980.4614919463825 
5293.570589054114 14929851.722297609 1961.8359691632131 
5496.176038316209 3222797.1698774416 1196.765441419623 
5231.980001870842 5892352.1942931255 5931.334057570758 
6390.382235628148 843942.7141116716 429.39285087806843 
5228.439932228373 15757112.257770449 9216.21971825034 
5317.132153387054 4234962.7270554975 1444.0397437130666 
5228.412133079521 16060890.94952508 9470.218813559157 
5529.443402091741 3081168.7981213857 1211.5952025917672 
5373.025026324706 2790927.5945638143 1316.278128782811 
5230.721527107751 8568408.102807337 7070.957805860713 
5228.064638052118 17287255.19760066 10096.6817308143 
5233.423075561097 6014949.120826293 5772.207140278651 
6473.115040874733 547918.6192697127 379.12974539689986 
6412.369858404952 615469.9377500404 369.057711286048 
5228.220181760929 16065391.28689259 9684.532580561046 
5228.895062070664 12736775.368399763 8525.696931676699 
5229.505701363956 17666231.191725492 7777.554350268419 
5234.058276458414 4889253.99000012 4740.801824940141 
5228.084191868605 19219739.626507502 10083.265453628426 
5369.3089561276975 3862100.4675083696 1389.8005204050828 
5235.558701763483 4091195.7933046427 4163.5843985530855 
5228.217955028332 16267454.980240166 9744.147764713125 
5230.862722694413 7502519.473056376 6534.609071829528 
5249.625767349078 8502751.154387282 3619.1061430185546 
5240.863511108726 3817273.102531675 4204.471720574526 
