5226.98392182032 7.878924784669736e+18 308562537551.47217 
13649.54669197725 181108.86937214242 2.0122852579765995 
13388.409155283203 182066.440944971 0 
5226.987063720386 166181463.40005317 87536.65617402957 
13144.822774918379 182901.2719474441 2.04510684082953 
12561.912253193783 185529.43023525167 2.0624361530849225 
11810.050534047365 193508.91018262666 0 
12271.138370627144 186398.8249301234 2.2323701915729517 
11495.542945067047 200225.68479527088 0 
6727.048680028921 303791.455464078 87.51168339099576 
8445.139036442562 298581.54262932646 21.97272133616561 
13390.204325383023 181983.29586078844 3.129700753390644 
11281.324168173047 197691.9591124197 4.216484720725525 
12681.054655544724 185846.86447835757 0 
10798.936121904597 206370.6739943468 1.0255473808916546 
7774.0587360022255 257124.59578665506 58.55992287988771 
8264.63898729235 338464.61276952503 43.1499453875862 
7611.702137680894 257658.36839060683 70.23616668740434 
12849.476157334791 184075.85339186678 0 
8895.548567788484 218135.95461472735 47.22368408389477 
11066.272569739753 205635.43466147536 0 
9465.785880875457 230321.59482671652 8.827806293053872 
5833.9934804294735 918557.0308480122 408.63784493563725 
10397.802738902445 216644.74717269326 5.145219258553828 
6918.3871382696425 302739.5703319716 88.4739841311236 
12013.39526610337 189448.36772231775 2.091254269205291 
5962.311286671258 413550.3277279317 309.2471776727885 
10981.671128826032 202283.53055132268 2.1469406677692486 
10755.722150585952 207036.76758687705 3.9585680854938436 
8694.015005336403 277194.1274612278 25.80465395264801 
9699.799584978979 227089.6285458687 7.845779067731955 
7004.192831546385 303348.91896433884 77.8964301575604 
9914.304052725922 224196.98787667503 6.061945092460895 
8088.537910913389 246894.6062862199 52.14674116435201 
7242.6204371537115 293573.4316792943 84.83386126721052 
9555.439095176263 225181.07059956036 8.645117897546468 
11990.208043742086 190434.0268809958 0 
7394.869410661761 276922.77202209865 79.3413909400063 
9343.15741680905 234822.09222072057 8.628154730537121 
10042.854971060868 217812.13287079215 8.269300331539654 
7506.457009929822 261418.5386176454 63.16978962361249 
7141.466499858012 301519.2869252711 77.16548656001764 
9023.29395787721 243830.2018030133 11.783251688681654 
5689.768172043074 709962.8646301982 449.07922153784807 
5318.692015352818 44025980.16219805 37965.58629946526 
10257.066810673967 221144.2319649608 7.482972689860228 
5764.592420569353 1580819.162568696 417.8626869095011 
8799.82439159562 253880.74403861162 12.600118393500061 
6230.057673173348 352098.0286585875 154.94176690636266 
5616.142849286123 698115.0191349636 564.666860845148 
10283.476982014574 213046.3665756436 7.539431723096326 
10520.802949579049 213598.3709107086 3.6969271794792196 
6656.611976343942 314643.8193983337 91.29688448693204 
6442.501745778605 327048.2961480374 126.02731991741967 
6362.352159881588 334096.1665724856 133.373701604984 
6160.382209406286 361291.4084572544 183.33505155649962 
9224.957537830014 245179.09658744524 6.432729859423996 
7091.114213439233 293807.8144215403 91.33152822641023 
6303.101354589138 335039.40901553095 133.1749767743441 
12149.174635132596 187117.62764403573 2.0694676754249337 
7993.049651939849 244715.43662791647 52.91250922641622 
10137.120512065785 212640.89769320426 8.351256031692914 
8580.989603300231 288593.2363903092 28.23561690541174 
11935.539987852168 192187.49196149607 0 
9124.937806329413 244425.08115230314 8.266397725170751 
10621.522009120077 208464.71559274208 5.0849903690569045 
11867.40971466127 189397.25831076445 3.0148377125247077 
10480.650790842828 231518.83754994342 6.9658063806446044 
8155.566231677873 245230.15313941072 50.004018346617215 
8526.02896122889 297939.367765607 23.511458506491643 
9312.13206843157 240493.84160048372 7.928084299369099 
6018.5135810615675 380252.90534167446 244.4736743720244 
11403.474195877114 195970.89698052366 2.1677027007040652 
11071.92435073201 201020.17819894536 2.0950376484674536 
11350.041784309231 197679.26484072802 5.23169599623151 
7953.859280584519 244554.25514631398 64.25263043363873 
6587.468951836745 316594.35981343384 103.4059661167641 
8752.599167463704 264374.91662878223 16.63581748274116 
7299.026915660612 288566.30661374424 84.78513530366254 
5458.065756480344 1323203.4311310872 694.3198596203767 
8209.71875288341 248714.29909977433 45.45741691234006 
9777.283747120213 223833.4605656591 9.026602725649164 
5547.460645402432 1334076.502785957 591.5778244617181 
7547.399300162892 266911.9133490275 61.475089127936165 
7852.518235371555 252580.25185255142 70.31552063602824 
9049.889987415956 245847.3830180557 11.3688522945872 
6506.578892404292 322230.7757056122 131.35513917403784 
11426.716790091561 193659.85530349996 1.0445580548159497 
7879.819379707734 250313.72465282265 46.6341762310714 
9848.55591921558 224771.63715901022 5.847523810477497 
9174.356970094688 243612.28504704457 12.437856558171376 
10975.923538577517 200329.98469761465 4.428465135774563 
7352.825403873464 286917.9207706638 86.92749685174313 
12748.106370054458 184409.6597238562 2.6289167476118944 
5226.987377660222 143022998.91820636 83177.81156665008 
9544.457092021588 229232.63001224532 8.810765253397802 
9877.097334499818 238538.05302597917 5.297967370993727 
5508.074541616375 2156301.09762455 604.5395849383174 
6924.659465253803 302947.71964857436 86.9083178476564 
10091.013775438314 232469.20321334797 3.7670866983922418 
