11790.10012672644 235839.32701579825 18.478945917906792 
5227.143915437001 561070574.5255939 35686.13102623774 
10718.425021107945 250459.5596897886 13.214927387992407 
5227.149941054121 115533684.70410775 31380.22065648976 
10843.536369468127 243279.3389371982 14.036732453920546 
5227.148294034454 50847984.25821838 32232.133016830183 
8911.364260424138 292591.1769119371 37.954708469108155 
5227.184430288503 59077222.9365142 26532.726028736986 
8349.352464355674 256621.49501524834 68.91220000895315 
5227.173633751188 52511009.450835474 29415.9603651418 
9174.510711178316 291998.9760372732 33.14884404165952 
7405.387702352801 371449.22230128065 71.40291156044279 
9400.098725756761 299213.3822471935 25.617225987649203 
8026.636710861052 260134.71897154575 64.72248552531441 
7770.230002081784 325573.41708117817 87.88995650858358 
5227.168230857029 58828625.985306345 28090.85714112028 
9653.320166235097 259029.25763029553 28.30710330597491 
9788.9223836351 274048.9435975185 22.744655822802507 
5227.229774868533 44954424.5309369 21889.061165659677 
5227.288182895395 167370224.60762903 20890.175613221687 
10388.023935564392 258189.8640437526 14.920041380961818 
6388.133762775759 335168.4881335645 125.27829096151744 
8286.687152678498 259551.3143652389 60.9067268481557 
10041.640038276446 262037.16617798829 17.140886101565467 
5227.940064915307 31695354.50990869 12939.572862699892 
10683.11736457882 238542.46063317393 14.468224994630773 
5227.79101375223 44535541.42204831 13829.682726970157 
5227.216588843112 40438380.219211675 24693.623393391154 
5681.350109385032 771372.3274834015 474.2657567175495 
5227.177584624091 48840548.32043987 30816.95585676917 
5824.185511309247 825273.0780534297 415.2170211146931 
6616.103164971011 329620.8156858018 126.52798872495488 
5230.634872954428 6286585.29982095 5390.603177776518 
5227.195993849241 55499120.211669646 23610.250771051866 
5228.41253005917 19166839.69822951 11010.450868741329 
5227.514568354767 27801550.039254736 20951.618329070454 
5227.651593218232 28849761.298011586 14666.287269026647 
5948.9570247717475 445348.2456800456 308.1395992766535 
5227.9978935904055 25135306.308788873 12175.576446007184 
6279.002685632259 338231.8191610635 137.59352744060467 
5228.255038612459 21264757.69913854 10328.36089375127 
5229.643097382957 16782657.596646007 8174.595654841731 
5227.188592349275 51475807.70452626 25688.78456840097 
5227.424142669193 35532507.588643245 16824.496077356827 
5227.239181700932 32855194.224995036 20640.29734793661 
5264.680880044123 4020813.7999302307 2834.773232505916 
5227.404164186453 46462894.03017803 17968.602253641486 
5233.000078520156 6197947.213084234 5894.477313551013 
6834.009279733757 316344.6634740623 107.80024087389762 
5230.0385845692235 9415508.982964264 6524.171781875111 
5547.377114133638 1275440.7671451988 571.192582159171 
5228.395598784027 24057697.416319698 9586.89043766082 
5227.202470479058 40605325.42587482 26519.879191310545 
5227.231447484258 34386204.06587399 22637.103633963336 
5227.316637172407 33563704.53043563 18713.809552741874 
7276.551257477106 400999.91205981385 84.57068504075926 
5327.205679563511 2141563.9319358296 1671.3692703710324 
7863.510887620017 270750.14833593875 61.17276788343426 
7023.913261702964 316101.31313856086 112.03286247410476 
5227.1768211032695 64672430.35583177 27785.62351947289 
5234.018315931967 4706453.462220155 4438.172534478618 
6982.118298015119 324738.744738333 104.09758732994491 
10207.099178168703 249863.8992089746 16.047767186373235 
5227.161377696499 51263390.68456553 31003.36125532523 
6044.935705724011 422462.0100355842 272.6911887044574 
5229.200103850061 19258086.6475194 8872.567292634982 
5227.478041030792 31712376.483809046 15438.553094433515 
5227.201578269288 52952299.67832258 25298.27666448804 
5230.129716740541 7827502.127025281 6878.046389627756 
10326.013328880685 263128.0382483975 15.560510314005175 
5271.105557410304 3871847.305580347 2196.365423829699 
5227.472245641845 34885144.77934894 15945.927937405799 
5227.226277727426 40337338.65482357 22992.829547332323 
5255.514601801523 3486487.420716034 3593.02708030511 
5228.118734550987 26918490.440714523 12239.527778404574 
5309.605312918577 2457374.694829228 1230.4368984773123 
6155.393832742378 362776.87499686144 192.51881465234501 
10125.492471769936 271457.45252080215 16.720887923020836 
5500.257128230329 1000790.7035705909 655.1187904535751 
5443.253480294263 9302660.980768185 878.6703038461462 
5229.7112612878 16488755.153178414 7677.535304729194 
5253.630249104571 3230215.6634977357 3724.235242893688 
5227.204538564049 42349539.93799054 23365.472584064013 
5227.451297452302 33138155.91503728 16389.480549839318 
5227.9313134244785 27692451.285309974 14993.548811201525 
7186.7003831033035 307984.2909996948 89.45386732311769 
5228.119167190985 22474952.817241337 10711.937238713763 
5227.181190930259 46398626.6174788 27502.68100837133 
6758.997394821141 335170.23826401477 114.89008131901711 
5233.371733764963 4724091.221519873 4429.925402361263 
5229.232411075499 13312054.941562496 16764.487532816365 
5399.247263238571 2537765.2521435795 906.7114721777187 
5229.83304882148 9368872.294882268 7324.608733319721 
6686.550045299431 315141.1921051131 122.33229480735369 
5337.528973082745 1765016.5566488472 1079.7749914196904 
5227.344102441108 32742886.3531799 18260.277960046078 
5264.914977303652 2897667.9961959706 2385.6504819259058 
5228.861172202905 16124800.086221775 9244.748894371278 
6125.83909658385 393077.41778089607 210.40249527910748 
5227.379333688768 37168311.12572756 18022.06189756515 
