8042.45260843133 9930382.485243116 3598.4514457506803 
8044.989593282158 39175377.931433566 1231.2112902665922 
8040.887590177315 14316741.261420775 2127.0076813159303 
18498.10355013129 87615.93049659379 0 
8046.7109867655645 27426472.01744776 1045.404509006701 
15470.75298493636 107091.78484733695 0 
8046.312947015464 36663888.88308319 1058.479352835075 
13460.302327790516 114796.76130484625 0 
8041.949749111286 22130119.053182043 1971.6211739565329 
16441.705310084228 101498.47119662724 2.2380683491412316 
8042.5842753657 18058456.589861866 2004.3954348089633 
8042.983214579323 7650938.843964862 3023.2219388453464 
8043.187858145115 20081027.586792625 1749.5139148616388 
8041.8746083315045 11313628.44787088 3356.030700027638 
8041.9807545999565 25073966.74078845 1867.2677846226418 
8042.67463953635 15559208.873708917 2097.30396519227 
8042.320568350759 24138779.67926746 1920.2476560112104 
8041.89229937323 11428976.46997949 2438.5239657095603 
8046.615977464192 19359636.91071864 1131.2009684069244 
10326.10541570871 346785.1447105681 16.71835536120261 
8043.782402046404 36999407.30494545 1570.997650474563 
8043.027632964323 8911233.404288225 2275.537939349773 
10927.355059262627 317090.11820961273 27.95057234005604 
8042.4558047339415 38913002.82469012 1813.6932518306867 
8041.649968273912 12741974.712970056 2972.9812569034 
8042.479310081975 10829808.56061251 2850.852448470248 
8042.597032729951 10115059.297133652 2774.1395710881848 
8043.713393132891 9606016.695656179 1643.6870921921327 
8044.67730511981 6864962.667658361 1443.587851926853 
18033.532495137333 93020.64578052794 1.0091530866213319 
8042.4998708347675 11214096.023850102 2568.7602879216965 
8045.898492393977 3739217.0531219835 1344.9355110346405 
8042.249179330607 11301426.349801 2641.716505482288 
17668.064951648492 89944.17103998813 2.153241187173841 
16987.930708400803 100268.68140532481 1.0787441003060643 
8043.279922770907 7208799.363023092 2163.428433891286 
8041.5338345981245 11032451.079351392 3412.6167666037045 
8099.008047443125 4612392.157107206 480.4967905952004 
8043.840992203917 10392608.143794894 1501.2036007228548 
9634.088361933316 374633.83861205186 35.14338215236456 
8043.23605236039 13431035.803416401 1585.0894091460134 
8042.644179047285 7773423.749897092 2288.786333790379 
12345.691444144433 176001.89254934894 20.292688598765675 
8062.66211344519 2044730.3638959895 720.1202877217326 
10030.148469352735 346487.68248853926 53.578300005554766 
8280.387595476685 1223490.899141963 190.75511616430225 
9326.46899471671 468985.845993406 27.21259157018254 
13279.987209413905 135223.48892492906 4.597733593791372 
12084.85416345014 176954.2057444102 7.849865669501248 
18335.550753492957 88748.12402311774 0 
8221.367723451207 1103947.1205914458 254.3569836667919 
9074.160269292548 407085.69973818684 29.576719796416462 
8081.695041796703 5125145.076056418 650.0849293531071 
8786.222283390949 835332.5308908757 59.20716635504124 
8099.287935709823 1642600.5488428795 775.2760576709525 
17395.421209417385 92243.18928703605 5.838642488194022 
11527.06263376593 203565.71275141445 34.71236548599174 
8042.88429493548 13925528.185667064 1791.889919792784 
8049.442403523574 2941317.3020285247 1178.0510068873436 
8043.049772693097 7837693.460257353 2064.970666346023 
8041.6471924244825 12471932.350629378 3410.8327090854514 
12641.147827716177 153184.05823215796 6.343131014821136 
8501.673370184584 709253.5695089056 98.51384424416585 
11787.633621184941 188105.9547702573 28.623321375425363 
8616.274343495223 430246.85944516456 74.73087093621493 
8047.270125576753 3915445.2713967124 1279.397256491135 
8042.757253617118 14796368.218597738 1905.4235594533757 
8107.976351197271 3012780.871386857 396.00986689665 
8056.303665668087 2516743.728999734 894.7083211813028 
8086.375390390483 3234538.0492324927 551.8081070596296 
12979.672055505005 138578.53082714317 5.778740395240763 
8187.015291761283 2528630.880563586 370.83439976274224 
11124.3974671625 302979.35756371566 24.26718520238552 
8051.586826279301 4512011.674983112 1015.4486003733699 
8060.185524857807 4951217.1761724455 829.659654766822 
16659.834289590097 106998.67480777524 0 
8443.105972461672 601605.0031083914 131.09665145893524 
8329.571808697283 619191.950905097 145.59116279534467 
9501.237180233284 383729.38410627836 38.54012182051416 
8297.854907679104 1092875.2271935833 311.11550101032856 
16790.436993084077 101215.9111776746 0 
8049.437447988714 5480465.569879451 988.0573220149379 
8042.75611560894 11853788.216068348 2061.570489195775 
11905.567281978116 244544.78799081838 20.27077161593905 
8058.542274998425 2163739.8237231676 849.4339929817489 
10108.990934406367 332226.67109599436 33.00980454685163 
8901.533967809948 393005.4887085227 43.138903470652004 
8050.444519782912 6297221.698580959 968.2710606346749 
11253.668317125277 263162.019607408 71.06420769441296 
11380.731229594823 258434.442064411 46.20374006644832 
13006.021080222336 138629.60556934512 2.0499365450493334 
12591.295904664028 158899.73270945268 7.4957175734262735 
8043.479565733367 6189354.222492135 2048.340354220108 
8044.188961724065 5829710.661402291 1990.4644929908816 
8080.656316045989 9756521.188422574 603.9768811731429 
8078.911593983821 14735576.01493385 617.5783358625363 
17418.70297984368 93950.96025106969 0 
8046.133064955997 7514800.326526231 1288.5043546945813 
8046.94339844722 11019501.834309261 942.2245143040282 
8136.60275337866 1640481.1939912275 391.5351266435439 
