8031.126880470296 71018.92051760123 74.66133492827734 
8010.081369700905 374691.6234336323 776.8842148935646 
8010.0715494557635 134366.291284964 984.2433889168694 
8012.169954314088 790355.6459103315 359.18001684712914 
8010.058974835516 219848.67803094455 908.5266276257986 
8010.093292989373 153693.11914800762 728.9349622478679 
8013.5746911762735 63885.3233741526 257.2543623617389 
8054.4471576721435 61831.187502277484 27.658742958363547 
8030.266433777764 72842.63070299944 76.78584191663073 
11095.436853932431 129521.6758651006 8.591704632812792 
8009.981904525058 1202253.3348377827 2850.0326826716123 
8010.078556940026 364830.0994649839 856.0577842584499 
8021.123510057075 42144.48609955784 108.06143492130127 
8009.976405809361 1694511.7733771575 6623.839283371033 
8010.049003698422 321084.39592144045 951.7552873749466 
8016.8317966102295 44284.85616786047 468.291543224022 
8030.275337408424 59265.73429055875 77.07624553919746 
8032.31543429894 81052.9041300346 60.83340875047326 
8010.015842824422 332645.8642264815 1383.6097912094438 
8009.977602694427 1709621.9255937983 5507.120214841094 
8009.976431926116 1311839.7877175803 6861.623343035722 
8010.062799302277 331592.3621537077 925.8271046916836 
8032.048862576075 24716.441648254095 87.8056330126307 
8009.975791032135 1144946.053022512 7795.426486355964 
8009.984353180196 7432908.685696203 2409.759357760861 
8017.54330771922 479895.6630447792 140.19841983292076 
12615.354264813472 125586.77251703307 1.3643691410905339 
11206.261268199878 133338.99112226238 5.160818956151669 
8009.99030499519 303061.43080798927 1900.7685757994484 
10938.725765208574 149633.44418994075 9.688408264242126 
8009.977697428441 1455322.2771257537 5401.509761371426 
8010.087746172267 146633.69355837032 749.1164172330472 
8009.979892390236 49848305.34361888 5212.183449173114 
8009.980880143406 910952.1851536863 4056.431023670402 
8009.977840453961 2007942.6982587678 5066.993727671406 
8009.9756757422965 4998745.358735625 12333.197232891549 
8070.157730630483 5309.31258594436 12.958305244973676 
8010.07140796664 294945.02721586806 806.3645481326791 
8010.032855254104 173117.80673450272 1191.8186317257046 
8036.700649571928 80745.91865353308 50.141557494016865 
8010.390314686689 103756.88228137708 407.1663190382669 
8009.9794063392055 1986835.2434237045 4486.33419363798 
8010.031108358697 253036.71156702767 1041.357319174966 
8009.978175259256 75878726.31751715 16774.81636806807 
8009.978784743533 965473.2491805446 6446.186689082596 
8010.197794718261 257577.11926334497 476.4679368943754 
8010.01498047795 426577.12775784946 1493.5391974650952 
8009.977421507392 1140804.7768461325 6394.648613403418 
8010.048655345224 232447.50118427127 978.6557090543979 
8009.9762890631 1881608.9596768029 6955.900044808813 
8009.9761244159345 1542317.846122857 7604.561829020108 
8009.997395758959 369289.95784413227 2034.2805925946054 
8016.427028992842 116028.12206030551 249.5516913995292 
8071.480676873182 7628.548349123409 14.162255278928416 
8009.975828872147 3011385.480955947 9652.306386501423 
8009.977439534867 2636820.3896300783 6094.46144762348 
8010.133599395328 288762.18578215997 595.8807897779342 
8010.079670297976 810087.326651898 761.2168856138434 
8010.157882911391 247113.24678792802 601.7521298756935 
8010.034237248199 474724.22546794027 989.3582122780095 
8009.976791290562 1279085.5591019322 7013.58094085586 
8010.07621979618 75362173.5255014 1271.6805042935362 
12296.24162854151 131431.38123411612 2.256994794580872 
8009.9760936637595 1248494.7076222708 7600.612283419168 
8010.065071859338 307211.7673505425 871.4061295840295 
8010.071288889539 5788259.373810608 873.6822345670663 
8013.580831329759 263140.5469567751 240.71120388545594 
8010.02309773739 10194409.27454565 1427.7665430701213 
11796.278410804018 140321.21138496892 6.830569278987712 
11680.904229664071 161753.0554040094 6.117183504028766 
8031.222534972769 60857.97744649988 81.4253868244779 
11317.80736723346 153340.4270911058 4.332716999787687 
8009.984212268644 1109432.5662109824 7364.7474399561415 
11227.722747668957 131656.57511358868 9.492261024722628 
12177.442094745533 128121.69465594248 4.599073525350089 
11964.28513641352 121510.17490829283 5.6649737038684504 
8010.177814418304 110316.03177737631 500.05625213584074 
8009.979261112956 1268979.372496805 6126.021786646108 
8009.978397980985 1335001.7595479125 4647.684285457881 
8010.030287378121 9911225.115236206 1130.1777450863124 
12436.194752260812 124643.46804313216 5.0830852494736884 
8009.976115713356 1250673.2768735443 12518.048875739256 
8013.704049983464 61359.521301155284 266.1291350433308 
11600.016264092714 140811.83825826988 3.340980434325989 
8009.9780307167575 2074239.411904902 5000.769301655999 
8010.045002060794 2336157.0319814244 952.3232505381752 
8009.988279330488 323314309.6324777 4250.494787135863 
8009.9757496362045 4672025.009389456 128597.71394484534 
8071.468481964653 25372.265559981737 18.384369900511587 
12050.476398774652 137986.85359001285 4.503634676505722 
12588.17498282592 124600.27055737973 6.511049008741903 
8009.976463732897 1427387.4805963547 9508.551037680892 
8009.976581875549 69944002.42953596 7068.2396077534595 
11265.488461833796 144020.04337910155 16.257546716544798 
8010.005412615808 30378979.04012731 1757.1987987495463 
8010.0053909203825 62646725.891803 2682.467675077508 
11677.417637862118 134423.343354427 6.52876069340361 
11643.902409849135 139614.61123447807 7.907402003854152 
11975.38983738455 120727.7480201135 8.347863529636372 
8009.976325871488 18970646.064652383 7116.896346711866 
