8030.65456438846 68556.99445571557 74.05791898683259 
8010.048084462085 1043935.6145237866 994.7763446971705 
8010.173293158256 236735.7768109634 622.3943362703394 
8071.496967983073 8271.078288861201 14.500757451536632 
8010.081006798933 205777.80090102524 756.9895402680809 
8010.156545126375 440676.92579846806 591.5651455578493 
8010.026323412824 257183.28271566183 1278.2245627259508 
8020.038389395018 62551.60646453118 178.53780097930112 
8010.184379289472 133688.76675804253 468.3795541595699 
8010.070690440602 135231.1627382018 986.6620921433691 
8009.996972675338 348736.8376201212 1888.910171632334 
8009.9782036627485 1453128.8652389457 4866.623716924218 
8010.016706468437 541613.9086343793 1462.2038349052002 
8009.976591477297 1529380.2506657061 6796.544086050487 
8010.103271224052 197428.80000100128 699.5364338166697 
8010.111024617139 153400.9686725318 684.7167486106408 
8009.977621846402 1747923.586931213 4904.72727662998 
8009.994143434404 465346.5670641932 1903.3402098762667 
8009.976720889165 2008369.230888844 6544.108977088838 
8010.114132221703 484017.493649276 661.3828876822284 
8009.978920749438 1915910.7851282475 4435.363981667486 
8009.980602715223 868822.134678037 4332.184686943347 
8012.177216214621 729805.3622302366 330.25757785143037 
8072.84156614729 12617.81624064963 14.180275027749254 
8009.976247080019 1229355.6417384285 7030.364728487956 
11742.795715362867 122223.41808234337 8.040248591351816 
8010.05875861556 2359750.6167920977 945.780460641063 
8010.018647833953 439366.11030729674 1646.2489999527147 
8009.977720381788 1151585.2560299048 5576.617736202705 
8010.094835582859 153262.1589613727 719.3030946289612 
8009.986731596356 1071531.4735146381 2512.815210696881 
8009.980076225384 969621.291127775 5043.615910465919 
8009.976074339596 10172552.803448152 8244.468133861112 
8009.977816131943 164486100.64729065 6426.82713592261 
12434.801623675568 126283.16939727409 0 
8009.979628082601 911080.8733152098 10489.3349806448 
8009.9775005194115 1379180.5554611736 6234.165779317667 
10749.003543178436 145126.4293229648 12.718999642411417 
11462.694321394089 127922.98212290737 2.0186770442605675 
8048.875879165089 505618.4947001873 34.78275547876639 
8009.977977973618 4138482349.02562 106682.9846826719 
8013.570927258221 63373.91522551413 257.235884566306 
8009.995454593518 324177.5113243814 2137.1628434556496 
8054.323640733729 82096.74995840547 31.303825021429894 
8070.145713195437 63479.05894885542 19.09430410706311 
8029.972375380125 142227.1512803406 82.09112777272409 
10945.500521485494 140348.57750994706 10.933403505141655 
8017.386055442659 15537.346436210693 372.1074522686694 
8013.720242790184 223751.14530108642 272.3554736836142 
8009.979201208591 2007744.875917499 3831.9753953565 
11276.707473481321 122913.60849135753 5.452772553059262 
8009.981999137321 1968750.3091237317 3073.92574512217 
8009.975710396446 1372949.6928089245 12692.91366076843 
8009.982067797442 794125.5288682499 2824.6549694022387 
8010.003817333911 5670992.376981482 1824.536330519718 
8009.976019834563 870133.2837984776 12336.503561072715 
8010.073575243411 721332.699852237 883.7417485550441 
8009.981414410957 64535240.211771354 3642.7612908107576 
10920.162017024477 145418.98438020807 12.384696405771276 
11013.722275904705 133449.74361922918 13.406562018146754 
11313.022333401144 128692.85099737585 13.407488760236728 
8010.078028525762 218379.96035899574 884.5490473159416 
8020.867649640624 710063.828457667 173.20847382287502 
8010.047781724768 245467.53606288985 1005.807844868238 
8009.9762424922465 1202284.6555209223 8117.818193716324 
8009.977769199106 1276904.6085693093 4994.711491382997 
8009.979622026893 833919.8029172618 9295.490748690348 
8019.794184909587 908894.1200571294 210.23396810225847 
8019.7776158359065 986248.6248564629 215.3444276409977 
8009.977159204646 1636227.0764984034 6460.107878487069 
8009.981013527917 1795674.428313443 3404.0390917090526 
8009.976340904066 6315384.66288711 6801.320051054834 
10863.254280223293 154233.13738665415 14.310432450177792 
8010.07518449155 174101.56480917003 838.2232060321255 
8009.97792148718 1263352.009111724 5061.412055867577 
8009.979697549012 1160545.4302272478 4529.541759624489 
8009.975838816399 823278.2105881049 12731.670613319213 
8010.00831651098 33545489.796339143 1768.316125836975 
8009.975959379811 52292414.753903426 8511.798794717726 
8009.981783204176 855720.5350536952 3208.6368157806164 
8010.078858262096 575402.5040281145 824.1660000903382 
8009.979807238724 818314.1216582793 7645.851666792867 
11886.446553723026 136822.92730859673 1.0728559281666228 
8021.084385411035 40508.71363624143 122.45419731649997 
8010.0257765716005 7899328.488473743 1185.888481244432 
8009.977308325135 1536978.802031618 5714.185459006559 
11424.114427235243 124290.81282026495 4.4157062917063 
8009.977140179358 23038181.377203662 6340.806338609054 
8036.004557222321 40388.888849218776 40.61261163956661 
8010.036740722235 196654.54747321625 1056.6898955701556 
12441.964300595764 126957.19830127066 0 
8017.460407992401 32475.120446588466 517.6647304808882 
8009.975733236 5853310.417413424 13149.528866964094 
8009.9766550657405 162459855.75247484 7089.098062839007 
8009.982552409605 836254.1752413416 24923.980948310193 
8010.161855524639 131867573.36866829 900.2355882576871 
8009.992188078851 26110038.237779405 3723.5977843348855 
10798.71476687022 145300.52036826243 19.787152575354227 
8057.810967297933 55518.69925323272 158.6740771166866 
8009.976015024507 871513.316640714 14047.467305567496 
