8064.737456547487 3928.8698696455253 18.680784750970478 
13457.144949304278 132755.47927150686 1.0329775160804082 
13450.54203157749 119622.77417386093 9.009599513157704 
8009.97678335406 2593979.4222393776 8375.977965005306 
11008.938970928215 162954.71993911202 17.312791117829434 
12533.02585648595 127084.04998670008 9.427140340894397 
12430.669061296707 133018.15401763617 2.1124915699370024 
11953.050181402432 144128.2658084491 2.0399569490100014 
12833.182180776726 126312.57393729434 12.67228927414536 
13070.397265505511 124945.38632801062 1.0351472819172298 
12046.508288058185 130771.46648654868 12.07368670531958 
11575.776769274196 156405.68435278308 2.684911750857645 
11915.882952969325 143998.11221020602 4.126658516802095 
11106.212862659351 148205.3301403252 15.634530049198094 
11166.108111123136 165682.54989123045 9.978665153129175 
11414.033473511627 140219.1710565871 11.170059062253666 
12135.25770089792 131490.5394714651 10.783563069445012 
11426.891398442156 134172.31949127963 7.270434765038994 
11492.445501758208 157986.86263573254 3.7542055923336397 
13035.945729621639 121886.47059784248 8.92193885579348 
11080.33345924066 149679.66697632993 17.12461015438303 
11431.703130149686 162903.53858486045 1.5871564336147619 
8033.359186424195 403927.6888720661 62.3086117696001 
8049.48631842937 233665.6769361112 54.08211060783133 
8060.570616699447 41090.26837011094 26.655857537470922 
8051.035266486199 185777.47631178217 40.545876496037636 
8016.453316657378 282112.1815991782 266.85307958193613 
8010.4067711676835 372490.808000275 315.15383797077317 
8018.631613236737 18824.65620005699 520.6722409178333 
8009.978652770624 1350919.0124328781 5722.9256818581425 
8009.980072222214 18045743.54721131 5414.088986899998 
8009.977094244919 2669248.716744008 8025.940579319817 
8009.977842676204 2324883.297745607 7582.903406256602 
8009.989779301363 865781.6122671196 2697.581977561472 
8009.984231061096 1520216.6434323245 3642.4437317103584 
8009.982981272273 2019528.870573175 4096.869003353198 
8009.9888506055595 7022938.969707098 3054.512205456878 
8009.985267205953 1723702.2693516226 3379.2184114833676 
8009.9924068452665 689442.7857302423 2427.6275991240686 
8010.250036058123 371283.4847260019 441.40411838936535 
8009.977324895245 2332436.709314129 7722.626384553117 
8009.98272428527 3727662.610967977 4720.903063425881 
8010.308836131648 146447.68799781674 384.3240108797414 
8010.336092161452 217376.6724228256 338.07324989596873 
8009.99714243245 865918.3221369537 2083.830242088408 
8010.19244151342 118245.34712367976 503.30675281132113 
8010.072472028494 709454.2203799366 1017.9334183106378 
8010.028792325789 725146.4592469316 1273.0882325853931 
8009.986269846219 1416495429.7040172 5122.070902648887 
8010.083821350666 305501.85705992725 776.1350674775643 
8010.021063896729 286002.56886643334 1775.7231947057219 
8009.996122339967 966371.6629378522 2277.632322266986 
8010.006806165666 597327.5773397408 1970.9883910833312 
8009.995754210207 2101478.996546266 2217.975684388677 
8010.01480855827 468299.59960304725 1669.9487859656397 
8010.024205075979 26417698.1152903 1490.5581152990972 
8010.048866967501 473074.40903450985 1202.7930899789653 
8010.145030329592 154639.8055675541 582.600116522435 
8010.170082107579 153306.41303293323 525.477911646407 
8009.98152472139 2095556.4138551846 4718.8153789113385 
8009.977932111144 1490026.4322020926 7079.598206456201 
8010.022827182405 652215.4873516364 1440.7038786373462 
8010.132547636974 6921215.027336226 685.4435925967355 
8010.014057856405 631649.3436804186 1551.9421167366406 
8010.1381982004805 297921.0755008444 622.5125259025754 
8009.977538853711 2253144.673819734 7182.058339450034 
8010.0500235353775 7546357.840731886 1239.2217047298589 
8010.003176749869 423774.42611853045 1979.3547007762008 
8010.102825767713 362329.24867337244 689.9652161287509 
8010.052136582385 358189.2978015624 1142.2260788591432 
8010.011667415842 53675650.165452465 1875.8732415217867 
8010.089925589296 198812.69775533455 737.2143208808031 
8009.977566375508 2025660.224569746 7752.354998135835 
8009.982551746207 2338652.5553190815 4403.8223683495835 
8010.096625343618 356374.50211092253 723.523086959828 
8010.009718406383 383317.56242224295 1771.8245067142457 
11732.131362983462 145205.25693855033 2.9560239152166945 
12114.15523450566 137768.19188673288 1.0567273107162776 
11226.553444357283 167189.0345310303 8.998936534500565 
11523.529121790663 162484.05609512434 3.0440742950111694 
8009.983257089527 54687228.957144596 4190.410015290905 
11200.843104617088 142679.99804591795 12.316742529631476 
8009.982451431477 2248371.610650459 4569.148103006313 
11035.11854935266 161101.99028469852 12.7490092076431 
8010.022032194817 277225.91030461923 1939.8948132745952 
8009.988826658819 4820743.299828938 2749.973052600986 
8018.73918415161 16657.942089362816 114.7375502088183 
8010.074531024486 818519.992879455 844.0757768759555 
8009.990187246047 882637.1360941478 2930.3443056841093 
8009.976749764566 2488728.3869934957 11151.015887605503 
8009.978140645976 1562944.431318911 6176.918138103171 
8009.976659832273 28990563445790.668 11888327.338849442 
13166.786821599359 126262.33576581068 7.835232707662284 
12168.26123215493 147856.5571710308 2.0399486885625935 
8020.918680905882 50769.05966100797 129.1023858856789 
8010.003162296242 150841063.64911556 2542.1230892733593 
8009.978143302657 2746414.2171461717 27467.633053350073 
11516.986887453773 155037.75409177263 19.7028707305237 
8021.526911781351 38920.41718202844 108.81439097483278 
12912.929632524321 134390.80207505985 7.61096027594443 
