8010.010796122815 369977.02878250065 1606.8744034481665 
8010.043607250187 206264.48246624842 1007.9160451540612 
8010.042986280296 895079.5790770117 1026.9367429423928 
8013.5528425919165 1498706.6544786287 272.0613949192733 
8016.484710039092 166560.13690911228 239.9325332750964 
8010.205174908237 130775.36756854347 443.4282903724057 
8010.132658968507 94937.37554917554 618.5971934558479 
8013.417710677881 75109.39981685385 273.88168999935584 
8049.102533825355 12775.33896657253 44.2981624513273 
8009.997537887692 328263.09356433124 1936.800607024692 
8039.191703336399 47459.36580301163 157.42843955714702 
8010.219877821604 134185.75821578666 446.0311456014129 
8010.088625526626 161427.2504583 748.1068567870756 
8010.087318671499 393259.71412682225 731.5141380626944 
8009.982730790219 835257.5556960544 3287.9524770102225 
8010.064865047214 262698.8812657365 840.3197379526831 
8042.509776803365 27728.586786445383 146.30225528227533 
8029.744224216333 279973.2165874928 151.3637092192896 
8010.199237621435 108231.72031199383 495.41089955160817 
8010.015039897527 1623402.703327015 1488.0113338762944 
8046.886571962759 165472.47342507576 35.31635082094285 
8010.0035986307275 303883.3746311968 1692.1947931050443 
8010.111009303631 96558.34760190133 664.4053757957854 
11893.766173269756 133065.51209598934 4.328616599922334 
8010.069623411735 229987.23517905362 843.8708370281392 
8010.072180326291 171494.7395817727 819.7565262666008 
11661.673936649557 156330.05803305507 0 
8010.132638853776 451827.82116251666 595.6579711195837 
8009.984350060961 1237173.1237281673 3027.0824695330807 
8009.978088268303 2860178.933083658 4714.296202975436 
8010.062711437638 161894.26574634295 876.9083581959303 
8009.975668144283 4427000.348503292 14102.25415129371 
8010.141300877075 87734.55036444927 554.5685155011917 
8034.165450579541 196676.6527944528 140.20264175947148 
8010.203904750578 890203.111488254 478.3133627478981 
8010.223975862567 102862.84105580745 445.75076890236664 
8010.163386894128 345080.3319770056 529.3675755138121 
8010.130875623799 208382.2082727693 608.1979286104424 
8010.112963270649 99208.3099989084 633.0258229598048 
11757.997534277816 139670.3050737672 2.085709005877615 
8048.2338028476615 16261.411387955348 113.65304488801382 
8009.9765115344335 884512.0058877638 6931.683478321044 
8009.981232284442 1044134.6630708543 4243.512765772557 
8009.977200907013 1797250.1614140966 5997.6368580649505 
8010.018536770496 363502.3193410796 1239.592363852522 
8009.977600768882 57398360.516010545 5807.42969632954 
8009.976432929146 1592081.8127139306 10998.44016947926 
11091.93535330933 151804.33575661114 13.488018722565617 
8010.023990845359 228293.3732485461 1123.5276951986202 
8010.0977996657275 126419.21153131842 672.6550081953443 
8009.978123370573 2382978.8091537664 5354.8357043624765 
8009.9962359829515 3087999.4586594542 1916.2468593929095 
8010.148421772543 84803.60260409946 541.4666630454216 
11572.355141605813 153267.72400995233 3.600632112411388 
11314.008035491755 141585.75319465905 4.015425450136126 
8010.137252451631 99131.62584492716 598.5421548381006 
8009.979587290158 1331146.7970639924 3792.787627229833 
8032.8834385730825 283215.8803186834 134.41790493788508 
8009.976225204294 3411096.8189046206 8474.414249725085 
8009.977474866114 26053236.53579722 5781.863059058364 
11404.51591712809 154369.04213628775 4.5825643048898606 
12141.998000255633 140475.30403725267 1.0052100179570387 
8009.979438982488 1752314.3975186304 4042.462304400409 
11282.885058392023 157551.79360167088 2.1518382243596035 
8009.9912010738235 688173.3329841148 3114.198627544149 
11840.924025406734 149024.17017955464 4.686858581774706 
11859.631787159096 137721.47014865902 3.210667673908703 
8009.978654838551 1858307.6623731554 5358.184720947819 
8009.977186688502 8357697.422443363 6557.33805233487 
8034.3237973604955 87344.82231616772 58.63324653072423 
8034.370659861769 80094.89914216167 65.02613543759793 
8009.978693013936 2050879.6747526554 5059.5370387691 
8010.017358028903 611482.6683501641 1584.4851802417377 
8009.977816662006 1142927.2300195477 6720.222103290688 
8009.989527043652 1317816.2155736808 2805.9114229863326 
8009.993856013141 1209392.5267050238 2588.5371765005157 
8043.380236840794 71075.78085264422 136.78977574075142 
8059.182914255584 2769.184540322588 7.663068410003943 
8009.98898707409 3383186.0093752057 2921.966792299223 
8010.052754344124 288569.00137931923 986.5283637704608 
12300.430434743557 141974.15773748962 0 
8009.9758256297655 128556700.65291761 1565782.027028883 
8009.975944252656 205769688.97099313 37186.728000688054 
12279.215573821988 156520.11165146873 0 
8070.131981672941 3184.724175656255 11.522950707821577 
11197.154223770809 144005.94971717335 10.264255299864017 
8009.978580850079 6697242.941432448 5270.168433401143 
8009.976430865992 70571506.78454281 9366.003209594122 
8009.986773875336 67857873.48883225 4690.380891199122 
11802.583454263286 163736.06077731017 9.465375368826802 
11292.683987349443 158158.72739539252 9.715119278331047 
11426.059720670746 159128.92591461132 4.647656688688743 
11616.54824744707 143200.30672779065 4.3052442539612 
11313.294008748435 167089.14652958815 16.39587320043248 
11563.794086133012 156221.53478965524 6.687586308050509 
11542.559511550475 144223.65129197133 4.699621360346766 
11252.618437697074 157103.76859352068 7.592824271041569 
11876.578114962778 148127.90982586285 3.095533622062943 
11773.686043856298 140895.3234043702 5.559801981995874 
11526.145704581919 143134.19962342028 6.863703506411909 
