8031.43976149869 62753.5366500108 73.91460602657418 
8010.081369700905 374691.6234336323 776.8842148935646 
8010.071172325458 134549.611271144 984.5902842529802 
8012.167903064732 790367.3254718733 359.19498132263936 
8010.0592158265645 219980.75016473752 913.9621449332395 
8010.093614649493 154141.35102546084 728.836052622776 
8013.5746911762735 63885.3233741526 257.2543623617389 
8053.645712583968 57692.76435515359 25.28521448034255 
8030.256022614372 133830.18221452017 80.23837050269721 
11432.350322773244 146686.10057758278 11.653430918120431 
8009.982069776602 877600.9728538727 2920.0796385208764 
8021.121561950354 29484913.774621747 197.7537718031335 
8009.976427704585 89827865.48828827 7184.430564461005 
8016.8317966102295 44284.85616786047 468.291543224022 
8030.26527804683 76080.22720519057 78.52221834247813 
8032.305100342697 107133.30881636852 62.52534742892598 
8010.016165386218 346659.2633297575 1383.0766607310443 
8009.9775767792335 1788408.5349309181 5645.32170414793 
8009.976369832887 1295134.9362062966 6804.7859033662535 
8032.503642827824 23535.722709079317 87.29123134430324 
8009.975872615714 2268466.7620373173 7845.374586828218 
8009.9844477480865 11439507.738086747 2420.828937419217 
8017.527745121025 546288.7192351485 143.36997330731964 
12607.111596437326 125793.76044003165 1.3664676112776848 
11207.06767850938 133327.38705901025 5.163978328707508 
8009.990470824778 305398.027172961 1902.270570314581 
8009.977843133633 1505531.466856306 5440.698541212542 
8010.088064564172 146483.46915513833 748.8282068332031 
8009.9808525395965 949728.823508841 4094.809559002807 
8009.977834158817 2013797.8323712836 5067.536940992959 
8070.147730162372 128350.33120242918 22.029739678096647 
8010.07140796664 294945.02721586806 806.3645481326791 
8010.034505099267 162035.50814599555 1192.120452592469 
8036.700649571928 80745.91865353308 50.141557494016865 
8010.3902126547855 103234.22616869754 404.9126694594855 
8009.979521785419 2071679.5882209467 4514.333082820917 
8010.031108358697 253036.71156702767 1041.357319174966 
8009.9789037274695 964721.2796271804 6425.895166104014 
8010.197794718261 257577.11926334497 476.4679368943754 
8010.048658854502 232444.01330096147 978.7003219158054 
8009.9762890631 1881608.9596768029 6955.900044808813 
8016.427028992842 116028.12206030551 249.5516913995292 
8009.977442600295 17181978.87646722 6137.5531161218105 
8010.132543574452 236944.19803867704 581.2474406174588 
8010.079670297976 810087.326651898 761.2168856138434 
8010.157965757746 203733.22379864406 590.058289984792 
8010.034237248199 474724.22546794027 989.3582122780095 
8009.976775199903 1220711.1869850268 6852.719834415446 
12288.460756822884 131656.9969430752 2.2565927381844766 
8010.065071859338 307211.7673505425 871.4061295840295 
8013.575072535309 406057.61347488005 252.25551250716154 
10970.773711471482 166328.30681759346 19.014251018309118 
11963.62808522441 121536.33395856558 5.668245513006893 
8010.177187245331 93722.77926823491 497.98846435122437 
8009.979118633704 1253963.0775121178 6100.797511181128 
8009.978397980985 1335001.7595479125 4647.684285457881 
8010.030296368498 479640.4846628893 1075.3833403230556 
11899.206334619998 140555.39537935817 4.364162023301969 
8009.977986866246 2081042.1346827408 5008.259525227638 
8010.005877745429 372007.62287853606 1690.0044456331605 
11916.360939765873 122481.34957592058 5.491303206959829 
8020.910814285068 156558.4789802174 223.85388963861254 
8009.9775764743035 1130179.7894141816 6344.851128830065 
8009.976146397448 2011247.981110373 7612.023363885659 
12078.956476386702 124580.48247673959 2.622174589684529 
8009.977891175541 2141771.4848056934 5399.92720777558 
8009.9845941395715 779180.437145522 3798.002878084247 
8009.975807941028 6123248.03923528 7834.136833797434 
12212.154069166561 122447.3612737729 5.368474807249362 
8010.035204332453 730692.5569600434 950.5208463267213 
8009.976186956566 1366980.596868169 7692.302624778034 
8009.975902222666 2570576.325016253 12143.442756740127 
8009.9770891110475 1182525.907463934 11336.456366596947 
12026.154063110946 121873.31587012138 4.126743353337519 
8017.43617165494 832123.529662205 193.02321356577576 
8010.0060667313555 266906.1052559746 1752.1965503850324 
8009.976801175553 2799416.3264732487 6729.324961339064 
12360.346263243628 124093.29233108206 2.1788208874507076 
8010.014679847922 339780.0362043188 1467.8457533863589 
8010.035799866871 358754.0226729824 922.7376834131827 
8071.481354819295 16111.010027671158 16.90322004053671 
8010.030817818621 194478.39134204763 1151.1428678937955 
8009.975892621628 5365919.440123266 103400.22889587311 
12392.935524050772 128617.75693903626 3.1417281037985854 
12437.45373426232 125688.52545226118 5.293328392387949 
8009.975815842969 5840524.845557356 12349.668004578436 
11275.172163644997 132267.76644413144 10.560396597754828 
8009.976599432805 69961899.11771232 7066.730817768227 
8009.979892390236 49848305.34361888 5212.183449173114 
8009.976317122835 18600128.757111616 7107.6820396286885 
8010.014825262728 38163782.01004201 1637.1330018454837 
11713.780509504253 156364.4589656848 3.3435596190343952 
11499.388746878427 144370.09945593658 8.341716759890137 
12003.103069143379 137930.2408444832 4.4050703676886 
8010.023086659283 8075144.263044727 1408.7529474023881 
11974.905650310278 120756.33937796389 8.3561936112532 
8009.976198656615 2635586.44109355 10257.624543808732 
8009.990872809576 912412.1614366255 9158.281009170481 
8009.988073195303 933679.0820835294 3241.7745646184585 
8013.7080888457585 72834.81134622401 269.71699994446317 
