8062.2853253061 14081.400148075747 22.044936642933994 
8014.286273699414 65844.29915668242 332.7582963770257 
8029.619434703171 34528.70636537337 87.0875755137177 
8044.554188403819 19162.627508854974 42.39967449132034 
8027.095148715247 113224.05576322379 108.78921170867898 
8010.684225792759 147004.6703782279 547.6049792102087 
15122.410355184757 236530.52513967978 11.240730742537137 
8020.051346767162 61409.71204097841 146.74166179697963 
8010.293731372639 353830.4033405266 842.0792887481941 
8010.693438359336 155029.126347007 542.7316559520716 
8010.8287657083165 169649.7451759575 512.1732994737876 
8010.519483394211 212531.65300793247 561.9723400294273 
8010.420058252098 219207.45986448345 701.2179427844691 
8010.878307362947 1131435.0079051445 504.8971694731155 
8013.132870678952 151044.48225349913 331.68194926991106 
8017.665783472174 130342.02196557 199.52167032322586 
8010.4899197935665 241367.2945431712 599.5796620351387 
8010.37165727546 314477.6507347389 739.7797107188608 
8010.669723205612 270796.8422565928 511.56522622449177 
8059.996511712889 6640.0668611535 24.595749573357104 
14643.506399953063 238791.7454761181 13.897601928362427 
8010.366248033631 307391.7355872367 758.8846169716542 
8010.329426990431 316418.7649169825 778.9181534914062 
8010.35204278969 260406.74758104866 814.5383131907923 
8010.454344889107 298184.85922425374 648.1080496524664 
8010.58149435219 194004.9820276703 618.9354446805067 
8010.332035350013 384559.4870727044 756.3736773801942 
8010.321870839097 317746.2847755724 819.6942740523598 
14741.32835938271 250250.99524104124 6.876053458028623 
8010.4659638733965 254936.13152742645 639.4004622658408 
8010.149792448396 920390.27861923 1315.8872766432685 
8010.212460327943 3647379.8960112655 1068.378561605375 
8013.690743573017 520260.9840736426 301.87368524020474 
8010.227332653221 471746.83699156647 1278.2069909112402 
8019.420255555897 81169.24669625825 189.81201623849836 
8010.350758709882 284918.9948613571 831.6624656336638 
8026.382694284469 1621322.7462660028 137.27536887013596 
8010.222765019859 1613537.6122127892 1036.7013357998003 
8010.245302578492 678525.1815081249 955.5810818489689 
8010.673986231091 167464.99871629587 561.0171219693975 
8010.2698306247985 495010.97210212646 894.7311625612965 
8010.658583221522 149373.8737050248 565.3267906478383 
8010.491649076551 213417.63371789356 674.2970575242811 
8010.20015549932 529269.0832582316 1181.631839674897 
8010.3088673524635 325023.35708233074 790.5247074245664 
8027.485639372714 93822.59543487974 106.9831327784593 
8019.066406097078 110129.0960251251 194.98198459471556 
8010.64393423993 159818.18241158538 564.0579631364559 
8010.197310247428 530667.1950746211 1209.3088172105452 
8010.108790360188 818043.4088226554 1608.4601090593596 
8010.163837242356 605897.2376597272 1084.6548579104103 
8010.433600553895 240346.447896425 658.6532620347713 
8010.265461580623 407814.67872990604 1109.6074238439105 
8013.1045894586705 4956535.55834671 498.45549261713325 
8010.197193838178 548615.395350732 1087.6119522724923 
8010.264328981846 377895.1573150749 909.7019349750943 
8013.707208317281 69199.30189076612 360.05082809213735 
8014.794433527346 44490.70724974087 282.6289684895946 
8013.8730750117065 4752960.5435519265 294.19672436341295 
8010.640104834365 235156.20729782426 530.736536890603 
8010.340277299463 314864.77387545846 774.8323505494116 
8010.22128206249 491238.21089993056 1075.3599575916503 
13992.21686628887 256684.29078483323 15.133774505445334 
14713.091047829314 203090.03876431615 16.805593049465873 
8013.670941454971 5457561.104510635 306.09500000640736 
8033.079819194354 537334.1378861517 68.9190320271456 
8010.246383689147 519104.97451527824 991.748881387824 
8013.106520403506 134993.05423678877 336.51456771637777 
8014.870097524038 46387.90452930358 264.3728304334798 
8041.937064671862 164109.26197794228 42.45453386075932 
8010.235495955169 814373.8184857427 1053.8037228458188 
8010.236491378341 1015005.9193049187 1008.4347929251605 
8010.4160207387395 273738.58915289975 695.499285300269 
8021.1546855993865 29813.813464336472 146.62349489041858 
8017.679271089903 40023.06292891017 200.33241011423794 
8010.379517879382 259754.45744317083 834.3655609617653 
8010.525496970076 190885.5816949832 593.3419143933124 
8010.310547383989 320335.5902679832 797.5367423432501 
8045.341191370829 11509.399344866037 29.816510124498652 
8010.162986084321 720326.0447887363 1305.4831443145235 
8010.241432989819 444451.68852835835 1178.2453362866697 
8010.3963240134635 255185.6815941125 765.1888200659826 
8010.729381881426 140504.81573446095 529.3573157768885 
8010.788504213828 3809482.8694464355 509.56558232581875 
8010.39523398971 293883.40266580356 696.3715128828553 
8010.419839057565 235466.50625607636 710.0383281385583 
8010.136115868008 1053735.7460217327 1578.693535796959 
8010.136268960723 721623.8807763992 1465.8719904393442 
14494.725721117286 289427.8299113498 9.0870237698065 
8013.076216643001 127917.4890832988 533.1543444073363 
8010.4861189125995 549852.6388090114 610.9228319375774 
8010.352170947823 319122.3530055237 754.4124000954541 
15071.99928917309 230783.20022144436 11.316976470743061 
15184.567415544676 225245.75730166002 4.1058852244151245 
8064.696131653165 4407.960368906383 18.92425339120095 
8010.11268183504 1425397.5649334034 2065.7958310733534 
8010.139223120052 8964574.849715386 1679.1784555500753 
15857.115383669836 283050.16186163516 6.603475996096517 
15494.532255103431 252615.61015816915 11.216784201773413 
8070.724435291679 6807.9757189327 51.91720040930295 
