8033.0688206210225 16038.078145526553 76.00248477889775 
8009.976162517449 18008949.43676987 10750.619349080342 
8009.976253410843 1947795.7124107098 12639.678516767483 
12795.057642669253 114428.97333011046 3.2025672509594583 
12110.118189722438 129235.96069061951 0 
8009.976861589908 151313169.5733215 5621.135365482351 
10689.547282720445 166523.685050826 18.856367404040054 
8053.056430381898 78368.56432386623 24.41751666055481 
8009.989813694774 11293325.574616635 3008.6103050638294 
8009.9764729352155 1367821.586757973 8434.48892924629 
8009.9765738764745 1102384.022148617 6762.559563661778 
12492.728913565574 123238.05184761618 1.0065151146327103 
8009.976659222027 1944576.0091886397 6112.848479903222 
11847.631175768642 119988.66902476568 4.330237640289402 
8009.978874826134 1567484.4193465344 4481.244142229273 
8009.97674782299 1036973.263297795 6672.472744299363 
12052.151966470303 116876.61968489579 6.661921357121091 
8009.989832184639 356559.41417506296 2641.0925597230685 
8009.978015866211 2067896.801058003 4867.815661998236 
12370.604190973863 121328.19067291317 2.041313219989754 
8009.977644907414 2139605.39276324 5174.04622766761 
11689.372775171576 121599.2935290747 9.356818040085205 
8009.9802667897875 1684863.014076642 3675.733747246032 
8009.981860113113 1255321.504631912 4008.7076818295895 
8009.9817077407215 1709851.7130838996 3382.327233195304 
8010.0033351941165 8512479.70960918 1817.9024479015031 
8009.979066225054 1011293.4061772382 5743.966833453464 
8009.992208280197 310205.34780522273 2305.0152987918154 
11764.82566256008 122737.55506542695 3.270372989695151 
8009.977608275362 1610411.0578694884 5413.77260723162 
8009.982772575662 889204.1292947325 3161.141731640125 
11555.640870379015 119693.64615819888 7.486719290101902 
10919.923179544327 148011.7106519022 15.79744378443322 
10799.14022209059 142715.14805981377 18.286967640859668 
12207.513593631493 119653.26545765696 1.1735206671225233 
11007.20459630566 145859.95545282247 6.314512222630548 
8009.979274188203 1438981.4049495375 3924.12674315503 
11187.995249564192 131076.98072613674 17.662210472333687 
8009.989881389415 1079283.9631415466 2938.3492703982147 
8009.979384371892 6947620.146790662 6003.21994619148 
11241.913893678577 128565.61004067118 7.7836811007746745 
11082.35382943687 137586.6090652182 10.172254691079196 
8009.992970039475 335264.16060651577 2202.765436237448 
11119.155748820653 134100.9983184815 7.338871356825408 
11366.600599876581 138963.34457116033 5.379579560659371 
8009.995014363039 261390.69160347185 2021.0430538787787 
8010.034147980776 727704.2760632267 1284.515375517547 
12107.823274390326 126575.65554463581 1.0228490690995675 
10747.1324784121 153621.1729475111 16.695303339509813 
11433.88094153514 129809.32573748834 1.0106281096206544 
11492.838888601165 123031.47957006356 13.76085201148269 
12362.211273418678 124022.86806645672 1.0016118486514298 
8013.585429449498 223074.9715417911 282.71040568789914 
8010.007116231544 512027.29117082653 1483.2974745255642 
8010.052350387323 205325.8968875475 1066.6513876864772 
12335.307013672009 117366.06928878641 1.0177965572664642 
8010.007516807953 254595.5988576667 1577.595071497547 
8010.003381445673 960287.9408564897 1902.5868060990804 
8010.073261974507 156727.32004666145 770.2216330592402 
12203.560390906445 118264.20778480136 4.237319698145714 
11250.207682184766 124694.83549933901 18.304913512082436 
8009.985928339645 884351.6227051875 2964.391071155654 
11522.293629422851 120847.87752706766 11.086927611509836 
8010.010754107438 434421.62391122826 1365.0978745135267 
10956.529669815925 147380.36783305192 12.652943364591346 
12280.956360934408 122167.26174865445 1.0132170258273774 
8010.058028356904 217989.2905599083 912.0957636555555 
8013.369685714218 1329428.2926867125 385.43515101744197 
8010.026010992933 1229226.3850190942 1027.8008862181528 
8010.0034219023 428199.96135697135 1711.8685457664492 
8010.006076841281 307550.44225996255 1686.084676529912 
8030.157380691434 2395764.4306507385 221.53793671960688 
8010.095661643515 129661.78277307775 651.1159762604159 
8010.141073469665 105052.14159179394 543.8406447501924 
8010.068185482131 222804.67183129527 836.1174995046733 
12238.052145379828 116575.97847688397 1.017722565616753 
10781.276646623268 155649.02856848057 15.150485794980018 
8013.301391276148 154727.17932339333 419.3920458199441 
11351.851892945533 124017.68821738656 15.000639819580897 
11375.956088529936 133258.69553236617 0 
8010.035911269803 533359.80599801 1329.7384604968902 
8010.399916486444 220662.87829944046 469.18334670301925 
8045.521742150392 120209.4634782155 38.02737925205106 
8017.621113749443 257891.0996079161 118.27159279318829 
8010.063172480759 198542.0628610733 862.7879872839504 
8029.370447697299 126660.22765440775 111.32279632904255 
11400.535477027128 127259.60092142275 6.032889510246445 
8017.428099086589 377553.79971632955 160.03311952752227 
8016.7696371428765 43352.28799242365 467.92609701945526 
8010.054492992591 235936.92604770465 1049.7832081341535 
8010.12892725943 110355.5433081887 610.1607311317281 
11012.77931887651 150095.33717003278 10.066258666778884 
10782.101172118273 146115.4137461079 20.785597792420287 
8032.223185747527 63537.93211072762 54.61339710205849 
10951.208375542217 148984.49855156185 12.448547012119139 
8010.136548843842 104970.91647902304 574.6627824782878 
8010.127619707286 185935.05805090762 585.8004571948968 
8010.108830726354 315094.52542324364 643.7516121432222 
10940.538592869107 141474.70898007666 16.892138154456745 
8029.536472361737 51569.37866240316 84.94084422347868 
