8064.704899646458 4249.087066185031 19.23487199484589 
8009.977306004946 2150123.9650147753 8051.666338686391 
12721.95459538125 145063.89365690752 5.080818817961996 
12511.13977837926 164936.85357860464 0 
8009.983217588975 1538339.9150373726 9747.529021661561 
8009.979714603344 28766454.523965098 7351.217381642404 
9544.186063542009 80587.57733966719 14.94275594047904 
8009.994123602364 5682494.0011764895 2700.59499286583 
8010.002889980642 10165362.023077305 2173.5891303680323 
11874.252366326098 186499.4523168496 5.601649542590016 
8009.981004727715 4032846.0006537214 5940.380333685491 
8009.983181589761 7577862.149250141 4981.79788033395 
8009.980807414537 7412633.655944435 6594.604481948254 
12001.439496763081 139483.71048695434 9.849715562390433 
8009.981165694205 3070781.0908077634 6489.460248612762 
8009.980740087333 2729966.8974879812 7161.544728759786 
8009.978783474272 133849350.62362908 8898.906761410515 
8009.989683445677 1278844.545442103 4554.762657961141 
8009.98529060621 3314001.1825942993 4146.756171877625 
8009.98103900858 2788426.174720399 5150.659502733838 
8010.016501913169 7795191.391215825 1617.7616280534967 
8009.985791671528 2019302.730910897 3766.3463443575542 
8009.984599088985 1681976.3535394147 5579.36805110028 
8009.9847841062065 2371127.6873875475 4822.716650741906 
12345.477056138563 164443.34201113836 4.639743957822808 
8009.989609905997 2302696.5156742968 3432.547231485812 
8009.9903952204 1307046.81747466 3958.814185069684 
8009.982191058194 1811553.531992638 7767.850095155315 
8009.980219493553 11535405.300472658 7317.945539844088 
8009.990531660231 1434906.1349537713 3599.179927156162 
8009.981952973341 12911273.78497126 5833.993914301555 
8009.993645782699 6624377.05191531 2970.2599571118144 
8010.073738756209 4343037.181528893 895.3151568810797 
8009.978631138646 2766659.101388886 8049.531649474456 
8010.007548269999 863541.9324325896 1823.110834009677 
8009.992208862415 1225692.4310186328 3189.6978573677134 
12338.66691137399 176469.92841743078 4.318664939473378 
8009.983290613843 3524198.318865947 5135.132665280029 
8010.010336683254 848986.4991969332 2038.8789625384284 
8010.022935275276 635105.6139662766 1442.4312702805262 
8009.997686392295 1199307.3733475443 2788.7875472300375 
8010.259615904547 140933.5922939297 433.78017194618866 
8010.7129161426155 345213.16839601216 335.10840897900925 
8010.167919311929 168920.60420328067 545.8453644083429 
8010.125738218807 1153350.6956299138 659.0495683626805 
8009.997154951601 4714647.431991841 2536.9802703577034 
8013.935134711744 102499.43479662738 254.27142242434311 
8010.001484000139 864312.1433677977 2316.8909921180475 
8009.9993853480755 806733.0872617578 2584.145878362232 
8010.022138298272 1165279.5410826202 1545.1045696603314 
8009.994207946373 4856799.974250453 3209.434150882133 
8009.994074232987 1216761.796929808 3033.534715856274 
8010.043901930363 1574296.0451867543 1115.7098064437862 
8009.980446766187 2203701.1363832178 7186.858974783494 
8010.004309187369 1014556.0168031936 2075.4626278837995 
8017.961698751594 282238.3553509876 177.7822412437 
8010.000582241753 736821.2509255074 2373.159137588132 
8010.018595422363 597530.0116547619 1622.0522691701603 
8010.049146012415 10562625.395312356 1088.37391419761 
8009.983929476794 2338735.291848323 5624.28810121654 
8010.106466294097 203811.61225522787 735.7488065052197 
8010.000185296832 798224.3376534684 2459.499999307805 
8009.997997863165 745473.755194022 2884.3284900948593 
8009.996617437009 1204023.9154146956 2690.026256297483 
8009.9937499966845 2432737.2964347745 2966.1048252471446 
8009.98404445923 2240678.189430883 5005.406157805834 
8010.0301759427175 3446208.267446422 1322.8365688491954 
8009.995147483229 7516021.69335883 2918.969346274995 
8009.997332938811 1302204.8827851913 2658.3798098198613 
8010.025743855335 352505.5305554919 1347.2687859824168 
8010.003113753224 851630.1463631862 2171.8411931980568 
8010.009652885146 1170495.8868152376 1752.8606560017988 
8010.013717868461 1816671.2976408051 1714.250816085269 
8023.193997357068 2880225.1617976055 118.95432803195706 
8010.068471130888 4405669.910638925 1023.5434005041456 
8009.997379719613 1117412.8977877689 2978.9200123403066 
8010.086576853564 229001.30984442585 826.0129238056709 
8010.039665103999 3783344.457840869 1201.5406659849616 
8010.037358932548 513939.2303079693 1211.0172752301032 
8009.982261086808 3295432.203197699 5138.022026210476 
8035.838474403938 70601.94305413068 85.05911799103185 
8010.00175011475 1051071.949242975 2333.4901735790563 
8010.0306615870895 806733.2941516762 1283.7713006862248 
8010.033943975843 1518632.7203716664 1253.20793739246 
8010.082937906486 629744.4700630639 855.4792989077141 
8019.471694437622 326863.09585877514 138.21400127185476 
8010.075077399219 391516.91920633806 990.8240834725545 
8010.0356333701175 1014340.2551794995 1261.6872402868948 
8053.622944589068 50659.65643909398 36.92102384559883 
8010.105403595111 465503.17157347547 786.9132661187833 
8009.994542317303 1150552.20169847 2964.811142407598 
8010.038650250257 445500.6262435667 1206.2130489744527 
8043.817458358196 191794.89692819852 70.23892799598525 
8042.487033236148 329695.80531879317 50.76558285297882 
8064.35514837565 47668.866658463194 27.00442621422322 
8010.085857349385 1101449.3631556334 794.1806678424391 
8010.021052066062 455772.3467857465 1722.244651103583 
8009.984417850144 2248629.7612560396 5002.589533898279 
8029.591718305817 1497596.6453923369 141.64561592267748 
8010.031925554679 390973.00911240006 1343.704210473967 
