8010.201916454167 97471.46558644512 699.8603287128661 
8011.650106413827 13290.607668240313 124.51347778204928 
8032.844219260519 914.4767101941579 3.9623447299471213 
8016.745669172156 2126.620074417924 61.09153512869377 
8016.252390999145 3871.732419446663 10.166351305442157 
8010.722841352285 21728.164515175784 161.1795199103005 
8010.088643886418 263780.50511170964 1241.0082013290016 
8010.171254004101 426355.2513302835 562.5659613600149 
8010.149858371151 169272.4676263096 731.7356300683148 
8046.085654154638 354.6343841320053 0 
8010.02398597442 866517.0662544034 2135.369115771383 
8010.063246307291 447247.9833264941 792.6974715198786 
10861.594865207711 1095211.481357765 633.2831949784115 
8010.206761815562 137829122.68904707 1169.0718529124292 
8010.553706896891 23169.189840861116 219.96172932325365 
8010.94037717204 18640.2483278253 157.93377278205637 
8010.044548485697 602512.7333710846 1570.7378667814792 
8099.188773096454 188.8966438726038 3.9623447268806133 
8015.982326268957 2547.6464992487336 19.077450356489997 
8034.896051288121 813.4540781143078 3.962344539385919 
8010.354229485617 54484.086166682566 315.64764373855536 
8010.598220319307 63536.85723933935 175.52222265651392 
8132.0613888032785 147.39669182153003 3.9623447418524416 
8035.998535985527 752.4272790974522 3.962344539385919 
8010.2563157638 72413.86811970772 494.9994388275004 
8015.529944208797 2571.8582934042774 64.39118265100652 
8023.2431862189005 1075.1369529516744 54.72555255361574 
8010.224987930259 108499.02898820759 553.7166269 
8017.393916860045 1787.5429649797302 55.44164464006145 
8010.170311810343 101151.42731683905 661.367022697845 
8010.825366196503 20336.87919664627 214.40095943974933 
8010.523022326204 2829847.879050519 241.66239146125048 
8080.566403236834 309.67533584652625 3.9623447247058587 
8023.79969755754 969.9936526990675 54.72555259247427 
8040.654656323482 411.8414249182259 5.5772975082042375 
8010.224253689062 157089.9058347551 506.8670881330624 
8096.618958037259 269.5962011957777 3.9623447247058587 
8010.073799193546 2753280.6403166354 700.7906929470631 
8016.4544817528 2242.4442608181666 61.07427062051933 
8010.074984028265 586677.6831922791 1292.8026265184108 
8010.0658235210585 425559.90614863473 823.687360473486 
8010.3176909062995 781147.3835936955 416.0381321704882 
8024.474864671871 978.5078828135988 3.9623447418524416 
8010.1942606325565 3579312.05705234 557.2744321176405 
8015.224786254312 3355.8832697032067 75.5396943638334 
8010.054995248827 325958.4655650095 1352.3757994084442 
8010.794916234359 20664.603989732084 156.77520166069186 
8010.281603372228 96172.81087461738 441.71659187582947 
8030.79728248104 856.3376003673724 3.9623447658372584 
8121.646196850373 156.38433446806744 3.9623447433177406 
8080.84666608406 240.70235504683458 3.9623447442722437 
8010.742026210933 31152.591821474933 200.88998959797874 
8018.803049614603 1339.3201290097848 4.997142704105607 
8010.030220274522 796535.6403952038 4656.264865807233 
8010.113486408913 114020.73770368738 582.0756050291913 
8010.51463764357 70356.01146151537 287.19941698436713 
8010.25264454468 104594.27316048011 500.56987752518035 
8013.065566154223 4682.8819223511 50.53500613913599 
8098.561394449819 207.1615013991892 3.9623447204987547 
8012.656885831413 6325.098034165845 55.34514263423424 
8346.71013301694 372.8829999502131 3.9623446764085326 
8047.494897042217 462.5904285439034 1.0696912588097118 
8010.424703616276 4021349.290433631 340.99675591952854 
8010.030783202774 828044.8657369949 4765.733210718565 
8105.324479457649 257.3541341659741 3.9623447268806133 
8010.059514152183 3079521.4866281115 4282.309787958185 
8010.063041271545 382303.4837459243 1421.1022676731452 
8010.107103712586 1198573.8456483767 738.3808106504919 
8010.067455944729 563021.2156480843 1218.3967240467957 
8049.836555506723 424.33647485340373 3.9623447066511726 
8010.081507694567 337274.21391942434 794.6880598844372 
8010.108848531174 289515.7683576208 1327.796035428171 
8010.183766014115 134608.07519314226 616.0997210357816 
8010.267969266992 464997.00994688243 583.6541067024206 
8010.512402737238 67521.81838543576 357.76218795749384 
8010.362056949865 61935.267187949146 556.2783344059349 
8033.710730900277 1088.3622467663806 6.082619833406772 
8010.098321587561 398215.02864372963 1357.1066730105522 
8010.208274821458 123789.08202503025 650.8274539591713 
8042.301916766021 679.9326632936593 3.9623446547082475 
8025.967890505579 1205.4603395566205 3.962344805770959 
10862.062282018742 668791.8528696314 822.9783611250585 
8016.304611107527 80315.02346266592 37.02712906503495 
8010.106958396125 374783.47051059623 1252.0673613653646 
8023.243186280011 1076.3594591266092 54.72555255361574 
8018.576701100487 7537.668834674566 50.44557470690612 
8010.688409435405 371770.3342083646 184.07747737888627 
8016.327699949627 58893.30290839376 15.692857181722417 
8011.897172326495 16778.86174856352 211.8617570619593 
8044.859580458339 610.0622254723828 7.179094544532062 
8012.684214990538 15456.510847843538 238.8396029722061 
8015.552537404379 3077.4656598251468 106.11624192108319 
8017.717598790959 2506.039309922567 63.58845331150045 
8010.998923149516 23234.25389013262 159.45819687260672 
8015.3100644979295 3689.8958992606986 79.84816340964821 
8012.624464867982 15660.53621986896 126.76047844002987 
8011.702837770628 23559.71598559941 142.27565781710692 
8010.970026635892 25198.914534516825 176.77768740607726 
8046.944798126653 759.4096122798852 3.922490020494775 
8013.984797299261 4784.515957811699 50.57618291210767 
