8014.197199048105 3959.574158511199 85.09567848885852 
8104.595197405776 1399.490376935574 0 
8041.506503114226 896.5798325018062 12.680915196421424 
8079.481506593249 309.89330081030755 48.6168943198836 
8019.344754328504 2949.9181593732606 71.49617211138379 
8283.990481442077 478.110729153251 0 
8386.976405151165 551208.1998461254 79.93609334071883 
8016.440945061509 2594.6697756285985 62.84090049233666 
8276.139240222654 501.0416824495914 0 
8015.5584415226585 182148.84499581732 612.0533121163479 
8014.346636165945 4984.455214762935 70.26570952372721 
8015.7463504826865 2871.424510018755 66.35596093640912 
8069.609132547775 342.02418291673325 5.352257687864547 
8428.106778071202 374.9254751627009 0 
8015.554770698194 182255.2479028437 618.4381572592167 
8015.5584415226585 182148.84499581732 612.0533121163479 
8012.10068459859 11733.770144633048 142.86403185628404 
8076.077319534101 376.2419554575874 3.96234480653061 
8160.41665903103 768.667811969845 0 
8174.6730253487785 740.6753269802766 0 
8011.923765839585 67376.32373622045 182.57342512094564 
8011.111760529516 90475.64535635094 124.35282097085768 
8298.707252944943 492.7681318037325 0 
8010.398773366743 79990.46783688222 391.03892849053557 
8010.270136677533 321152.6763988872 3844.6621382837097 
8086.9980829606575 1558.9005637427351 0 
8177.276270072393 141.08422491738278 3.9623447753368244 
8033.7028419079 950.0352190274417 44.601835602232704 
8017.960425191541 494799.43713316706 524.1597996587304 
8043.515550745972 488.7283890538319 3.962344683658997 
8086.515702451761 320.3169420114968 6.64178461449947 
8017.010488164842 11647.507729914847 132.2554307988913 
8011.152077141535 40353.44479786447 242.50563770881303 
8011.640869472406 130278.40859949519 458.7327718598161 
8473.16767407384 22842.772993046194 34.611617455787574 
8041.394293110963 2592.586584488648 7.363532201446274 
8205.642580915508 530.8645484578652 0 
8611.401621689984 321.3842883678628 0 
8015.463141546881 2908571.2082440103 12597.481874042238 
8369.723257621974 375.25863243057745 0 
8444.757530284305 343.74858509790835 0 
8353.410424943053 413.89560926553634 0 
8341.37147768021 436.1168222739862 0 
8318.345949818315 419.471413423092 0 
8041.351669630464 5519.033970103189 8.18385870577274 
8087.40160235402 1436.9012218180374 0 
8388.044490109529 61517.23021602993 71.13371987749964 
8031.094406461485 1082.88495283962 57.8490870614679 
8014.149082086888 5627.529805899122 52.29609664464269 
8041.006145711782 4120.4631769829875 13.473245866741422 
8189.156869698754 637.2406556490234 0 
8018.3403688880335 2000.0382645055033 23.454981351843024 
8117.203662829278 1355.2049192772038 0 
8097.136406736141 352.73478360860634 3.962344788396143 
8067.388983122079 3157.541974356162 2.494183006816395 
8010.116843923498 3010973.597692227 893.9822303030074 
8013.025866836627 1079783.4021593765 105.42421873048244 
8291.98376697891 478.1582329157601 0 
8012.263441957713 33581.25933221001 199.60540022301404 
8012.695072004117 399824.7842830081 181.02140712115417 
8010.66155151071 19167456.303091325 1268.357167000176 
8010.393567402154 176459.74193521272 439.10970638540726 
8177.4951491942875 193.7938607519611 3.962344788396143 
8057.33330231075 1136.5082635881372 52.56398403554452 
8073.771373313366 734.2163073580282 3.962344726893842 
8064.849631342922 883.9073026996756 3.9623448154292014 
8073.295244792212 790.8505420458787 3.962344683658997 
8091.212162403718 334.32129651755025 44.601835624033185 
8013.410221564347 577529.7168547843 135.3167492028507 
8011.723058994142 140305.02219433262 409.92059229885444 
8011.009545799687 250813.477880565 432.79848543557034 
8119.240761093125 210.74190118351606 44.601835611570124 
8107.431500020638 233.08001701573917 4.988688956452924 
8100.659037662758 259.53396817972 3.96234472599357 
8236.36275132038 555.615699011098 0 
8559.09443545615 357.35406420772415 0 
8509.059362529486 376.15874988416857 0 
8465.292684340102 390.383980611246 0 
8445.404912976632 393.34884323476854 0 
8418.174307494792 440.9600352956686 0 
8087.376560433824 1779.4723632679932 0 
8387.224506677652 8282231.613708191 125.27440646048885 
8016.043258632153 846347.2118903353 84.41553410726681 
8388.63890400427 108422.72377406713 144.7389262793925 
8016.256476477121 19399.30874487426 129.1285061751065 
8016.305222149339 139051.6130037646 116.99343223708473 
8017.298057106743 13137.460488250468 138.05218574870275 
8054.206467140872 15335.664182039116 48.52858799457448 
8030.7988951278085 1008759.1915607277 61.38687093568331 
8062.3896668335965 15237.485422142956 47.798321202320025 
8034.767190311039 8178.175206500979 50.41864436143338 
8162.29652219158 1686.9113024085711 0 
8010.247214640106 143753545.7838631 40348.417130903195 
8010.313643094805 9386440.957536804 19881.534460744024 
8010.730815447826 34928638.32720818 466.7359211794775 
8010.429291779952 16905959.139965363 8968.046198162396 
9093.534598565871 585.5784844818086 0 
8010.604987613818 2792432.001605425 1010.4922472355756 
8336.587049812772 3653.690479598317 7.563983645470078 
8044.302024237452 1102363.4259403767 76.47411078777233 
