8031.121280691466 6822987.769655188 2220.3624244006846 
8040.695010065977 401.11322161935857 3.962344762723411 
8037.529210591249 549.4405206330264 3.9623445612352146 
8011.065232977363 11386.618332836308 175.38827933811365 
8010.948668868713 20653.01874712236 184.75797384287748 
8030.690694410752 7443635.359898356 2292.5036388065973 
8010.632347803993 22848.180342144995 171.83215541212314 
8010.1738907279005 83037.76529390064 496.62191240188366 
8010.106750392505 227143.50342920396 699.5455564125024 
8010.02594421562 1236184.1149014635 1586.8596746029957 
8010.161617239299 265026.89809533366 612.1359653432825 
8045.854549965317 5138822.913353979 924.7319220782193 
8010.46978418827 31829.35042592901 286.21288270204695 
8011.956990766817 6312.2064926858 70.31374511870403 
8010.973548388156 14326.828838292913 183.78357537949114 
8011.091567047134 12479.523992096721 133.27762514216948 
8014.836195210291 4816.97810403383 89.34221489669609 
8013.023608048525 5731.584531526355 48.78677784585509 
8017.095686858344 1826.0286776150776 13.255839505384635 
8015.5077283691135 5163.907308595204 22.983521966438268 
8010.099908814662 4454590.698813723 773.5209848556317 
8010.0890458561935 341205.5485931804 1075.034300236662 
8016.557176696153 2121.7967305728635 9.07851316870661 
8010.262190979427 67976.62628663542 408.14738288688943 
8011.310323990176 9597.923846411 85.35669859637771 
8121.503129151464 428.1356449110151 3.962344074722613 
8016.800842155015 1916.188314135486 8.959450900106207 
8010.609960176096 21299.509337385105 252.30803308890128 
8017.746071813491 1649.1044331104495 5.202398125498649 
8010.055600571442 386560.5040402319 940.0458610406022 
8033.073223094065 854.9920042836072 6.134250529603062 
8010.011717565605 1358150352.8775017 32419.408083233517 
8033.211329566014 852.3284233202785 6.1344147902316095 
8027.515430229845 999.4551919122712 3.9623447317433076 
8010.179942257427 93817.61345682769 461.833481559913 
8010.023737847393 5363246.137107163 3720.676019276821 
8011.82863426253 8698.241738711245 133.50997324985772 
8010.02422153318 627134.2798488096 1909.6635541661703 
8037.792362768016 600.6903813374804 3.955253236156701 
8020.097624878865 3474.22580768044 19.393413253689282 
8010.013679115652 7868314.377317527 4394.648369002805 
8027.707199201062 894.504614287435 3.96234479021333 
8013.470893330671 35508.254627996015 35.294938864245424 
8010.098096548323 495749.2679876314 921.1946121916526 
8010.0341799614525 496419.7258253858 1719.9482264477308 
8027.313273869558 1119.2161019493963 14.536262976429185 
8011.100858524214 12374.468203615606 132.53298229838555 
8030.570930140094 883.8905870303178 36.77449500181075 
8010.024499776048 8754478.542938331 1683.0831466310242 
8010.942282585534 21666.75672715075 187.99442171180254 
8304.353579790608 336960.5168547767 180.1137866609403 
8062.124950628739 473.44865808915745 56.46790241382813 
8043.893913924151 597.4093245191401 10.789738868052044 
8010.640828308073 25288.339215540076 185.7732760644974 
8011.074187593387 122852.046971465 180.28748055317521 
8010.748677106276 24829.028378832 185.60664597870962 
8010.1480833580345 1329334.143191448 830.9380358765169 
8027.4508783951105 279896.3735729355 602.3647635567315 
8010.4237847880695 39707.52789701396 298.75283116646824 
8012.028798462892 8727.6408421134 108.40841667979572 
8012.726814851389 9192.099290236458 94.89702242838925 
8016.190397303553 12393.603462352236 37.045825303359976 
8010.141222379307 44252392.52118954 901.349738265747 
8010.303782313534 68381.24433511734 425.8125786284071 
8011.371373549715 11220.94645613006 99.86326164073769 
8011.549687978588 10316.20534166843 119.15038026899418 
8016.889531992678 2301.2215371970933 9.315226289157712 
8017.7847637783 1687.3451433788916 6.299831531313343 
8010.05899574208 929089.317235653 1568.2700650137474 
8010.099502516642 405593.84286571003 1277.6682553304777 
8010.066928768498 13979778.30975719 1176.8621180074697 
8021.1158331823035 9648599.464221826 1322.4941075730983 
8010.23894233009 104164.59262246391 475.4274847828504 
8010.168425401605 220675.62498152396 608.8913884981524 
8010.163136071397 3040809.3157162736 764.9212402415935 
8010.301424606747 48199860.98032702 475.0022864056411 
8010.015955826436 2033719.958270278 4695.584825009687 
8041.2273513662785 601.4140739916943 29.170320075978424 
8038.378318392539 846.5604378185831 54.725552553184556 
8041.598662679899 6683752.778283703 2169.114610855543 
8032.435932568919 918.580853296555 5.084705574941162 
8013.663489931026 5302156.390224001 82.94360529811505 
8010.133832431379 576634.1192338875 1255.4202111547095 
8010.131874197492 2822713.9559250805 1149.1877362023001 
8010.037369698515 3550540.295639648 1834.837124516479 
8010.035677581278 1146042.9065060965 2528.515077980462 
8010.045269870245 6354219.856004048 1727.543211957641 
8010.024764121278 3637231268.3966265 547006.0447599223 
8041.02207631346 530.0079231838398 77.67351214582206 
8010.0319777983495 2813385.403698202 5695.700177622045 
8042.583693636241 921.1028177289262 8.413036653211849 
8033.587426727347 921.2220084578453 5.106389143877834 
8010.028529714378 1999106531.0698 6293.399015169047 
8025.641956137046 2138.667659278583 6.299879573463948 
8019.542071282666 1724.6766917236578 16.422598476737008 
8016.606469242151 1266545.5632813068 49.564325737559365 
8013.5044727716695 355513.8780908834 108.28916894817324 
8010.055739133427 8856942.204524871 1758.4370593911171 
8017.148413890347 198294.20885226206 62.56297207091925 
8019.062529050445 1976.0473753855626 22.55975908131623 
