8016.681756442646 2055.5115213646386 14.121338793122629 
8016.193203048521 2056.4206237101985 9.078217709354947 
8010.452998664539 34790.0329997848 244.5790615644314 
8019.664681020416 1337.170415089872 17.085173822212255 
8019.254762576712 1378.7457718752764 18.152058563811597 
8017.186425928503 1840.927696293689 8.416972256590663 
8011.129273971016 16283.923094036254 123.01213163020684 
8084.906852950662 231.04233420743498 0 
8013.744261499207 3182.269525342882 27.38653443573943 
8021.238104638495 1396.303289906186 0 
8013.626285070395 3789.0525103253512 31.1290501856558 
8037.660527430484 521.3692423870372 3.9623446522921455 
8011.626350233537 7612.785654953335 74.83699662987152 
8010.024667824463 552482.0269680121 1458.938408361751 
8015.520085164825 2416.039323744303 12.398327032815121 
8013.0394802734845 3840.792174955997 39.317297690073744 
8010.052343647332 470273.48492981796 1019.0010400843311 
8015.045788488724 2430.902307670112 15.943575030159057 
8010.06462824185 207670.24372373306 879.826938731193 
8010.712451244504 22147.734184666086 160.50026331482633 
8011.061926075128 15852.59090125161 123.81314285590759 
8010.092471525757 128562.72974055582 581.9226665702545 
8014.496806566476 2610.06558228804 17.34291380042103 
8092.578821649527 103452.3668733406 116.26964497149095 
8013.1080037235115 3648.0265234292438 31.23840736703518 
8039.164463718851 456.6085288642721 0 
8010.015250359027 1774622.0322911427 1582.8102387714252 
8017.491174982728 1779.2147306998181 2.0866559927463237 
8010.079594834101 192602.13055700637 870.6011781554035 
8077.941215596155 270.6052769363376 0 
8010.373879038583 39571.22436604755 275.04317478788533 
8028.150201899363 990.1840651383188 6.848192422353369 
8054.953569061983 348.0138749337237 3.9623448340009757 
8084.0344135581045 495042.2034493252 266.1052601115838 
8048.940639508825 408.28994312601856 6.608042946548871 
8010.535083058463 31729.14809276988 230.22766684626538 
8071.245584464685 315.50115349950636 0 
8047.2114574704165 420.17497539963654 0 
8014.011184789667 3043.4811864139847 21.28268925321928 
8010.227861091347 55196.31860015985 339.24368702973806 
8031.212751643643 834.7252198817689 0 
8011.992174262228 7033.750042633292 65.66160082574632 
8010.201735452341 191771.17413225616 392.6056922922913 
8016.745121790287 1977.620595180258 13.196354885168585 
8018.442321706647 1631.6007561513711 19.20133291161989 
8223.929060886145 91752.43392343678 424.6968947276744 
8010.132919587837 139249.51100858825 458.51019051574883 
8011.134558878859 11660.645319731208 94.70853773574265 
8035.576017553743 577.9705982147831 3.96234469837078 
8029.543749249524 653379.4861253443 1370.6353152389888 
8010.92439762052 181727.02506895264 140.46507490293988 
8068.03079745807 352.0509338909337 0 
8071.9813628497695 70211.1420829447 110.90775587318643 
8020.824904978848 1089.859857395583 5.029229631106438 
8053.204143691237 360.1470030259533 0 
8010.032167540501 351221.09535342635 1351.2625954103091 
8223.979039720583 665871985.290404 4800.526582128895 
8010.051102025469 328444.9595581755 1285.9825684897232 
8012.07925980141 5676.674796165085 56.56240455235148 
8011.6687289422825 7606.730292102287 87.12532407582442 
8029.265147328595 836.3872258895674 6.4225940227625395 
8032.859415779737 620.4389056300702 0 
8011.098469998455 28086.644744763897 106.11671141071999 
8010.487807450618 5754548.314971903 245.1114466440705 
8010.466051728879 35215.61031980422 251.31215345735902 
8087.0763879520855 236.68184468550584 0 
8010.072911184488 234910.03098580765 985.3235276426835 
8010.070418815262 1346351.651062158 1283.4911199168232 
8010.1211524653445 167173.18938908674 736.1873559173155 
8010.102237367279 163891.8861254274 849.0992617462084 
8010.096654047913 185514.69227760183 824.2016518052438 
8014.504578592705 2617.886389027184 17.34291380042103 
8041.230506606889 459.9369526124501 3.962344721246989 
8020.997331946048 8833.606475030501 2.6529950430615368 
8018.067947837235 1781.573259757049 7.718474627409222 
8010.553892563894 34647.86972222625 239.16011332472425 
8087.087003701572 326.70631175697997 10.298336167741297 
8092.617228632858 363.49353291574494 2.367884851081814 
8048.625985047733 434.3851629302893 67.09922269299197 
8052.761811446766 3995.6086004645786 19.513808147248493 
8224.721086457852 881704.1729266185 643.3718326285455 
8010.252932997129 2076545.260068433 365.4422153322202 
8010.386445808685 1530553.2962688939 368.7372850696756 
8017.200424868597 2217.7791818437563 14.947523314105823 
8010.305553444616 55623.84011496515 426.8993218989137 
8010.173248124938 498434.1304248165 643.2123840288909 
8011.145780039705 13355.641982450816 107.63885048357014 
8080.946838058889 84448.38894176834 109.58916674705488 
8023.732226115259 1416.7644911542125 8.139027385476068 
8027.252154856994 1518.7850340070718 7.743876276617055 
8059.996737163479 378.88350692969004 0 
8057.9615618051685 446.92106432992637 8.710397955361799 
8012.281540598629 8154.54588261422 64.18270483141407 
8035.270408468138 925.7663599266454 3.9623445585110746 
8036.200395133762 627.3527439040774 3.9623445612352146 
8033.25942333634 935.2497010319117 45.78413832527447 
8050.986027133937 1094.1215094601885 2.2920031133759795 
8011.0996990277035 160197.06056905602 150.57399105553807 
8010.074315101409 47513194.145353585 1822.2557144846837 
8062.607280260342 504.9252802366836 1.0668847971054625 
