8010.64084656884 22623.730037150963 184.6142822471959 
8048.563767200279 338.66175315632756 1.0323589030696638 
8017.319191383023 1815.0676559230094 8.559264979679622 
8018.18826700194 1522.7135557865977 1.0368072123571082 
8011.943441053254 7147.174171547295 68.89214647038067 
8016.343183283914 2052.948977684718 8.97168575945559 
8033.200625747591 623.7187225614532 1.0778012733130786 
8011.7119577987705 72848.90392307147 101.79818777201088 
8010.181251329326 11794325.890637983 641.1457581550994 
8013.608042287365 3437.5501390763447 33.280263290147026 
8047.632171421213 368.64477492142134 5.056116814913407 
8010.104890181114 162038.2696967928 742.1662616716188 
8026.543954032078 880.975565185773 5.037539429694529 
8010.12681853074 2061567.410768978 663.5177623320045 
8098.819759879523 27360.63951941904 248.3140466961858 
8010.150788294459 358882.1340015077 523.8404860891688 
8010.186545782901 195341.25441239367 406.1770653848287 
8027.795416505894 724.6933996778339 3.9623448340009757 
8016.16183541357 2426.36923001468 13.831465084498848 
8044.658690682845 485.2591776821958 0 
8015.487082131878 2532.421123913433 13.60664828961385 
8010.127610843226 827206.8760193236 2473.3546528188017 
8098.700439280603 29065.0004790745 255.2553827744816 
8020.4671604375235 1249.7840811280942 5.116289555715835 
8055.742884316053 317.76408774214593 3.962345044591288 
8025.532368144058 1098.848496145599 3.9623448340009757 
8116.512925526222 269.40131016778446 0 
8011.64421188323 16152.12708215908 122.59988828160722 
8010.6934879689325 80116.8392761994 166.63064053025323 
8044.176367790609 390.8208966142038 3.9623448340009757 
8021.098478758688 1219.2433645374258 3.962344778454839 
8010.096857026221 1261654.831577112 1064.272026680003 
8013.515787870987 3453.1732048050767 84.66529805829343 
8010.359576272328 35214.02029008044 253.03953377558474 
8029.655033202037 695.3383145708603 0 
8038.173835099704 518.76456758508 3.9623449610313637 
8088.408192005072 296.93164173352113 0 
8027.274631468248 1264.8954299760655 3.9623447354201398 
8010.3038413705635 95601.22409495077 313.66137113749835 
8050.915740113392 369.8504303623768 0 
8010.882626747201 3452267.1608665385 2384.3270642563093 
8076.386042422689 350.26833700259516 2.152975795571795 
8013.450609200471 3627.578268267317 29.39893780095448 
8010.11032565785 1371347.5214017793 3099.95945145582 
8047.15266452186 464.3082675712702 0 
8085.990318081844 349.60364148041714 0 
8016.492008211979 1902.48504207658 7.5942613935268914 
8010.3445121154155 34236.23241581594 248.79233544634008 
8013.034669899009 5720.389088968367 48.549094597318856 
8011.9447662146395 7113.428261355221 67.08505274978546 
8033.930956361509 535.8296691076575 0 
8010.177572046208 387053.2199407961 457.4564662626449 
8010.128561030293 162661.39407583937 669.7702773835322 
8010.870753158584 70020342.25005913 10760.968045455185 
8010.221512124033 65483.744642232414 358.1280650698023 
8013.29114977881 55291.43712015771 56.112934192800196 
8014.459950299896 16956.926908780442 23.350209883619677 
8047.178471060521 407.7546034970427 3.962344770253373 
8010.353207360786 651749.3533713188 298.59199776163996 
8010.140139361015 132488.19311794254 551.3155103753726 
8090.098278543361 308.27897409485973 3.9623448340009757 
8013.401886883595 4275.055242510625 34.38961747205094 
8028.358769283919 739.7061277058623 0 
8010.216434291816 73940.04226645562 403.9844415286826 
8130.872440267927 209.01207281654473 0 
8010.04857695643 1196661.0088736876 2765.4871541069265 
8087.359469745972 23806.383657608803 230.3234933656875 
8154.46890930471 276.0819995506208 3.96234477411851 
8010.085510761612 15600851.320282236 7548.730439874396 
8010.117463941444 4992150.576525032 6923.201107805222 
8010.153524339524 1090900.5584234002 3035.0952768426773 
8010.1326495503945 2471282.901817242 2243.401970547676 
8103.091712566484 293.01583526888066 1.5847138464562667 
8010.156802455651 125888.56594058196 625.5847161550096 
8057.179141435288 320.3595287635465 3.962345044591288 
8010.176009834185 1124515.3131279082 2854.1425301994304 
8010.208807558703 1672564.8314961654 430.2874437744589 
8049.907677816377 452.8727040736966 0 
8013.232063321495 1014374.8216224047 55.324697108729005 
8040.461471742082 567.9424208631789 0 
8055.208844210374 346.3722756639531 56.53142098839456 
8010.991215032762 251419.02661862725 172.40139156063478 
8034.7558356489435 543.0006199333983 3.9623448340009757 
8171.295951959334 43097.30696112491 60.36750636297388 
8030.063974719256 895.7409618062052 0 
8019.786417608002 2017.0407896143365 8.567579076233496 
8010.770803958821 16482628.09614482 250.69481433383095 
8023.36965023801 1211.2850322119234 33.70968342162206 
8143.64202385511 44638.47678556079 67.46498001686543 
8043.309749002959 551.7328659127909 3.9623447945590553 
8033.698441837777 698.7350300047411 0 
8014.1654641490995 4536.60330280598 38.64785734680217 
8012.397190932245 12702.482514995749 112.45510584413051 
8010.217224887547 706386.4782079257 551.403909916368 
8027.280439623877 924.8039612715072 5.116289331768623 
8025.540311217622 4495.027394010966 3.9623448486686224 
8011.253018896626 215315.60112506975 266.8378821840793 
8139.195307222009 822156.47610646 432.4996893357415 
8191.894721505525 1112629.6550877169 1405.3828794520618 
8010.224888278017 183596.69918800256 364.20479928066163 
