8071.224758726101 509.07706462974147 38.29381480230378 
8010.16057150777 111633.72061550924 689.7029270455342 
8059.744531783783 1965.163997445033 0 
8011.44239379724 21911.934199413765 334.24970060203736 
8010.280311610952 85207.04173376993 593.9228353908878 
8010.0656297567675 514360.2104762532 1488.6665801464076 
8261.117255948742 454.1806288528576 0 
8011.539308399168 54044.00409701576 281.7752048240424 
8010.044762993266 757462.8109194541 2437.7267368315506 
8010.120368268146 181376.25081624667 669.4779000920291 
8103.670693564307 1193.430690837903 0 
8109.1469877340005 1075.6053801764856 0 
8010.038501731726 1974841.177673821 2027.553978043561 
8074.288589341902 1630.4569021231819 0 
8010.457684373886 42881.00748950869 291.36242470485286 
8088.542373651644 1313.506778603418 0 
8341.126051536123 431.65051426804894 0 
8011.636317735839 19677.337767145105 152.10328482796083 
8019.342520604971 784527.5280672606 303.96850464377917 
8010.283469425258 87543.26969938024 611.3181995867066 
8249.384337593354 519.073259303507 0 
8182.228825534194 669.413646593323 0 
8010.130646496245 116541.39683581455 718.5678209783301 
8181.522866511249 699.9774679688719 0 
8066.649732570813 1867.815436898761 0 
8271.106267351364 651.9242832491327 0 
8189.906925857672 602.7098030857053 0 
8058.716511630757 2020.1221902219484 0 
8066.825959329124 1802.532424205317 0 
8020.756352367205 13026.612428512417 54.380286837452786 
8190.341809826192 602.3743689873393 0 
8993.810103210057 3128.2605904539096 2.9514840836553864 
8749.436144675647 334.3457198377988 0 
8132.786014279953 957.5778238299067 0 
8026.550395384233 67937.07358173309 38.12313698104445 
8047.054678076336 2872.0279952289075 4.427090591063796 
8082.6730257977215 1458.4043613530894 0 
8010.091800810251 9698765.958426729 706.2534033755703 
8010.023249926354 6362175.559126286 2452.647677118423 
8056.269323446919 596.9548116293395 47.52848649722618 
8010.307266477024 610975.7424266081 550.4755036017035 
8010.315361217645 521028795.1012295 16307.777074293135 
8010.019174158424 537187139539.85474 357742.8222718899 
8129.021340997915 968.2119045007225 0 
8127.7567483578305 967.8070267199155 0 
8272.404089200201 635.3432096224808 0 
8010.19576755187 105031.14787981356 717.7805691906901 
8030.477195324067 344603.35578412534 523.2387737853385 
8195.731055244687 598.3396300751417 0 
8157.214706433328 771.9993042663584 0 
8010.097064625407 567429.8146430176 1985.5454201168995 
8107.276234952519 1104.3645079234109 0 
8010.194814268439 140877.04934707284 600.0331037427061 
8022.580066220016 5239.590349779876 93.55547282045202 
8177.986965237324 669.5939589827526 0 
8082.68117322684 1458.093017228315 0 
8272.451665403696 450.9062869155913 0 
8109.513247843388 1057.1381310680895 0 
8134.50093548553 924.8607422056549 0 
8792.722425743079 379.88057064029454 0 
8010.032116956299 10179178480.333212 31256.09930112574 
8010.0337120106105 35624090.15936981 6120.689592773459 
8010.046589678699 7911986.958137492 6890.023013298826 
8537.794169471721 483.9460463057161 0 
8281.781723926959 583.0682521759194 2.2897427947556865 
8699.720611553877 469.61332006892655 0 
8785.523780300387 420.5916100418811 0 
8247.15230709174 594.9303392659149 0 
8010.047822878844 2132251.2238031346 4329.676821823617 
8204.373981623383 625.5568078007308 0 
8010.083300869639 946931.4429489612 1682.449856901655 
8010.044298863036 1986129176.85249 231241.93449306587 
8078.265627465408 1656.0922083214211 0 
8271.520457227674 505.6843054423066 0 
8063.008061842098 1997.9497496355884 0 
8157.801345074974 900.933727478666 0 
8172.119191642407 827.2461392280551 0 
8098.10159896066 1403.1108753412686 0 
8010.048832907466 1497887.8850531685 3851.8089285070555 
8117.605358512498 1066.5478937062212 0 
8137.095501763875 953.5703112639076 0 
8140.78184636201 939.4942112582714 0 
8010.140767403353 173144.98202474244 1071.8522099120928 
8045.937846094295 3599.5951575648114 7.392226200493226 
8010.066764477602 1238155.878997298 3312.0153947605677 
8186.52818860703 680.9119869164149 0 
8010.085831063296 850612.4891345471 3082.135664945639 
8036.299342651903 1150.9001435664945 8.047402801182091 
8029.433127767443 1375.891110111368 53.25423961425183 
8185.785783898082 723.822143450428 0 
8104.698483951782 1198.2770400133143 0 
8010.165836133034 15722582.246892368 879.0315667748741 
8022.477748342085 42177.60715694683 62.99280211439002 
8015.970882364297 316003.5133456568 268.71803504883195 
8043.549368558199 1102.612255240539 38.293814803539405 
8010.668983223827 53508.06072984136 307.49694756815705 
8010.233008376559 191982.48076745545 636.1793586274148 
8112.256735653642 1096.4299016365721 0 
8018.673490335329 668030.9326415219 801.6853136564155 
8018.462176525378 12396.077862149186 98.90071979000298 
