8079.440282418853 1509.8129308083496 0 
8064.47916904711 2466.2094747264605 1.035291173918842 
8014.4669170591615 4812.862916699519 37.55452709228882 
8035.839231656559 708.0424838562142 3.962344788396143 
8014.047005142517 4404.841863356676 207.5800649758276 
8046.370426689575 428.90467513241504 3.962344788396143 
8083.088403521845 257.01848745419454 5.262560388834557 
8015.110429063383 238436.4352148515 37.13078732546933 
8010.838019912083 21353.94821685956 168.81198356072693 
8038.6303329042585 547.4647080655683 3.962344754941812 
9639.068517448562 8744.793667169522 17.647687576416587 
8017.670846454492 2672.7860443032973 22.85928317407571 
8023.414290494459 1040.419275791596 3.962344797509706 
8222.766525285077 553.2607696157985 0 
8232.195158062366 514.3866478536424 0 
8431.735605589529 19398.511248045063 34.48086260037074 
8011.35909420185 86527.65946836377 92.90655974033378 
8100.164514857286 1276.9794508858672 0 
8014.358628948173 5826.90354271449 167.3034788633201 
8351.965959093211 303.067081445954 0 
8169.215226273228 21391.624947795393 33.325261942305104 
8314.122975692235 333.70738137106883 0 
8096.257714754196 239.09003617442804 3.9623447714358626 
8010.042721818173 312276.00109331636 1195.8184116477107 
8571.185799186502 287.7858462046545 0 
8010.440245874636 66300.07584482744 407.3509171220195 
8188.627239238213 4599833.760042175 4878.970231883811 
8051.488761683826 394.44428862684185 19.02822322236019 
8010.517663130475 35017.210417280294 210.93206725431187 
8010.7251090362715 20470.144209913757 189.13206752818945 
8010.268524116764 178978.29387124837 360.9572073649498 
8278.135047205868 412.4719115391274 0 
8010.4704472932735 2050432.286356709 2447.883195191149 
8015.256948546957 3519.2241069772067 33.17350415429874 
8088.4096617335135 1360.4218223729729 0 
8010.059587734646 263673.833399674 1218.100653929878 
8186.978493822309 924083.9262378468 275.92854807817747 
8011.069939900476 19500.049189481422 164.47152617040533 
8010.472041201869 1626666.2358256793 2170.4118020004535 
8013.9140319934495 6063.965355643251 206.00593694933463 
8010.094936196827 131539.7089396529 657.1953408130357 
8014.393228532306 4267.513484572306 163.2732201175828 
8272.546628340318 435.0703573594308 0 
8066.87653432076 358.79386238614745 3.9623447200858726 
8014.250028442671 5028.279321994997 202.80220776153936 
8012.098025987783 6365.273196459741 193.04709098318992 
8013.057468614515 14662.167042909408 137.60781346602056 
8256.113299702578 544.764526378241 0 
8099.252789960179 243.99109948340308 3.9623447739998516 
8262.444382599986 472.15905838286966 0 
9439.271602328496 28808.74765209664 44.94093787951146 
8216.755366916457 259.0052655669144 3.9623447330646853 
8010.067172038465 307614.587816053 811.1230033484567 
8095.031534075344 270.018071878933 3.962344819827261 
8074.351744967822 2024.6645640165332 0 
8015.100141951929 3826.1455893764305 157.10105228341365 
8114.007836330302 5856.47464393524 15.975990215441605 
8022.3172096646795 244237.44381167213 303.96395415104223 
8014.473662719197 72598.08900459565 95.1812225848427 
8014.54556095786 5283.7164906256285 43.14468348231787 
8055.9850321470885 357822.9326511348 342.4102009928763 
8065.08347813892 484.05495093199585 12.836910091782652 
8011.011407736385 29043.623824443443 183.9668159860909 
8010.94702616562 109789.98110001511 169.775645385885 
8018.231679705201 2734.2591991013114 24.525509798361828 
8025.7553264930175 1057.8747972885485 6.546781674921679 
8058.228174861062 1052.4958138587394 10.05620065992268 
8226.40222220357 558.416133515184 0 
8235.25369418127 515.7345051082048 0 
8014.038571844351 106832.32199427772 123.19838889531168 
8011.806449612659 125072.38307559847 114.13052726887616 
8356.73393336541 310.2122767515684 0 
8177.52217638783 737.6200902896289 0 
8160.798382283625 787.7067977396104 0 
8334.265524995326 395.5850634634909 0 
8010.470192338554 150197.8054343665 559.6707828028591 
8010.838740853391 88824.35159998797 259.8072389767203 
8010.753009819944 284510.1411363611 352.463445429287 
8010.570522560205 228766.4750949193 404.47845691257885 
8010.383366824204 217566.630106737 556.6014781049488 
8010.464944560208 256825.32121571613 361.7251990955484 
8288.707088885465 429.91582480452837 0 
8015.389104231335 3727.6798448579593 152.1632454744675 
8099.808284165153 1551.7991527721094 0 
8124.245996259427 1306.8451685331383 0 
8147.636484593531 1179.029042411321 0 
8135.583295733165 1216.204087862594 0 
8140.361466406419 1198.677476302183 0 
8011.349550452881 20290.613632800552 174.73804225521988 
8010.051419091696 57110524865.86123 1234764.9835403902 
8010.116691957609 10369894.58828028 771.9641284195661 
8010.167341006971 158086.38404525977 724.3457732112973 
8094.563249963152 452.6399742071711 9.16027791397759 
8014.109611339596 6660.904173601066 216.1903525696478 
8014.185083172711 16557.60680547234 201.44691867996903 
8010.079302831946 2155113.076855762 1675.9574158906732 
8010.097694041857 49211045.8138249 1228.8696409931672 
8172.358222489699 275.1638410401308 7.861523836669043 
8068.3256775995 445.0419977504972 35.98407957246377 
8339.384667727449 465.1159304825824 0 
