8010.644413055694 22810.86005197892 186.4915210411117 
8052.528244140603 9532.294020292762 38.29955991029449 
8021.125751520638 1240.6252105579679 3.962344778454839 
8010.049931375269 832660.084096344 2689.41311779042 
8013.238094222476 3727.1814163891886 27.82271826621316 
8034.057623667706 706.516706926937 0 
8015.334012372665 2341.689530237529 9.47993777915195 
8010.876899517883 16482.709702952074 212.23125000059804 
8045.343641320107 440.11804458229534 44.48159862313962 
8101.304521019459 248.08336732037804 2.058848241625939 
8013.058368880894 4726.890857592981 39.639024995166565 
8010.892692408143 19367.62251353551 175.57607915919507 
8011.639862800956 18776.715849940072 73.42977406630493 
8020.283227360757 1720.088076250895 9.37660059804597 
8011.168258348154 20261.479256660663 135.78531429301205 
8010.2049436796515 56350.16122143209 347.81097820469057 
8010.314702816998 39674.00505676101 344.00727958776474 
8010.064716529188 501489.80170120136 1546.262006340788 
8010.252053761876 69978.41568039512 366.8893541132272 
8010.547050477907 440468435.42911845 607.4212718555714 
8014.070346026255 10152.556556349544 104.38150546290409 
8013.950458206804 3012.7806692261515 22.65292444878096 
8030.0684824093105 711.7132463862308 0 
8013.144039538743 3936.8975288109523 88.80139189881388 
8034.178548967807 560.2533751937162 3.962344773162015 
8014.570693866249 2828.3841334905646 16.56115701907416 
8010.026048632629 21707136.99329629 45946.079664795034 
8010.051159133881 926581.6488845807 2721.492539088922 
8023.358025918996 1467.7754786603114 0 
8010.103652121066 374638.111139949 789.0759438093797 
8151.243286505887 3313.5655856692424 12.226781886998266 
8012.097878484533 5519.379233961619 106.26810133995052 
8047.472259786782 383.9029364239262 3.962344714224951 
8104.068912700919 284.28708797916056 1.4989514657557703 
8011.256545412991 17366.877982790054 131.8453238615419 
8010.1137036026885 99394.87752987849 514.470766584158 
8014.162074556899 2754.5272869113314 16.85908640411652 
8049.28328423147 341.42087983268135 1.0987931097287749 
8036.150408869869 574.4475189644756 0 
8014.919478912552 2743.2645055903417 13.656429790316547 
8020.865158272687 1492.8884480935137 4.861529247502232 
8015.152680235438 2354.773984566114 17.19609708537929 
8038.138349410887 5936.297899806211 27.0845583661196 
8024.183321783128 1048.582491048804 0 
8012.062050232631 5843.7788660932265 56.15963506505114 
8012.714409365636 5035.768624456038 183.4433679958907 
8012.655252391641 5369.50321581202 50.74923814313418 
8010.490060727396 40985.1786236552 295.3961231894848 
8010.991215032762 251419.02661862725 172.40139156063478 
8019.874718275763 2241.8297061860626 72.57777375773927 
8010.02040773103 29320169.479870018 3346.2095728887166 
8014.772931266152 2436.872333715661 15.353323741500844 
8010.291231947427 100731.99942343481 331.16317800392886 
8011.431298156144 8229.83229616373 81.65673484171012 
8010.044663826104 997254.9281459567 2638.508403223038 
8010.651779817848 87436.51115188302 211.8222659456236 
8022.560898180456 1344.4235806627535 5.202395032134305 
8022.275597630474 534819.5987779177 840.9224329012819 
8123.308968439997 256.04722140836685 2.895549267427706 
8012.060942951261 179759.2006009553 195.6161069089731 
8010.071346762581 4676463.104340867 2412.8533276820144 
8010.079746930789 651141.3672940816 1824.484264634767 
8010.101392141758 1774165.0361157814 1757.3845821704467 
8010.2336389061165 69934.23027847864 413.18323012398423 
8013.862229755012 3589.1922769455655 27.118164200131144 
8030.635014663876 719.7700285078955 0 
8038.9493363590755 567.5765927401375 44.48008074074994 
8425.338434360361 244.2821686812732 0 
8011.264109270842 35866.29304380317 303.1080611682164 
8010.131827204313 27018979.0096859 608.1352688523787 
8010.134005242883 186740.1940883761 681.9939271329049 
8010.116176744748 403097.52216039476 764.1186765694256 
8010.114386238197 189858.648133835 790.5495820897715 
8014.382775237859 2919.9759002602113 21.815176614259506 
8051.773539492973 375.3684673555381 1.2867979440766781 
8045.032684663687 619.2314444556097 5.073059725869335 
8042.402612158792 619.3526967471417 3.962344762773926 
8040.739964514624 636.004631402611 0 
8021.177971411883 1753.2316041985714 5.056334000266403 
8039.062077038057 670.4252056798903 0 
8012.065374814591 631799.6622195751 76.83160785744106 
8012.528011213242 7844.9898618797515 69.52659139172883 
8018.516106897883 4946249.86701031 1866.5395444045284 
8010.027595101932 153023082.89912653 113881.47424439555 
8010.021123610935 49302701116.68266 1694524.5062713271 
8014.808631147607 2757.1124235825505 95.14215877781251 
8011.874490112257 29570.14833673457 132.48188494983188 
8011.650446421028 8262.21558923779 277.26190942451245 
8011.904990478671 34321.604359209916 132.85830906785736 
8011.973094273531 8988.764448782893 91.36762074715287 
8010.287629792684 78334592.9811719 10130.615795356609 
8010.067789013225 107683523010.39812 209917.49176405545 
8124.464448544048 269.4267238940221 6.390858586660464 
8130.084146897743 303.235449537027 3.073604725763909 
8034.466645528397 1041.2177810797343 0 
8010.09086457079 17408946710.124874 1292038.9169312618 
8010.121630574495 17398649481.050255 1291618.5825798423 
8010.106709285338 38209509.231932916 2395.4483944494473 
8010.082914392795 19883071.837434243 44633.934488787825 
8092.104594708862 484.5013407690807 124.26985033472727 
