5226.943705149141 449561396.8153711 255717.38571467344 
30590.85963173156 189378.4775143859 22.26212005697305 
28909.288253785588 191888.2992374223 5.98959073711159 
26547.849815681126 188231.3703799425 14.4303928890308 
5226.947635902169 270824937.87598777 148896.3856376398 
5226.945608823765 220469602.29928216 163322.90941705505 
24239.23975698095 195999.01411898423 23.50399102929721 
5226.944618695608 368622336.780438 162243.85734775022 
5226.949024915932 119288003.9825804 92521.91291213708 
5226.955612130506 144278089.04763186 85850.16230191806 
5226.962794792689 125008096.2508192 83682.83152666579 
19781.35631941321 198659.31783924057 9.359490455543444 
5227.112222686579 211755490.57888943 25561.12022458362 
5226.9660109384695 68804050.9638552 58128.41799217895 
5226.94543253067 214889102.98236406 152865.16888162075 
5226.956639647657 101977215.86864212 91985.41078138426 
5226.9966025955455 80797975.68682435 48414.399088855695 
30469.790621336182 190263.94575883733 10.126619213669418 
18175.40973557953 199466.41159240875 18.11719909190896 
13961.791737536725 215553.79996933835 6.086484521133331 
15252.194418356083 207719.4404334 21.722547851852674 
19346.951375022654 201531.5828929065 22.092844845760084 
5226.983096214417 84017439.80197334 49105.688703717926 
17115.83745448966 207907.82041450945 11.171493659292885 
6155.9321017149805 1088943.0372479695 265.6407634942671 
7019.405359190373 450311.22449905064 186.373970846615 
5227.058209111961 45564508.50963719 30822.739772137607 
5227.012529952878 61148485.272012286 39175.44837060107 
5227.334591775743 34862041.280656844 15941.53449947778 
9357.220816503976 267381.18012197496 42.095045267780854 
5227.114335392591 27641261.110114124 28004.823482900832 
12255.587648421553 224897.8890581199 12.848673621369821 
5227.138723512993 73281436.61481638 26033.933955661807 
5227.443744678198 22970783.557464514 13506.145398677381 
13538.450690624464 217228.19614243697 16.76256560618401 
5227.008929447203 56690019.23915567 44578.176035230936 
5227.21350371475 44019256.100201115 23753.461830471057 
16528.786276559345 205010.0547774731 12.804713603971532 
5227.028370695228 54613852.64757757 34048.241043976566 
11359.07371527333 233512.02299472422 21.528952797150374 
5227.004886867859 65592616.585265964 44436.62860434376 
5228.520747961 17404995.467942256 15328.037419095625 
5227.097729932777 50178276.34880245 27280.28313054973 
5226.979493847185 70010536.6977272 51229.97450325327 
8391.089552774722 287204.7488799392 41.822524208802484 
5228.712561420973 12801818.708293773 11448.78445592455 
15821.667624019527 212010.32069684457 8.497395050195905 
5227.056184480643 41259790.99601711 36501.857761237006 
10358.093476009733 245108.08970430904 26.87458612671404 
13357.901021305686 219327.31227031525 22.891819967820563 
10065.43143577994 252798.4815369094 25.67789461963553 
5227.163326893079 42561798.600573115 25588.774553709827 
5227.2850176551 35219130.18316136 19234.592855008425 
5229.496240474529 14225570.645063149 7681.282475516654 
8029.3349833037155 318625.45865542063 60.20745586590063 
9696.439005371372 252174.84417577286 39.35609137982586 
5226.970059938309 63602430.398369096 53435.010123266075 
5391.668937107935 3098078.053948017 994.3599344152069 
17546.54060870559 201918.72832358285 20.419083211085876 
5293.071924197245 5145607.825538592 1975.056705646299 
16092.651885143016 205522.4561058128 16.19378638331177 
5260.087284174421 7460454.410182275 4165.873019044657 
5228.782920669765 11521480.61488581 8925.590914617156 
5234.139520310651 16311131.055875078 5284.769857825771 
11831.953862088569 230438.25897890385 16.463425626338392 
8563.376614121908 300011.60529136343 66.05683136306776 
11010.743386167283 246418.85874205647 12.212301630450284 
9589.328977094574 259677.89751943244 31.43410303630435 
5227.254534164269 38201681.947963595 22125.7054859638 
7551.789695200706 349842.4494953614 115.1475704919888 
17866.524547640955 196264.42887111503 25.12008548601613 
5227.072066557747 68155121.5879536 29634.14946299372 
15197.150369639603 205503.01172174493 23.84178471695923 
5538.018296867921 1918982.120569206 729.4560403240803 
5241.869852570446 11408779.230192993 4547.667418923486 
19628.887134026765 204629.99177977303 11.69971871108481 
5226.99715065003 67434700.23538591 53341.368377032355 
5227.013973053304 52572434.80984436 37943.83764109082 
10641.576137447631 242063.07375712888 17.78179855736625 
5285.95795716825 24921399.82382097 2569.602512846381 
7815.178947022511 335960.7470828292 90.82224890519879 
5929.861261837064 837060.3389768892 360.96368333124406 
16272.381867030768 202137.35645506845 23.43144558202403 
5227.021473925765 61266489.73753558 36182.87346924867 
5689.361312679945 1462670.189923771 534.0463709661946 
7244.436602808049 448587.0212446651 172.99531106907108 
5227.011112080979 64146493.223157324 38090.772292820715 
7341.9114284617235 450483.5191672878 126.50263974704534 
5279.6668169940895 24663590.83689784 3948.6469354213673 
10785.876591793767 239890.10280855765 21.59166453657665 
5818.8355033788375 1282105.9647004372 569.3203089979321 
16452.843994701212 206075.10570369638 15.311559238189488 
15781.484971171463 206222.57121566584 16.352021727137092 
11908.238149557596 245009.03179202476 15.703518364967211 
7935.6340705516595 340925.45619065233 81.93708315789951 
12162.902808128472 223640.58031630202 18.425569101000967 
12216.78802742956 229259.0246262226 24.985222480776933 
13655.167119569569 223046.36655752975 11.152793897149813 
13166.79397027332 220970.45603122935 17.31316147411829 
13788.63378302363 220022.53983536095 10.029770456554981 
