5226.954063418294 137078742.70135581 109692.96264887681 
28794.856514158793 182371.69211597956 3.325070146784526 
5226.960292420985 97592248.32932901 76028.93419241978 
5226.977491622188 56310493.32740233 49882.436266291304 
5226.962010778041 52973494.54656769 53939.287151395605 
5226.996176652411 62256056.32855853 40254.230558343275 
5226.959895116679 87544726.84059691 70834.59037490259 
23949.484713488197 182788.56790039717 4.287687328335723 
26516.497774133568 198068.4379041013 3.5727653983259176 
19895.77487608332 191331.12670900437 11.846401897361694 
5226.970818378425 57010803.3562931 51181.534210213795 
22371.742269072434 190526.4471033284 5.015735976323475 
18032.60821334749 194879.44812080392 17.276069462105596 
26991.802645843196 182991.49678926438 7.492858661686061 
28624.40406320726 183474.04431283035 3.5851505910762422 
5227.0105433812405 44534392.2491826 36739.383648184936 
5226.97867097429 47780596.34684916 48595.660710573065 
14813.48336414464 227443.2607198034 7.446096114096253 
13206.912886825889 220646.43177188069 8.151782843457488 
23666.64627528822 190900.5273466749 4.239384678469447 
17487.098766570725 202106.74299822233 12.821858388173979 
5227.03261952531 50751189.65865796 32691.16542871856 
5226.988772648589 59020529.391923785 41693.42444597837 
11655.819363874905 230798.0291469249 21.355074384381368 
5227.223779073105 15536018.008656278 20457.392645859134 
15577.00591881655 207891.2262649866 5.808956884310677 
9671.101095778724 304602.83401404845 57.305878311037446 
20542.06704194049 191935.26134841974 5.557304475298199 
15793.503966520075 205920.81657210735 6.916635021941807 
5227.030353028529 28426352.756267373 34755.74717401982 
5227.005904025538 34279851.635081485 45393.744902405786 
5293.310516196414 5013519.514096934 1991.504605747166 
16473.338251335095 195676.34237439398 13.935971008071748 
10681.390643327708 237595.09778964307 32.21053462941453 
5473.306948153627 8324830.786522323 1548.235984309717 
5226.990780278573 66394999.90698606 44470.71605205093 
5227.197067715074 41938783.001874276 24213.008505755497 
5227.300825032151 20604460.187129803 17652.727673296034 
5226.98576940377 59971230.0017994 46015.97305915774 
9955.436858805699 271676.0584051919 69.32053800466255 
5227.552007080103 18030157.355692387 19031.18404254479 
5227.898440733922 19405989.208652474 15285.330616446267 
5227.047466745951 32910242.55961924 30775.8837287927 
6161.772669601174 728883.4740648934 300.9695874211056 
21713.7241030019 182909.84384542482 11.133385048986067 
7009.951549706753 1202535.2302440684 265.5862984939809 
7489.897837035626 521257.6460371106 167.11535448371444 
5227.005137411127 42887519.65491265 39087.27275649806 
6869.325598176472 950585.367523306 282.0073191679665 
5227.085173453351 29733260.29029612 28875.017014168992 
5228.95311653277 24369512.60715329 10949.014511108593 
5227.082076112922 35736234.78382128 29483.390093136924 
8787.161655118225 314236.69920409087 64.03454556412032 
5227.676096427969 28031465.562848344 14035.353155575141 
21062.977066336494 187945.30923812374 9.926593244065828 
5227.188625878801 20957574.71780808 26143.465806079083 
5227.075505854574 27358557.689915277 31039.354542114066 
7825.386017080215 508601.1210273878 280.8735137521535 
5231.931045615814 10282109.476404862 9396.547929139946 
10676.326231485678 273605.0414527998 41.456573220995395 
5228.005531515323 23190841.81895767 12194.398319548016 
12072.572919050974 234328.38375523256 16.385082627136388 
21420.133702585477 185306.32134510909 9.725634935584308 
16561.07670722068 205305.35986835277 25.418552267930522 
5807.2536083499745 4639732.6778882025 843.3249253750864 
5228.485497430455 14855379.903616296 12846.611490640369 
5227.064460085338 25936181.605018035 33133.03711066736 
5229.049623138595 23605437.055169944 9229.981884430254 
5669.754059163699 2659172.9974312494 897.0879603638873 
5227.125805343488 38471069.23257297 27548.119317713918 
14576.130499263898 214504.61006094117 20.804733430691336 
5231.423417672116 23226311.99431975 7317.745580236769 
12659.243109777537 222013.69821259053 11.915946273519758 
12391.591316915885 227935.85503636504 14.18788883872905 
8360.548136077039 331673.4834539468 76.15746913412555 
5227.072837436087 40465836.18408783 27399.935459876866 
5251.159078280584 10603577.578069407 3925.025314993739 
5231.07996496467 13221014.762956971 13355.934293440476 
8217.088394717119 346750.49008770887 67.56527298998809 
5227.094334216708 39580178.79663217 26463.694322461648 
5227.98587950181 16231733.411512956 15168.792489342406 
17908.33743156115 197817.03580222544 13.02958046009073 
5227.133677566575 32370801.470467884 25164.448374099287 
5233.105775700311 10472981.8606231 6846.165883260239 
5226.997686455653 48746857.709630474 37570.821964602874 
5240.202557622741 11647636.166046832 4688.534839807576 
5562.583538754767 3825041.005360341 1721.7387415843561 
6010.430500273893 886031.2123996728 427.3788739187606 
5228.475837651636 17050421.438186564 11364.642973193946 
27763.805437253246 189914.99921324663 3.6066056715355597 
5603.454300586458 3010066.579148569 1387.5507572755484 
5232.952026525182 12282969.695299618 5885.073162041858 
8743.281898423767 313581.9492374026 68.85776068358047 
5270.529113794469 11382523.992367508 2941.0688302493527 
5227.025318288633 41232507.31406826 37824.51237809469 
5233.153620926732 12613102.46061707 5523.875214489464 
5227.028863271605 37163269.528669484 33779.44855437491 
5227.004167160678 41423482.62145204 39641.30036836703 
12951.039406293032 237268.77559754136 11.10501265240924 
5270.491152581359 12592092.46681239 2941.718811472129 
