10661.44472312277 470241.8713377842 67.19030675230685 
5227.739040855056 76108143.26433516 18473.703966189998 
10169.65308802724 458347.3025600612 87.78796045893374 
9041.474706598981 552470.7105723298 129.27284507675876 
5227.87345986189 57713063.69922062 17678.70546134833 
5229.268135453504 20564949.3208722 9119.080439899424 
5241.913704637692 11130352.806786122 4354.742531647252 
5230.495296593314 11992312.126952946 7838.867379881121 
8143.433110851509 624630.0780470552 255.4828766852094 
5229.534969948476 18916346.193603236 10309.259009523266 
7561.050954691763 895229.8531714438 393.76785424130554 
6721.173673740455 1102223.4189254593 510.6325585020106 
8680.354955987843 547004.9201870663 173.6802093536506 
5230.034702419636 15735776.449406434 9418.130490406322 
5228.060554528838 34822359.780356444 13572.965309875752 
7666.164517096573 897028.3658022868 286.34508689078444 
5228.560633274868 32423964.07493609 10911.672468362816 
5228.305211907855 37054291.54073802 12398.360468660727 
5228.500125012371 35348155.6935155 11361.570866865173 
5230.330184706294 13439317.84920161 7406.208303497971 
5228.359759520039 34360614.4670058 11963.507148843277 
5235.389916551417 12324830.43284687 6540.664086254948 
5229.1888607219225 21135700.49397776 9222.07630687678 
5256.799148264759 4225222.142120913 3510.165469790276 
6094.216220776208 2156792.3714581635 854.3793734257538 
7278.087607166874 1023895.057010521 416.7827123905407 
5946.142408682909 1908019.3689814913 881.0028371134791 
7070.810621379195 1127738.1453011516 493.66251185572867 
6540.413476712157 1469920.1639520647 569.940612645022 
6225.224394869834 1775131.0028474587 636.6680051710155 
7828.769505566884 877655.3376309831 277.1037009957322 
5228.247928511035 39999990.78246398 12645.396938116137 
5235.726173190176 8652917.070505014 6228.059601386044 
7233.812933294348 1521195.8114013502 464.9344824190914 
5235.634017272562 13639824.805258978 5885.853239926248 
5366.3218433930215 4293332.773874845 1545.7989523623953 
5294.245939848681 5599361.700453589 3092.503115837795 
5235.901720143485 8787183.258302063 5613.516555462098 
5694.1453763431955 3940647.8634818722 1095.656376145555 
5229.725287587013 16354157.030957304 7826.074368184498 
5236.955164945203 8465091.17666832 5249.2691490734405 
6183.043465121345 4132782.921783667 834.3405392826522 
5228.315649697592 35584229.77504308 12383.040356246318 
7871.417871598311 662648.6698239261 228.7983392031869 
5236.509747708353 7369780.271907154 5902.290582730886 
5771.984536228708 2831838.122316356 1222.1567792357876 
5228.421544126647 32184415.352936417 11755.07078889362 
5412.215592075849 2793767.027517867 1315.020912736735 
9026.38744514629 538303.0461507014 138.71122987555117 
7886.312782167807 717676.4341500908 264.87966540958007 
5308.225914076155 5931504.34653736 2430.6210304090278 
5609.196514913419 6155674.638656294 1075.2724162690538 
5287.814027711593 3906134.2969352035 3481.652704275125 
6516.714244278921 1271583.865012801 639.7779363550388 
5530.237930690386 8479741.435321726 1165.3228438945937 
5237.778454701374 6468841.112500865 4958.379177198127 
5399.711275687545 4240667.991873446 1701.7259885752792 
5245.255949363269 8346685.218295575 4440.384889488835 
5295.444998063559 5587029.8411762 2813.160331907572 
6220.911457503237 1727281.8743337886 761.0812818645156 
5835.371147352303 2179546.4315221887 1061.4579321934605 
5351.89803194654 3888302.628305611 2260.2730278934005 
5333.02544499561 3951652.107665557 2920.4895524487906 
5347.539000856308 4157012.4725149195 1998.8673250913728 
5494.867086754162 3816147.395234096 1206.87619722617 
5898.644518916991 1939673.6579083884 1420.0440836523069 
5353.767240309874 3536513.382664353 1895.5641370285707 
5897.307985287178 2735679.6667351476 1001.6737800969198 
5544.747812113982 3161141.812106109 1125.971983705824 
5834.447558005109 3118961.445336312 985.9225215207523 
9063.475686603639 537441.2771819773 128.19349697675108 
9127.692758864756 519164.9020481777 123.56192849711285 
5228.206042035522 34003332.37353942 12803.639778500066 
5229.100899210361 20868768.96555397 9256.314346948826 
8829.6675177486 540713.459449399 167.51699298471266 
7785.091686345575 769601.9369500015 296.72058065797546 
8663.896407112074 564475.5046776868 135.93143249948065 
5228.7741920651515 21088339.29145764 10083.036695639486 
5228.679851725861 24347058.566280298 11719.678802648776 
5228.138702731654 34272397.73697786 12641.751573436079 
5228.3745691812865 34074066.415708 12539.703748683942 
5233.695551905473 11919739.102569878 7162.568016797543 
5227.8283130314085 46744370.25962387 19142.023336527607 
5229.60847206042 17556981.478727046 9113.649990855807 
5228.871842434011 19415902.14520942 9957.567465588883 
5227.79919759478 63505471.36121823 17273.177166654354 
5227.984360673989 34073196.5484831 13614.55011741682 
5227.85940299777 64665532.11305753 16798.999212410803 
5228.6130096465 17804202.783850037 12897.06858347138 
5227.909735641411 48147883.16446837 16101.664925937333 
5336.154316619321 4241225.786206067 1982.2595386853777 
5232.782738135148 11588722.774926947 7320.580081728094 
5228.670510784992 26572710.436417487 11600.955434810734 
5227.905021893311 59718433.47033146 16736.605631940984 
5341.4326152932235 5550220.442223416 1713.756344921551 
6418.308996842546 1240213.2492979968 651.8864152656388 
10374.698755606878 520160.9544234696 118.66918546453556 
5227.8441294529575 52903269.56259945 22145.448027105085 
5227.866404305935 67438693.52779266 16987.69222131043 
5230.658035226435 15902500.1578496 8647.953014563212 
