5226.943647690809 1027086820.7036445 299816.2585471686 
26113.756003521674 180265.39419399537 7.551185674327109 
26400.059211327905 182412.70502051257 6.044907341710948 
19958.989813614142 199717.1316993502 3.4851304570158623 
5226.94676005369 405287885.77677774 229767.38021558794 
5226.948711313339 204052544.07540506 123598.70393713292 
5226.953573830868 150886612.07117194 101516.31046914194 
5226.956192008087 78324511.97370991 79267.70554212561 
24217.433708210894 182535.79627112855 5.61991062174469 
5226.958472054301 61945864.94680643 56641.080936907776 
18816.85364972366 199060.04305385204 10.829081559574924 
17264.041196583446 203536.92440843367 8.205879015234562 
7274.474666344399 491279.2296218652 177.10912113762004 
6289.4849378672025 864366.024000582 295.5333875271711 
20948.13586565871 184227.759972305 11.773559715236296 
22434.71659069784 184881.05039763494 11.56598127524556 
23434.91163265593 187140.2770391255 5.73649197186739 
16286.735323811718 198784.09824179986 13.992999465878116 
21623.82501294085 187705.25474629446 6.537846034210745 
22681.030282620424 187267.73326684235 6.1585093065119105 
17182.05822524457 195137.5114128396 13.330041922099122 
10440.4263512767 271912.8495079183 17.182587301556367 
15148.774919692565 200303.87453962347 15.204946871995231 
13978.738241558649 206803.32376974865 25.096337768640744 
7575.973486824694 445591.66918068874 146.52264433792746 
9799.773855796246 264765.65462561086 21.93324641719136 
22124.50862174511 187614.76642966282 5.156806528359434 
20586.66371292242 188783.53172262196 6.429458771860666 
23303.870446264777 186846.8646643653 4.0867114250051575 
14543.227560812347 201688.00369371322 13.68624221251119 
16304.719714924082 201323.68450358417 7.126044536606226 
5227.018972714223 59273885.58012485 37241.38809686826 
11040.620923628318 243537.54371459832 30.31047067210914 
14634.947758041442 209110.42598213552 8.295619437414501 
15873.152953858025 200374.9942702066 9.793022205227532 
13214.9096826685 211800.60146657302 15.088041994217708 
12102.525607215837 229224.06508151957 16.442325465599914 
11154.61367721243 230173.45869833897 11.332302850678353 
9348.80376100588 273735.1871102437 25.36501515900736 
19196.84681735166 189825.95515956037 6.312667328624501 
12702.941467294266 231579.7668585048 8.679352690000531 
5227.002034318664 47912874.45080382 40630.99384337953 
8342.926302323034 395533.6194630457 111.66882022565423 
5226.977140392878 55046905.89831644 48094.70607473156 
5226.98141879108 49531516.92165406 45309.72986012632 
11612.825503577918 226823.5756345137 17.723090506590598 
12329.497843288984 233145.85992385691 10.768638669966371 
5227.09641690098 31285849.682409387 26066.662836682648 
5226.972879402179 55865815.202191845 53204.26300880796 
11691.066364650686 227697.4830497654 13.338433065680366 
5231.4251346740275 20690175.513346765 7243.302662376334 
10038.965635637987 272004.65818001266 20.333864723682115 
5227.007958767921 38854857.53693515 39163.13012720704 
5231.934756432706 20142378.244472027 10523.830237589713 
5227.217924730636 23503285.71694276 22963.12120914488 
19542.013457932444 193772.96108075604 4.522452150032065 
5227.027599743719 41303499.78430916 36046.59389690841 
19068.63331622659 193696.8005498905 9.616571949974965 
5446.527171430955 5631611.516219665 1285.0149552202874 
7973.1731883393095 421702.680780499 124.97719633475117 
12899.006570722879 214950.7926730171 8.69878976036735 
5227.03830897942 52926676.3828731 31356.209879049562 
5796.066064176062 1874324.1425529125 817.3837350266067 
15371.309951993062 205453.12328787136 5.009854782216563 
5226.967334477172 67120237.03397392 54300.43441989178 
8657.27191068534 376315.363183636 153.46350870223102 
5227.226577187195 17436464.845885083 20711.84444863743 
5227.89444173304 16225567.34983037 16233.412875081696 
5227.671757480292 28476166.89456592 14185.461338890453 
20628.625142178647 193602.45711358727 4.842928204446483 
9365.28421398228 269442.84000982204 27.39854507829022 
8175.835176219996 410373.3316759109 130.77740785356815 
5227.031316195675 46386305.40657583 33078.65378138537 
13418.71330863419 213199.2432889499 8.712307951696719 
13773.200290694935 214272.64881619817 9.571616807296918 
15475.599450262827 204623.95548812425 8.45193571840823 
5295.8223156081 5058760.189809382 1987.3448482051858 
15652.684096664601 198678.8483826787 13.697555906068843 
5227.312000453675 20468591.613561217 18754.57981068024 
5240.203291590408 14906190.27118005 4796.53692630892 
26283.148257122997 183160.16384483405 4.693361676789328 
5671.077096806129 2719594.592266037 912.1500554851434 
5227.075001408815 21614753.216691893 28801.96590364501 
8522.70326769724 368389.8365914648 147.5073447723682 
5534.615936130656 3330371.9832306085 1120.0173098095936 
6163.351969311803 728948.4491472206 298.3499637072055 
19732.145721120316 190770.1718111057 5.743448876657617 
9121.126835398074 282175.44736193895 28.78236202146325 
5270.506303215286 10273054.353821578 2906.1118510774145 
8958.386246452956 282263.2003121263 44.67215006513657 
12258.444930204329 237852.1949047799 10.603862815836232 
6001.83485273924 1232183.9787996642 496.7277473491409 
18831.150588438722 200680.2762836455 6.852647002557929 
5251.3905832154105 12619777.136488952 4094.642736104941 
22596.689372081986 184146.32322487814 14.668458928130404 
13631.703607652891 212086.30367585577 9.607019396436314 
10229.446948925037 263637.8044836335 18.8592355580787 
19888.867523471643 187970.02574974063 12.790633804028808 
5226.996615555911 46350078.83615824 46829.48645691376 
10269.951140328438 261323.29133207604 21.608639466265682 
