5226.949460105845 263548371.27202103 127464.64492475569 
27953.164046024383 180494.49343325463 10.15785103565854 
20217.454012258593 194004.74805672135 4.094706590117053 
5226.95666949097 150064671.47586265 94406.99620533698 
5226.959852527994 106803229.46677935 72449.21309784624 
5226.962165564457 97349257.04661588 80335.2251580324 
5226.952862902246 238207744.5161511 119057.46036676626 
5226.956136922804 152095768.0232172 97492.75638959049 
5226.9535833223945 180992845.98820603 118861.48089116802 
24749.41581224925 185107.44944110984 8.252900283317494 
5226.963253188318 96255297.96392989 70564.20694513377 
5226.9548820700065 188716697.83494017 105289.98005544944 
27668.14942980902 184032.48266333845 6.780909928993666 
5226.965445030889 74007665.80138119 61781.198945487195 
5226.964609299385 79017702.18891191 57452.211587088335 
23479.68634744358 189840.4073804875 5.834776467919522 
16050.517053227719 201987.06564888565 6.651219703934221 
17772.3593234974 195208.40182510705 14.604290426187841 
20536.119761241047 190215.07264947536 4.214034456133572 
5227.015786588912 53434193.293693624 35840.81933275842 
17571.767183925644 200372.28923571995 6.563717695148396 
22052.42193307234 187624.68943498514 6.003750875413691 
5227.041354425702 45188784.57873422 29473.213661702004 
14713.27641730338 214476.19586975942 8.106001294015151 
5226.973097845481 72196662.16983709 50387.29701132011 
15774.446988799724 204411.685992044 10.939553687300275 
22360.437092902575 186613.43624388482 8.009016305838529 
5227.008714697971 50304532.8306296 37675.54980356424 
5227.2426444652465 45747696.43667664 21424.636344884806 
5226.974636125235 64505742.34868164 55944.63968428287 
5226.984169765899 62497663.139003314 56331.027054760416 
17884.89921109003 196282.34789289342 8.750816821903467 
5227.218175806845 30512540.979007192 24433.532265776987 
6172.600711837033 723347.3190058373 281.86808382652083 
6981.501540299414 600218.1906047873 306.0338760405803 
5226.999402350195 46037831.862922266 42289.39833444047 
5226.977872347397 66883090.885619566 51561.56771351002 
5227.030138876033 40050372.972814076 33507.73961191009 
5228.391377278628 86695642.6666202 11291.320427751754 
5229.914831744614 16795158.671153348 7174.756735486695 
5228.217051664622 74380474.23735002 22884.265647395463 
11447.953613663934 237146.38382941307 13.447630409455417 
12134.74625168875 233889.38942666788 18.066452770771633 
5232.91241811684 10506205.065032188 9083.72522933126 
5226.998531297059 66736458.1853241 44718.66479934439 
5226.9944159601255 67086592.42813659 46016.343511302744 
5227.762071261913 26104972.422192976 13977.117424584249 
5251.98124526203 6125024.878470945 5498.292862369961 
5266.836836070737 4067662.0339722526 2976.0276067232835 
5227.486552622906 22900943.603893477 15276.925636112765 
18139.948959450227 198973.3999880675 14.47120900030267 
10711.582787884689 240821.14625555783 22.232487398595207 
5227.044893779442 36257364.49192308 31300.989565215605 
5227.3310718392295 30770333.949423533 17046.19566290536 
12671.274041688837 231324.09562706927 10.941938907391805 
5227.0097604860775 49122082.97252839 40474.682681573715 
5227.043408960459 37484286.21654181 32525.99161142163 
5227.159788955277 31511926.29581379 25902.98100305343 
5233.858083562803 6955399.2206556015 5090.617745756517 
10553.930854513997 245043.7665057619 28.838832658666092 
5227.0109324139175 48122589.40388907 40921.07418776499 
14240.370316369823 213736.08761213155 12.170355540345518 
5226.99571310581 53070134.133793324 48163.57702139985 
5227.096445084439 34214855.13986524 25518.229464254444 
11686.180475572488 233615.9540239596 17.900211564094377 
5231.693373179385 11649445.124458183 12446.054980928799 
9101.582398267925 291449.1498108437 36.53911066636489 
8651.021591680037 300903.892590431 53.07542577803518 
13078.270608323612 213446.151375839 13.865685057902141 
13586.4716226648 219255.62096811755 10.718896318765756 
8065.741290201584 390672.9849851217 91.51374814570764 
5293.0505273884555 4913965.315985679 1978.760065199135 
8421.078295697884 305727.04053468496 41.38647044573756 
5228.757161501272 16909707.691031586 9151.206915064891 
5232.397784785727 20482785.02671395 6766.006247296599 
14031.728986468874 213398.8248771219 14.460455850113991 
5803.68575513951 1477595.9974394497 705.6225096593143 
19842.867926134928 196320.86652403203 5.360704138400819 
5417.789301967569 4681924.474176663 1300.8912087938015 
5228.335252923364 16795962.34263138 16975.265659245753 
5915.9333005257495 940722.143733638 389.12904942670025 
7229.03063784058 607234.550651639 285.1525393480052 
5226.978950582598 52956251.07408354 57069.66613600151 
7476.964456845999 511001.6799166334 245.50961188583452 
5580.983483389202 2493728.8560055615 767.8797871925686 
13686.688945195543 221445.92404576353 9.226077481756962 
5227.849927790954 24546444.25736809 13785.128316598351 
5226.98372078535 66958651.74027446 46937.248184636235 
7877.663010614517 396087.4336796577 118.71523338846583 
5231.936600643753 11177062.5528348 11736.004301558945 
10901.900960375844 243929.5845154322 28.669701629655236 
9462.823278073136 267904.43114477437 30.509886014248515 
12922.84417999351 221405.08016355574 27.12935056359018 
7680.018035194428 556835.5581938156 169.53164204964006 
9290.117182433958 273344.73891371366 36.24186943946655 
5521.527633233121 2324893.561235716 798.3908309668512 
11287.78490042964 240351.80859346746 20.727212758394604 
20076.4615706761 191355.47939732615 9.804284251230367 
22185.720046782946 186477.3272953959 12.15431102109039 
10312.015214608216 243187.57061238238 32.16273822132632 
