10634.023830566912 473792.4339999076 69.08779560120071 
5227.83461584262 52683773.644673824 22108.766405307142 
5227.865952298928 57500365.89623449 17570.113684375676 
5228.026609330816 49785935.17931105 14990.769716532153 
10517.027844879756 501908.1585051542 108.37641961959059 
9222.838700836803 537835.6847336513 107.6792904632361 
5228.095400779728 43356972.77398235 20288.116593472754 
5230.18445669078 17682386.278637573 8344.14717609865 
5228.018443588051 44193928.130797826 21283.711903186202 
5228.0927090368095 46055712.4859346 14231.20163621519 
5229.0800945859155 22290499.555527102 10180.41165181151 
5241.911476077499 9613567.345975038 4315.96471517369 
5228.342476697119 37648921.34819405 12588.265681091634 
5228.319063179601 39894729.59371211 12724.1019389386 
5228.70237953083 28060905.11288697 11874.839397303753 
8315.803175855264 807446.9250358474 254.91190735904678 
5228.7907703644205 34519897.11930376 11694.478898798976 
5228.563787358486 32242013.81333988 10891.020524993823 
7759.557437184212 1011832.8066673805 346.5269355060783 
7494.341579616505 913670.6916308071 385.7371910459358 
5228.237085516583 35866485.251437165 13252.60515632218 
8730.034192757774 582230.2796529096 155.47068494493357 
5229.631571934525 34089351.845377505 9302.556040252777 
5234.224943400327 16236521.05906436 7153.404950979582 
5230.494187260993 12034121.334265353 7852.103578554592 
5230.035125419234 16101828.914544757 9403.689406046022 
9011.929862896435 1474927.669231859 153.36562239395573 
6991.963188715774 1202810.3425254675 518.5133956598045 
6423.8849960497655 1587095.9088575973 707.9930374964301 
7991.241550987243 719378.8514124338 347.6042432708824 
5228.91035876293 29473825.07447336 10007.756663292217 
5229.108591869681 24114713.651319 9931.286859898915 
5235.635244145402 13723539.332858268 5892.8224714817925 
6704.622104121745 1141280.5180773137 528.7941450075456 
8406.744155053191 659555.6220491999 193.97509163272835 
5576.481472016055 6675947.127625615 1092.4304554506784 
5256.802668101345 4974831.522078444 3515.821755296943 
5228.076748479055 40259935.45805398 20309.373283136956 
7872.365721197591 725590.3710629296 265.5116075306354 
5235.387420041125 12307131.618643217 6537.701606121019 
5228.13110931332 39429773.5577441 14012.724614757008 
5228.113648472368 43644630.57495132 14435.511010117636 
5230.328291843949 13374010.51325503 7408.662678793602 
7038.8310274366895 1159020.072612744 500.10226860054564 
7265.867018982347 1865668.6663127015 460.91386217318615 
5948.644863230655 1912747.0049167243 883.7407567275822 
6694.411753042314 2117049.3932838603 579.0568679605121 
5228.357456541832 34420283.7074966 11996.880479698057 
6094.021141005546 2327229.842907894 856.352943382044 
6518.495650758778 1269697.8907965294 640.282566705462 
6223.826855582195 1694263.0243314658 632.89174123422 
5228.849723826059 21967068.1501846 13478.69910284099 
5693.204013810422 3933594.5053625717 1094.7152333578426 
5228.849487368368 23014325.356317572 10551.768523196582 
9141.582671110411 639330.6479689036 130.35681592772673 
7266.1198046801 1031706.8089035363 429.4687670458166 
5228.812558173711 29574438.034403205 10859.911759920935 
5247.535012176042 6216071.589047965 4716.14944455558 
5308.203204810333 12704090.165115897 2573.174625913111 
5236.95568034473 8465896.951364487 5247.10279841357 
6118.8776002458035 3414260.460736132 827.6692445523584 
5228.501505388723 34988674.85871428 11369.600554300501 
5235.731358559836 9442007.659908269 6319.625427192484 
5494.2375483706455 3765145.4041182715 1195.1954667454913 
5236.51038116431 8552887.731683603 6002.247873037344 
8632.915356932022 599786.6453284733 203.24076636746918 
5235.881221964737 8618474.78349688 5604.949040681202 
5776.184280845881 2980157.037810455 1218.9133020686936 
5237.7932393685705 6047541.429486554 4928.169830761058 
5231.412591608589 12455846.663878638 7824.964230600515 
5898.68463235527 1910450.1710584362 1410.0926408078326 
7979.288992715484 1454114.9138911017 246.72699142104926 
6223.755569134211 1731377.8534667338 761.8828406074247 
5294.2458843670975 5600748.698288542 3091.5864862290414 
5411.567998927001 2814440.814132437 1319.5763796091405 
5801.103246338925 4392961.111882611 1035.570989466884 
5368.680076767814 7758498.958994241 1681.6754632266056 
5308.288851071566 5840738.84048198 2425.644545837812 
5229.184859242025 23951397.763608012 9358.92110376138 
5897.307985287178 2735679.6667351476 1001.6737800969198 
5229.032055552019 21865790.413279604 10701.7715869557 
5237.020637772111 8108047.007221197 5565.990135993368 
5295.442599320715 5607087.551594371 2798.5094773787405 
5287.817315833609 3822464.2535941745 3477.411153418653 
5245.21726056654 8286304.060365551 4444.0408812122705 
9046.160282258692 590136.9041169562 144.31936256935128 
5347.702818238567 4153433.13612619 1995.4622720662712 
5834.083390382358 2263504.5209079916 1066.2821427030287 
5351.89803194654 3888302.628305611 2260.2730278934005 
5228.170157600166 34910287.51687973 13993.570666030728 
8572.91711278107 750072.4965997341 176.93844214052987 
6516.115512196349 2713048.705753703 603.7160058796514 
5228.162488217723 35137446.69862268 13732.430117849546 
5355.761109940461 3465171.9142754604 1898.214300770253 
5229.362562790089 23071564.424894184 10080.870974876532 
5399.711275687545 4240667.991873446 1701.7259885752792 
5544.747812113982 3161141.812106109 1125.971983705824 
5228.493096752318 35038360.60254439 11919.170771585199 
5528.796716750872 5177011.087066515 1119.024948141886 
5333.251125769086 3998618.049868798 2921.6320952652586 
