12221.517520008794 3776302.691577653 905.5203808613281 
16841.00423797777 4669238.4960904475 703.8594068731118 
13987.407425254918 15536761.259396804 851.9925321082609 
9461.466455987806 9247992.917778552 2440.9641530998724 
12309.786302291957 220587372.7709527 1081.6379180421848 
5230.4737176696135 828780403.886929 34510.799218709064 
5230.4737176696135 828780403.886929 34510.799218709064 
13430.09641447078 4451301.271277511 737.8114161478219 
5876.470905360325 12318735.14070171 2860.2525109329417 
5783.614515848945 4811217.93529438 1698.6833503294301 
16780.942286413643 10187539.995221455 765.2818246319564 
6084.939180506103 7773646.316474282 1596.568367897402 
6250.1057686699605 2514594.5833403496 1234.0940829928652 
5230.4737176696135 828780403.886929 34510.799218709064 
16508.9655873328 7999836.558428185 841.4293192046616 
18981.11255324011 1769203.775693031 330.7886195782147 
5844.404475314526 9946928.788922552 2702.0697893870356 
5595.04818253078 6096711.308749406 1843.26373328102 
5230.4737176696135 828780403.886929 34510.799218709064 
18760.749823024704 3574027.6345340563 757.7100460946747 
5230.4737176696135 828780403.886929 34510.799218709064 
5991.262299342978 6577937.733512691 1541.9083801901104 
5230.4737176696135 828780403.886929 34510.799218709064 
5800.51414740707 7278939.70302139 1404.9428437161691 
5230.4737176696135 828780403.886929 34510.799218709064 
5850.539532941033 10010423.733996043 1659.046124636384 
5788.8348965683945 14526788.949967735 1961.580917399807 
12964.154434959297 2444362.275201016 703.6783490758692 
6187.668978991466 23033838.74626949 1720.7195649874848 
5754.1181033656085 9915296.057022277 2037.7986785854255 
5753.303479989492 116930385.34914616 8335.023620576692 
17827.778318915112 4003346.8940853756 725.3605272005833 
5230.4737176696135 828780403.886929 34510.799218709064 
15074.290801315112 3024947.7728289394 672.5107649363038 
14668.793018888533 3533536.8440612406 812.9710219153512 
16015.277410579589 84190394.49271859 1733.9405935999625 
16112.92330923683 3678538.0494783986 697.6947661928675 
5588.782449500505 14930146.2788038 2633.619104907565 
5873.323938774668 11843302.830799982 2597.3580450072936 
16676.89770506541 2515920.4181851624 492.1933738640405 
13189.489780104434 2392603.1222363147 708.356446640034 
15260.508165806568 3703915.3121178653 984.3979952651027 
11943.387364085425 2666303.594268482 697.1770539751863 
17983.18894973958 3309059.0254675183 746.2040316290802 
5230.4737176696135 828780403.886929 34510.799218709064 
20235.210512161986 3541958.7676464682 537.2175048537601 
19202.786796748846 5057733.103556034 1075.8555258452873 
13072.577783579603 4631609.449931275 713.7941022010925 
5739.5620383318455 39117061.6924869 3038.1564641098985 
5917.570950523393 14013883.271388091 2599.9664071163575 
12656.073348216245 3135360.5315735945 919.3658847188273 
14992.772074111239 2868572.557476402 605.0163685821117 
5895.43189651861 10756651.655170811 2921.9572831908868 
16152.494768254617 3314647.619061498 712.7569796342239 
15330.253414567836 10516688.559832059 921.0804537441705 
12926.977572947508 251229648.19841003 28458.025497507373 
12563.88160252044 9077025.197841095 870.3225681846752 
5994.773895565026 5313115.480862277 1166.7123349881676 
5230.4737176696135 828780403.886929 34510.799218709064 
6089.009670399635 27311531.690641694 2223.5154925409497 
16911.30095747255 4855984.762279827 598.7100757775412 
16387.011805325874 6372720.756572773 1589.4160364355566 
5544.520062281862 78189833.33998194 5281.269797049519 
5746.807835306083 16931263.656047106 2482.862648328951 
5230.4737176696135 828780403.886929 34510.799218709064 
5602.293702018091 13931980.5920255 2806.3164040747733 
5230.4737176696135 828780403.886929 34510.799218709064 
6121.196537620705 3523121.3246697662 1485.989656282521 
16473.399744983784 3091373.952617806 601.1592959498302 
5720.464011888756 14879718.575358305 2018.378097495004 
5755.6740704126605 5098802.065176187 1823.761770240826 
6218.675518260299 4220302.081904381 1553.21536692411 
14133.86384840616 4544562.565300074 1119.7016735762813 
15795.10385087704 18667064.368248567 630.402267526096 
6130.162479099299 4173431.2296957904 1171.7363650951738 
5742.08307907412 4262694.590845981 1430.5293008370716 
12998.828545166924 2389332.180425515 830.9035021816244 
5230.4737176696135 828780403.886929 34510.799218709064 
5791.665741368201 6294118.219943824 1868.4759830669168 
5230.4737176696135 828780403.886929 34510.799218709064 
14054.10741600137 7175983.71784614 667.3718092012592 
6014.5718589002445 33142175.501260724 8177.719966916533 
12805.09492058563 49600126.68071247 945.6679900082657 
5230.4737176696135 828780403.886929 34510.799218709064 
13680.546587177974 5226491.78663486 824.7419897406137 
19529.090599757143 3700652.398840763 749.0630016839748 
6180.148840189747 18740365.627167664 1195.1870851346919 
5230.4737176696135 828780403.886929 34510.799218709064 
5230.4737176696135 828780403.886929 34510.799218709064 
5812.234649684813 356773753.47539854 3372.062101566962 
11388.30644667838 2496720.557828356 910.6242971656553 
15750.956305890155 6657725.268797556 974.6334542456481 
13421.515105829258 2577151.206262404 585.8777294445988 
5659.649178718663 156031483.41771582 29931.69567635121 
17633.279233721412 2573738.1538031176 485.3099987882234 
5866.439133042731 7459027.361404912 1803.729228194704 
5230.4737176696135 828780403.886929 34510.799218709064 
5230.4737176696135 828780403.886929 34510.799218709064 
5755.612327478314 5436525.802868748 1393.5868473307687 
17456.32750487087 3852590.068750994 747.6276044218997 
