30639.651743593822 182601.89958864357 2.6820442001224407 
33386.344371154846 177651.09795911697 3.080287476622408 
5226.9548383220435 116588943.45653155 106502.64035354771 
28875.999892867334 177157.5831045973 12.024649693352762 
5227.02793292237 307600357.2551377 32165.511135537497 
5226.959445612028 144828507.6779434 88411.98605814368 
5226.961675183912 106276378.86778551 97971.87760936205 
5226.961574387157 64693316.972000204 61199.95752477751 
5226.969008447648 76359493.01831117 53426.49248488399 
24200.96454517666 178201.76180942392 5.785852291640716 
26861.348444509687 185239.72261126855 10.156723305417945 
21034.663342631276 187262.6043878988 5.612360477097622 
16886.724751330043 202403.85157160705 27.865096705967062 
13298.580113509353 225166.4083701101 13.272103351615712 
28747.132463348218 177877.51060956085 22.993159257564063 
5226.971270346197 47836280.76579213 48841.625547035 
5226.964960412139 63950134.65541485 54632.24334999242 
5226.973440359179 61606814.25811224 47949.296881729955 
30059.690765362124 182660.18400087184 5.291902365940642 
8843.242076816636 327433.1437634643 54.47439946291591 
5226.979199337877 42791630.76113619 43266.23378879398 
5227.005255384326 52446084.81008768 37042.90408291075 
9988.555966888462 283257.273700068 45.05717008047918 
5226.986245837168 66589989.25109565 41014.17043402749 
19752.928298768682 190308.7725948431 17.023100611710685 
5227.172952558609 22850083.154053062 25647.619312015253 
5227.056279649585 34825854.41448636 28985.14645091179 
20494.4619315805 193359.87684366375 8.354598979903411 
6924.802072285165 920389.2361915449 269.5688378942325 
5227.081990382148 86330474.06701529 28136.707147969988 
5227.028952957418 30514510.101534568 35730.87077968091 
5231.421664184468 16855936.99482557 7077.111399311595 
5226.988000750342 59816668.220548704 37971.37416894384 
5227.3020755809885 19286481.784837388 18647.482194560223 
17699.14362630551 201238.08217226696 4.1599096013416474 
5226.999939125628 41238791.93126245 38288.170646554674 
6209.8066790929715 717152.0784570664 304.8093787209488 
5227.007333546479 32623362.967782874 33726.82318986797 
11645.664992504557 230524.2849315877 26.738989738047657 
12763.312683340228 221331.32533718395 7.788001604191031 
5227.280651812299 31837096.732418545 20870.38494265826 
19265.03646450156 189812.36597755324 20.264676747554578 
5226.98702660343 62057876.367175445 40965.09548255277 
18437.494301827595 192646.38316026644 12.3146582590688 
5227.197331587771 17628288.144999087 22488.59118936648 
5227.4464111395455 23918685.37380687 16723.893961282076 
12089.393408285103 225716.41900452852 17.06416317518827 
5227.056350381583 40111828.689569555 29816.581187892265 
20615.461280498916 185867.37089994233 10.186843093986866 
10893.902925799728 237159.12048674552 25.980835037214597 
5251.88561426787 9514274.869362952 4366.582693786204 
5228.334259411269 22393377.673895564 9550.039121886311 
5293.132127343951 4792982.490480729 1981.8717547336232 
10509.750042033924 254695.50240362785 44.77595779311809 
5228.750572135228 21516512.894850723 8784.345416139 
5227.341467555464 28040516.256102443 15927.47470732681 
5227.67019280955 25863582.01017702 13892.394487188161 
8013.642772592206 468387.64973978116 237.7012457060077 
5229.171919299899 12360192.235414939 11575.351301934405 
5472.061229455933 12847212.066550514 1550.6352757779205 
5227.0321116454725 48105303.25339586 30487.405499523764 
13670.74501328283 222602.7805158298 6.05082575612647 
7590.011179442418 498508.9089086063 151.6315208500244 
5800.572435995819 1632352.1380630168 756.30557245641 
18846.476431432384 191627.42092579222 10.109379845164765 
7417.349681242562 501682.54192850745 154.2740533450576 
13266.961437263482 216157.31906055193 16.13234705974871 
5227.226103110041 20566126.945746884 21613.27522682416 
5228.246090537773 17986934.44052643 13417.31731927867 
8373.350595086851 333399.0637331256 56.49743726111875 
17244.22080901162 201453.86232562075 18.447284876660856 
6002.53511808678 880735.4623593619 429.7517268801028 
5233.097795246224 7293047.810400179 6335.748485650323 
5233.840136088293 8687172.612092663 5288.913739495186 
13890.073506751854 218053.4262336013 12.218072901175177 
10096.17525485544 258328.32025524258 33.60457878018688 
13081.111448178384 221545.43702120104 6.25438865912165 
5228.358732481866 20542219.64121664 12545.276005428965 
5668.9952545959 2689377.4969943766 896.1661588026564 
5253.869850910073 4273131.751156333 3511.464236180554 
17432.18985506483 199555.0846384903 10.943720501356212 
5227.898511208574 18473033.731927484 15073.598984021024 
5227.046411089219 33127174.972096182 30979.541915933125 
5270.410141657055 12226238.699145015 2934.250835865184 
30898.673012876065 180506.57588446134 2.7314069518773634 
5232.948514112374 12189535.521007072 5871.987711463562 
10848.93954651026 254102.77672510984 41.551617249212526 
5228.327486805537 25094399.51076846 11980.67372712093 
5227.044090112445 44009320.38708116 30070.693658965178 
5603.455415765241 3009994.468052642 1386.5263658261756 
5227.2114013854025 20398893.74668181 21933.004411817255 
5562.583651537725 3825139.6233728835 1721.7330497140752 
5227.169862739651 22582374.126071177 31454.153680424657 
18621.13061347671 194833.21321034073 12.095336121083665 
11853.539918848424 242705.71149830997 19.84337046874971 
8104.260533619841 496778.28910520487 153.24805964368085 
11933.00178007019 231336.09419486544 16.92102097252714 
32972.791332347355 180376.31753990124 4.9181999373189225 
5227.644096260956 18843125.637699217 15595.640953116608 
8172.3267220855805 359007.2670881611 78.79544084055385 
