5930.1517474527545 2365517.0999524593 1001.2230487811981 
6201.473053456587 2352412.1217237525 1232.5460161368421 
5526.423374291288 5276422.130433255 3850.1648397024496 
5573.672679031882 4292221.78724825 1116.3245675096657 
7205.441361197611 1194637.454402519 580.7153883467381 
8045.427016167396 1952910.45763244 431.1799908875544 
5754.163672941269 3689393.865044776 1560.7117733359973 
5480.227937379255 6138330.562275169 1549.3230611804058 
6755.426736770175 1812704.8619505016 949.3965977686347 
5321.170097982667 32403261.869763717 7428.405034004994 
5321.42669460812 31901553.845282253 7433.519269831164 
5320.611498364654 32012810.325569898 7607.775423985178 
7235.7723736989265 1167295.1348967003 545.8388907539028 
7176.925359623013 1253805.583550888 599.8768999426168 
6089.883087024058 2389219.973036343 1657.4328266734722 
5441.770737651636 6941567.056181509 1683.2689019144862 
5428.289988038398 11746302.338578485 2461.229981131376 
5249.721937235127 52791950.735111475 13517.514170778277 
10323.39949002085 1038240.9913069879 321.8708981129107 
5229.708861031764 76337751.58714661 17576.745458745965 
5280.773502578127 37157702.89183302 10633.81804837306 
5319.077899542533 29465168.410762213 7829.0213427176795 
5317.872860366278 22812373.079830147 7771.808789501281 
5248.472641560377 56683508.20086167 13299.188204380363 
14058.364546429711 795695.340175172 244.7726453052722 
11164.287170320376 1251307.5969408236 237.70293765029655 
8243.451961365061 1148392.7828650074 455.05003722142936 
11120.651472240286 807985.4227901727 290.39760876474327 
12003.587759759164 955418.2178329689 245.3637836681889 
5270.373426335815 44425042.1880175 13717.216242774866 
5422.588056611612 6735056.123595191 3700.0422622956366 
11705.16580470819 1092154.723695996 245.4917810521826 
5319.287763592206 37268126.82504657 8221.977370166478 
5394.553102013654 14912668.657321554 4428.429731201904 
5331.054032399899 20817566.702362888 7198.868868944053 
9815.907514012979 1097011.1729972458 370.88464714449844 
9956.11235186242 1058511.4852039048 331.50055604317873 
14656.671874971162 762754.7499853763 186.830861950849 
12762.684164855786 1446342.48751059 223.10067284941624 
11652.554325508061 1310778.607834548 268.54085572557966 
5229.030913795617 132997384.97741456 22063.64918674316 
5319.1999182435275 22315877.36501812 7999.489449423407 
13856.44708640593 881308.4534453667 153.04750123740655 
6624.583365027288 1919087.0483098426 848.4044363322971 
5250.237500519335 45508435.30423289 12388.148263345127 
6273.520402926852 2670366.3197076484 932.6639266276532 
7084.524722245938 2185786.56164827 726.0520064597929 
6689.1014414509755 2464245.853063901 786.0717198627765 
10168.54437092302 1213059.773743811 307.55446832639774 
12519.953589529376 902324.809832596 246.10051180501824 
5366.33530026378 20468092.002531637 5627.794621059652 
5359.063012867878 24486514.509394784 6362.699495180938 
5232.100409903737 128459234.16673763 16804.54708308424 
9364.416707030941 1932758.163823154 371.4214426785409 
10453.869389013522 1057622.060441613 254.67690888033715 
12353.953017639862 910902.4289726336 244.53550438694185 
5303.022318325971 36276298.35738353 8817.03653431826 
5245.423146084577 42483859.02239761 14085.6740716681 
5327.055841814498 22866541.04722411 6628.703153011956 
5233.565487162215 97291760.16976812 15946.276246311041 
5281.92530136754 33954567.26473175 9938.105767240695 
15613.28566922188 871739.0125368688 189.66691516887417 
5229.232345618264 306128219.74316734 23130.976078762986 
5229.632515775119 224638371.67910525 23643.910598113198 
16758.364349294174 1082581.2058783374 167.53332065325066 
5229.892358868043 80726969.96148235 17685.78021982091 
5229.46674526116 303782342.1832926 23595.238089860224 
5251.663373037684 72463934.04667956 13678.400210136746 
5283.273033131291 34129084.33342357 9990.340830753452 
5268.543951508859 56037979.53772035 14905.86591198076 
14600.123233765948 979266.1613137289 196.6898178206439 
6894.230362273838 2504280.9204233326 827.0924648456415 
5307.022062961467 39310025.56755297 8662.054468410623 
5421.799852379025 20801778.38330764 4809.0005418806395 
13898.615052169247 1237646.836007055 203.44505727686834 
5249.770528829366 61033018.267357126 14305.35975055853 
11669.620342036464 1113555.7072457217 258.98880060500267 
7973.422227524683 2116141.2536442373 655.1163898158944 
5378.181329624634 40168789.96027933 6386.716550477805 
12584.443112015788 948434.6883302716 302.86003597724056 
5451.094747543554 10851619.741660643 3349.36853190688 
5321.145096782824 34513295.195816815 7820.314176989596 
12302.626090391046 2848005.108458627 233.92417857781504 
5858.844910679262 8594181.346678587 2157.0262186643 
5464.7324899249525 14448111.699462984 3285.0965267026304 
6420.6769820586715 2412552.9889462003 1033.8939314233603 
5396.869340838698 22519250.9185794 4787.991191972204 
5568.337506642502 9313708.523729311 2547.391430597805 
5327.442432166617 28966136.428906832 6917.727019474381 
10425.88466249339 1071027.3494737847 336.7697014482311 
13211.131142560916 1680663.267253783 238.47458504955856 
9509.55831848694 1533674.0821148604 389.11709620515495 
5957.5410499688105 3880530.272216243 1244.224512837857 
10171.451205801775 1159182.4788197796 547.9253449576348 
8337.81815656692 4080209.0846418454 997.2185994525117 
13319.052756538622 1783823.478103025 234.6855046038356 
11172.13998517641 1407801.540225387 295.1292046973312 
10928.893289268977 1195661.5201059873 328.2653348373228 
5645.466790954459 6149983.803660441 2174.847804393799 
8960.148297978638 1279474.436074955 495.00332016752037 
