25513.99802835419 181756.6067995644 4.743584915273729 
5226.94299501729 623257486.7301763 298089.63279457344 
25426.808393191204 181591.94950022045 10.574154709141 
5226.947211671881 348482522.6460236 231979.02157603882 
5226.944925339614 606896287.1063175 221054.8870183432 
5226.946988031987 143872589.3737191 122967.62473753412 
5226.95034474894 105407700.8352942 94281.72566727294 
21456.992052497037 189500.86677680287 5.2712134547668095 
5226.966179226522 79178324.8741413 54388.80203869359 
5226.955734323758 101707237.23130886 82325.16294815579 
23722.721765046226 185563.18016223932 4.798691566384302 
23147.92541619931 183122.0542857882 8.283844879845496 
5226.963425044247 78850980.97170615 66767.29754790178 
25370.282499359608 184773.00522596744 5.491341651833064 
7303.972786216148 504001.7759346301 191.31789850850794 
18063.486490464536 193009.7062745528 14.410013550293556 
5226.9614208869425 81327306.41181803 70118.96163324204 
20129.535446479233 190296.46760259764 10.163603234983302 
6294.717945086388 864142.3302713364 293.39343935656206 
22652.419916061703 187600.01854474808 6.1585093065119105 
14493.034256509556 208928.7324254607 8.307305293372934 
17434.144485176388 194428.93123398622 12.134297090973744 
15150.035983469055 205377.94574088397 19.76598574732433 
19007.43748308634 190133.6731181317 12.255122316109047 
5226.980344203344 56620674.32569632 48038.883040898574 
9869.086462207371 263481.8395454501 18.847192695343402 
5227.019241363651 58541448.90351594 36937.44804450196 
5226.989691594714 47834675.88294378 45557.81898751807 
9232.6485168255 273317.2747587413 32.05749426045438 
5227.037556569044 52685462.824539036 31580.7139823595 
10494.650440413032 264207.76341168216 19.908929392124254 
5226.96104637531 102311667.37629502 71133.25612440436 
5227.032913551691 37143214.39548377 38835.270999023815 
15383.596603023921 200273.39226611573 16.25854190157321 
12739.247550201466 217763.54719320204 12.078056644144493 
7579.381052467999 436710.92508062196 130.7873403123861 
9678.836785781099 271868.15019094484 57.59077420486642 
16322.64456822781 203848.93878607106 8.596123451719691 
17077.075186341914 199899.88034256335 7.448947210599267 
13585.189362114843 219760.67031669721 7.240505241962715 
8959.75222419596 288195.1185892943 36.18789606047821 
20948.185675735258 191647.31898141815 5.458008695114595 
12320.611036301625 232694.74012443246 9.457676937634487 
23585.165569843255 187155.4117454465 4.413165390803451 
8753.397316940554 380552.0204037628 96.6276890324162 
5293.237367156415 5056670.829029615 1989.7262693058387 
11769.416679896822 238835.91633900508 15.483570474759727 
5227.216763235031 27186629.873595156 23270.18292725282 
11449.198679184201 230728.9947107157 22.84846731800909 
12983.901404383318 217498.56778344762 14.896362181061047 
7957.074846660557 428686.2448436232 119.39256167623623 
16754.904370570766 201009.5844703167 8.503637144183331 
6007.884887081689 892489.9034317379 422.8373319202041 
15816.326504054983 199290.37229727357 12.36062798267098 
14148.071726524528 210115.45787464827 13.74784608760298 
5228.005832484728 23593521.78448071 12222.17985999134 
5231.425429979681 20725053.48176269 7276.316293022439 
11816.393740645806 226841.03041930858 14.091216418981169 
5227.226574867745 17217067.35524583 20765.29648829913 
5807.682203477594 4290791.249715989 843.3703130742483 
5270.5195823483655 10143709.302699732 2906.060184333417 
5227.075001408815 21614753.216691893 28801.96590364501 
5475.272952732384 14701083.68021155 1651.4146599048634 
20485.151349121745 191608.0461924708 9.01795564845801 
13988.542946103713 206748.96802719167 26.541781356108487 
5227.027400192302 43271786.01729318 37292.671740023914 
20405.68580431009 193213.23807413498 4.991039470906123 
13231.983255685014 216336.73296839287 11.870684039149264 
8416.611694383671 418828.6067430249 110.29625138901858 
5671.062773143166 2695732.399326956 911.3773650608133 
5227.05199184128 37152200.54718676 30781.015752043375 
5231.934756432706 20142378.244472027 10523.830237589713 
8291.871883573658 397079.7790123779 109.2974696210263 
5227.07969144619 31269936.958125994 27175.214606828984 
23144.163398911784 181942.35255603454 10.344070980662016 
5227.9015005319125 19988802.2713865 15519.13561659915 
8091.250399757679 407839.9843918341 107.32284783719395 
5227.67190048443 29391030.3186301 14139.803527462014 
20799.018115598094 187847.76011059483 10.525217103918504 
16134.418887983344 208374.12969344133 7.662631555366285 
15831.672016634337 200742.1476129315 9.680114636397992 
6169.318332266704 729116.2288221017 299.25316255250203 
5227.096130914676 30583990.753353555 26080.295069195516 
5240.204319152537 14897389.023325149 4778.35907246578 
5534.201274068329 3458906.0054847896 1120.8122279200265 
13395.183516566889 216574.04388836664 7.498125845337451 
5227.930619008525 16751600.431975849 17823.378419530105 
16818.471907080067 201938.99856069483 9.582101594753222 
5251.362824805343 11933708.450668547 4085.6459208088304 
18900.19741613423 199763.6154084693 5.910069719981544 
12065.46061451565 228778.68683563414 12.150309721352134 
10739.393339154149 259813.4939094707 31.873070525310318 
12205.668095873474 238538.999657456 10.603862815836232 
19022.13541817667 194310.3137711723 8.631919595051667 
10909.153612887803 240497.57832877347 38.25520076778332 
11599.28302843254 232821.50100429624 22.01329676063986 
5227.312000453675 20468591.613561217 18754.57981068024 
16150.514513848602 203265.84496042138 7.4345030295472645 
11991.578015149706 238277.14724026795 12.00928579809494 
10577.847476880228 263373.5051340487 16.778657240753986 
