5930.623129118319 2508583.8615461634 1007.2439001212314 
6321.539288249501 2433953.648584789 1132.513351812744 
6199.653669024917 2356036.72967573 1220.8904612766403 
16384.775316050862 970386.4848578891 218.1888456337146 
5527.986513492832 5331093.070503637 3961.8290471144182 
5571.576584083594 14356887.968541715 1237.947848183091 
5229.363000950601 644232689.8035872 27745.63334223759 
5597.007042817294 5571060.419262873 1854.6066876898467 
7218.680433953102 1209440.0060912282 585.5744513178629 
7929.802718027596 2208129.3827131623 442.27082691869026 
6425.869552409131 2373982.200384548 1012.8106747183883 
5268.629926986141 46090482.58407298 13976.543042270054 
10369.2984004013 961936.7505054926 330.6790478380432 
14454.3087741139 1263245.4910066137 194.54394171965149 
5755.654998378373 3771944.62402857 1553.9922974750834 
5479.630685437851 6064418.459515286 1559.2844399418855 
6817.124513603163 1897811.0462288302 983.5800719376181 
5321.134860075711 30761949.95190552 7051.86435734656 
5321.306003855078 30937005.088903017 7023.398511445846 
5320.523841654606 31188127.20425789 7181.074384655599 
14147.136130740753 2148924.4957312723 215.94625083959494 
14243.594647860029 1811635.448121454 180.621023310896 
5427.38349391418 18766749.22999796 5474.604158726066 
14734.926030792536 1178644.680015683 236.6014447055198 
9728.61908536472 995896.3972023377 395.01936396358866 
8561.70377782247 1401907.8238435148 455.78420377727696 
6863.126474334734 2493408.5337093784 821.4104573115637 
14659.96935977289 1023632.8432086158 192.15537686107527 
6204.930511675522 2425864.8188196714 1206.228563230236 
7239.5342589568 1170822.4755642111 552.5335080239461 
7189.632213787568 1272840.105055417 603.931589765196 
13292.922629430686 1289364.1902858499 231.12855998217216 
9747.02791316623 1892854.0869134727 390.69190485773277 
11572.799800422357 1137708.6717867171 258.897531777616 
12548.342214963674 956077.0688761602 311.81398742103875 
9529.154152707735 1275767.2018196238 447.54002498906084 
6089.290584204053 2360383.358830754 1652.9702289936376 
11084.177615307071 945930.685414322 392.36935437704676 
6698.137262781225 3915771.8744436214 914.0066566738637 
5229.436600175624 306981933.2325082 26054.138454251606 
16671.855717002945 986059.849749251 152.03375393748436 
14182.132930332638 2404864.042712648 194.76575179518676 
6799.310736403443 2990797.451492992 916.2816260645617 
5286.250770839944 34551118.50799196 10048.682457481471 
6516.469921383845 1989069.5489781261 947.5975074560906 
5441.827385254102 7045204.266863533 1683.7379739395692 
5229.4682044221945 303714933.58191866 23607.414808719375 
5428.3935847892435 12002480.993266836 2459.1989063362566 
5249.805629770148 53389789.552441694 13427.336316925808 
10365.392941378039 1420132.7020011134 332.3155970541977 
10223.420578794061 1071147.9932930195 333.0213148367395 
5229.707445982026 76396039.61924812 17573.633319495108 
5925.658888624149 11898706.958000656 1450.5286781637462 
5280.856332432961 37426752.69593852 10625.260052953 
13569.052672373997 1039545.0728707614 283.7707646883724 
10726.155147610396 1255243.4671688643 313.5540238016064 
5396.777579158149 44900678.926179186 4976.253556631593 
5318.079052677946 29614132.120146256 7860.264705873784 
5318.391603932484 22795776.151188895 7772.351147247216 
5229.630857759737 215579624.7189551 23554.652455953783 
5663.81189525895 4563686.239854713 1452.4456154940558 
10756.999255572118 1042698.8621180555 401.97824919110434 
15349.462472161798 1809205.000877842 208.33261875870167 
15675.754785567919 1054334.9827646725 239.82657796238036 
5229.463181713782 352557202.8224615 28865.726303215728 
5234.219092858902 90992400.8744536 17828.279489058485 
5230.689670287632 220350044.2508704 21380.159146084876 
5230.054405768757 287470662.95630413 25085.896389205565 
12101.731565560598 1513318.731540378 267.30322328248093 
5230.32468102214 224872517.40002936 22038.955404431923 
5263.54980610581 60949583.057660356 15311.434733545346 
5251.63591758826 72433548.62459795 13682.491754575372 
5229.905018493436 338731703.2981179 23325.22070696819 
5229.814878867413 304675830.5671948 23842.409150301675 
13698.195304913213 1100447.0115813701 313.0163196964429 
5229.924690979515 297281622.07033247 26327.591016478254 
13475.451268168732 1049125.1626952416 323.146817405746 
5312.725954215071 37932276.48223268 10345.262193755807 
5450.605639849966 33510350.313628778 4851.976121013032 
5435.290665728731 26169590.31897608 7863.8942194224755 
5566.580058430749 10035590.814395444 2586.582227906757 
5291.000321534768 39631152.269624844 10267.28583846155 
5250.196069025405 86656648.5429565 14274.912709253891 
5417.451198091703 31376243.891872086 8918.577163463746 
8543.39329040904 1500786.446993635 557.0209905885587 
5503.469493974296 10568320.182654746 4721.498548377387 
6697.101518295813 2186814.1597095793 957.2999251771321 
10198.613659159333 1108157.5816443898 390.21038535395985 
9905.41043943133 1618482.9703684608 447.0595634422362 
7067.767749434208 7947918.762722507 844.0965220987246 
5960.5514106000555 7192314.672816003 1463.643810275824 
9146.348243787237 2515177.118837259 506.0751991629259 
5462.362061904931 13072294.64105414 1977.1651862644776 
9288.456610370959 1358927.4942687855 582.1339490393505 
5714.983349618406 5769452.376502469 1693.925929342531 
7841.665160767835 2259179.47907154 641.2368008059665 
5438.183012907353 25973787.71563065 8127.844859096254 
6401.916875121309 2712859.9534288384 1309.001758091879 
8118.217495959151 3778326.4939335505 574.8540392379891 
6333.56909915205 4637704.779917386 1432.5019540677943 
