9392.5531193219 76324.35597864643 68.76602461460199 
5436.857637431415 2810820.722929076 2040.7825359399476 
5430.9380590425535 4921547.75032006 1834.441809376893 
9357.475951944894 101718.61264397678 7.727231701501109 
9422.340708914806 87378.91095647564 55.01698991989946 
5415.307806995143 3822131.7312972336 1941.2354189857463 
5433.922943498155 4233032.293018662 1793.281335635846 
5650.297554146102 938838.878519628 969.0778914975275 
5614.145722093596 1113451.7326031527 1061.4673254775066 
5498.028943463364 1862237.7971870403 1383.6204885548625 
6329.6227427775175 690077.3712692468 368.206937780767 
5424.836150795127 3369246.4225817476 1884.29478551007 
6183.112109895016 409762.6394766993 423.11875677229705 
5802.182273934599 907538.8132257431 720.3274186331547 
5454.253402940545 2919884.3508370407 1609.6563358610201 
5700.561685778933 886711.6274645361 916.3517872964046 
5474.664666455562 2779830.976955012 1482.787124728599 
5453.843988797437 3066965.1668355274 1658.6562052953404 
7700.4258092969885 179786.54879159265 137.24294639509387 
5460.101068342077 2484019.185822629 1686.5637668679888 
5528.133707406748 1724464.0038801564 1248.1067895988897 
6664.338751255607 286334.2586908253 343.0221224036958 
6118.606113907595 855789.2512411609 393.57200311082147 
5443.7766693856265 4019355.4800118557 1752.791199403103 
8714.325419237943 117518.12352893803 31.861476079486003 
5719.606778523155 588922.5630279448 809.9584971357098 
5490.329757099304 1654664.1000741336 1431.8010742233291 
5514.113465908156 1548005.6555729655 1322.6061309679544 
8605.454064792322 98234.74005743966 88.40241581634895 
5876.648265546296 560580.901627484 609.9057013943909 
5481.16145474434 2194986.6319886283 1551.4026639102744 
5482.361100750045 2069088.570188173 1521.7975631261836 
7882.247684444206 185717.18292764807 134.19823452408855 
5739.742795764516 556550.2855248705 778.050886882412 
7311.960407229793 211050.44136149707 172.75566748791078 
7478.712905586788 263152.0321532826 156.4210783168445 
8888.337682492398 147992.30469083512 29.523367787241963 
9039.106333571059 127459.27043934332 23.57813927015367 
8345.00378975983 294433.31090156856 56.2268741648344 
5441.747167422014 4118283.7121145874 1765.6976005358415 
5895.483953222932 455332.3542707113 556.8649442038984 
5567.350727922871 1268242.2078061856 1150.4536635523373 
5473.0374549647 2055124.9748147884 1631.8721083697526 
5463.453696717162 2317388.538854212 1626.1786027521703 
6032.427692742423 466779.818755088 493.0949484927228 
6386.65719370107 322322.1999719191 315.65231226116066 
5567.27342481078 1305255.545069692 1186.4672181234648 
5439.706367822118 2634628.618103332 1993.6048258444878 
5423.4902563363585 3484692.2472476964 1916.4250132960078 
7078.142637885145 678953.7016480616 232.29886576766867 
5444.443505728948 3620717.2028484675 1725.128050928344 
8130.756486494811 129102.50208106765 133.8195851599722 
5567.062476438965 1356349.6887507054 1163.1913502699654 
5479.510023328244 2255654.232223555 1574.3592834289525 
7206.182985991217 307450.27715257264 196.72664073134354 
9216.97819981579 91995.81918440796 58.451778544166594 
7139.078560280998 359643.18692853366 247.27046057482565 
6526.1600396481235 293015.5343355932 371.3017908221269 
5496.08083130765 1775968.4189602463 1417.85765342978 
8012.562379227479 183062.32736226654 79.25741964568711 
9118.931195379559 123492.79209586799 22.134524802822742 
5416.4373080134565 3684139.086588825 1966.1959678439423 
7465.941024812875 312241.0962475975 167.71747059516318 
6764.619799467023 370739.0081180639 289.91058326102365 
5589.028422953862 1129504.7263985232 1093.459111910296 
8828.33952946254 85638.97418754797 77.85285823867783 
5930.596361406556 491157.3367746837 532.6554746030143 
7607.585928314742 200700.11069053484 129.57417901102417 
5874.810406202465 617770.2013608799 675.1212380625834 
5513.983262080081 1709543.7162263868 1343.3232267158655 
6548.933623597205 293822.54134162667 341.94257925952775 
5640.896031768754 1199411.9259276914 968.9712301075122 
5416.736688020898 3875664.381665128 1939.2820246417693 
6844.124069399499 295489.53036522336 308.89654398177515 
8457.811519578043 109189.64480980807 108.83222219366185 
7284.062012841163 302932.20404206496 207.74128071314328 
6912.9640678689 534605.3365280663 262.4458694608409 
5439.698405385861 3153402.732589323 1814.4368237310955 
5447.0782673403555 2650174.443875414 1992.0010813513836 
7625.330540281026 221794.0704959793 118.12259842612752 
8488.643480300172 107091.36132365445 101.77748638857256 
5520.388744965392 1441876.781798218 1284.310249343766 
9315.155147610378 106755.55908042588 7.727231701501109 
5708.698264591101 792922.858870009 923.2377196417118 
8213.208482480644 147269.69769166366 63.92366979539037 
5442.080806162207 3762234.345316503 1787.9034282818957 
5514.680990443396 1441955.543826338 1293.8185014448313 
6386.560935705664 372270.6360208115 457.7419732296143 
5444.9806174019495 3201745.593919101 1695.7281543422241 
5419.515102971723 3540576.5699540167 1928.3751795198702 
7940.070046554839 176486.70889814934 136.70530589659597 
5835.457576581734 648941.0533964931 685.5624708446121 
6993.80629975026 298986.81546423264 297.3220190740636 
6148.610975118233 571878.7176007294 463.4940893975997 
5448.0239977356505 3265009.6476262636 1684.0180685746477 
5703.337798453655 808818.674896356 945.6047654914875 
5976.342965210602 417250.54009171017 518.0323245122672 
5591.203445473687 1134674.7733243608 1067.857886319805 
5998.375289937746 520468.9627496883 511.9357105419032 
5444.022206207763 2812034.8461165307 1943.7997855740207 
