6777.648491485235 2875180.16599524 1251.7038705566345 
6243.484858892043 3325275.5866175205 1356.4703362173996 
5889.7482905399975 5182834.315769486 2475.377066289035 
12879.207675459742 254125.62304203023 484.87898019248087 
12662.702891120189 2692584.4373739026 249.18628747896764 
9901.803871892138 730099.9284767307 429.36448081185245 
6961.295947194192 2205222.2306737853 776.9275884847702 
5891.0204389675755 7395227.303265716 1803.253146106865 
6242.042086959011 3404821.5685378117 1341.181988602648 
6242.903767395692 3375379.0924285473 1361.8474859698488 
5891.740923549974 5189360.819608103 2467.003178398921 
5889.594314272945 5203413.671086758 2481.3485789371575 
8091.070695230165 864298.0356557707 810.3701078282613 
13394.221260416474 937851.6473176051 344.8347845966731 
13135.56132031231 1370590.5183942867 290.02670121196496 
11994.351334410814 499031.5072664109 578.3542894559656 
7409.251252294016 9415933.821505416 749.6293139134926 
7439.579261887778 1103762.30543484 648.2010186634601 
9282.366310609674 1065200.6661515206 418.82191342273256 
6160.260236171512 4886051.465817603 1927.0758754008912 
8982.906176718518 903530.937435626 515.1450851035976 
13957.056503708163 301972.11666006356 286.80909092332575 
11258.371987019267 470221.6184564291 641.8647802061148 
12820.046438774512 1164157.4711549766 348.81234303198033 
6550.8076387101055 3638937.757453464 911.0811879657379 
7988.592030527038 1168637.698760678 592.0204473348432 
6405.579186592352 3224831.960460568 1114.306866998431 
6201.513134548421 3984757.096709573 1169.0994174754399 
7339.1617724569005 1604485.312932814 958.5184470911223 
8972.946759903203 1231170.3240583658 534.2055910665249 
9402.64555323498 505045.6386017588 538.9573859678372 
12247.171727820878 372747.6790299181 586.3609496948867 
9925.131558850877 506721.8023214871 372.3417379519955 
6378.608289626745 7413874.647783645 876.9277273646854 
5713.048220461649 1624611869.1113055 22264.288413450475 
5979.985248808836 5334882.125814598 1737.9435357131101 
13836.812740440275 553960.3648981648 239.2090647260022 
12399.399548651627 1231875.3190808843 357.9279072026802 
6960.472811763864 2213720.832353981 776.6682266489331 
5884.596171238092 17642474.912498012 2881.673532729814 
5989.272432653513 5028137.710314813 1493.5848467800276 
8125.283759308862 888452.2255595205 536.6525625865685 
9686.674325569584 1011177.0561239962 506.09505558394676 
6831.2128563261185 2805279.1625190293 960.5777361351537 
5828.976180795147 15727255.191143645 3174.748667388463 
13425.485219439663 944143.903074692 342.0964752567573 
6934.52445087838 2683481.9914039248 1041.3673986711476 
14608.363978276897 472606.86901375925 299.9789757838134 
15477.135876603685 2426885.5123982998 298.18119845125057 
5865.5251964697645 97506867.70464808 9196.54404340971 
5879.686999777403 52066340.65877315 8080.223932046336 
5931.8986347333175 10136742.344143713 2217.444829448419 
13463.433583239448 953167.3957543323 347.6194003146752 
6033.860431095538 7539290.497912604 1591.0564158281463 
12643.251815841966 779964.8681520466 375.0918322699138 
11929.653284318305 644033.8361530681 407.6150353366435 
13075.029489396273 561821.4336010959 431.4651347590861 
11244.058137063696 562727.8353492718 541.3848625484297 
6081.021853245355 6007444.588706112 1539.2690936284114 
10781.41696808233 719280.0675567905 462.6369555049089 
7366.019400404994 1669565.095840976 1307.729257027828 
6961.560290134084 2205366.081281128 776.9850815567831 
12140.426326929553 741132.972613858 404.6078506030778 
11235.084148325763 566189.4061041091 449.1127342398962 
10641.57901387426 1240084.4390365893 384.3252147804525 
9835.325540032309 1951126.3591903762 462.89131407180236 
9128.948776775844 6636767.5231154775 566.6272546571207 
6289.607286231365 4160552.815669166 1230.6543690590158 
8714.663876123213 882219.0732708055 836.1041317013778 
10334.628315667498 1598733.9026461667 396.88027615010185 
7522.371077006027 1803079.8754924969 900.3312225319005 
6878.030368683972 3300777.1468245117 1086.2994450482636 
9620.868381811813 866186.452933011 573.3689200673608 
8494.355789412619 929978.6796544716 656.6371396106621 
6657.0169729849695 7234038.167405149 1096.7965490484135 
6559.450323553893 3408758.61692268 1281.177003305271 
9405.523769917363 946060.7120074304 615.4216233887566 
8277.455646633844 1192951.0872762164 802.1042184331832 
8851.615817926444 1679738.2585435295 621.5445341856113 
7610.503033575395 1832990.0657270327 827.8109237967842 
9167.838675136336 1186488.713600846 581.8834380830041 
6437.295691900309 3350680.51873086 1336.9843171114533 
6432.522590847869 4249672.963213195 1218.9043365901725 
7796.425321270022 1728295.6115407716 712.0775359612044 
7859.616934160339 2229422.0476601617 667.1864030090035 
8049.1553732790135 1558609.526948946 709.0286770045991 
8396.803396758076 1316546.8682046167 722.7220634314099 
10025.81261718347 1053122.3217345874 567.9028743167412 
6819.549811211055 4081956.36710102 1128.8068466591396 
8117.529186048768 1378050.9313604678 777.8239374882813 
7481.9428430910175 1840262.914657502 724.1086766390059 
12119.803482205669 526779.584930006 571.9601280328917 
10175.288829016028 679083.7516939737 475.83743174959324 
9483.736934904153 1361828.9721263947 487.4552989037533 
6839.382558737514 4046082.008161592 1157.2450115466427 
9160.729021778669 4942858.370856613 516.8969713103378 
6471.198170264218 4881259.603183663 1142.9582584484776 
6037.519316328204 6092703.758195707 1576.7219323894456 
10055.197067512408 876762.5755218307 476.63187193775076 
9456.76202276665 2579333.156873616 508.7295853063779 
