177731.99693595606 191138.50639003838 12.938011141460558 
189908.41792850604 163041.65729653987 32.98513808401563 
5226.953472107653 126652274.5829561 73880.79327304318 
5226.953338793945 119930734.15409215 79387.2248039425 
64105.40090732774 180337.32993637645 41.77109114333027 
165158.7823656784 175271.0644293389 42.903119485917216 
9951.466267180598 458740.7071424554 151.74189525286107 
27182.137454628115 242746.85616386367 57.01293445962858 
5226.953790217611 118243577.61983415 78790.00604538321 
5226.962019641713 115506004.59687866 78177.734198642 
5228.46324163457 11280571.716851352 8137.220103362915 
5227.788356238003 16808553.002961863 12342.77007232689 
57226.645636127076 178534.04536536278 55.17135094476427 
5227.049776713984 39163962.010595664 36429.1634464799 
5226.954473841343 121331177.99530491 73770.17828924145 
5227.200012640697 31579503.922467012 21029.020981765174 
45596.44030222694 208451.7232697614 18.395408751961483 
5226.960082485216 96907582.02044241 66166.92603463739 
32799.40069275793 203747.56906431844 64.94911295278727 
176676.8343080756 193585.89884163352 16.870156482937237 
177731.99693595606 191138.50639003838 12.938011141460558 
5229.855871088972 7513301.047366199 6926.752225436321 
165479.81939509595 165546.8577463673 30.69255515916401 
5226.958902880324 100192288.97269817 69799.51935231165 
6721.489670950162 3876034.205632772 744.7279234730403 
5226.957809117763 103628046.0004577 74894.88646798581 
5226.98637655102 64506000.03263573 42317.05677263045 
5227.126892472922 28257000.748524733 26439.305078069432 
5226.979101302514 77426003.11407365 47538.02885760727 
5226.9578493375275 112412544.97646719 74388.9629191506 
5226.97531451977 84239088.38712665 49690.7763556984 
5226.978538560461 80382944.13459866 51357.30784665385 
5227.331252332966 22401803.153826967 16264.011652120538 
5226.985029659507 59702768.79565282 43089.98659465778 
5227.311112506464 24556782.901065152 15184.531426105636 
5226.967731428127 98111618.79337376 70417.3476635308 
39992.938824571276 212725.77152808278 26.161385304623145 
5227.22284903551 26174767.877159752 17619.789795740613 
5227.040077616229 41801252.28459376 38213.37730453142 
5226.964186536947 87484806.73231754 67402.93838356482 
5226.9647793323975 97534425.15656927 63206.04395971994 
5226.965006804123 90099135.38110942 61731.82329791236 
5226.962135929408 89800370.73908016 71631.97480952107 
5226.97437761161 88058131.31764004 55774.14418529679 
5229.048783978403 9865837.49408072 10790.384664301313 
5226.993039182673 67123686.81093277 39565.49830595757 
5226.969728020436 76005364.28244585 59582.8926677288 
5227.003587565928 53187283.87070565 34958.12423186309 
5227.076810530565 49847406.90869437 29428.643887570473 
5227.060886242272 43988163.91064167 30821.108809326513 
5227.221651975332 88494303.59430005 21622.35301340326 
5227.052462316896 36051640.640847996 34142.387395940976 
5231.609487849342 8633680.805625224 5405.511994242164 
5227.220837244164 23790365.30211518 19250.19571388016 
5226.964222843487 90507510.05376792 63896.34389900904 
5227.024918761147 47299272.332576305 31887.79491505632 
5226.9543842680605 112306944.92771511 74831.00201837788 
5226.979209139448 70749379.61489367 53291.01065254037 
5227.653312358008 19967008.60797037 13333.261206584397 
5357.152470869099 2824962.6537829656 2315.5591322468886 
5226.995184174389 56802226.46125887 38645.21483062568 
5228.034595045967 10485513.625187077 9669.609651707937 
5226.977244160575 81203139.05137673 54183.54713933285 
5227.033365235543 45614705.786952235 30971.453252333744 
5227.031940802083 55495090.38099262 29793.44302357692 
5227.144078620975 39982956.54307005 21548.40112808894 
5227.123119941909 41138370.77217415 22906.05995327423 
5227.064832240558 52253539.74527527 27915.821546612264 
5227.023200977925 51978135.05284945 33315.02957354395 
5227.695879476641 17952030.717942532 13250.482677126498 
5227.07932986602 49220500.6319572 25791.885133503416 
59178.46395653274 194210.72110302164 50.78462641271735 
5226.969473172188 101968576.32683843 58055.49019329561 
5286.077801445674 10391027.580642838 3458.423702227464 
5227.29926191398 20108146.858975746 17378.018330320374 
5226.983933593081 66876162.147279315 43945.345927400675 
5226.990980791588 59642378.405182354 40347.65817072767 
5226.987155173924 55960198.29696148 42191.06518874366 
5227.111411135238 48244127.668849975 23505.354509533852 
6008.62758724933 2051985.636251924 1676.0382825938366 
5226.963624509807 94609892.77688032 63592.900389780334 
5226.980567627905 70151587.99211733 50405.521106789914 
5226.972022872884 91532345.57322897 57273.33898401211 
5234.458741877035 7792621.004508108 4768.777633328635 
5227.057127709783 34323524.003098644 32666.623148718452 
5227.100755946629 35733183.347749606 27163.704114020744 
5227.129632784163 35978173.018503904 24478.59409190174 
5227.011797824698 58938014.809056886 34786.73613739966 
5226.957266740303 106951567.2371727 74848.89918760388 
5226.974169087459 83706028.50949198 56557.77934038856 
5226.973722092511 86596247.80953446 57291.26206972921 
27811.937200545173 207374.48344299977 48.05296152446845 
8459.57488023306 1618754.1387107363 384.57412890918704 
42711.29294409576 217260.25095708016 22.86251843786434 
5226.980264115341 74818625.62176144 46027.66737184495 
5226.958610415244 101505655.81618194 72357.8165621795 
5226.980312455245 72242225.98754202 46047.69692956536 
5226.9789527068515 81947561.59336972 47164.90141806769 
5226.974454721169 82938566.56987542 57519.8860156056 
5226.979158338992 76510636.5669704 50795.963799481826 
