20216.001392458045 270025.998782663 50.62190406394945 
18015.772421138186 272828.4799446425 42.36235125388897 
5227.044715945452 96473998.7247544 66388.46729249274 
20072.989245009474 246176.82205202806 53.71093006805455 
5227.088556481498 65290586.69196365 39614.0916715378 
5227.0533750762 100156281.57966907 63413.972526878715 
5227.090447154243 45261849.61438936 24963.19580118867 
5227.04479896457 96470381.8844643 66335.90460511038 
5227.057303924276 75409452.47811331 48162.77751566188 
14794.445735043822 311742.16792808025 60.82918693095621 
5227.057386099158 75434132.53239663 48110.648380754086 
12814.829136359678 295818.54436972993 67.9852894371333 
18056.552646676366 250975.68638719342 55.362097561646145 
19621.302260592536 250226.09325178547 56.3477756670971 
5227.174176287632 34323842.69732685 20965.432753587003 
5227.129412926122 31590016.062599868 24439.81684964565 
5227.179973555993 24809685.10430207 18461.635574069012 
5227.1257431762315 38041545.397304565 24941.460421009426 
5814.735612771451 712312.8390353081 467.8823606994413 
5227.253922113555 42031106.482408084 17212.602241961096 
5227.250295715235 30183283.88343932 17350.303317382695 
16668.309149813103 280433.40849996265 57.288826913547965 
11644.403414872128 337516.7363318893 66.29596349430241 
5227.36593085945 25624868.967133835 15269.650363528812 
17394.355724337707 274194.10557344067 95.05771375672657 
6622.442046791448 2892614.349294659 419.126820328883 
5227.13658904725 25250006.930409014 20978.40670623058 
5227.255525783483 21701171.358275346 16920.115067616636 
5227.863833818492 11648673.221657345 9730.867744413234 
11010.673721080075 331994.20581354515 55.67044070442577 
5227.818406147909 18018633.295937143 11738.817875257395 
16282.781897492967 286061.7349346099 53.67907063275624 
5252.797050545479 4780934.22482278 3378.014575454924 
12217.548162090912 299873.38041299867 62.55260417229592 
5335.7075164221615 15067657.470998462 1809.547803395616 
12732.269180232102 319089.4432143917 120.2735217193277 
5488.482936899659 2464808.3615936185 944.6166886283504 
5233.109973393335 6627762.175152087 4991.08471561041 
5573.457343598633 2924668.1257927017 834.8816118578852 
15776.23443601684 331799.9878722909 59.17197794622852 
10292.600113479933 339340.4235575569 85.27383551599549 
10632.415692250019 368561.8068384635 56.69295387293861 
5228.698381301417 10072406.558726933 8628.105978807242 
5227.374082861359 18410102.076865744 14663.75401204844 
6951.857812769497 546263.034005611 161.40599961218481 
15253.627864531709 306424.1288855956 61.98246241459005 
8708.812911566865 419186.08703040873 134.72947957616557 
5319.036878809314 4101509.1839942317 2758.9563908293644 
8116.290620333956 461957.02268664696 102.64988110952045 
19634.717280990444 272037.1947568687 51.70478633676888 
8458.12685823482 420039.42194558424 72.13407023685187 
15423.170833024558 281219.21525795356 60.77571305109453 
6654.775659032095 1231758.0067238829 335.3646962408114 
11956.151455170704 309372.90203046217 75.1068597051176 
5229.309669286342 8004241.967672807 6614.163069661493 
17656.41455425153 256963.82306464485 55.23695175560046 
5349.06040564556 2521974.3299606387 1531.3313291290547 
9920.421860828988 370522.00938840467 80.45792137148621 
5266.9452838524 3813736.475448695 2946.7217734594333 
7528.261757819881 479432.65028782375 138.29290046156748 
16435.06641321363 288860.50854266057 52.24065306256246 
5231.21425780167 8316490.686202675 5833.480980620907 
5227.392583122216 20676327.672532123 14063.084946833682 
7200.8961644252595 516944.66398233373 170.95087542204743 
10097.439334703897 374100.92610268376 76.57896564772156 
7808.080126160742 472981.7288616416 154.11570911185729 
5227.377854267059 16612345.583777495 14133.160668455132 
5228.460750018072 12225087.575038336 7571.038555589951 
9395.246878298483 374202.6673234314 85.12922983393275 
5227.510984834787 13989015.251907488 12308.50682638513 
15715.333522240737 303815.76488729124 59.91061732920738 
9686.992655673526 369029.3022664109 112.42901172785169 
5228.375362630991 12445068.225493846 8219.921356334842 
5242.046821935512 12955818.172971642 4730.805551651948 
8349.473360069209 429463.8002633313 105.47244982236349 
5231.862210919511 7216000.515835709 6033.989681608649 
5227.306399960635 19716872.919789765 15484.518791437271 
6741.184268647624 534647.8243343089 223.99679513584212 
10821.89930727714 355111.8400077334 61.09968493582655 
5227.267574227783 25357890.31036441 16550.33010446075 
8937.105043784191 388235.791757734 68.86702551076489 
5227.293294882853 19915252.14678405 15715.606192418405 
7890.742000963216 451080.1016946201 139.5085363856685 
9569.223186290637 362347.2549891176 119.82448567619892 
5227.419977675841 20246052.849105656 13389.007711175498 
9212.727562578555 368639.05714199244 121.70814824572577 
5227.658182942152 16014138.845614364 11757.462734580202 
5227.482979097551 13523451.299073571 12676.851671166321 
5229.007622387583 11112365.331732007 7164.476304545714 
5252.336265029084 10890149.971500143 4060.341698508138 
9106.468114396066 373792.14932506846 119.16012908037223 
5230.586726952567 11301861.785424372 5762.696139827083 
17599.873294716373 282238.8654194091 43.08719396533513 
12121.003044127316 304895.7842602298 76.85378465503344 
5250.934489638801 7468745.236993784 4412.4540767291965 
7318.571732936768 489504.13299092936 186.0038294238371 
5227.410911963834 16131357.5185884 13450.700403229604 
5228.103190019688 13636961.286696006 9052.843589784105 
5228.550996526325 10601293.283801414 8981.85459130155 
7426.016272787873 486821.06952760235 190.3616753173046 
