10677.328772819363 659078.2403739156 261.89746323964977 
5228.5647053793045 49113733.799141996 16605.306237388395 
13052.799174219577 1062386.4037995068 196.20173149948627 
5229.088071013245 43420249.73995659 14951.04980205315 
11857.598233801938 1347834.2312061666 211.18345006289456 
5229.093600098003 37285513.13510205 13494.412723095029 
10698.663298944355 750001.2021628853 240.66528294573703 
5229.6287129218135 28018233.56077417 11887.536931214454 
5246.297025182075 12907395.380668499 7000.90358131249 
12461.651308369681 1269515.7520075387 206.01500718455839 
12703.267206700491 887178.9230542346 224.85826415776643 
5229.035674804758 54897488.70590201 16000.728593601261 
5229.054314958241 52299093.09414132 16013.728834922573 
5273.309587208787 6101670.551038525 4344.187833769969 
7976.352913141809 1545442.7725667288 421.04915626278455 
5341.337802662046 7903405.887699172 2659.5021783233115 
5229.051176149614 54308379.42472713 16379.38671965084 
5229.096723907465 34087812.714957 13134.602685005899 
5423.264303311713 5257519.574098334 2086.6421997568996 
7157.864840889802 1821080.675493384 678.5635938342226 
8280.860504095874 1127966.6027576888 426.54533582410556 
6960.614559293541 1821150.7712860098 677.5537382578219 
5229.05187667864 52552224.07805763 16246.678007221555 
8986.055540900305 938687.0575732046 317.46825447204924 
5229.033236525158 55150619.68981832 16233.677765900242 
8520.967291798182 949961.1992829558 390.313859480846 
6701.619555985406 3620683.468488466 679.4244990161257 
8783.984809678737 1632779.9804285145 317.0411415286859 
5329.6740557690855 6801913.934877034 2902.202360741142 
7598.791833860143 1110475.0809810357 485.1470591415151 
8305.69211945313 1278953.6215938553 384.367944041941 
6110.6651630135 2181705.0182400295 887.195195206929 
5301.683678849396 8004235.183821131 2873.1582108843922 
5396.004490689262 6836021.436262425 2013.813528984011 
6576.160649992421 1695444.0778728887 900.1392951315642 
6489.6702527322905 3942577.0590747623 754.3774542736207 
5529.593159242863 3433838.743907505 1745.3308020855027 
5693.968242099112 2325766.942549698 1314.1522399747903 
6205.787457883219 2493990.5212986995 866.9256894035976 
6305.589278718946 2179055.8039662577 863.4442498539863 
6402.931821290256 1944135.666315831 927.9375289821401 
5961.24535087199 1994886.6040343344 943.1398785029913 
7771.424096413117 1854176.3065809286 420.47302115885316 
5264.765860752765 7014692.023372665 4177.269744454141 
5739.078667727677 3111788.403546018 949.0998482900909 
7407.367034818628 1719762.4247112882 545.331133783405 
7771.424096413117 1854176.3065809286 420.47302115885316 
5817.107643448978 2300851.7820342216 867.6281230616512 
6822.102716881745 1649023.6059063268 697.2578099342218 
5604.99940587066 4258053.007722252 1427.0488826309943 
5303.052577562111 6524254.7913149595 3816.050248408016 
5664.987550507277 3921354.0038542035 1087.6585327229047 
6813.2708500294275 1820002.6338399902 811.8063414576662 
9090.791876933317 1856794.6528490896 312.4719126084406 
5299.538977484163 7564451.9101200765 3809.575152392163 
5785.9544716039945 2487351.4089582087 1099.2454587024706 
5431.817680721239 9947383.69035948 1705.7570512168497 
10677.328772819363 659078.2403739156 261.89746323964977 
5434.316846171853 9751335.198254254 1712.8369462849453 
5229.051176149614 54308379.42472713 16379.38671965084 
5229.051176149614 54308379.42472713 16379.38671965084 
5270.858752381631 7601146.693078693 3713.803391550893 
5251.155141995489 4842525.692778818 4715.956331158585 
6273.796997886139 2134801.0844879365 878.7473172812033 
5498.90329887121 4830603.410186127 2190.1025245893843 
8658.633657655811 1401608.072469419 326.0464601657289 
8110.358063798073 1769078.8466939784 406.14662136809454 
5303.4323064741875 5663593.004621553 2922.8647390220954 
5390.973433417744 8276916.272512222 1810.0651356424532 
7550.253213116153 1615992.3060553735 553.3819840893582 
5229.918462165334 21844936.678348854 9877.01288952415 
6549.966058172105 1932077.532299982 685.3637208561769 
10437.026352886462 2033990.4090768048 280.63584363691854 
5242.222763457819 24628166.052642208 6786.529418622771 
5233.930773794058 26681778.42218264 9208.754995987916 
5242.99272208641 15154712.034953643 7387.464728372006 
5622.589265523399 3370791.9889289755 1254.2212202807725 
7176.017442141251 1508213.2450886448 673.4623871437817 
6075.546323330578 2069926.3530276665 899.9808859398585 
5246.893476848623 7290671.745994177 6195.478020291283 
5229.213971745224 32163344.987530105 13649.693884808865 
5229.331416889569 30124809.16552015 11867.675432398823 
5665.146430603167 2574442.6312307674 1009.6165055180319 
5461.083480493175 5708284.529853918 1531.9045446722266 
5234.089455091177 13793909.795775881 7882.41325226327 
7527.2914345012105 1752649.5409295512 484.91919918052747 
5871.133219139212 3363246.1119358833 837.0929683411415 
5531.924492966994 4069918.458841691 1584.2471445839417 
5289.264166964654 5915739.409212273 3860.59094300234 
5228.740983532946 85237957.88530019 18577.348789186864 
8626.666897416986 1247385.2966805818 424.2458061837697 
11007.244001661027 1648188.9228026608 337.02780208653104 
5233.455716817533 58563114.512783185 9928.501259027053 
5229.23936394392 42785462.40390214 14453.90091550922 
5229.43463779388 45865680.562864155 13069.880697823262 
5229.556005953874 33263009.35190558 13465.26470101337 
5230.422491658158 44509398.16272081 10901.225400177365 
6001.463947372899 2735075.849030583 1802.8917126729918 
5323.942206887925 7838847.163366754 2967.9768440462713 
7750.340448123203 5315771.121288903 491.9555092053712 
