7987.133535595662 491629.15690755093 167.87866647947027 
5227.495729749527 53784360.03926324 33508.7598915237 
5227.505719652607 48504499.65099494 32144.584559054823 
5227.557135133596 37581724.555417106 20670.691965086065 
5227.556246955045 38261430.528475724 20529.16423476491 
7405.439328954447 912227.587592061 243.051967767492 
6838.22196274682 768505.7568112226 363.9795045324474 
6353.1935192139645 1061820.6977436994 378.2632002541135 
6657.071805918927 1634158.5177817354 377.98739472105285 
7681.437547305717 807789.1075996264 237.28372317753 
7912.6371948083915 503294.06152273936 179.2263773031385 
6245.982829725577 1911872.3958739794 432.2672175968286 
5227.503493056206 52506742.43954423 32885.59747798897 
7107.766251264803 679256.0111636551 328.5495118084802 
5227.500180513467 49715671.31280393 32963.45445958962 
5284.172114042482 28023645.632114403 2885.9477915393986 
5720.353574998545 1789848.1595826396 776.5718019993808 
5227.62660832272 30685574.543211572 18804.721884009832 
5227.69686816725 24654231.17128161 15578.084664390622 
5960.00979069652 1315935.986871023 659.436373366529 
7711.583484767995 615413.0843357008 185.26360973164088 
5227.604251469582 34770286.83182191 18334.185521445772 
6715.393639227467 970585.0332454288 392.68523917194966 
6099.960767499788 921860.2068382632 455.652317149331 
5227.674788916378 27118740.979902968 16378.57702741284 
7272.436945891885 649659.679207328 250.79031431790935 
5594.600987857393 1659456.3295637479 799.7748023313023 
5817.428565564144 1387985.1641959385 823.7353241871327 
5229.637932292108 9152951.63188278 6512.670136771932 
5877.460970640426 1427398.943539526 731.7279035427933 
5227.691781096795 26202051.32223009 17154.735236342825 
6047.759785620211 2258421.731177989 602.0213940557607 
5229.294960899835 10198684.794908678 7202.574466216105 
5227.72016324018 23221339.253919505 15019.054223663552 
5227.5937858558755 33770215.3735054 19979.109988892546 
5228.7641952673885 12227504.519772638 8220.503663373269 
5228.329799273547 14217950.5702574 9468.695905634018 
5310.08686770504 3974753.334415264 2242.0946050686325 
5395.013878930291 4444482.856200892 1406.0421264308766 
5233.836755362437 10966814.75239183 5201.499414561118 
5227.56924894231 36654214.91570186 19641.2122519348 
5227.636221516111 32930528.097715035 17353.322000364195 
5227.805984002072 20074265.733390477 13046.244548677398 
5237.5914256627975 5245341.150787541 4167.817928900052 
5228.461236277729 13444896.226761103 9435.5349754836 
6657.972935891831 884114.7518651488 407.5456279062373 
5227.598294094842 34170451.07955448 19510.58753050791 
5227.83273923895 19069925.92781363 12716.717606299913 
5501.585971324328 4676832.99937658 1178.1355106359338 
7178.924739661481 1052712.3432702415 296.5928591507703 
5227.69823174319 24383595.313342884 14431.169811466207 
5231.37883925364 7649967.884247808 5887.361667994677 
5228.503354027614 15807659.377552152 8955.452087498254 
5227.732221970613 21737416.630329885 14822.31200161355 
5228.586171311064 12532574.503150927 10188.704102684209 
5526.0942415493855 2413865.404100502 885.3787012462689 
5228.228656992351 14974372.357865728 10299.318714478983 
7241.144806075945 886198.8952438013 285.6437130598157 
5228.1822027611115 14695459.410724938 10716.451607445882 
5241.90700240997 5632926.919474551 3810.5634116095653 
5227.607817460094 32388520.82057797 18915.082998130387 
5227.85993783191 18258104.05400349 12008.897167919935 
5252.636330403454 3984153.936544691 3301.365429421646 
5227.820734873785 19501109.339649953 12394.83907733501 
5227.666651183398 32239967.883451007 17725.070051718438 
5227.6563451481925 31254612.49920975 18031.50513371756 
5230.56638221407 8654651.754866838 6191.41628455346 
5561.379748400765 2591234.4273433117 882.1995942272056 
5234.124536501397 6851165.484645406 5577.900699326045 
5228.154715713357 17299931.86629091 11392.500297261717 
5252.793008701619 3468960.0429150127 3130.00881262017 
5228.166534412747 16614243.387530662 11013.331307741599 
5364.827990761989 12857294.77087012 1990.2510698484211 
5228.114782436585 17927843.711129498 11125.373188685595 
5357.2275046235745 2879740.6517096893 2575.7769107457057 
5379.832446417567 6988592.350872731 1327.880279564381 
5347.135729390677 8544153.160380034 2017.395887624369 
5228.1521778184015 16735265.17033409 11645.894746480195 
5445.640525040358 3659047.023558176 1763.305881455873 
5227.6545173743225 31824312.36758966 18042.261841706688 
5227.565749532818 36849402.90379359 19658.258258273392 
7138.192442177433 787506.8930693077 296.6105087757426 
5234.615705299705 6293322.066119968 4827.03304554151 
5232.643435397486 8030092.8233411 5280.55134543388 
5430.3405893853715 5434706.512705935 1312.6043144392072 
5227.766272279535 20784179.743311673 14229.783722063441 
5229.186404546955 10488479.600188952 7528.9719976380175 
5227.715586822566 22849673.897935517 16458.726476361284 
5227.695970393719 24926455.12078677 17151.41240115413 
5270.045356933602 10637279.597798841 2945.363799034345 
5228.161718433152 15769906.572114676 12479.872696722714 
5241.708982680454 6015349.177492396 3991.97639133826 
5228.81173398842 10604150.977792138 8688.94546967867 
5227.76925421371 22134009.219790466 13554.560757556756 
5227.739835706246 22442988.514038473 13885.00358899574 
5458.82277841674 2789645.5022982717 1876.486925031517 
5227.757179108164 20959513.91669308 14342.723408371217 
6085.885285236106 1650336.6494708431 564.9031106145472 
5484.906326699963 2630990.7400871213 1213.9192692164495 
5227.764757749024 22711657.251510464 13346.4668912682 
