5226.949377759637 119033055.29780257 79214.63132517198 
170939.66711397143 162975.73948782883 32.764208961885885 
5226.950764027506 122690898.4443216 76506.80921837843 
80618.83016435168 165825.81736541272 33.85875791982596 
63828.47309688809 166270.04107291726 33.44055561088788 
29253.606648871944 207853.3769898438 49.21395512250428 
68865.41153133752 165412.07827002756 34.796269534610055 
5226.974333453858 80573616.29551189 51258.57997772993 
15381.132765583294 249083.88663609722 46.73574555693194 
26700.135511955115 231084.5635949773 41.42182787018898 
5226.971422298761 95811729.78884634 55286.71091297304 
5226.969987607016 70908734.79180159 58891.38020065128 
5227.172901920503 47494620.69357632 21982.618598393008 
5227.225398260685 22329054.071881972 25617.828382874533 
5228.438485266334 13063650.401640553 8564.310533701357 
5227.0057765700785 43471227.51658939 35461.96748868193 
5226.9946598994175 53671715.45282135 37410.1586445076 
5304.761608859316 14845632.666009832 5315.670538657219 
5226.966520921651 76281102.42752989 62363.211179725025 
5227.109510614587 27878761.39984887 29063.592964066673 
5226.950064241283 115897021.91879895 77938.48261793761 
5227.326560371976 17857087.09451628 13106.676802437689 
5226.95758984971 104346507.38343751 68404.13875096585 
5227.094189614958 35592100.77340193 23718.13115986689 
5226.960161309634 88527590.4407387 66384.37425520345 
5227.084225256038 51693934.183649294 26461.663074604574 
5226.973566888482 83949015.59014122 58216.658141797976 
5226.97846084489 65211030.80438819 46087.316674348374 
5226.956783210175 101619607.22156934 71318.55994878995 
5227.1897396519835 27823391.937411983 20726.25199119748 
5226.993200436025 55989013.14437623 49945.94889861691 
5226.953374476699 106904540.80970144 74143.1094743245 
5226.996600863769 50887170.17761198 38929.17082266203 
5226.960581851912 83795583.30626358 64677.32931571024 
5226.951878396391 109726311.22191884 76062.26656337615 
5344.317245153595 9993707.122184036 3358.373902578022 
5226.955197694933 99067648.84499335 73746.49464957081 
5226.963435456926 77972873.87275995 60601.5829947933 
5227.0088045056555 37876499.69891134 32677.349264125103 
5227.254520051907 79732722.03188713 18061.4284017842 
5226.96028379599 85827332.18433265 69448.58173077514 
9854.24253796726 515903.4155770295 167.58640167116823 
5227.9692207505905 15842702.912383456 10723.688998668946 
5226.975759189401 70328086.3172632 55839.420191439516 
5226.952086208616 111580194.43799978 75557.51867751419 
5227.243593018846 31319298.06045395 18457.658855324036 
5873.817932039307 5377420.949239899 1783.226250028455 
5227.005271980458 44633014.89618711 34480.458739446854 
5226.98539188956 59324070.27950948 41924.73518741758 
5226.950766125105 120266679.94029972 76786.31854098826 
5230.052853375021 8015255.900107292 6756.759281017523 
5229.475931203258 12586054.924087947 7609.574364069696 
5227.222769868308 27245727.508631367 19110.405922062262 
5226.953920840333 104160704.03264588 72990.23492939086 
5226.984114663481 61367164.6177056 43570.615596819975 
5371.776177259109 2913275.487243064 2377.73391792541 
5227.224242153982 32563084.005390614 17391.145631171745 
5226.98249674284 63341514.450767584 43768.61897524869 
8134.345226701676 2315123.65512512 677.2413525007 
5227.313900724836 16337993.987757958 13576.16557856504 
5226.97614341457 69501744.13350998 48826.28420670487 
5226.989246580716 67431797.84950905 40726.28161361077 
5226.953318761034 128288369.4169341 76941.98535090474 
8021.450198687837 4453047.432018878 820.4798246621777 
5226.953336447522 119450202.6004911 76543.11481035677 
11798.848547181917 445941.12657008047 155.54865728700918 
5227.630084435663 10857615.138474628 11326.964777788897 
5227.026408596445 40770965.80642965 32208.44161694971 
5226.957612115737 93216658.47565801 72105.85815966988 
5226.962450186285 90811121.66216116 63331.657209277604 
5232.259088122563 9707680.659371251 6637.078473431189 
5227.4894701456315 23037626.657218646 12837.48418224391 
5226.961181111588 87730606.16349044 63510.92885839539 
5226.978639195544 64957051.709921375 47277.10691350406 
5226.959573140137 94660776.76427135 69158.19215016955 
5968.615839145589 4837856.657526366 1375.298566050377 
5226.977107541148 68881677.9850293 47505.40069810157 
5226.989924466107 57603332.27907477 38406.730802972044 
5227.070163243064 38923975.05902638 30584.999061849037 
5227.1669142089795 33670265.81550831 23039.766508847104 
5227.031961007585 39712519.41810002 31878.492352682286 
5226.963327945028 76945275.95348613 61748.31657452848 
5226.9996677999015 45879656.93201178 38419.92967799689 
5227.056807559631 60439639.38282896 29800.73656975802 
5226.960250450699 86413792.98642816 65389.385350810706 
5227.007560495504 39543635.25107764 33695.57511220554 
5226.956119479576 92606377.57927492 73562.26893043715 
5226.951317827739 115503889.60775194 76351.39003670661 
5227.243861035835 25215982.46524038 17456.98676385551 
5226.962809625239 79775415.11852166 62344.18033819339 
5226.980999598853 60843725.99978286 44562.400645445305 
5226.958827196427 90006479.49410735 71472.29095856294 
5227.251306238405 25740056.031596452 15062.352802277579 
5226.953357831388 100653164.37459959 75640.10680957895 
5226.988634342126 56071346.39269232 42165.59486717475 
5227.054070533207 52357886.1095284 30409.705504556252 
5227.111278686178 29502857.43497292 23506.917638993637 
5227.266871481577 22371249.483822536 14922.132828531456 
5226.989819339997 56909471.23413951 39565.127648142625 
5227.060391280682 34143668.909639865 32321.18905475771 
