10567.194975701392 686094.0702178008 280.61850719045265 
13303.824150367715 1053472.4782470453 170.14879665821752 
11857.598233801938 1347834.2312061666 211.18345006289456 
9138.739262583797 1437488.9352400093 286.3451788587156 
10698.663298944355 750001.2021628853 240.66528294573703 
5238.096841761203 26834430.255363762 10251.108366742512 
12947.723494174286 1302224.539917898 191.0241203889825 
7771.424096413117 1854176.3065809286 420.47302115885316 
5245.983594160816 22160897.685169112 8578.712452932321 
5273.313291282429 6018403.56693636 4341.296546297065 
8783.984809678737 1632779.9804285145 317.0411415286859 
12704.065286559802 869776.0318265012 213.37993164867277 
5256.010474866563 13654681.279780362 7586.689344975816 
5247.2353145233565 14572193.601092575 6848.17472188068 
8986.055540900305 938687.0575732046 317.46825447204924 
6110.6651630135 2181705.0182400295 887.195195206929 
6960.614559293541 1821150.7712860098 677.5537382578219 
5245.627481039979 26699066.513815865 8352.451928123217 
8587.950699619989 1874412.610094123 347.16206447616565 
6701.619555985406 3620683.468488466 679.4244990161257 
5313.879937485213 7286605.592620365 3371.1513939533334 
6576.160649992421 1695444.0778728887 900.1392951315642 
6324.866824211824 2103779.59450828 835.264117495185 
7598.791833860143 1110475.0809810357 485.1470591415151 
6489.6702527322905 3942577.0590747623 754.3774542736207 
7771.424096413117 1854176.3065809286 420.47302115885316 
5406.97794311471 8116358.673741795 2320.194631620563 
7533.9579844871605 1660052.7715631989 494.38333782671896 
5788.073880575914 2574181.4084506636 1088.0792765650024 
9090.791876933317 1856794.6528490896 312.4719126084406 
5326.433212805972 5742574.566877594 3667.499441691946 
7347.022353887611 2168417.687972633 674.2122614315283 
6822.102716881745 1649023.6059063268 697.2578099342218 
7445.388641732926 2545504.2663524626 614.2884532348517 
6818.171260718853 1961892.6973381932 708.7637052192324 
7157.864840889802 1821080.675493384 678.5635938342226 
10567.194975701392 686094.0702178008 280.61850719045265 
5335.692985337819 6231619.977610116 2758.9793769777943 
5520.210148142682 6313171.320528778 1555.007078005086 
5598.34752143785 6726999.36913874 1335.5178867215739 
6550.23474517294 1899874.3155977065 792.6615162704895 
7407.4122717522305 4073020.2999265613 560.4724124795383 
5329.679503171931 6722139.616343711 2902.1841036429996 
5928.144594406218 2679215.611594946 866.2028488242854 
5664.987550507277 3921354.0038542035 1087.6585327229047 
5739.078667727677 3111788.403546018 949.0998482900909 
5431.817680721239 9947383.69035948 1705.7570512168497 
5625.2656521466915 4216500.540787837 1681.7252050546922 
5817.107643448978 2300851.7820342216 867.6281230616512 
5529.593159242863 3433838.743907505 1745.3308020855027 
5252.514939634475 18438881.685884748 6380.878172129658 
6305.589278718946 2179055.8039662577 863.4442498539863 
5695.749885689812 3070359.2581620775 1347.6603556396126 
7598.714424460179 1111576.1419104766 485.27701709009796 
5594.768255245238 4825240.199164403 1655.2491629838323 
5721.621907956063 3108806.0781950983 1339.3263486547853 
5469.370569263535 6845021.160296284 1654.0032907588459 
7587.925723144907 1271147.4459602898 526.2556106821564 
5229.05187667864 52552224.07805763 16246.678007221555 
5229.035674804758 54897488.70590201 16000.728593601261 
8694.931552851878 1786158.3436009635 350.6589569392153 
5229.097834854258 36315994.55370061 13437.396961543858 
5298.193187435849 6649383.00885714 3683.3522638377353 
5243.212285668451 16998003.324485585 8805.56254838248 
10360.254517241374 852051.3371605872 350.26094951089976 
5232.622820088342 56458757.40505721 10887.426954570225 
5230.878756793493 20719263.21071338 11287.202647604992 
5367.422167777576 4979004.866051503 2745.7432689966386 
5250.685597599218 15128836.411272872 6572.959755927258 
5702.03885294109 3424235.0862469515 1180.9917647974098 
5233.904387614889 33957784.423236094 11208.878597261562 
5232.433734973443 60654501.35536873 11059.168841316183 
6205.787457883219 2493990.5212986995 866.9256894035976 
6813.2708500294275 1820002.6338399902 811.8063414576662 
5242.847210294741 36884791.797829784 9627.06059891072 
6402.931821290256 1944135.666315831 927.9375289821401 
5254.27222835874 15534746.93371337 5297.838170495303 
5228.5647053793045 49113733.799141996 16605.306237388395 
5288.527913725207 8997661.65107852 4062.190031397313 
5695.229193418676 3539471.0037471987 1041.8237618889807 
5968.728358220767 2001950.5997240813 945.3755344598934 
5264.410441609401 9044923.514159216 5126.395056801638 
5264.772878012787 6907134.458075179 4170.487920714201 
12464.109973231518 1259031.2736228425 198.15093645708285 
5403.3974860165235 9520359.482025877 2447.8922563454407 
8303.762145057823 1269868.995524302 379.4057416533391 
5243.771006700101 24286237.903303478 8694.121929394225 
5229.033236525158 55150619.68981832 16233.677765900242 
5229.054314958241 52299093.09414132 16013.728834922573 
13303.824150367715 1053472.4782470453 170.14879665821752 
5341.337802662046 7903405.887699172 2659.5021783233115 
5304.549132773762 7841900.199001014 3487.904872574566 
5431.817680721239 9947383.69035948 1705.7570512168497 
5431.817680721239 9947383.69035948 1705.7570512168497 
5229.4350843955 36418826.72616936 13016.778995235574 
5423.264303311713 5257519.574098334 2086.6421997568996 
5606.851174807677 5002430.669632486 1465.1883314375273 
5242.6104898556605 45299426.252912514 9911.627684101357 
5239.468943568895 40015901.67961365 9980.339305551086 
13164.020439679814 948209.0452579041 235.59337041034712 
