11804.375379094789 348035.84887590446 80.58502500201944 
5227.1382438681385 78172555.22215816 31772.255727521955 
5227.1379149248305 79995641.07589056 31574.4758084569 
12674.172500066938 335765.16277672333 82.96253925655627 
5227.139388323957 81620541.98239347 31562.543046208342 
5227.140795391313 67532285.66990729 27246.69769567903 
5227.178818781719 59758490.58551122 22820.47593211989 
8353.007061364153 450732.5736309278 112.52736855300881 
5227.139398201259 81620071.07031336 31562.510931986304 
5227.141785579882 54501568.61567065 27599.391320183728 
6987.3499843429445 11026381.435626464 378.56488764656365 
12449.966389213187 336110.6797804247 83.63287615131856 
5849.827893253155 754212.3299100748 425.5767554533319 
7644.279898642789 472491.7531826549 145.82646131431355 
9164.565983748707 410491.4996817843 96.32314848088765 
10298.993555863122 377200.4520007237 89.1833084551632 
9871.57001438599 373278.8551345462 104.4556998069707 
10897.481466789699 368300.49863400793 94.57230597123728 
5227.183269539013 43443207.8960973 21656.329587153614 
5227.518789926176 16665880.76940423 12371.015919482994 
5227.181992694547 55620019.75135449 23178.880400761776 
5227.169905951914 46877658.94370924 25733.027222863024 
8775.146347217142 446395.62945902813 113.28697510342661 
5227.25053761068 35510731.2311645 19495.86413366765 
5227.394322052988 16016310.151672482 13584.40767596939 
5229.810736139921 8756040.021864299 6371.218132812175 
11320.79452822034 366992.9574606531 87.9377677102773 
11565.88703128061 364487.80943881744 86.26888258913179 
5227.225598130414 33828360.38812438 21973.637560170973 
5229.162987872117 7427383.5344608035 6863.347567388022 
5227.180938987093 52769458.83827767 23810.644399599216 
5227.151582693666 50441522.44733097 25884.767870976324 
5231.2105582228205 6961703.747849542 5338.629838366286 
5227.623682733484 18262820.061795723 11717.579860473308 
5227.222048337626 48796177.21300029 25382.221477242812 
6849.249913175506 682672.6285980622 196.30876296379614 
5227.273631974437 29317196.43622401 17239.991881843725 
5227.872047428598 14785481.227320086 9906.847191800867 
7116.7914762576065 580614.8097206318 243.91954226861154 
5227.274910860138 27249718.351857863 17718.24949918823 
5228.202679560971 11838012.399278045 9025.389484529023 
5227.352306963542 21541125.316283762 14293.310018593798 
5255.769815683521 9972381.706314592 3763.1338127490944 
5227.22555968058 36120360.8270554 22757.412116229152 
5228.115025672347 13931237.624006523 8716.457948865342 
5228.363447980034 8650088.005948799 7981.902662828534 
5227.759057448809 15795759.648543488 10842.644498408352 
5227.232874420521 30566181.435124107 21342.251481239007 
5266.981169633685 3830167.961991052 2953.7795144917422 
5227.936350279944 13128838.553183137 10120.761063641603 
5227.803495674658 10801312.237483976 11292.898044930615 
5376.680287661574 3309828.3523804937 1387.841193388 
5227.24373122622 37692802.89460075 20140.931579678392 
5227.377410760467 19300808.927015543 13990.167446480766 
5227.151223839054 51286916.910813615 26591.65378508807 
5227.164805493077 47761252.48934832 25353.974446117532 
5228.520502955031 9704911.020006659 7571.579583318037 
5433.207769065087 1395096.2368080756 1069.6947823205253 
5332.80800948541 39489936.269192964 1894.818614448296 
5227.164805493077 47761252.48934832 25353.974446117532 
5227.330219989 20511518.265185494 14945.260318091354 
5227.148101310192 54500810.477606624 26202.959377442374 
5320.520401372341 2921939.5593689834 2735.0424681160994 
5240.995460248872 6004281.995557508 4276.698630806681 
5631.939537575213 2165711.6507652863 865.503758558039 
7198.6080651574775 440152.69681047514 253.38165162013735 
5701.1854757677065 4125977.077838962 627.3127946754223 
5227.325102434652 22887015.913743317 15319.060107964879 
5227.611796684697 26466732.506616544 12105.694348110572 
5227.203343732615 41404332.47086866 20770.6929617334 
5227.204293410376 41350408.146230415 20922.482993044912 
5227.252462850348 34617889.713259794 18608.476412580974 
5227.316503054618 25595693.75833213 15652.597737284523 
5227.148652610388 52255105.15918678 27079.90333945118 
5227.28775626852 24681311.018630568 16371.80041081381 
5556.446895463599 1521609.5840296973 934.5951806286417 
10162.87683799518 399590.31854619517 84.76377783137082 
5236.651590669691 9787399.463151867 4979.603931853095 
7405.416063396899 417499.53287592565 193.4371356150611 
8961.131776910477 419548.20615496195 107.39882379970106 
5227.229884309497 32520686.550220586 21597.8529807428 
5227.281568365364 29636397.049645938 16814.715057069036 
5331.48464749818 4818277.782644406 2295.4392217686836 
5336.854144101779 12210240.457667667 2037.1293468401898 
5789.499523285512 1825702.1620457182 594.3439634027944 
10016.821648600873 384370.71046916046 91.23359848573308 
7607.166636149197 475662.74787518685 151.01281058012654 
5242.608036056929 5003266.773615643 4165.103243878406 
5227.300627852577 23117190.74940155 15857.603459053556 
5227.263207278764 30026776.321586803 17909.62355202169 
11760.003938334477 357240.60102001927 85.29830973395572 
5227.251663089308 34645464.024847195 18379.526036739822 
7326.622498553221 524294.3525748848 163.28488712974374 
5227.347620513935 23685173.6531792 14787.139566298492 
11110.280016604182 364308.19661759835 89.3353438269895 
11108.12782773573 364419.5535948793 89.36588408614799 
10899.69807072442 368216.6478372473 94.53739892501244 
9126.352961025916 413700.5042327187 102.59758717285212 
5227.28764093984 23859676.346662525 16401.48493848782 
7027.27240893351 661041.2167861974 186.37694023541758 
