8131.169646686242 456236.3455158842 120.80733469522623 
8917.010330358418 420969.6406214412 121.00255944774612 
8741.625484286902 401426.3458036715 138.89269775755992 
5227.221138469152 113090128.87440047 32359.28773021816 
5227.235030019061 42420153.005849816 20680.750095944157 
5227.237112678077 38708021.740632676 21245.753021075947 
7134.184738592631 561765.3145434908 174.92489593704198 
8080.238518206769 473349.95272545156 129.09714534196536 
6566.956055708349 995266.1771512562 363.60108658370524 
5845.872265387248 762302.5379460276 416.8557893105306 
8606.576668100795 426967.6772772772 157.9229490399277 
7041.360539619059 547334.6171181863 180.76500117352708 
6776.95805987556 607813.6776351541 274.10096504604553 
6656.623267207972 854690.7029665073 290.13048473673547 
5227.27293991492 29477920.498802423 18244.979337172408 
5693.89634553589 1522104.3129878105 693.8422149314603 
5796.158947733496 769315.1952694079 580.3610545440458 
5253.834293124766 12002323.721826594 3760.3026472086517 
5227.261400464633 366009726.1751226 21415.48019712024 
5243.9243583582665 15624683.586467355 4685.751226616196 
5227.291234730108 23141680.995466582 16539.349232550456 
5227.276320729294 28407604.409939587 17420.778792836696 
5227.243009616423 37772795.187558606 20310.571975928615 
5227.373522613657 20055188.46643312 13975.40672833165 
5529.132265992922 1247688.2317533512 971.2731605470352 
8698.648952677539 429345.66926486755 129.48757649514394 
5229.933444237882 7493435.813802794 5963.9523503212495 
5228.003616178469 26695706.086347926 9214.485186677151 
5227.31808953126 25445881.851289906 15723.18115496354 
6759.417008472046 532232.493557081 353.8769025135862 
5227.511687765091 16619044.331916085 13233.627695188328 
5227.326449214903 20684516.82185644 15071.563416988754 
5564.403220605311 1685400.410845036 837.3728153487453 
5227.257492471981 35731232.391304605 19019.028894894815 
5376.727698570176 3307888.6166712334 1424.555580373604 
5229.549174211799 9341957.697522363 6657.755397655621 
8857.548944024225 412592.08465069876 137.1772960417532 
5452.721829742722 1390671.1640263172 991.0049360006595 
8800.732752671784 426120.98654584645 123.42300902810204 
5285.712975409708 3659566.787637188 3406.8554948054916 
5227.257154626197 36495274.520291574 18820.04993371753 
5612.0636739684805 4326479.901190459 670.9415400550558 
5227.373191929684 17190265.310384803 14248.190881941146 
5632.06920468183 1259361.1799742766 770.756799245516 
5227.263155793265 31515440.089345228 18634.19083319489 
5344.299709674373 2647798.286296168 2241.2780566093 
5227.287248404782 25053112.605237033 17559.636113862478 
5227.8222504669 12672613.32843214 10822.3324628416 
5228.338597632817 11944844.29866758 7859.288801679686 
5227.514198386172 14580985.232018718 12378.524593715207 
5227.25968243296 32401502.49767735 19277.80555981373 
5265.035370405604 3859299.130345731 2948.566470293038 
5332.748081056204 18589617.332241464 1798.6700044478976 
5227.493577124646 19068851.88026532 12883.478113243147 
5227.241862689161 37912384.222013235 19717.42355464636 
5227.361139110638 20161172.903073255 14587.706883085137 
5227.639227157221 17676089.44757626 11474.14968412227 
5234.16015258938 5535535.879732192 5062.491465841725 
5231.201744157422 6058767.653269423 5304.855009306954 
5302.015771183492 10526079.145636253 2004.3120469867883 
5229.148959284204 11146938.780541124 6932.251254363996 
5227.326115156408 22393868.72942099 15901.619855340998 
5344.069528824619 4787334.688942974 1694.5351035041706 
5227.603866685891 15866820.949459344 12212.047025607813 
5434.066223144321 2292514.8198655685 1092.510601184608 
5228.060251657419 13727594.486406414 9574.709558046306 
5322.314688332137 3213235.678406447 2499.824129582665 
5227.292164270892 23112645.665879883 16343.943375542769 
5227.813917518335 19386636.33898123 10414.537929657236 
5259.417353597684 3967984.3215000583 3239.068666693019 
5228.015708000383 15153427.90478908 9884.408317586443 
5243.112981657019 16406794.063860156 4843.582875062382 
5227.690241021303 14355032.33222733 11098.991951954738 
5228.6363062501805 8698461.551900074 8126.5791670371755 
5395.459413291885 1963216.6807973245 1122.1432873932138 
5227.600919287157 21720321.279662825 11860.671684754803 
5228.48172601604 9402233.686615726 7315.235404262286 
5320.520401372341 2921939.5593689834 2735.0424681160994 
5228.160780048891 13486025.0831646 8455.014557356379 
5229.336791950773 8131893.726849484 7337.356376489006 
5227.3487196931865 18761621.480662324 14924.13496914676 
5320.309662498697 5288088.197656574 2066.7357179584965 
5227.241000492546 38011241.7388898 20581.832002353625 
5231.043287620376 6904571.246743691 5475.730791196793 
5227.876334970897 11777333.666591162 10065.569261653272 
5227.861595286308 13010499.779850842 10409.55452382029 
5391.326276489877 2315929.9080837765 1196.123070212349 
5227.271769455946 29463079.73212253 19071.08321598569 
5227.666276531064 14296178.25141156 11414.71292413015 
5227.28763537627 24708690.45173165 17518.550489326928 
5228.131713707923 10887358.009446237 9389.188444253154 
5230.75137139158 6737026.6202193005 5815.664909735683 
5230.256060552929 8030920.323943602 5674.490504990278 
5228.306906638981 10144254.721428078 8704.29158310238 
5227.489560994183 21594225.14141108 13005.398937582586 
5228.315368235032 12408522.723520769 8220.801445396677 
5228.076013387328 14966807.455385985 8971.022327716892 
5227.257429892767 35736291.22271277 19022.49657888197 
5228.209780621306 11724300.071230981 8848.444279217345 
5227.608933255193 14973498.210095339 11800.070075101052 
