9613.340060064293 451212.3612001051 143.567889980745 
9394.03324547542 428840.838982914 126.18757952099583 
5227.274732642844 55657037.25074727 20248.661415060058 
5227.276260705021 56027643.78830885 19818.600297411802 
7874.641620631298 530573.1883004593 163.22609830870996 
5227.286599582985 51831936.83762265 19454.28075494528 
6477.220559255934 622146.8819967932 316.44989655243006 
5227.33890849922 45842223.07882538 16513.33438173652 
7188.199330613751 644022.117517615 210.93440929775744 
5912.847796750197 668013.3770809949 385.5365118445532 
7638.793300875658 540602.6381860344 211.11432550526146 
5227.410008193403 40534836.73803067 14884.396622122467 
6762.548633079331 562123.0474649373 418.79358250530703 
5227.3331028461735 27382320.85413183 16977.832369797103 
5227.332456686443 31255667.529799245 17999.674166250043 
9170.212668998147 486874.61218552117 160.12090103781298 
5392.32122201685 1957402.9770474753 1178.3415847840984 
5227.28957985947 35090119.70970099 18945.05809043003 
5233.016205821401 6084159.663650965 4757.533855108119 
5228.2272241066585 11888324.850853553 8874.706343300324 
6936.546525324323 975379.5972440524 272.66640022026064 
5368.088844667469 5814671.604796093 2079.3834489587775 
5227.301453779792 30387292.242290076 18090.826729435008 
7003.272320070313 643501.9146098474 230.14932840976044 
7801.0183876900865 514597.17583906394 180.28981376234532 
5231.237199376084 7465061.969792068 5763.003828779525 
5228.403004217095 11258058.585300954 8090.004773247784 
5232.22055039434 7788708.415455116 5480.009721302525 
5227.625877333245 17200343.728772517 12603.200978905379 
5228.481241710523 10284362.85156618 7802.791247228811 
5442.006875760435 2613227.453480139 1094.3598805684064 
5227.5154557539 36546844.35355874 14107.089927522946 
5227.84703853174 14610639.877240442 11058.982549603974 
5306.2107685230785 13940155.183121042 2949.986382084801 
5227.347545966163 25727063.419936858 16458.531216853993 
5227.388270019999 24224742.52128607 15082.836920659756 
5228.356877811893 10026939.724455753 8376.779908990782 
5230.542414015411 8050896.15110696 6019.3966847273805 
5259.303068456394 3217927.6062264633 3113.4853145954253 
5227.433830105445 38368931.37206957 14443.711259437243 
5243.950632624926 4124270.358731505 4088.854299814691 
5228.156850990959 13252135.481976572 9141.32754062455 
5248.731764417223 4106319.602976325 3431.5757480099082 
5227.953055601078 15536715.697399966 10243.196609243876 
5227.2779992562855 35038153.345126435 19683.683693466897 
5369.039697520148 4865736.5971756 2191.548379966434 
5784.31739291031 1175525.8225521434 504.92153602165143 
5482.638672526409 3123531.893938095 987.1586818061896 
5228.953385159293 8722599.720521558 6882.7902743523155 
5723.035819785302 3619420.4007313903 665.6972841804911 
5233.348102324625 4858996.306778389 4459.717773517598 
5227.342572478104 28803180.894751657 16312.942242406794 
5237.5361801365825 7813205.206860136 3876.8163101209575 
5227.544620148996 19159203.615131356 14366.368765016548 
5229.610438936018 8344335.699980862 7123.956528630718 
5227.420614202838 22327485.83961149 14546.623725588574 
5227.280359813312 35971720.780834444 19564.005784502806 
5227.99696633243 13799716.559175352 9943.859605601645 
5227.541812477171 25174054.950480912 13549.125155044228 
5228.086424119178 15287788.132047815 9588.84193092977 
5891.938610276217 1029614.0819526261 418.3931256865027 
5626.646714944305 1497508.6192278806 704.2479074364878 
5539.211624753352 2114016.581772936 855.6549970928188 
5227.665445776103 17608575.455254633 12342.801441262125 
5227.47941790833 21695574.340089895 15330.415864031413 
5354.688967260193 3141199.7890874734 2692.6764891434373 
5529.034361606188 3952454.3098092573 833.1540955552565 
5229.83048841599 9291958.131445928 6498.18355419275 
5227.50845712505 21313682.70325557 14793.7398804979 
5345.588211020327 8998798.526796576 2712.4051880085653 
5754.301866269162 1599548.234704894 562.628222320229 
5227.4133975392915 23725511.400538716 14851.164982773498 
5227.513278468034 37624086.8603106 13816.652540840967 
5660.140861911863 1188069.209209055 680.46517273934 
5228.737150366642 9453101.416543974 7481.853452302494 
5228.0878672997 12921674.903491242 9509.316249710313 
5227.710713581545 16963448.18397827 11988.081672422473 
5228.492548992039 9845320.109397205 7421.863391366517 
5227.928862968394 14237640.752597995 10587.865033452514 
5227.753576035764 16161856.713616319 11670.695202301089 
5370.082692322727 5211945.663244224 2124.6896910832 
5227.708768748811 16708003.908168757 13276.386244460462 
5229.514364546809 9113813.803882131 6533.960961018058 
5227.721491694796 18261436.816888906 11758.24379755583 
5227.816157773879 15426580.6581616 11617.78964575473 
5227.855079267734 15524060.106195627 10685.89492427634 
5227.608712048992 17805556.980068535 13312.053789955691 
5227.780574239245 16900840.58393939 11644.614460464663 
5438.231851326687 2388895.323684459 1107.693032543846 
5227.3805598743575 22381485.527095303 15729.3622128845 
5352.17333789011 5913966.084989929 2222.7192839994827 
5227.286790407599 49923585.42341019 19066.036991600064 
8976.64599083482 510562.80476146465 127.76508628784319 
5227.54479383174 19649850.16481583 12880.78397618984 
5350.751203136717 8949072.591514705 2428.180715343737 
5370.145658065154 3028289.1130144363 2076.7623588299784 
5227.351672462955 22530447.492871337 15341.556427524534 
5350.561475367175 6273970.194030488 3094.2143037121386 
5227.393437310498 22362653.208639435 15741.307404557363 
9621.135684152354 460306.2250340004 158.2642785728227 
