9796.124428269568 503924.6160112098 49.86884669911659 
9834.663520839149 487990.37056094897 59.81266591831675 
8142.92082797026 8452096.651811924 640.0153587234488 
8138.429551166805 8088480.973241532 692.4626250094962 
8157.434596970083 3512614.9586328664 753.2286211623721 
8138.429551166805 8088480.973241532 692.4626250094962 
8142.339818425542 7460382.698156596 687.0469294255397 
8149.250352151856 6193379.219203604 575.2461398159301 
8927.692842034487 618187.286251574 115.26741018456526 
8143.690408860248 4200965.675831424 744.1836212680473 
8152.849396002037 3723018.7888691574 584.961920318376 
8803.216034079007 620352.594181198 78.58493429024108 
8153.197125465966 4114522.4610794457 569.5532092109811 
9578.875458521114 500978.9545478638 58.94995487402474 
8351.759068147547 1495187.9249324794 267.3119080973916 
8150.734470943839 4907757.919697223 608.3203997844041 
9347.729374726834 522901.9293920252 90.34361364606922 
9683.055077348225 539235.2677902764 56.47126005001812 
9402.39954160149 521941.5449910471 75.77359869798528 
8176.527698532438 4675493.438003878 420.44295780215924 
9254.978024263517 534740.738781532 65.7586631389833 
8204.968847245393 2216537.892569064 500.31667771628105 
8353.206639404933 1587323.4497069502 241.70662051718642 
9696.870130480034 489387.7548315148 58.513134386390675 
8403.29963286194 1979554.131727518 212.70342007621954 
8145.585322795944 5958070.994924621 644.7665624756303 
9472.30290018029 513939.3781068318 72.6911883316441 
8170.726552444794 6576574.066249378 457.7976574334717 
8160.6736178588635 7789517.020414976 504.0521788946402 
8306.002008432579 1192579.4822279685 296.5882268902932 
8163.045656682629 7262295.757458595 489.6604234281764 
8162.405793689498 6649689.865013774 508.5671900211029 
8752.56022052162 678344.9796497123 106.33825162071459 
8170.559612605083 5413470.989324218 460.34500981764324 
8223.335396792812 7054124.915853126 369.879732522181 
9309.595616324237 532758.7698228303 68.85679879939336 
8143.0089339684055 6937194.783083759 665.7631925322221 
8199.691883192452 5343718.545951659 410.73747133501377 
8292.326912561915 1519936.6596229686 274.92924394508884 
8242.371280030615 2834107.1203310457 317.66267131103046 
8379.154354364715 1039439.5917140767 230.29249884393332 
8405.89928561655 1627034.5153236128 208.69527608446478 
8171.747787381797 4490200.471572238 437.74156087108634 
9188.278000594928 554206.0644434879 80.05118584759218 
8589.703580647016 737549.309699412 176.93332601897936 
8284.034037027295 1391619.5699847452 344.38680235054755 
8171.6036885073045 5120110.12175772 451.66928271191637 
8151.751347204978 5689237.824698476 549.5881373689965 
8204.03994655275 4318572.712729152 388.4271224506432 
8159.703843305791 3363166.499746399 556.2318455530534 
9097.588037003086 545964.9086983097 83.37826805865186 
8961.587140254202 605420.4605709562 112.70308435682287 
8148.8286331430745 5230694.48013774 636.4695250553377 
8385.54222783917 1162888.2880088997 218.02573208089794 
8426.915905755803 851655.3892345221 179.9573393917947 
8186.115759560711 2434349.196924106 529.5638944224995 
8172.184207466172 2741164.26337358 517.9644411024673 
8239.35383377496 1705214.3890257115 361.19279562155566 
8168.157179438889 3042731.9141536895 478.3847366176053 
8181.425941066369 3252502.9732025145 426.1416108044068 
8164.111064819572 3148210.9588899333 472.79212091937933 
8532.1130657676 756712.8416864392 117.50448060342765 
9005.080437526361 602487.4761664486 114.26978214783662 
8258.147417399 1858315.5247908768 352.4192258936056 
9507.010584416266 502559.3453106438 63.54694342903608 
8425.838189016074 895368.5460801311 170.5880953121765 
8362.15244754729 1293257.6049201472 230.40043365850667 
8494.728596106695 806481.0754135083 134.78637451816707 
8430.927843373174 877383.6667260663 165.41099765399554 
8143.589943513123 7928908.736739086 618.7316218301312 
8666.531572909662 698778.7452996355 146.9545085813765 
8159.893195238899 3563068.0038920376 540.6354059906002 
8706.133638756728 720409.294774903 125.32079536092371 
8468.43340984478 770640.4753613609 158.29437718042166 
9541.702829635818 558437.0658159271 56.80862949786954 
8304.759166321273 1342242.0764742524 317.12505224171366 
8143.0089339684055 6937194.783083759 665.7631925322221 
8208.681667152796 1683329.876312999 372.5780751884323 
8145.534429414049 7892020.883016994 601.5615288714196 
8148.5255575849 7944055.942185331 590.343477314917 
8224.026115152888 4534171.574909276 350.07754749509263 
9198.08123512378 544111.9728523707 73.16285316084145 
8188.083979813161 2862898.2013621074 453.1918156518474 
8162.884578715785 5900018.331740778 494.95018589010976 
8305.976777208105 1203865.084474346 299.65853548261157 
8531.189179734989 780807.4320719779 139.74350633491804 
8646.607918350062 710885.2953545827 135.81783426233676 
9067.54707801361 802703.3557425665 75.42759324471764 
8789.944690182525 628576.7459226432 89.05635770597517 
8281.002336333266 1427053.9244041154 353.90728799065516 
8208.590569746648 2500847.206501872 396.9984206372455 
8611.096581195752 727449.8246907282 135.57816778033495 
8181.5898773466315 2594668.3671624064 484.5747341954251 
8737.323038053117 665904.7851498846 127.67021708936713 
8686.081029250747 671162.02745794 127.69460874381485 
8478.086162971667 765407.6902162011 153.5121750881296 
9039.383095941957 562476.980037361 80.60768352948787 
8147.925252157085 5740689.045942906 643.2565674261641 
9033.213898634687 617481.6548816471 86.58677607601274 
8166.3112313532165 2643317.687830932 532.8241136044323 
