62688.21967630825 107039.1637530557 2.1449404847045774 
56768.68799578481 108787.67375635874 0 
8077.6007866396285 86110432.08166806 8860.846257500498 
8078.177051267447 86921773.26237194 8625.652821808959 
62688.21967630825 107039.1637530557 2.1449404847045774 
8079.154082391829 43586001.48827679 5284.059207380786 
8079.900415811279 27556208.08169774 2726.5830599693327 
8079.865957563685 36796148.65078841 4267.352257481742 
56085.08263845582 110983.01055225302 0 
48294.74983500209 111919.59156737823 1.119300949467591 
62159.67367358875 107836.2051364228 1.1743935234363974 
8079.780584719548 34931699.23948918 5113.674392471278 
42670.54891291772 117692.41754505891 0 
8080.464027020386 19444149.72817566 1647.7304009570214 
8080.530572944005 17135311.855974026 2488.476493075914 
43350.1356738779 114940.00056985207 0 
8081.927013042525 9787942.090855658 1990.9584080959685 
38923.70761842535 117858.59868214872 0 
34138.72211185099 137596.79609668255 0 
31146.3408307941 158586.5485584101 0 
46878.21712528526 114039.0941626026 1.158359415145104 
8079.912032161649 24816287.797830943 2631.7991494207126 
8079.773744890608 38090914.64398424 4848.622315031615 
15497.051072965747 215454.38385974662 1.4789022637984852 
29883.047905748346 180052.07537593646 0 
8079.624753107251 38705694.462703735 4348.436045372697 
27675.53570673718 153008.05650354552 1.6478829883535242 
37055.49419796074 125448.15302485434 0 
11302.709739716844 334889.1328166573 8.42640022789073 
8079.41405603685 39136057.2868317 4580.537419259842 
8079.9118104585705 24843938.422529526 2707.72436769119 
19183.021146689054 173808.50325403435 1.6478829883535242 
8665.044166233904 5528553.395752777 195.72344463045692 
8080.917816055913 12457603.150255369 1542.6862093846844 
23224.768927330653 171173.12102619573 1.479647520093317 
8079.318846287279 41722726.89852557 4933.629538087383 
21741.803584011763 175403.96883676678 1.6475841201171832 
25859.946719388878 156570.88245648437 1.6478864934695143 
17483.147507089358 188993.6541966083 1.4796819814264333 
8080.545416701404 16880496.810908966 2628.7727876540775 
8964.347790298038 660311.1023316011 85.04028994402105 
34823.065520487966 136986.74556495433 0 
8081.085192134885 12972357.191991508 1397.988714845364 
8083.098773206261 15275292.52463124 1126.1813867876658 
38873.435946708916 117952.38169113101 0 
8141.358189633109 3600427.6912411805 474.7154854006022 
27331.350413466298 154490.77169796303 1.6478739020418405 
8109.443611232609 2856263.445622284 557.9259170148025 
8079.507455143189 35987418.02270463 5015.594541591884 
9349.41218326705 533479.3054371502 63.10169030390562 
8079.563852534096 35390434.25416798 5118.641358067962 
17565.719968422745 177448.86808686794 1.4797663924895081 
8079.41405603685 39136057.2868317 4580.537419259842 
8088.792308973776 10860454.174457137 864.642728002545 
10414.50651005953 555042.7835068624 49.47507580450302 
12856.701252794668 292443.31015818653 13.294911268301526 
8079.918184356091 18421750.376483385 1765.6575883352089 
8079.326689322472 40705301.787338965 5081.3763819952665 
8292.761066439365 1395317.427421804 219.6556001577394 
8089.962523940194 11895359.31595817 817.0614233450126 
36136.90951225719 135713.5813563889 0 
8083.109018160759 14136904.438056108 1113.1258354165452 
8083.6189554732955 7589319.06893927 1293.3673979516336 
8101.855005217352 5967202.568046063 686.7349102097996 
8092.38306399095 4973240.845414922 775.4944464561885 
8079.331179716653 40175553.590204656 4917.757712803599 
20480.57454292843 172602.62028978538 1.6476027480552053 
47258.97241025339 114833.0010223566 1.1346125826809974 
14088.601143977197 225117.59388340748 6.935840902728499 
8108.230286917598 4493228.837997654 634.4677963473873 
8085.423047286985 13699066.019364953 961.5269504590462 
14622.67712128625 211269.1707642487 1.4792016684827043 
8080.567805566455 18284478.092889704 1632.8224211860547 
8081.731445055761 10234033.318552006 1881.841796198602 
19713.580946859336 171560.02332943995 1.6478739020418405 
8087.586839378513 6478025.439424449 927.0467082650285 
12859.602267678274 290101.92025132617 13.294956148410035 
8079.18834261087 43118464.82908833 4920.510653085798 
8082.249973401551 10371616.083431795 1182.3922767728072 
21132.748950193134 166012.65611450234 1.6478739020418405 
30473.55016228 161234.2678008552 0 
10609.645219380604 384364.23481940606 15.942694929457254 
8082.6098145524575 7780955.284796717 1667.1416374059766 
8213.166211795411 2042786.8077381505 400.59727585301135 
8080.328684515953 17339231.825587764 2633.739753250761 
8207.53298550755 2329913.5424535195 278.35058095483987 
8204.633532523589 4071307.4248504867 350.3050225699782 
25243.33211250582 171868.09225928504 1.478947143906994 
48291.279156447374 113722.47845175886 1.1346125826809974 
23851.094455984563 163459.4064242938 1.4796819814264333 
24776.382129064004 159853.90067308827 1.4809084510016273 
8083.406901980496 9492299.457323082 1038.6856312924185 
8083.7857353283025 7074695.934431769 1151.3080793008696 
8234.181018381381 1673454.4795791742 321.12243631428146 
8083.271169988924 8763083.794441424 1356.0565252974754 
24237.24806804829 161558.60669299116 1.4797490044741426 
36361.3378001006 129205.04904921073 0 
8082.40020855845 9033022.159292528 1835.1802199473561 
56709.94524710691 110375.17020486655 0 
8085.66200085947 8463661.832692008 1027.5737810509743 
