8029.490849095478 75116941.9112198 5040.81119561528 
2058136.6091396422 1676.9772221114426 47.05696884220622 
1984495.7604322499 1819.4682097696673 0 
8029.578950800952 12162707.452071931 2730.6254839632493 
8029.753799025951 6570861.24136065 1986.6133472714826 
8031.048307338772 6115713.652474285 1451.0366841609764 
1481819.3431144443 2499.4613973263604 2.0897972910950138 
1718573.3200165133 1973.3373553278984 8.558229985560894 
1755906.7958831138 2231.4683715810625 0 
8030.298635500638 6029588.811471997 1963.5553446745707 
602840.9780830182 3359.163582967219 4.268822092913293 
1300664.3344710274 2398.330881857937 4.963411522706045 
1206855.3676659875 2928.9556309094405 0 
835645.6178678256 2235.9156342000056 16.448790425922557 
936220.1178143251 2965.4981289027974 5.905099881901795 
758885.342036332 3259.3820680912763 2.0845586302125314 
8033.641672033692 10433291.785086788 1013.4451899879967 
8034.488986472155 3613356.855618423 1114.3877939449428 
1395044.927948885 2117.807159697776 59.49020525482038 
1054087.4945255853 2607.1846560316353 7.0806519745289815 
8031.271215402892 7947171.40723699 1336.1186881107176 
8041.455332257834 2923366.3631354636 1325.9428257427353 
1121444.6223173593 3067.015486149973 0 
999487.8187484702 2227.4874657744376 53.60409423733456 
759078.3300805704 1955.887812755762 97.88291100480748 
1407128.5961574079 2185.297157295951 11.358465909718385 
1468898.9301950252 2021.5677594569188 4.790125445891855 
504274.1165887787 2838.798447382767 47.548071875109095 
1120946.0561612698 2716.4938978067667 2.1770432216187467 
438596.2957945962 2905.1983193128326 72.48238832847338 
388748.7341626517 3815.4482247248825 5.289514385784573 
348297.4871523739 2712.3185611876866 84.25751954389185 
8031.360372903104 5117709.425336091 1361.4223164789391 
1016724.4155781826 2168.1543501177493 57.4210348396774 
554666.2299282725 1810.9972422009587 115.10816792715525 
553923.5107281783 2281.7271503862876 7.24067523071972 
410409.26769946876 3041.416222431034 15.068321793682212 
72717.06202877969 14300.155350171632 210.72600411098585 
466189.4032410113 3683.9292285753177 3.366257059785056 
8048.6636182145085 7184356.454752589 606.1961759147566 
8042.953536773637 3102349.551017517 862.5776231944052 
8042.882820841569 5945863.565222783 731.262365581196 
8036.398319272565 5843993.608181486 909.4598480580978 
8036.743171098031 4774571.255152881 811.6438840696176 
486365.4893793762 2430.7228448902656 151.76880587513202 
8038.4755657897185 4016165.0804378283 949.3874692573211 
8080.558362391481 5549459.4401627695 444.9366530924647 
210315.43858322277 4241.093449928536 97.89891989074576 
8074.0544429715555 1944248.2802281408 484.34538018569333 
183997.5370011619 4678.095465908962 25.788015361698946 
8046.217826455391 2581090.5555930817 796.7425790031804 
236704.5585259237 2732.345240615893 191.6391955111751 
166169.9660724981 4326.717168402144 223.2359252005237 
253664.3940045163 4104.268707636089 103.97180495912225 
8040.584213546507 3221918.5842511314 1040.6670821919952 
8032.742102259013 4227478.364621037 1075.0949942318252 
270332.5163572242 2824.0497158696485 128.3801992636079 
8136.9369816827375 1622919.9652952545 332.9963749781464 
8805.074179953444 456133.2658462934 263.6152960433013 
8041.483470030506 3516059.67432943 973.320821259395 
109609.82539347606 9697.558714055132 167.85369378948792 
8069.6229891364355 1625062.1537088947 515.0472292588647 
309122.56088458974 2809.9941370779425 145.89644303891595 
8173.407142047673 1594518.038261773 391.62349474658936 
8079.524088755979 1327882.5043575102 542.2330959690593 
8048.269751478974 3587348.898958468 692.4777666569046 
33185.048132871845 252341.45947678442 14.833695671000555 
22910.49206154551 180944.94346472548 48.16161781882878 
8192.281785886735 2114423.0848153215 300.0197965739442 
151683.37000842553 13833.484375381375 0 
223416.99981891306 4153.910611800945 151.569104624634 
54031.41701647868 110705.8175132961 1.1255725095342624 
8052.9277091703225 2615590.769086165 635.6559882113935 
8505.93095120131 1158181.3400118747 605.4013312093953 
1739117.5316692826 2890.3429930065904 0 
8033.725854139626 5188918.871465544 1005.2687753917533 
48197.50101862445 28032.266337349607 242.24949013685685 
8044.879108010618 4419231.173328906 657.1550777691684 
8052.617116904466 5482337.430218987 567.9203691905656 
128968.7516550679 9398.308767962973 129.27421583969644 
8090.536187741443 1512160.1855924197 405.06730044040296 
137837.03285705645 44052.30460323764 7.416458918422108 
8065.48288605437 2839549.6689519184 579.386245008439 
94686.80078627799 12300.747428130651 64.57603875341947 
282378.4684264832 3617.628391039927 82.07530580954611 
45561.07431031759 57887.90591590163 166.6593256662238 
291333.3379224497 3001.846642142936 109.94542169772836 
91343.71141195064 15953.039595220225 16.32545119100939 
8038.688028358508 6620603.76570714 799.5945939249332 
333736.5554119357 2325.1045935629804 183.6514555773002 
8547.413990788922 735396.7881260822 403.0535798876091 
323329.2200252833 3740.4672174610014 11.884840837334988 
8592.272248975478 559555.1393076195 310.0857145681708 
1729086.7067153347 2142.0153144112173 1.022897484342114 
120247.35915536714 12465.240346590836 16.95501513704679 
8794.445138400533 430514.72168107674 279.7443456111557 
8046.218398782206 4244480.478039744 661.7344235599761 
179913.35658007802 5720.077916309001 58.21872866782508 
313848.3699223255 3166.6900875299493 19.463167991626136 
336318.7192884241 2535.02162930868 107.63924903627895 
