8029.490849095478 75116941.9112198 5040.81119561528 
2058136.6091396422 1676.9772221114426 47.05696884220622 
2457708.4240694907 1718.4796849527052 0 
8029.578950800952 12162707.452071931 2730.6254839632493 
1116853.485105204 1993.9471468643476 17.606517580216124 
1468898.9301950252 2021.5677594569188 4.790125445891855 
1857760.8770632693 1855.8728225614211 2.198977025466836 
8029.753799025951 6570861.24136065 1986.6133472714826 
1558386.5705825887 2069.7737390758684 0 
8030.826663881608 7606820.292426227 1716.1248711889905 
8031.048307338772 6115713.652474285 1451.0366841609764 
8033.641672033692 10433291.785086788 1013.4451899879967 
835645.6178678256 2235.9156342000056 16.448790425922557 
8030.298635500638 6029588.811471997 1963.5553446745707 
1030195.1942318971 2326.6912322136345 0 
8034.488986472155 3613356.855618423 1114.3877939449428 
1957215.1995610255 1921.579740401704 0 
759078.3300805704 1955.887812755762 97.88291100480748 
722697.2497071249 2241.366564940745 108.23953071063924 
8041.455332257834 2923366.3631354636 1325.9428257427353 
8031.271215402892 7947171.40723699 1336.1186881107176 
1984495.7604322499 1819.4682097696673 0 
902727.3997171606 2035.7439395071328 6.198947460886643 
647443.0614460702 2320.1047221171766 81.23792437238004 
1526309.3922751595 1827.9313466054596 6.307881183595217 
8042.953536773637 3102349.551017517 862.5776231944052 
8036.529600893335 3357085.205376985 969.5575213987166 
984827.3769231741 1720.444041255037 20.12205090877459 
598842.4124659747 2227.116482147619 111.8190850928553 
8805.074179953444 456133.2658462934 263.6152960433013 
8031.360372903104 5117709.425336091 1361.4223164789391 
8042.882820841569 5945863.565222783 731.262365581196 
8032.742102259013 4227478.364621037 1075.0949942318252 
955575.3596219718 2462.2357440102087 0 
479193.4004079965 2706.78968952594 55.51484523504791 
930072.7357835416 2546.255368852241 4.700995490846504 
554666.2299282725 1810.9972422009587 115.10816792715525 
534645.0505253411 2533.03999019114 63.29795884653777 
451876.72449465876 3398.209306940986 8.073261521761424 
8192.281785886735 2114423.0848153215 300.0197965739442 
8048.6636182145085 7184356.454752589 606.1961759147566 
270332.5163572242 2824.0497158696485 128.3801992636079 
431443.36563126877 2931.925542865343 47.9624860702001 
8069.6229891364355 1625062.1537088947 515.0472292588647 
8035.09793303843 3833521.1256938917 821.7325214149951 
8052.617116904466 5482337.430218987 567.9203691905656 
8048.269751478974 3587348.898958468 692.4777666569046 
8052.9277091703225 2615590.769086165 635.6559882113935 
8136.9369816827375 1622919.9652952545 332.9963749781464 
166169.9660724981 4326.717168402144 223.2359252005237 
151559.01638058145 5546.316237151957 219.50459547397264 
624465.5963972098 2431.401362466459 102.31734724126635 
372781.9357863364 2246.0090352076804 158.15220170635422 
8040.584213546507 3221918.5842511314 1040.6670821919952 
8134.471864630868 1537940.3189950313 378.0473652247339 
8080.558362391481 5549459.4401627695 444.9366530924647 
8547.413990788922 735396.7881260822 403.0535798876091 
223416.99981891306 4153.910611800945 151.569104624634 
8047.195169144177 2907288.6154040038 793.6486484809664 
26977.452600512876 1914622.388635672 196.97539604181566 
504274.1165887787 2838.798447382767 47.548071875109095 
72717.06202877969 14300.155350171632 210.72600411098585 
410409.26769946876 3041.416222431034 15.068321793682212 
132725.08937020908 9304.21282200327 196.45252967840707 
348297.4871523739 2712.3185611876866 84.25751954389185 
8036.743171098031 4774571.255152881 811.6438840696176 
8051.728452653916 2340828.936756118 660.1600357692072 
635468.8543991636 2386.9067105481163 28.376540853988306 
8033.725854139626 5188918.871465544 1005.2687753917533 
253664.3940045163 4104.268707636089 103.97180495912225 
210315.43858322277 4241.093449928536 97.89891989074576 
8505.93095120131 1158181.3400118747 605.4013312093953 
33185.048132871845 252341.45947678442 14.833695671000555 
8078.915560487242 1300270.4144785253 451.1064928724684 
169669.787815214 5866.3134025106165 191.0072948264846 
8044.879108010618 4419231.173328906 657.1550777691684 
398341.2132768649 2944.927136443643 47.04108592055917 
109609.82539347606 9697.558714055132 167.85369378948792 
389910.53844216786 2890.140615585703 58.86714752941373 
8038.688028358508 6620603.76570714 799.5945939249332 
333850.0095503594 5371.285282169083 21.227144371765515 
8090.536187741443 1512160.1855924197 405.06730044040296 
191712.26465392206 11086.215190284403 8.613400005605216 
8065.48288605437 2839549.6689519184 579.386245008439 
359470.8493954494 4973.581143569478 11.325538300954038 
309122.56088458974 2809.9941370779425 145.89644303891595 
321716.66971749696 3551.6975570789873 98.8470250059071 
91343.71141195064 15953.039595220225 16.32545119100939 
49793.55948451004 236906.76800848026 19.049956023015074 
106740.51859378851 11241.276883931498 68.33866657135418 
500165.39334210195 3361.8078816540014 0 
8074.0544429715555 1944248.2802281408 484.34538018569333 
8073.632773275516 1831727.377455391 488.93487869164915 
183997.5370011619 4678.095465908962 25.788015361698946 
240348.2107405169 3719.8522210490582 119.04576697395295 
120247.35915536714 12465.240346590836 16.95501513704679 
286555.369831704 3987.6453226854082 23.65519442399217 
57986.716839395085 51019.81115440627 7.604802936400255 
81455.95110506788 10906.9927908934 192.25470371585578 
291333.3379224497 3001.846642142936 109.94542169772836 
