16771.034556485887 189732.28305351804 0 
8004.151650998433 88216837.11930737 9266.349781710715 
20169.390016987883 144134.87733634506 4.325596235087753 
20934.039252496466 164529.68171870447 3.130330127115627 
8004.453883378119 176098679.71111995 5992.480231442838 
8004.788916033238 115932935.92718096 4506.36522929423 
8004.385380526821 77813304.45468569 9143.508735271387 
8004.559980724071 41701223.67694749 4583.993424900278 
8006.093995410852 49939191.39943871 2911.0897484008915 
18467.39584255215 151444.09583027082 12.507880890219607 
8004.824082394809 34163892.99452654 4180.784370771151 
8005.818091120901 79449608.95345077 3277.7105644844028 
17452.408909512193 168796.9201006212 2.137771538295439 
8004.834145070184 26598152.007400777 3893.5355505068346 
20413.300987324546 150606.75732767658 3.552568233114583 
8007.560989849535 44765794.82542493 2674.059224620536 
8871.332398619106 2583987.2776078135 393.14203433399376 
8005.241130774481 31672482.998093866 3395.4669930654545 
13928.68398927389 217366.5047735802 34.544897038501134 
17989.800352107493 167601.0429021882 4.8566612584423146 
8007.731735467124 11606340.026405182 2358.245102153135 
8008.067104141439 16463776.34408829 2166.628871941927 
10192.382212432665 504930.7173471425 177.85615356922273 
13422.318060409141 224524.0133040845 37.31368685359169 
12833.82042521899 271764.56673056184 31.396918272170193 
16994.088410815108 181172.70991758248 3.642934282776557 
8016.694779505753 13081790.336124608 1643.5178325447396 
9760.527377161508 515704.95611455257 159.9771407016848 
8397.152094514986 2597973.0785857686 408.28165746108965 
8053.18761658274 3399965.079760474 805.8911498022003 
13164.207728436682 246226.45903477745 40.29141176212823 
8019.327629229108 8607768.33966703 1342.6385195062876 
8009.159225724459 10714326.17998334 2580.119196628614 
8007.45823704229 30722421.937551074 2675.417901185914 
8069.512268040801 1806943.20538908 661.211474433846 
8108.664686363017 1718433.0491418 549.9543804727109 
16638.233660182017 204943.7230017302 2.116800183985997 
15257.902890506217 245866.57136250118 8.128218320505315 
16327.072413556576 204461.58674479567 3.9760810401280224 
11246.519659750587 590936.20153476 87.92854886638338 
8014.3797860527475 19375408.883261386 1795.9364358271414 
12213.954013690924 267325.10502907366 77.70551706242338 
11485.698509684593 500286.0947616425 101.88348289784918 
9314.905615686268 5994363.139063852 316.3532135931537 
14692.642301892933 216655.4215911138 14.469775542075322 
8006.428808374041 25676520.32997974 2754.5031210246484 
8013.644395980133 7245157.724257456 1920.1523318987915 
8024.855189432766 5048182.1867785845 1131.2077501316319 
8395.291087928133 2893188.8499997887 420.20956745365817 
10690.656426767577 805288.4338833905 133.9843185725556 
15517.650977426967 215924.92681955415 7.8288472020712305 
9425.759165042326 1342915.6286046412 550.1595858436149 
8011.8877897373895 10945942.137203772 2019.108241876048 
12375.750771218132 342149.0825489152 59.25686851920629 
11083.419701147155 501990.2129626122 104.70072208093971 
14975.640840607566 209984.78310315826 12.477244948782822 
8028.416793591394 7798184.344277177 993.1583119140553 
9117.14372813717 6275754.954097144 319.23517743975685 
14073.63146221342 267737.05935423897 31.250255827132342 
8024.582458494818 6545727.852573859 1246.6992385356764 
18258.083075233357 153371.86117494348 10.181297440198247 
8015.154911753845 14171708.057556558 1778.0736020072427 
8049.353356004037 5377137.319171699 928.4460712763969 
15995.271966164042 159642.46274989808 7.035321310788821 
10287.794767817635 416575.8317338773 214.84895822630617 
15845.125548013815 181074.68750874096 8.097389189192944 
9579.218991468573 1090501.2035966483 452.20226736192797 
8025.363676347935 4707135.550888298 1523.8549623017805 
15651.483996064922 162885.04740750446 16.625206569194695 
16198.246510659676 238359.7747125833 4.557256685062595 
9074.88734295326 10287901.144783087 388.89420418847374 
14564.090990374163 201256.17219892232 14.778069102268212 
11955.938942147977 328169.9101480971 81.93227257441109 
8005.5679215822065 20101512.89949427 3649.2089211871407 
8010.426173789956 11291132.197974073 2230.436459650156 
8020.368275697654 8265046.010364847 1490.1345875704628 
14298.432408202409 202742.19389874878 24.43332285269557 
10453.691201636977 1038258.1975753399 128.9369323116985 
12570.593938739687 231142.84597574902 40.323044914169856 
11663.634544352199 480117.4978738589 76.76633483667067 
15076.14551970784 180132.18751350732 15.846938547343505 
9712.370864986846 801951.9479249774 242.97071460253443 
10897.032782170898 1451821.3445696507 99.4663622925466 
9534.663887268685 1651885.9867172518 287.54882336757663 
18105.3164670071 161111.53156754942 3.7743530471143365 
14367.423996148636 193586.73677420517 16.614394150703646 
13334.882077815775 245506.2325555672 39.729032513529006 
9046.088451488893 1368392.91203503 448.1312006677871 
11762.343606311853 336861.23072495166 101.04460270255666 
16883.756789478804 162961.90114932612 7.031305557055094 
10831.357749961284 770124.0002590376 133.64153262720285 
12556.79243911644 280790.4750560624 69.31905741354169 
8006.093253866826 25921690.102895506 3098.837978793452 
10443.846672636466 659701.2849171248 134.5289243794986 
11908.76192211729 429162.7766860472 96.74580410898479 
8006.843350270543 13665504.604177944 2904.3935655865007 
8006.828609472261 20259687.023624074 3161.3970666525806 
16122.78461233816 257297.48978303664 8.752617996218483 
8650.79718772712 1562746299.972513 2178.044456723528 
18137.83373717938 161457.47586589633 10.656565016655486 
