12805.130365567631 5574512.570877686 469.21623041172995 
9914.032765820411 7159184.365635802 601.5944407901646 
10919.472126476228 22097663.134917762 381.32771195949056 
11071.190047843884 3970636.8670018306 514.5286990404609 
9096.932099094824 3292136.2703594025 758.8518505518412 
8411.823744550089 39121785.60591456 1499.8430789121076 
10527.56235567366 2842593.5315412525 543.0772644243718 
35783.60588131269 2072929.9446079712 120.37250310097014 
21391.933973066865 3493584.239796502 187.5219641802723 
14117.776882469803 2395541.7366086626 425.68052662895406 
39355.474313489 2399086.6930364403 102.53975509170898 
17421.473005491443 5869204.820098194 302.872656391073 
22733.880552546267 1585579.63575541 126.14628543574514 
12156.660647518796 9242837.36256483 468.307453095291 
9628.768178709339 1463814.4875695691 636.4072408972871 
9591.380903780726 2505007.6339373207 854.0769174171514 
9039.318477647596 6297453.836300138 1304.3202345415298 
12915.223880381069 3998292.220971236 350.00988393213913 
18903.63657936482 1355057.5881755585 208.0776494201159 
10564.876395480804 6067244.100098532 481.858433731934 
41981.159590957206 1821651.0098498943 91.44746775516768 
16467.954582401715 3735572.8602691 304.514874949853 
43787.26848615751 1383603.6721146866 83.89708156616489 
9095.29875538274 3177445.013566645 846.0148329331233 
8714.694982508818 7308286.384450439 1075.4595111457322 
39033.721372255066 2204951.2058087112 106.42496858365551 
8360.347048686463 10919347.038501352 2459.804006316281 
47452.91007292191 1620594.7814465575 57.74029518988098 
22140.16123432377 2320838.0928230016 183.35040215703685 
17874.273978850353 2229059.8983351258 274.12186056260833 
9566.59311143121 6948785.0415330045 662.7967567144638 
52408.138924299376 2245649.9310104405 49.35576439208356 
45747.720544602955 2755654.542066294 80.54930688423084 
15233.271565676963 1818039.965666483 361.9612660229285 
58825.57332986079 1512358.3430034658 82.15421488072617 
18275.66313921231 2259742.580410388 224.40329274794857 
10443.434026382543 5160794.283827575 529.8665387223859 
33080.76538000996 1205860.0613944621 152.25235577512407 
12245.834839627056 2251011.442144894 475.0490120436374 
13066.602287692376 2690501.249851462 423.4897182061195 
36695.42215527954 1612763.3234758058 116.7296204735334 
16111.629570753365 2101220.3274094895 316.24431005357155 
17600.846184983224 5249584.536142394 224.75308914861128 
8488.56524081883 9695645.141504338 1983.478855291567 
8902.672977316544 6518432.961795974 1040.5643763426592 
34146.332369567914 2145868.206153561 125.59371791820911 
11563.071361043341 3552886.903106519 509.0638393919951 
32594.22192653513 1269737.3454610172 205.20512594746705 
14280.76284386677 2896293.3086610297 320.871512632985 
22049.595666972393 3801085.832525529 186.8562081265873 
8140.4841130537325 80802909.23255292 3267.203259470391 
8103.886205454909 101802064.74440172 6760.844664961872 
8904.458823000858 21875131.527801663 912.5081810112131 
8214.205154549349 11097582.360627249 1802.6252850143494 
8617.611444645107 8354977.808604195 975.7153921730176 
8319.310297148088 17010063.498261936 1559.0024243052876 
65247.92666321942 2063518.8599718183 38.75326889197775 
8515.655342916365 16557057.036661725 951.9237769742892 
59329.66846540867 1315770.6580323332 173.7674709839348 
8162.871144376446 184586461.1357214 13255.319743490969 
150085.7291515836 5386285.862098554 69.26380792962358 
8226.36566465221 111422500.10745345 6062.805913028779 
105204.99865580257 2618117.032763353 86.78220485123433 
8233.553042433708 114856857.58547446 3442.788191409171 
8290.614836461113 59709785.69715661 2299.17104813081 
64789.309070957155 3067051.194852876 73.39132199913966 
8355.25696832727 26016446.340710055 3685.3768294486517 
8331.470578061613 40089257.51826575 2493.7196281753936 
8240.695627172487 53136088.177632965 2710.331323928747 
42853.169111834766 1837268.1479377265 93.92770716962261 
50362.36053792248 1768944.236579406 95.84502213842033 
8253.544372940716 29321635.202959478 2692.9616972926274 
19992.261426893696 3340120.7461590655 339.1885838425323 
53267.50196900539 3336190.065304659 76.02514253912247 
8297.766873300303 29279755.16393371 2734.1569283658177 
29860.539412959308 11064137.940466125 296.43852649792683 
23874.63566821908 4620170.019780159 298.75105510749717 
14603.94572573468 4506632.251983702 378.77282201920184 
37728.800411137054 2250919.7270168043 175.97950061153549 
26545.487202373046 3044014.174499413 347.2942284283455 
11951.258364917114 3978487.694561072 695.5759318938879 
8515.299632384103 21172497.021239806 1677.6395125905733 
8376.05083441031 17544381.55946084 2020.8572297117244 
8386.667100481225 24725779.792760782 1731.2519260344914 
8690.847519746705 12770731.977877505 1248.6546704020843 
8449.142627111702 14295338.33241756 2242.285642988779 
8581.559770841151 15527734.115827467 1854.684995240414 
35132.76953039158 4342195.880302197 225.38695387107742 
8774.914428672622 18656280.554178797 1051.7391895112696 
8573.144615697107 16589745.605675053 1521.0282681030576 
10276.2251962012 7974684.463418978 888.9352128949918 
32132.47702597359 4662419.614259403 272.6020094316683 
10520.989275054144 6562541.133956854 809.5338078697948 
8522.543917501534 19715525.032427914 1380.2018629539639 
11227.84398729552 4532920.102202057 532.7561457192492 
13909.26544450453 2842516.599869459 501.8337277100949 
33438.149040044475 3513912.446248616 335.2781470216496 
9449.590403012618 10908331.552576425 925.1255673804325 
32680.44740556811 9108861.596735116 191.81347749508302 
8518.8246466116 28633379.9245248 1026.3933636139905 
