5226.942134671309 64941269.087970205 135135.49404081274 
7375.050774042206 304668.2078874352 64.50224072391185 
7273.034297662377 329329.57298567635 51.96639293895028 
5226.940349441125 92058063.93785721 90625.63410374842 
5226.943608943433 92061670.75976232 84265.1572283743 
5226.943933813215 82986455.14664957 71361.27473174826 
5226.9537414121705 48585825.580484465 61278.75078431548 
5226.964592383263 69958602.09905782 55596.194437576254 
5227.054768642735 32333044.374543566 31081.159050265567 
5226.965090099781 57178761.05298665 56426.48242389543 
5226.976574523906 61657473.454179674 49896.85816525322 
5227.010864957092 44862158.72127721 38346.99837909118 
6486.787506242477 361595.9218989369 128.6624134494827 
5226.98798912812 53223969.00861351 48525.16817123658 
5232.980159022227 14432168.119027646 7596.109386372093 
5890.033708028711 542298.4122104197 290.1441822008895 
5229.370715527919 20855924.48735728 19537.672820699878 
5227.236524348689 28078412.217436336 21984.533365712166 
5226.97696728938 54273769.30735285 51514.314944117585 
5565.040180929223 791178.2144780088 697.8459156575199 
6963.47397635725 334875.6981916026 69.8914635568956 
5226.98173815898 46694606.50970842 51472.642405470695 
5229.4807376364 10706008.216607234 13452.09504697789 
5228.963528855165 22847141.451871347 15846.028652575964 
5453.289557480626 863998.341068627 619.5373459428424 
5255.544088674516 3032707.7135444824 3294.633198267452 
5227.147758458579 27071094.841075275 26913.59739771863 
5228.558256351188 25825660.439744525 16593.151598426095 
6842.8051106765115 332059.4495914881 106.9527165926417 
6594.5637601804565 355906.94887385797 120.76780977895505 
5227.045545065568 38906789.055566214 29945.479008051545 
5247.376671036867 4615906.954677985 4072.534369029382 
5226.981188530339 56441875.7174695 47187.82776579814 
5805.262498466717 538946.3733579677 323.96418302721787 
5230.454257118379 9221235.273178823 8192.328344021684 
7207.548904883284 326603.1709699944 55.25096694168111 
6243.798878346096 404636.99844940985 150.2322476872755 
5227.000158296842 56065086.03289957 45651.8957650424 
5227.008009844876 44857060.268917754 40049.85361804348 
6292.2083314819065 392333.2553543372 129.0672907000948 
5977.392263852429 601715.9945818372 260.86145863035387 
5612.690607255907 621862.5138139366 546.8079299864835 
5274.007514540594 2165865.105442302 2323.8704011419545 
6190.733751465842 448416.7699844207 158.81026499667053 
5233.048376057073 13570785.084907154 7666.490421570107 
6756.779633203666 341746.6059485213 96.46163571843186 
6074.700875899026 492848.6020790352 233.86022688522274 
5227.02656865628 45216743.37683562 36051.7273734803 
7047.178200998317 315571.0040487107 73.89863153881944 
5779.079308800034 550350.7754917869 355.4763131851456 
5227.034873325135 295680738.71510804 34179.97367911227 
5226.989849782545 50749452.16806078 42853.935850115624 
5229.8647413634435 17166617.9572435 10460.333566111429 
6907.883191595121 335203.7200904807 100.77565090177102 
5230.726907506929 7125537.128175887 7815.540721559606 
5380.07599033214 1216047.6547578953 756.9668000856357 
7147.767658018729 314561.93188661267 61.09814045468381 
6420.624962221889 381721.7391265895 108.88337523696643 
5238.687920266531 6304865.667036891 5721.31267370887 
5680.09820534401 648689.1072706768 503.1587712304702 
5311.689498542507 1636764.587108653 1475.860347991037 
5227.12925516039 30577567.515303727 27030.807663865962 
5227.122721270342 42663375.83811678 28056.38166013247 
6023.217347542233 586692.617619323 198.51915457365635 
5717.28243573227 569708.4283236342 412.59266750345273 
7258.242085020025 311197.2554868922 64.57317804859123 
5227.0625155830585 29893369.376305982 29494.849160410664 
6880.747793683829 336786.9413855385 82.13056654721696 
5298.830404985388 1982947.8954972457 1830.856287669117 
5227.098374468158 46142127.94022656 29132.852607300305 
6154.198973160599 445965.5282148442 192.48643347823563 
5228.017910261226 27815438.937474918 17574.468043079665 
6110.07859088344 469343.75322158175 249.70414553963215 
6338.474386209011 404898.93873518147 121.66504159795502 
6390.230599145736 372234.87556083617 141.05543374906514 
6709.2969059613115 346033.4123181559 81.55928435403881 
7087.234715869607 317759.29489697586 72.48033259272057 
5229.201926743718 22287077.697067592 20189.852356679978 
6641.048223728948 368131.12262707704 98.75445668284857 
5416.833407326525 920547.9680526097 676.6714696240196 
5227.750789794521 43365410.89089242 19640.227450733335 
5335.8566288619695 1060664.8387837105 921.0388227630937 
5228.7824329818795 21133196.883746438 20749.95099311463 
5236.860913008395 10267345.730023032 6508.214451712266 
6365.156247065536 407340.3265746769 118.93366981796558 
5589.600876417895 667875.3840529892 553.979552387419 
6667.099654770718 368429.6865206908 90.91831804451016 
5351.597780438354 991354.2708902793 806.7003674801175 
6753.495945331536 339074.66060291487 114.24519042352856 
5239.953227739918 5851076.691436889 6526.7197594467 
5229.588027743188 15768337.3450952 11783.331817348911 
6130.08508590521 541939.3152836297 177.02972737497984 
7107.485832440983 326642.5370142081 69.83071351368919 
5227.836188431458 46000837.77564812 19086.74182632807 
5227.009834210003 45548681.99074825 37840.52905028064 
6003.321673275233 515303.0787014472 217.1779984048958 
7130.505889071961 312548.00459590054 63.73515177924481 
7049.962821401532 341243.73394534807 66.40163584365548 
5227.006166142179 47741853.44481855 41405.3747109692 
5432.444225933583 881228.1629256278 645.7213787782141 
