7637.948361610202 299431.6353990678 62.84799999682903 
5226.940059059536 205628156.9425344 119054.77785383882 
7341.67644282051 327640.7342774057 50.11965047984359 
5226.966275171639 113306907.20060866 51825.87223040825 
5226.9420000925875 75149613.35680778 78472.52635418474 
5228.0086547931505 33618662.528708644 26541.536652263352 
5226.946014938714 74862728.71010712 68009.54893652057 
5226.954630843273 65778434.9292433 62163.96677203252 
5227.110238357779 31552335.21780257 27348.18167994009 
5227.062945161504 29013049.709274642 31982.34893703476 
7596.456973309241 304550.0921053899 59.43521059845899 
5231.124769614675 9071731.704456098 13823.819716403477 
5227.0208449745915 57026403.41948188 34617.16110488409 
5230.894048344673 36243368.623212576 10390.255624358888 
5226.978405285168 131524225.76614894 49656.27527855857 
5238.7633885814375 13270952.512267414 12954.893758201564 
7263.51948245497 305689.0116887831 61.24763099392578 
5226.973997170504 42005075.67714002 49026.04778937455 
5226.967724708368 49795042.50469497 52789.68347878919 
5240.27477845657 6449093.071278791 7031.946820603788 
5226.948774321674 63377731.721890055 66067.26854084327 
5227.03855236332 35875319.75224793 38125.802008271545 
7155.34236110972 311354.9780556139 52.006375843779935 
5249.6434439646755 5358072.0764578525 5041.842881569858 
5227.00179358041 41316971.166667566 37823.25386015796 
5436.472628938316 877506.8035861813 640.6016376047321 
5532.037573819827 854141.8784340367 744.1288525702789 
5254.903923508424 3818837.607351246 3237.6660698807063 
5811.226424923832 557867.0307483658 351.0665487377087 
6784.196689403261 335063.63223270536 87.51911094025581 
5736.190552856627 547541.1379177814 398.2348334320944 
5937.386737118165 529563.0381084594 242.29459697805234 
6270.608874553284 378756.05657160963 156.23402432430396 
6842.61165512082 326888.23532991984 95.35618772446287 
5274.0484578751475 2166023.0701634972 2320.6854286839925 
5615.0281227919295 715679.7821482329 550.325225072097 
5582.6373522581125 756761.2246120224 578.9267419216972 
5311.653435748509 1637770.2625415388 1477.9991956819233 
5839.673608577069 525183.6979171259 336.32295215219904 
6190.704148261798 405765.3451597221 181.06892964151226 
5661.214299265328 602217.6523612216 514.4045057327818 
5971.7751273175645 482192.84217073314 274.898189197484 
6000.0660465323945 684087.021862375 231.5392609101581 
6322.353914916192 374754.1771535312 130.90938805538863 
6685.861103298475 349249.6831557335 88.41799473908068 
5379.849233129432 1175267.8570759625 754.8804726831931 
6036.385123210841 530616.4645000638 214.86137605148784 
5279.875106808589 1582147.3366296045 1590.4061633371884 
6107.471747841012 525659.1815899614 174.08108238481879 
5335.849915763086 1060200.784459539 922.1836035917187 
6509.796746639315 357835.0139202059 114.37460436831552 
7113.529223552252 338619.4494191375 54.03768974682997 
6392.862424181447 402975.7831859604 119.40273716327872 
7075.963802410524 345656.7689147221 60.518324374852874 
7051.060191112076 329376.1781052992 60.12770752691833 
6941.940734185911 340637.8198931324 75.52469190015316 
5710.4235147852205 569375.1598494456 420.49714481221883 
6384.167896560705 368264.24566361675 152.26781148153617 
6274.632513768076 388325.636946258 125.1612042868419 
7014.472724325619 327669.72451298643 62.641340844893875 
6549.713989608979 348901.72623956465 126.3834222873387 
5885.747475312844 530170.2509298656 310.3514347454917 
6872.392370672215 329394.32021265064 88.85663609308592 
5355.2926735867 991322.8977541681 798.6187287502672 
6079.272849094829 455405.6362684984 250.02516974651098 
6921.400036451543 332028.1562319285 76.44515992573804 
6138.779089086235 471949.7054483961 172.84461339154615 
5883.982149264248 547828.0416904673 310.56360943513187 
6059.955007092488 606762.8194743041 195.4736400530274 
7099.918129802834 346418.43265515356 51.80126371908878 
6153.377288207688 456888.34737367986 176.5486451405167 
6615.590758579365 350394.76068351447 132.81811866700735 
6895.680765741466 329417.5752661391 85.329056560601 
6559.809928761732 351866.45178797474 100.78409564717681 
6580.198135041256 360376.7978973629 99.87295736247923 
6182.000812249876 444125.52376092796 197.51647357296787 
6973.310850449826 339906.25570883503 65.49849173015274 
6647.1600213185375 342105.97985114413 122.5421168085453 
6710.230402068248 338814.7806677175 97.8848829975038 
5409.578923912437 924175.6917252183 689.451220076656 
6435.158357875549 365964.423790292 134.96139852313962 
5551.630802246606 792337.3642547016 698.3070737114427 
6338.144848293663 380479.6932698127 130.35066684770158 
6992.4907016765155 321914.8032640806 77.57701429451602 
6353.199660206654 374403.23878893343 161.79866868589238 
6727.707314934451 347244.22500832396 73.69572190017178 
5565.340681019335 782795.4374904868 690.4484491170864 
5415.078705923085 926122.6750822258 663.7598090306396 
5711.5958430529145 563637.7055764119 415.2575487778992 
6979.418885447932 328523.2343107999 65.004394444662 
6714.2329160135605 331088.4239927574 117.124765629378 
6189.799546062638 412254.6776399701 147.74410595976605 
5226.943872894726 76287445.62493001 78466.70734330075 
6831.342297213832 350409.6451693498 70.78680065815414 
5226.983089599671 46535488.51430728 41165.03944682179 
6617.462528291226 367857.58161701314 76.36873546305965 
6819.613955313302 342102.606153036 88.59561078236077 
6437.600869874732 357232.3934912475 122.42718436426325 
7340.25344753448 307486.9416669086 47.906699734418794 
5226.966399547421 123607313.49253798 53719.28466261405 
