7480.982174886075 320802.99836933083 48.03714789241007 
5226.9389475725275 226264440.36299375 267698.1476359891 
7138.279440296464 312853.5367417747 64.2407362878315 
5226.940126905098 415023709.77258724 91862.92508574355 
5226.940914609409 104141414.97728582 85811.04737467993 
5226.984277863806 42236232.39549834 43609.54363183153 
5226.945739649163 397073946.964248 83970.90107003353 
5226.947118884696 76817470.21869808 70679.7490960023 
7265.609131509762 330412.00400684826 52.316374750185076 
5226.985489163224 53924080.51845417 48923.87797065349 
5226.965482619592 87718705.0920078 55317.295875625656 
7342.643242727066 319126.40468065714 52.53106457562518 
5227.0281559602 36726756.31079115 32559.9555411087 
6994.517404746709 324263.33605268976 70.32160108004307 
5429.196015393135 884210.8581054696 652.8993593655625 
6664.165242311623 336592.9720127164 96.79293145240618 
5533.360825314232 847358.7572687919 748.10668487778 
5226.967199384497 68148217.24350238 61216.36832223248 
5226.957305740791 74014489.80165997 65155.6193456074 
5949.219414677591 522936.9293313763 253.59016536721995 
5226.96545881131 61301346.16162513 63049.74684338385 
5229.180456636091 10567935.514443226 10251.53335774981 
5226.968891460615 65692885.08484878 56844.99315975813 
5227.137424270912 29825374.53288532 26749.448626377234 
7084.004759398707 319775.3745889715 66.04109605875054 
5845.228934062001 529827.3571187675 321.7051867387559 
6900.868290549617 331051.99202061346 70.1390335723024 
6751.669931877595 345631.17201291234 89.16614213099572 
6623.647747173747 344060.35670556064 99.14298705076826 
5231.054449646002 15933345.458492614 6563.299792035416 
6820.723657272619 343119.4302315754 86.4901710764077 
6261.332962893024 398005.5117517689 163.54075040340197 
5352.677812642554 1014966.7044856475 788.1177983008824 
6452.9308296506215 377942.9313402844 125.80233709667273 
6923.142847986847 341545.7361043308 65.66461528983477 
7317.4047152199 330342.8811625725 49.09101719549935 
5227.006405847744 47010565.18310359 39043.59745855696 
5298.6551835810815 1686505.9969903564 1485.6164242351872 
5227.195734479716 22316902.448039584 19265.878060150688 
6378.7463068343395 370692.3650349169 139.22686094810697 
5230.593853970289 8127309.341512594 7961.86277641702 
5227.023462553646 33105705.39930788 34761.13264419977 
5253.271518957151 4120869.740561702 3687.663765355334 
5227.164447233153 24730339.454068273 21354.86782061186 
5823.486413486486 862177.1322803857 347.5335873300199 
6783.150960825679 373910.75981798855 87.4064375014739 
5773.366104445349 564261.2361127066 390.61360924995665 
5226.980020494762 88855565.47476172 48552.49723644935 
6506.506929907548 362128.6456420236 117.34211748357825 
5227.258899286864 18446404.710326675 16146.848574639806 
5645.087956491308 762296.5572937289 513.3628738980465 
5226.9555483108115 83363782.77539754 69379.62348484276 
5227.065438230815 25273241.950351566 29820.23028504267 
6364.913395810539 365090.7617579487 159.39742091059657 
5554.165088176929 842582.9256860106 728.1282163955748 
5227.1376813950565 22988876.05319167 23561.812134013275 
5594.1685508323835 795081.0645435102 652.3921354657128 
5244.09276811045 8342527.411681702 3117.2738750528924 
5378.129234113223 1068802.3790542455 753.342466265114 
6573.782096693316 347665.5677286131 104.7011387115389 
5235.138311799676 3322488.7466146136 4380.471420051439 
6232.943027252795 409749.89394318557 173.11748402283357 
6917.648162786631 330205.492759476 75.82715829689997 
6324.478810779494 370057.00120501936 143.65502108148348 
6204.500013146798 425148.00783934083 186.03256338882454 
6459.416129566802 367183.7154733039 116.59827584369418 
5612.1527478744665 674336.6426356876 574.633655125814 
5693.300310825991 614170.666216954 463.7392184568375 
6185.118810871692 399863.4315394535 230.5557135533015 
5265.2451783635815 2129137.6281100544 2361.6964802013017 
5406.085282841203 953017.5069350686 734.2473651081684 
6153.967661579835 465239.4804059806 195.60827450886228 
6531.576796545434 351319.39551733347 148.64771217400678 
6044.801093400968 473222.00804832485 228.00465390978232 
5674.177216475749 581502.9762292721 472.63490205896466 
5227.757629438619 16087557.817395547 12826.421591206217 
5227.442846412947 20065991.689016376 15529.363974628124 
5227.490416387445 17288887.20854842 14117.690170624059 
6018.629416759381 530694.0906952862 249.17831695676045 
5758.6354443418495 560160.6209776136 405.96633997790696 
6557.066165210117 359531.43913158023 99.88393479929061 
6316.4709204276605 380117.2955239196 133.3236965652825 
5967.050988724102 489238.4613548797 300.9332424538279 
5227.079259290294 22036244.509019718 27498.22712295007 
6067.821733486541 471647.6084852097 270.110849591859 
6110.445245194135 440297.156064843 243.29732047203424 
5725.725648613763 602596.2399790301 431.68097957556535 
5227.010062777159 33548642.353570852 36420.83492249125 
5226.964132001987 72435100.04459518 63994.456514462356 
6082.631145967426 463143.0628097057 233.55026740069013 
5279.920519464761 1578306.2773665676 1589.9641479294626 
6129.834267458841 498674.3587706734 165.50462855730055 
5729.416064159202 578285.3197523989 408.5924191277767 
5990.182247578041 472185.13623835053 291.7703935458324 
6753.0490708447705 359146.977010348 87.46923022573647 
5286.327736607471 2088815.8936661906 1040.7236561486827 
5999.675951737878 474813.53057950985 276.8304908403838 
6120.807345438471 438668.84735550673 208.42347556983188 
5841.290823089159 525972.1450048846 352.00809212599563 
6378.352792794921 374724.97300629935 132.7013817567022 
