5226.943948688221 202322091.65775996 129088.95637936033 
7381.1889001635045 312139.70765630173 49.775079531225174 
7692.6916444807175 311535.5619381372 50.1027756354318 
7663.320274694331 306067.7005474435 65.68872246341931 
5226.946594785427 89822038.89446151 81638.5455754287 
5226.950592298423 167928537.49635133 96857.57833840606 
5226.9491846908795 154304075.6714685 109089.41835715526 
5227.006353202772 64700029.24445288 40772.131503847384 
5226.956022414311 68082437.50274754 62154.47315188311 
5226.954960098401 89632504.95690998 75169.53691472301 
5226.96184501961 82054878.2827317 83499.40637870734 
7093.5243951656885 322813.71060969273 59.56898430104388 
7584.460375782612 311813.49654034653 48.73389614055905 
7328.549452236099 313790.04542693536 57.721453395221275 
5226.951553429725 90333898.86115317 77617.55394578147 
5226.963612866142 52052230.444664 59517.97671426429 
5226.987069250124 60766793.35015741 47299.62003889284 
6137.0229924292935 436506.17960470624 166.12873964424247 
5226.967384392608 39455677.44064687 47323.106935540265 
5227.154469395816 26080120.323210426 21162.619162661398 
5226.963554097861 63945975.70944914 63491.306967774406 
5227.074537515416 42405069.2237632 29582.63269629763 
5227.523834196876 20248413.794485264 17356.706199724696 
6540.74202700037 388271.43044477934 105.21402053461799 
6699.85494032986 391486.3655096992 71.81753373200362 
6913.342271971282 377674.6950860763 66.84433639971762 
5227.003030376763 175149606.50611046 46578.718538702364 
6238.801331969986 600742.1444738954 164.65050563059785 
5675.094968613028 702468.1488370616 483.7913049287804 
6824.320239501504 349435.1510724005 82.07504943729732 
6618.079763492315 381047.1625207779 107.1646938700204 
6790.003442524265 359072.5599385607 91.87617977212696 
5227.597952711546 17029644.737227358 15382.002743851826 
5227.127776364676 34532940.295105815 21908.833463079558 
5848.074505597551 709443.7921990436 399.38470775430574 
5918.772602466363 764126.7115160931 376.6321501828632 
5227.016326534615 50681929.46342071 37729.899511077805 
5227.033214405241 54581677.229129255 32579.66177553709 
5613.922264657446 703444.2106097919 583.0861626075513 
5227.014742695623 189965290.75235298 42528.484824923566 
6481.243311096994 367357.5402369954 125.53072256447756 
6063.5555751055945 491169.59150511416 246.322526316456 
7063.516581460242 332841.8601179286 77.06470560325508 
6937.202238854064 350505.7332241133 62.76639416526548 
5227.040616708041 42133012.12907021 31197.995354133127 
5555.30070608607 770901.654872234 714.0636514472724 
5254.238305888998 3379354.8688319027 2453.5342061775154 
5766.8272645815305 555165.5113508431 475.2141821692213 
6661.3108611832495 372006.3455960118 73.68224707466509 
5229.116942985092 8606106.492063336 7776.946785400107 
5227.096475113569 36358406.931796536 24286.777943883295 
5818.557336143722 610495.9417283523 424.6925700174576 
7635.831482276069 315850.721800876 49.79743060561307 
5227.31593396761 37034649.33054732 20489.911322337153 
5234.673436198855 3195279.8021335592 4121.929332756911 
6352.622097383141 416000.7712519188 160.70010085797304 
7007.781625757723 335437.500433239 93.99650437137802 
5496.9997193181325 926577.085640335 605.601034512763 
5228.055288520924 16391901.97739189 12868.809412961184 
5278.560061445538 1557184.0289824947 1583.639108967886 
6259.091191192666 418184.80855837103 181.29894303740906 
5227.029316585751 59049202.0056181 33652.360644541295 
5227.2689054119 39135055.696486 18379.162278564585 
5733.030142443825 619146.5664610612 441.670622743365 
5228.117255411761 13069047.798976153 11016.449837347784 
5227.071640828041 35077727.321078345 36085.39661372063 
6989.118910450541 346119.43575503054 74.46732718754838 
5230.352407562615 6803866.625787066 5679.805420050514 
5989.750443803486 591211.0924653669 309.42243585877765 
5249.528477536768 2584743.0691128126 3197.4567690690737 
5578.926697516621 706405.9224280809 648.8825497644184 
6305.311201661787 642144.5555800864 149.73775189016044 
5389.305161195467 980835.8620631793 728.944309663551 
5443.7587175582885 929903.3043264152 692.8228638912285 
5227.024357106262 43478197.489349015 34231.12427924149 
5428.28012217496 1034823.6673946098 705.852095432016 
5227.18540297474 36426621.84324953 26196.263032053135 
5301.152665854024 1539378.290316154 1399.9436245770048 
5486.186830574478 938157.2702211322 627.4437876540488 
6388.660977747096 398007.063276581 150.53324584601398 
5227.1017152030745 33389053.900137752 27916.373745149227 
5229.935031916667 6927408.283817279 5847.576835311212 
6460.486754119786 372853.53222026606 135.6633694317348 
5228.164167522105 12327566.0601437 10110.604094565024 
5317.526835630349 1072000.1384769282 932.8709093102073 
5227.077835694737 43444673.419270545 26959.16067864799 
5227.961338037745 16948828.17157869 12484.570870407219 
7374.804336472043 313632.6650093869 58.10951403841446 
6316.96418925371 462552.0734524671 160.06428058432542 
7333.829140248341 316976.67110692075 54.012917023788034 
5228.381722518844 10090298.366758104 8936.822254024326 
5956.289013873597 502287.10184960195 354.12464850479404 
6430.329388322034 394466.9121192932 165.97947571915378 
5370.813734785111 997950.4241484499 828.9123559712413 
5351.293887692597 1888154.3159410597 818.9568125273125 
6016.3526539757895 526990.4746630335 303.6550077050534 
5945.5433885319235 914762.1462573882 373.47489733081574 
6050.372712953229 621027.1683764228 222.36872265454156 
5737.804941719494 544415.0139495878 507.8075314652518 
5227.071542190282 32772894.197733562 35335.775903543705 
