5226.956885901958 607092961.4959651 170326.63841498806 
7330.923389093534 332615.0274413667 79.45999419263379 
7239.118176446918 347464.272373336 68.76918363605387 
5226.962391325082 344444542.7848985 164690.20910729596 
5226.962986936657 77626772.2068206 82150.73991507848 
5226.960788016973 608137390.1176631 169259.218990347 
5226.980146517533 94895690.44487591 65523.40959188683 
7094.8607328107 343882.80448217917 93.8000137074892 
5226.966242138334 57302627.045315646 73116.17578803965 
6994.7944923921405 350145.8134397068 74.67782967732195 
5747.8215297467505 592125.1810251662 414.4389874424034 
6199.850705068082 434050.4757370764 193.31322110151177 
5497.096953468979 1341916.173273933 698.4481108413494 
6916.009145373122 357135.20099656814 80.93888506938357 
6298.749587075246 419064.5096038366 232.9615532370252 
7236.058204338704 349192.64524429414 93.17475109854959 
5226.982345556813 86488679.98700623 61643.231550982826 
5884.488897394098 634317.5704403196 387.0549202876858 
5226.968085036883 59851722.810169816 67565.2622030156 
5573.462573839256 1212945.7349324303 722.6510301380272 
5226.98946188278 72305042.17787576 55544.098157943394 
5663.989397018514 855838.4609529026 610.7832200992344 
6845.642567748417 362471.66049105366 85.81803334843063 
7285.399919086908 341454.6593087498 73.52645460149098 
5226.991492531486 77072029.24749823 51447.24852620865 
6639.381329233548 378548.52340944426 115.5429444897678 
6524.844904236824 390477.25507642 192.83023801393318 
6406.547774436501 449855.1008163707 161.068449936741 
6583.715909713134 399870.34039332287 114.7638720120261 
5227.100041916756 56154953.02886077 33434.74869386024 
5226.986767558466 82073854.00074986 55177.52461789902 
5227.043869634359 44349097.192573264 35729.28806026754 
6060.905736837955 480329.98968000175 318.94587202536997 
6132.177774235016 463442.6480511128 330.52683197672894 
5362.725813425555 1134373.1040814577 863.9687574386476 
5925.164983368086 556268.9277829711 368.2400161285276 
6708.790076097345 362092.4957948721 91.30117867367458 
5427.949070347911 1122207.800427343 731.4320819816035 
5227.107607167508 47212069.62146643 30241.889519943783 
6140.368279539029 436198.3693532015 213.69663354216993 
5226.981997690213 93069075.52192067 65631.77384021778 
5625.028285439342 720121.9337817274 619.6371579865844 
6347.513884497699 541600.4809492138 175.44093750644913 
5273.603442698476 1993791.0385200318 1720.5974560597708 
5227.877028465916 12008300.826059707 10646.385521990824 
5227.147060731189 40381772.61364905 25692.88310255863 
5227.652908894924 15072778.902423397 13407.521100938762 
6470.817480466623 390909.57044527784 152.74810625775996 
5318.075946994499 987189.2283206901 875.9095432822494 
5393.26732363163 1153859.681059014 811.7551110962346 
5305.506358844573 3222433.0231932253 1294.6908950955715 
5227.496912843802 15245084.515551627 15084.799228670663 
5226.983161057073 68285670.32807848 65748.76517046055 
5226.995746395319 73696611.23798595 49255.83655399644 
6756.043632122002 357960.5445322949 96.15184960734578 
5227.005753812083 63427049.842664704 44330.2925580104 
5228.138641276925 10282262.573736666 9352.60390614414 
5227.00094643924 66694930.22285852 46725.90348050361 
6819.508576521791 355703.90291911695 97.5788791889237 
5717.7556232648585 1327132.375461334 563.2189369854323 
5959.485423575014 535128.4285598338 352.63856915733686 
5227.123218241903 32059559.084920567 28693.81863956047 
5227.171230609715 31950200.924565297 21680.61615063976 
5977.723298908422 710119.9341612085 351.97634363566897 
5227.03478252411 49631791.42116158 37297.92477290897 
6562.659417396544 378072.34268802276 169.27078621227903 
5227.158987033767 35693213.79515802 24109.099940551427 
6784.81182550647 357265.0448350187 101.86553238407653 
5250.997697804321 2125392.461430164 2143.3949109457662 
5227.15989488493 35976116.40679938 22670.127088988065 
5227.280397598062 28024979.5488746 19390.540515341938 
5598.868624460363 688137.0860246744 636.3429331174628 
5227.423716811388 22530243.26674249 16835.96261399863 
5227.1315623516175 54406667.997148685 27170.011549284533 
5231.338957806486 5710433.007583703 4958.269844134124 
5227.313638599097 26805588.365241326 18470.42402921252 
5229.521910517598 8214191.4850977445 7058.7141838823345 
5227.373562275478 20196756.929017883 17109.429115488892 
6337.548065035692 475860.0421318963 191.87496204316284 
5888.114537038622 623893.0307457532 386.15588591504314 
5240.284270598489 2353201.7541518738 3044.7928938634063 
5227.008531841282 61585883.38494479 42395.870743107684 
5227.02964530929 50693736.88886609 39856.60540578964 
6011.854867535267 597784.6194281618 335.1668831874023 
5713.752233419231 1220912.7697380616 597.6727866028563 
5236.205094903694 4184642.382315666 4092.1369365911273 
5226.9979560578695 73768047.07204916 47083.61027369695 
5424.218813167619 1520050.0676409265 794.5219437337987 
5227.009849609434 62066030.71225765 39336.02800219544 
5230.192522725491 8090812.272517096 6374.582222596649 
6666.181598168806 360258.3451024016 134.09246694973086 
6681.121114090998 366162.8081998041 95.59049991940933 
6461.021288859554 397975.32789602655 133.4246095665679 
5227.014483231715 55343604.14909202 41527.05105566375 
6433.546442489951 408842.61094795185 201.95845177104175 
6037.814329940069 491395.82627620857 303.3772509685169 
6429.269788921518 419674.3298112261 192.63181877956083 
6768.577113157589 376090.9363990973 91.32279269449843 
6051.357738506768 685388.3315848078 289.7349621759033 
6674.54774598878 500019.49631881155 111.6875665089463 
