7617.569811586257 296976.55278377165 65.89750595865021 
5226.940393046665 205801760.50906855 117831.5481930377 
7343.818712708963 306745.9140399032 47.587548822470836 
5226.942022898658 81582039.0275362 79608.01683112589 
5226.966276375602 113348689.98600423 51908.48037639769 
5226.980929476547 102902335.0554317 47354.49865244266 
5226.945959226838 57376137.235349044 67486.49781198525 
5226.96884961122 50544546.71921853 52311.478038012276 
7588.576769274407 306721.95676493103 59.373084694888654 
5227.063257403101 26342817.395207252 31167.694087118085 
5227.134485852807 26333443.9465116 24400.643857214072 
5226.948942456625 63611072.96549754 65678.84471213033 
5226.954908990878 65808914.20812745 61646.314127780395 
5226.9675372617 73229996.73312098 61102.75359846648 
5227.020824081014 46105394.20058258 34501.06988736231 
5227.110294159008 27780754.349093795 28309.528095786074 
5231.123795515904 9195384.111274565 13830.231614463182 
5226.98359609281 49246025.59072046 41939.298402425666 
5229.379816277391 17236337.77059656 19311.163705625993 
5230.477712013842 17109286.0399327 19284.471610744396 
5231.5769366590885 21813554.609214142 12083.428682412874 
5230.894351780493 36208344.99354626 10382.069739056004 
7159.504923108499 310016.41259498056 56.22199761461593 
5226.997703864088 41022255.45783215 40799.84958622822 
7260.780399296994 305181.8379003047 62.57065742002412 
5240.276256117258 11727325.117797242 7083.924308033495 
5226.973824461149 59707887.8876052 47980.64472181113 
5227.033799960235 47102802.332962535 35478.262863602075 
5436.472628938316 877506.8035861813 640.6016376047321 
5226.975456699455 43302257.67593646 49856.27450868735 
5531.964623983997 854045.4697208342 745.4087345787908 
5227.038849411372 35879731.06902651 37932.184435118914 
6516.27779491973 358546.7811380757 112.21526694256265 
5238.768985661614 15230534.954618279 12875.117822480339 
5811.550343636569 557691.8781557434 349.09053825338844 
6781.530035415328 337268.8484897355 87.8542091818789 
5736.185179765017 547670.6892603949 398.2720188460045 
5248.581376856579 7032752.7567348955 6150.095626017757 
5937.9300777383005 528676.5507913724 242.02294172266045 
5659.8326001716105 604917.7906976966 518.5251958248755 
5249.642679298508 5326786.230679786 5031.581876711196 
6320.4643775766 379822.1220126174 130.25903303588717 
6435.505106704831 362265.4210399658 123.7173722964838 
6218.914163592522 409188.7837537448 156.3353569175731 
7306.096217591763 306110.07309839077 61.18478983426793 
5311.6366037200605 1641901.5173243182 1480.1667363137437 
6871.801037079348 329119.5682868705 87.69265267537368 
5616.308715866124 714128.7130248647 545.971071263808 
5270.502023737974 3387337.7573575946 3809.7054656059813 
5254.903622001572 3650296.042604632 3197.4795389115834 
6731.73784925626 343043.4444945988 75.77148368073526 
7112.680723403391 348107.38972339896 54.92801690017477 
5227.000530458872 41209243.106042 38101.00180630877 
6646.188181218069 341528.8458657764 117.87600603465522 
6567.722001403713 363807.92625623086 99.10445937829425 
6682.477325054587 351921.2619371185 82.57819357027543 
5982.519580589281 492345.97720102634 275.4363883886301 
5274.0484578751475 2166023.0701634972 2320.6854286839925 
7092.225394874771 355529.89375079423 55.39337663815173 
5379.849459254798 1175358.534647017 754.937486474973 
6353.305475819 374277.60407716257 161.2284636289428 
6831.342297213832 350409.6451693498 70.78680065815414 
5279.870006542768 1578041.0877039996 1590.1995150563082 
5335.849915763086 1060200.784459539 922.1836035917187 
6190.336809213682 405445.14686793333 170.17891662274866 
5710.421964877843 569386.0145678493 420.5326497132102 
5885.747475312844 530170.2509298656 310.3514347454917 
5587.014788393779 668207.3653176764 558.1523567999627 
6967.641838750552 338114.2738227937 74.14025589357495 
7050.967760045294 327143.06637344626 58.36424112961954 
6271.376796133109 388496.85407226026 126.34168287183336 
6268.206433115712 381469.7168602335 143.93204265849187 
5999.46914191691 680600.257704154 232.1269441026379 
6393.606466409912 403215.04168767657 119.38276603955923 
6973.310850449826 339906.25570883503 65.49849173015274 
6142.206351666032 474386.76938709314 183.56325656291963 
5355.2926735867 991322.8977541681 798.6187287502672 
6917.952020121399 349608.76209859736 68.75096485947792 
6163.08584054113 429656.7432333158 178.25011773365983 
7014.313356073834 327319.37711211655 62.67178946636499 
6435.3593949707665 366027.34692676354 131.71202549645582 
5843.198317635692 598076.6362692799 331.7088502759225 
6059.955007092488 606762.8194743041 195.4736400530274 
6712.749806816772 339245.3453311218 101.82214233633994 
5883.982149264248 547828.0416904673 310.56360943513187 
6992.4905153237905 321896.4212809703 77.57243492505813 
6842.61165512082 326888.23532991984 95.35618772446287 
6381.168299388675 369598.8807904524 126.62476242046169 
6034.076712716697 517549.51371044526 225.86036591316966 
6614.264037515911 356873.71630420256 97.7916473272181 
5565.340681019335 782795.4374904868 690.4484491170864 
5409.578923912437 924175.6917252183 689.451220076656 
7038.6627166603475 322624.84796954505 67.34778353175841 
5551.55692410479 792217.3328714438 699.5856907939609 
6109.514414546145 430200.4644191339 192.4535253049053 
6546.555300230654 351153.16015830054 120.09847535244334 
6112.479529806594 506744.1432502506 161.14883803840377 
6548.982595047652 352451.6734856479 100.24072938786017 
6610.003681352224 369265.7078579057 76.36873546305965 
5840.3844109156535 527747.4194789822 334.46147249070646 
