5228.093039976312 19710597.354682542 11190.336352421888 
6496.806014896498 581625.5586126997 331.48264819445666 
5228.254502110317 19836181.174070917 10349.772627986265 
6937.885194806688 613543.1562186505 272.85026586531404 
6919.522498678335 628335.4458952721 262.12482505948276 
6525.439206609382 690962.5494101171 311.2319948846883 
6793.940588642507 638483.8949510095 291.7752511256159 
5229.826494490627 13309076.949437827 7817.257227189711 
5228.283351593091 17935961.294661507 9740.858632491825 
5228.175194027071 19058055.79251754 10759.038863598465 
5298.118007985891 2542232.57941124 1876.1867250051594 
6080.427848233843 1116722.681635092 544.2391843256212 
5663.578347290325 1049842.5501389161 771.132771535661 
5230.154405585729 11606780.085742092 7864.151421161562 
5235.038713493036 5790895.377284957 5107.329094205838 
5231.705121931474 8950551.593759043 5815.320197936062 
6121.746763069522 4230966.296285961 517.6165945246673 
5960.448850988747 1165274.1390305613 585.0320681991333 
5228.42811176856 16106889.246488858 9371.645015481197 
6423.804138906413 617913.1741352822 383.31536030417834 
5552.784160197888 1524490.1289174987 780.210119468708 
5228.173667332358 18600766.36215827 10946.495605660939 
5251.992370100168 7228703.516936498 3174.533967404263 
5280.622499024433 6369186.92810381 2544.0384162982123 
5230.358750093317 10270234.898701664 7642.0304040938045 
5228.5179637604515 16609835.855733227 9085.705194491356 
5230.3506677269215 9354570.227003202 8212.731566820832 
5261.240510682231 4177565.2074890346 3211.1404608401754 
6812.075300332701 617953.2356183815 284.7020604895654 
5228.579588791468 14109433.927440425 8951.544283523992 
5254.097974229226 6007193.118203334 3526.7857365680234 
5412.617193903424 3341539.4135193177 1081.3958939688578 
5241.472579594252 9857594.95567334 4468.55493415439 
5319.218253084017 3619660.155706887 1327.0414010984343 
5230.15782416128 10895314.379729137 7888.047764288346 
5253.165191248161 4860335.551425958 4103.677147208869 
5230.021828244004 10931807.226280317 8426.26838509433 
5875.838499948952 1233859.7766325334 602.5038452847396 
6204.780130537853 782156.5479287574 597.2383333933107 
5228.226021217386 17570257.366041355 10390.312473749234 
5230.700819676887 8098077.219992821 7162.098706284241 
5241.294670905243 5301697.421562835 4725.742393254201 
5283.863813337798 3249170.6524830363 2196.1554369949295 
5229.408311570198 14764317.894231403 8612.50467590299 
5228.653914291094 13785205.465697354 9150.181606569671 
5228.498984575791 15438103.08011022 9350.946733565033 
5270.222355142807 11475183.80058045 2516.136954646812 
5802.895854364963 1313610.0237804332 660.8772609386499 
5245.55688379135 7913781.219276445 3753.836079681595 
5753.936999866249 1408156.4929400973 664.6730090479703 
6315.942057871917 807648.8101035687 383.1117941987943 
5244.428068922647 6203851.116634447 4319.731864974639 
6359.125141708957 626213.703676009 365.8491884143935 
5229.283894946795 14888373.858031677 8835.477218505224 
5229.304462861683 15592506.758344337 8548.152011755337 
5426.338020358316 1685414.65398492 1069.9581718249876 
5229.21026559163 17194198.682342995 8158.820185615564 
5360.990399990229 1912850.387204095 1209.8905913231752 
6248.260607392738 1054824.3673181413 420.2239092298974 
5230.687133231093 8984784.074621886 6841.511083539063 
5465.357471102968 2024877.4719660555 991.5473414554249 
5251.102637969669 5671206.676115418 3669.939228120535 
5694.728070539632 1272991.0865974596 725.7097933890055 
5230.4358976643625 7912344.433340976 7496.789677644072 
5289.98506208656 3555844.1805007323 2302.4722334676 
5229.601314885524 13855570.150788702 8064.113258267966 
5725.117149938678 2301851.3042082693 658.544939708752 
5228.395812278356 17268328.59344846 10886.090403989037 
5461.1531561720485 2289074.991686439 935.8263144697767 
5273.376328467331 4454498.139364478 2974.202238325963 
5345.44912574419 2160968.273015511 1572.5903142059988 
5230.712960878864 7627004.564287407 7241.433777453811 
5231.019168288426 8433651.062888963 6355.697214360045 
5787.82475139908 1530309.192279039 596.7896893200807 
6280.205461682987 674289.9955406626 507.72900200192277 
5935.380237077015 1194956.8511456018 739.0173431440976 
5506.625015952206 1472037.178370744 863.3470595146255 
5230.926261427628 8560641.250348406 6660.394699948708 
5378.318978676487 4550870.249583838 1103.376076417476 
5346.682491664085 2135974.2097563636 1429.4684738752667 
5230.836117030004 9915912.877224525 6554.777307246603 
5327.466619747793 2502880.181653678 1685.956597004129 
5498.707921829571 1628587.9713804685 821.0625854720839 
5236.705350610705 7428573.151017582 4948.046085535079 
5539.152124141903 1296821.6883133193 823.9285807075128 
6342.756403499701 753554.6170278292 420.58756280438143 
5230.8303575640975 8502783.559598614 6854.949172543648 
5229.052789608163 17770674.30757963 8735.988584695991 
5231.136853604228 8734076.31060055 6318.995474896257 
5231.2977941250765 7633932.322386747 5980.631746215625 
5270.020163023506 4672208.333342947 2860.1642236538014 
5329.316473476105 2466769.307529588 1264.483882676456 
5280.737243771236 6349945.450525939 2758.1020174869063 
5400.488139334157 2306466.4492992247 1142.0198140989035 
6213.166254423576 698254.2465897214 588.8568737984621 
5260.615790096956 5403943.661353404 2952.2128860350895 
5231.202950157958 7753968.560566469 6147.969596041737 
5240.871313309945 4639680.821922316 4825.359528329723 
5905.195114058489 1290116.7038696932 522.7209798447564 
5242.873187807809 9858900.442778127 4109.733825923531 
