7139.640818836965 343453.4346295139 54.09504425716191 
7141.584675113524 330995.229663492 68.70096837257218 
5226.943491325903 153505976.5759452 125712.2078356048 
5226.947100540752 124779656.16042767 80045.90954198137 
5226.943667748232 175688371.48755154 99082.86954136059 
5226.945632706291 124500614.08945565 111069.061159527 
5226.944341643382 173898137.91106355 113759.3763038133 
5226.950937364875 80203985.76565675 68388.43148587272 
5226.946539790172 108069415.30891964 93423.00898881372 
5226.948477463179 112973605.95756742 90587.20363722312 
6851.6713355673055 346253.9710174035 75.97729613768244 
5226.984019692496 58627457.47346904 46503.6919328175 
7018.823585927648 401881.79245455505 76.89884821434723 
5226.949776117669 75972614.72691453 80254.43791698394 
6617.350563922592 373267.4321993329 81.40653469623022 
6768.147473023923 375764.0184252741 75.71455796487592 
5226.962736855748 48056091.109838754 61021.990048132044 
5227.028569820011 43065645.119138725 35582.79523804826 
7062.046015036476 336794.7023113007 73.59564052933385 
6175.345207543267 489259.4219159109 187.7733382874411 
5227.083403571867 36165218.767751575 29908.56838502297 
6099.909434984727 481489.9425550841 215.66666271710855 
5226.961753493114 52412400.782068826 63950.14981519919 
5226.963994130955 64234966.60602297 59480.02329889462 
5969.063720726846 549699.5117351948 311.8654923750485 
5226.994604932418 38911102.92810262 39692.54349966015 
5388.784902718248 899610.0630774258 725.3671357475425 
6392.496173181636 389285.17418710684 159.37577764725137 
5479.037968999845 1423687.8922174142 669.7522502293206 
5757.193269597439 573140.8510802257 438.0008464980311 
5226.988648098291 52522812.865255296 43410.3424469269 
5710.4403643612 656835.3944123631 455.77612834310617 
6770.216472631609 359721.34854887036 93.82258604483678 
6557.413941656446 403347.09675216 90.85131039768498 
5898.680101285387 558915.5091443872 325.4070189031905 
5525.255046379436 1342696.798435554 591.0371014674397 
6298.193558791395 485059.0705845001 162.60205287827495 
6502.492432738194 375155.0073207853 117.43254257665417 
5226.967770271231 60878697.04837681 56675.23933941456 
6437.553249541386 400276.97121809935 126.33202409685666 
6345.679638788905 423675.26644246373 178.4852998259602 
5321.203143189804 977695.1515789251 890.7632869688374 
6600.98658207487 383135.7375222958 109.33477753290376 
5227.365558393511 19077457.496027537 15660.749824326957 
5226.991990052757 48007527.19641481 41899.64179919609 
5646.286165877219 650149.9892653049 608.6093765145829 
5797.714366597991 542140.5742932253 379.2409198904466 
6463.98089487579 383660.236564465 153.30184416293997 
5227.223057913984 21168988.72144637 18447.86403965271 
5674.239345626026 682761.6733165123 567.3422947994325 
5366.418242140724 893240.1973755886 802.1005650897871 
5227.148605193885 25281711.005292293 23004.748721293552 
6001.422496502596 510208.9742885213 302.59904404574763 
5853.4668373658815 508611.85514562385 340.5762149700168 
6239.454005885877 447226.3511607641 185.46030678340375 
5227.214475167005 26335140.362439696 19716.668742670357 
5604.208441769213 805096.5641475171 599.1647854113436 
5227.117946626434 30838059.86727742 25194.046681717857 
6068.464501710249 564293.4794579211 241.93189267425464 
5226.977828875191 60794445.43746004 51689.56475212284 
5555.918106280993 783208.669056263 711.0725410106804 
5234.667519501662 6014237.1286877375 4173.0086774339425 
6207.25079312582 463642.5893821638 222.46143181962015 
5825.075483737279 534566.0944941004 399.82211323112716 
5228.056264206682 13469435.89839377 11102.253090231123 
5227.7504146387355 13860438.917514518 12087.361173734294 
5227.177978195712 19999306.869374506 21669.188335400777 
5228.764724541047 11612710.872605223 9173.46762078321 
5288.538512024737 1457486.7694799528 1539.1030788525047 
5251.032215008595 2066216.5661304132 2109.6719827446154 
5230.350200360173 6788221.293847878 5649.794666606582 
5583.138999731174 744227.5155662904 635.5929626500732 
5227.074197811099 45327818.03924691 27658.849189035976 
5239.790820410082 4228276.040986262 3565.640913667932 
5479.151771913547 1004339.2907597503 673.7054507575407 
5227.005461964614 49393068.404054105 38243.91304416218 
6318.245334630585 430972.0065611626 152.04995149962775 
5227.45049810988 15406649.214976352 17613.475299041467 
5243.012470749827 2657723.54994467 2936.8774832035056 
5226.964257116699 56758189.26243509 54556.710714651075 
5227.105415842702 48821491.92759727 25587.63762800722 
5889.584779637603 497694.0490150507 347.1276372995957 
5227.112354687217 36693860.91931238 24064.578017826967 
5227.004459458862 57302546.366916806 37691.62048450733 
6033.4121243368245 507763.5252881133 311.3286285284614 
5228.264707407934 10551619.301785165 9594.045274273289 
5227.656035895823 15727114.498172378 13986.222307250782 
5228.932778850127 8381173.981477578 7725.831802606796 
5227.078404531414 43168932.924152374 26892.08594648165 
5226.98023443086 36331424.83898579 51203.34636709071 
5227.0860466743725 34927101.24057506 29532.847536854326 
5227.025416851822 44117867.026246466 35868.37616465041 
5302.355386640266 1470153.9176283441 1402.7222957176527 
6041.247776351523 544964.0419592459 289.453959658527 
5229.976712501785 8146819.38744072 6236.982454899931 
5227.21556271131 25401488.328836285 20504.48645138521 
5229.772729316334 9723453.292265028 7199.251557103362 
5227.4527040782405 14960895.836212737 14333.925408080278 
6233.02612286258 465158.2702907236 212.13612180995605 
5227.0727464227 36281703.54192881 29208.935373351622 
