6475.426079314608 396076.7141437252 224.39734550095287 
7063.882076229449 411411.48639440775 144.79103698435932 
5227.160139143507 162524077.02162346 77991.00257362232 
5227.191006394157 174268782.44801432 75399.1602482678 
6974.539234490084 414579.9846478387 132.1275868039768 
5227.192079649211 34321225.177307144 24980.741943344674 
5227.20136384264 33813541.94311687 23305.545508199804 
6577.967219629757 438053.37441294914 167.10855411181134 
6381.121361415939 421388.7502361847 195.4937382153341 
6052.6052262696985 460269.84723262687 316.90674865220535 
5227.241359425698 27148325.256479852 20303.26002136563 
6906.621206951857 414233.0496435669 135.1053377092318 
6487.4708494724455 405139.2205896535 172.87771198268803 
6642.530680268497 401506.8017018534 182.2100823318462 
5799.442977366691 564080.1763674291 388.0100407861009 
5227.264979119959 28275913.016544465 18602.216237548822 
6749.339674775314 419866.1268696297 157.18787816712864 
5514.644259288343 1334282.7707487447 728.5320368832705 
6121.366307356525 513963.51710058516 292.3691616488019 
5227.33244717478 23271459.54108157 17673.977765327163 
5863.722390031078 594571.3243950346 382.0968634808154 
6692.188283761719 433979.51423012617 151.56549043386644 
5395.73940373177 1072023.6266716192 782.4952311101108 
5673.660683833281 638010.0104791943 536.0170687770014 
5563.576050575757 921345.0897883754 681.827910707643 
6867.522399179065 416009.010749185 136.61777944607437 
5440.4787997452895 1627996.9447506317 756.7988236641756 
5962.291722551626 529243.3556989934 352.5736911408374 
6173.630173490078 439564.1131398248 241.14540741029938 
5717.675285244237 605921.2584341605 463.6682595998495 
5896.368919353363 572360.386063307 356.28814200399097 
5775.339803156848 687677.5944071036 409.3310326759916 
5615.561030384153 829256.2107567685 580.5899203325139 
6994.830583142375 407692.23024501273 165.04291601363852 
5646.9282351856 669545.3963476978 578.4044569560584 
5735.977350874662 595488.7506716981 437.88493082097136 
6252.064876270634 437219.52988558065 225.3894267753149 
5479.933930689131 1403074.1952649548 725.0844149187924 
5227.285559219326 27104349.18010792 19119.0141424981 
6011.984603395139 551320.7836297312 293.8108319896407 
6800.146607258916 494730.6213731436 137.9217734811141 
5586.945065957838 942243.7283543596 677.1789595290026 
6134.720832727193 440605.0834753307 255.16940583395603 
6774.30855344828 421351.6529991381 152.00591195839166 
5227.475431584314 20031238.97480718 15130.942935456282 
6219.8298642384025 449211.1422973338 229.8523026481467 
5230.140704875465 5616628.195710592 5532.845121300108 
5304.228591358814 1161173.0003325776 1027.5882467425433 
5227.357446012136 19418875.301765762 16623.506292952778 
5227.3279224269145 25615413.49051942 18208.98607728729 
5235.34269643162 5102499.560465009 4584.176406576746 
6669.21500057463 423695.0724767443 170.762448051071 
5229.24401833277 6305392.310986299 6479.114933548008 
5284.745958950157 1473739.587234239 1429.004697647994 
5227.811520873952 12198932.90338388 10074.001903660072 
6200.374512072309 448387.15332899935 241.24422102740726 
5238.647919479331 3391568.489672852 3860.234280830342 
5228.018232114671 10786233.996565316 8970.359139792094 
5338.114484523172 1013544.7572898272 859.2122822366756 
5228.2824304570695 8933823.029047295 7947.494873430403 
5229.080067899457 7034857.238201494 7308.280010577075 
5228.10440202192 9678233.389058916 8507.718737095907 
6278.152740689021 561560.5202593493 215.002721577546 
5458.3671179247 1074302.3589997373 729.0012065930891 
5240.110898540963 3477620.342540565 3398.0569392891653 
6835.5782650176625 471650.3320326336 144.7362632252523 
5243.993502587614 2295306.7041641073 2626.40557385143 
5228.573138107773 8207870.207883632 6955.10741141504 
5227.666320721781 14162740.21551353 11021.848505314878 
5227.421033404977 24530877.319270816 15585.494266664893 
5273.6095268190475 1985373.4203013098 1702.8466068892658 
5320.751871214978 1029594.7694107472 921.5722169174308 
5227.930758445631 11774140.199575242 9484.757160661653 
5227.388588776172 24494748.091614205 16383.318373743852 
5227.492866429924 17621159.508058347 13108.045834538852 
5260.668813285047 2071294.0280335222 1976.279942615682 
5251.00755521931 1913915.905056603 2150.4757604247498 
5227.732025413147 14166256.355015503 10483.129343111179 
5366.8855323453445 973689.0448340583 823.5823528552419 
5227.583269721268 15320761.389054758 12733.336635273587 
5230.786496761278 5166713.473547358 4876.538961378839 
6335.176701830435 418805.9439961591 214.74032775163468 
6862.2208870372215 416407.5844671241 169.5697541733388 
5879.474530143468 734397.5385828647 372.10586022088194 
6357.197631455045 412325.18854730175 202.03122488282204 
5362.609366011138 934477.358041397 836.9018668816667 
6293.192439498531 444547.98640585144 213.66574159517856 
5227.551091938217 16243038.797378305 14629.595935918058 
6309.015502487269 438950.56730403117 191.77891786439878 
5985.381371874786 566978.6206803507 329.6559876392867 
5227.469679393014 18016186.540346567 15245.88712600072 
5997.348812920109 493085.0935237906 342.66068428364775 
6321.259229700523 423094.69121933443 221.80005486746848 
5227.660990260518 16367327.681542728 11889.90581581786 
5227.600620288333 16006995.994828474 12458.199311807524 
5227.567891320106 17227580.73429988 13928.423542675018 
5227.509367114386 16623909.003107222 14101.59638724559 
5968.280740272996 566033.9273670852 331.9661175005124 
5240.628782101438 2272073.4267813144 3036.572180497745 
5897.725158639783 499171.2215554863 380.95470545835786 
