7074.214292530308 409039.2639882961 115.96380407197529 
7142.494787629859 385063.37343565974 122.6631392570134 
5227.091248889261 55252696.71368834 39161.02024082125 
5227.136879793922 49464700.04131298 29194.78986523814 
5227.130619035389 46071570.328340486 33355.82053723859 
5227.138395970494 44786262.77303488 27816.038008010095 
5227.158123899581 35557974.5792809 26649.698129282864 
5227.153893536397 41146498.69013044 31217.559644856636 
5227.159242777383 37430774.757844426 25960.02620115332 
5227.342443516009 23724253.31178079 17788.961223779726 
5227.198887356556 31120785.70889666 22281.564446661017 
5427.935379055614 1124590.2113968884 730.7468848442867 
6973.900299109608 399229.9793483453 151.56927635804365 
6884.545768105764 406329.84114804986 155.88020555819182 
5227.162362520572 38766592.067889325 24185.69306447492 
5227.150233486448 41749866.01819541 31940.601632323647 
5227.850565979153 11421834.945143193 11495.663363194168 
5488.320944967045 1335597.3447153657 710.2490818870049 
5227.873412342549 12195467.003304513 9853.53243692608 
5227.18930502678 32170039.597940642 23890.483931655748 
5362.600323069121 935270.6777565018 836.7778722193667 
6491.031318080835 402803.4607940143 166.98382587640066 
5238.659113554464 3006401.372848392 3968.0213985032246 
5227.143387998164 46843122.61437102 26484.452368515667 
5227.713958899632 15725895.3030155 10806.018978819424 
6379.666365865336 425693.2432836462 193.58498398873118 
5227.219387654082 29156607.401149407 21200.757567972843 
5912.1784082134 493708.64461392094 381.37649670775437 
5228.252026494621 8896175.880287755 7878.099431282424 
6112.11054574497 498035.1704608396 276.85695758497843 
5227.30096781939 22748336.74453804 19852.066701138137 
5227.317430367359 24712822.937480398 18530.738966325705 
5228.098248016629 9599531.574849932 8507.467684015644 
5227.170030100773 33903032.305693686 24998.125710087545 
5227.143290175237 41827597.11292894 32591.026038904314 
6743.690782268289 433412.6264442382 145.9526236123459 
6434.075027728743 549087.820774168 168.04843803193518 
5227.710995931631 13600293.048431152 12522.985442808547 
5320.731253766073 1035298.1149923444 920.5193035270607 
5227.605739896267 14527021.274817694 14255.519885034615 
6310.982211623123 418637.31648748735 217.01253738745703 
6641.6533364371335 415588.42725081736 164.1910031246573 
6173.396617896449 447654.31742694165 241.8859453459741 
5284.72977696806 1471685.4816479885 1426.6166771438052 
5972.249085898191 527208.844365878 376.2629892384383 
5227.237550356927 25831313.945705447 22865.027618060678 
5228.5754668375075 8107749.929428249 6997.810345594304 
7068.648306269697 397677.2955182154 124.57825618663155 
5235.543156987539 4792328.888200465 4475.411768269691 
5229.0769879569 7049636.433204598 7323.6772344859755 
5858.662578520612 561755.0915340094 433.74686123796414 
5236.888495305755 3834723.751996517 4900.664520761504 
5227.318153421727 23416393.07924981 18753.469999193418 
6797.413314537565 415814.25856535695 145.69330633325436 
5227.489099758739 18181583.68768704 13548.183483304458 
5812.39881928803 557606.4486991721 496.53968237030335 
5227.990561944236 13578129.08308049 9148.098134217435 
6684.604844431145 408863.57875468844 159.1603637952221 
6055.695888013828 501672.0454830689 363.48854609318914 
5227.602633516879 15831805.614892287 12312.644499861693 
5227.138264538632 43233907.7817114 33170.61727964656 
5227.179289512648 33165739.214213338 24433.350248947678 
5227.694077729976 14928324.49001194 13197.77732008215 
7017.15211834127 397679.9196889453 132.53973405018436 
5228.077743605122 10654664.91954644 8836.708460048934 
5682.120482430888 831773.2059767446 521.774987809352 
5614.174320596661 704467.6398540247 616.7178347591018 
5227.368086225088 20175781.27728831 16401.05956457329 
6576.401288675734 386543.2652762922 165.83313146282296 
5763.868707630743 588438.9071320764 546.6743705136864 
5273.595858659833 1987551.7112851446 1719.1519615186635 
5251.004821843679 1998621.589503619 2177.392459772057 
5227.243227254119 25586398.699773036 20422.405743773714 
6017.84288465645 539458.5617575804 322.93259778328775 
5240.306529201867 2384100.299609194 3076.5995107954463 
5726.79507028411 610711.0557171974 451.5814576391776 
5227.389856774675 19033240.6368778 15827.003371475705 
6551.583390935152 397912.7079207022 169.99559477719131 
5553.343683710004 1039172.7572790924 763.4800404623459 
5227.2296177902645 28352561.992320213 22586.52492603278 
6838.346737985696 408194.9608685972 134.29696005830704 
5227.543940709178 18982797.46391855 15596.551104039641 
5229.252340626312 6284386.610054946 6436.811081528599 
5243.99589102804 2496131.2631231784 2645.7875886743795 
5227.162383323583 35434568.52520658 29052.557943023887 
5227.422912144321 22778172.826402597 14945.320441607546 
6274.887404553683 678314.9516027268 195.53242548521553 
5565.69240256842 1321180.8043891212 709.9790234037443 
5645.8796762586 670644.9045563536 588.1919003468242 
5227.136264374781 46727758.82211466 32255.9937138134 
5227.240616307417 27296329.656961016 20243.651611843554 
5227.203452709405 29908274.404230367 24145.53808015403 
6222.18794866476 442604.3546935816 237.76505499417678 
5227.473311414604 17537148.749954607 15246.592450536058 
5227.328178156189 22662549.726603564 16616.342951309955 
5229.871784140381 5998324.649063415 6045.080962293309 
5227.192907712222 34121598.88133936 22352.362016211406 
5227.259879416709 27013640.776860904 19187.04429967158 
5227.297661508826 28527942.07256986 18046.790915890575 
5227.363402201494 19342179.33284688 16605.420539237966 
