11950.179907922517 289845.70083600265 24.925430193207966 
11950.179907922517 289845.70083600265 24.925430193207966 
5257.959843457363 9027763.84633732 3734.94156094066 
7802.945880400587 309116.76423588 36.94232463653581 
11905.877361375165 291588.4697750291 32.675435144548416 
5259.446887491333 7984639.915105727 3174.224071560513 
5262.402598389716 5666210.643747465 2992.088708773785 
5265.942424469089 4532756.432139486 2501.1023306581037 
5262.33899089862 6115840.3734401725 3300.3831795046717 
5260.633981664404 8370301.578478658 2982.3490307059847 
5336.21457845612 1784082.7409613754 1229.3056993342025 
5266.241573701993 4256885.230514111 2353.9528579092457 
5260.991192908247 6768593.921800396 3348.205931893836 
5280.553565032123 3209568.4774153605 1741.5711354205455 
5263.229707013829 4828736.62872588 2632.1094813810178 
5262.456129225197 5953064.208186863 2761.051986632196 
5271.628713900147 5248702.2242275905 2141.8088486238466 
5259.302492138005 8631369.964832343 3560.4641942947437 
5374.198241204861 1074395.0956073627 824.084065236798 
5261.597193223768 6317160.632036783 3095.968362339182 
5259.671120519835 7748123.998645047 3166.7681497673198 
5262.987854374312 5107252.4857019 2806.2817424529258 
5632.476639166485 795927.6837422899 530.70491194723 
5295.9198721822595 2705560.203243668 1695.8552394805586 
5261.6803819312245 7120325.088232925 2938.8039653618393 
5334.214764917305 2519364.031004747 1292.9462885198516 
5279.755260280641 3384127.462575838 2097.402811036667 
5342.397317733313 1453348.4207300982 1109.4769593626663 
6001.397885234183 445161.17275478353 253.8704747469332 
5258.422774662859 8803885.324936004 3632.2146715347403 
5549.878757097865 851771.0891850096 492.87980345348547 
5270.096270656764 4391418.881121695 2175.8580320213327 
6776.629922374938 379594.3056663358 120.33534756741678 
6911.006711724507 386264.5276194724 108.79467317979203 
5368.145477491165 1123592.5974253854 920.365773344749 
6232.847786929468 544248.4835436234 193.1232513115021 
5276.919157663102 3804672.306166961 1846.3294085498385 
5299.037324702116 4630510.077126034 1644.9420069055648 
5299.350310472673 3484823.89905488 1572.8576510404469 
5315.974379410249 1924938.2309848745 1391.9360428809973 
7083.716910860917 330947.5821642497 92.07074288345402 
5423.560019902273 1017625.6862489429 746.2150602766771 
5271.354809333103 3976739.2552543296 2237.2912188168457 
5334.324352672089 2280534.333176274 1185.0300715250623 
5265.196904504005 5227722.819977948 2583.6447528042822 
5262.4436284889 5800616.797150185 2846.520144241574 
5274.946385296043 4107830.34592402 1875.0540714149006 
5260.802795453879 7541696.364880095 3424.391734212472 
5262.375802426108 7597895.983434542 2918.3081161218433 
5260.867952394601 7321934.540355915 3427.681563860351 
5299.521833233248 3122149.3735959707 1528.5380747272181 
5855.106191309846 545989.7554919079 417.5095382309442 
5911.754251521922 511947.5064952588 326.9534751576671 
5258.683437734376 8839037.817893155 3604.170014642987 
5307.499542492685 2095739.0607594931 1357.886133130908 
6593.183254162468 409663.2107514692 138.57230843729465 
5705.587666747873 710035.6841085553 391.24127492363124 
5348.998139104852 1252934.7786940811 1042.3712770185412 
5833.35681463268 604454.4900051659 355.6229632535137 
5709.3140140808755 617203.754556505 369.93374264776634 
7678.638065285183 308824.971812143 40.21746441117128 
5262.030299997697 6752685.812073491 2953.7319316523435 
5304.051049494411 2470902.7557311584 1426.3670429061467 
5275.635177621618 3647645.2592753423 1977.6778169470454 
6405.629655508876 410254.1078110042 157.62812626448672 
5304.9679132306 2129399.2224840764 1455.885524438658 
5345.0867759779185 1365085.087294164 1034.4033053041987 
5261.273265374688 6510187.473322224 3468.9790542661626 
5302.664294004597 2891307.884574651 1501.2798758002311 
5260.729173054269 7237222.911082186 3533.662857330495 
5979.590583576129 466203.18880358664 275.810541009403 
6540.104153771561 413499.44574909244 145.92952816246716 
6368.331355378428 481383.59858645295 217.32986913360526 
5355.350326994525 1182988.4276704753 986.8585371151014 
5264.996301793792 4790369.733820395 2629.7983409297776 
5290.583512355444 3839074.4765200354 1666.3743399594441 
5259.910705078337 7552494.878080921 3084.786183964601 
5546.270975912006 931828.3420198808 585.8201965626942 
5300.529648778464 2977618.2482832707 1488.3857458489895 
5261.273265374688 6510187.473322224 3468.9790542661626 
5483.975914577317 1161656.745006245 647.3476570823718 
5332.972409818985 2939414.3581213914 1120.2255743416076 
5272.210746064707 4143495.178963151 2033.1455190428185 
5270.675729318731 4181552.78637248 2292.6943689685595 
5275.7227146376235 3591166.1727392673 2011.9327016990849 
5270.494666925069 4036853.270043858 2306.528746230777 
7399.660999656924 358988.6465439052 55.7502422835521 
5307.084255258622 2329394.594354854 1368.5004209908257 
7494.25919042709 373317.8410099223 47.527757057229124 
6277.488066059686 531295.2143722158 208.2051654921699 
7565.365733765585 312919.8907605072 38.91325873616665 
7353.7293987821995 320219.0117155664 75.5184970256575 
5539.010296383078 956344.9882921184 607.7895418292824 
7227.590684856787 336010.1834807284 70.21915027282726 
5262.69320063269 5898979.580239067 2833.683534768946 
5274.996286321202 3669045.0216914406 1985.7346773598972 
7216.520619986042 323638.2848310748 79.93685810282128 
5430.708255554585 961779.8552704446 701.8005123344485 
5453.624876206806 1448004.8576513408 693.3840371962165 
5468.413332034002 1188031.0555984369 665.9385831979725 
