5259.4922401302465 8934739.154209578 3825.5586941455667 
5278.986895978824 11801099.487814585 2079.708761774044 
5259.4922401302465 8934739.154209578 3825.5586941455667 
11950.179907922517 289845.70083600265 24.925430193207966 
7678.638065285183 308824.971812143 40.21746441117128 
11905.877361375165 291588.4697750291 32.675435144548416 
5261.415626359863 9125553.264163097 3190.986606370296 
5279.999027145015 11001579.842065796 2066.653137624465 
5262.173103292238 6539376.728260935 3416.995271268009 
5262.988531749392 7486287.7463517925 2887.1966784472306 
5266.610007405356 6978187.962053338 2611.31598063922 
5262.578036810207 5965218.844681479 3059.714903933729 
6001.397885234183 445161.17275478353 253.8704747469332 
7083.716910860917 330947.5821642497 92.07074288345402 
5282.065043460065 11185473.373916285 1974.7526255689118 
5374.198241204861 1074395.0956073627 824.084065236798 
5274.35721074733 8043413.734855645 2177.790274186525 
5342.397317733313 1453348.4207300982 1109.4769593626663 
5270.116394238987 4951733.657464415 2370.8690472170956 
5263.28446519112 5719044.053058859 2901.2368516793526 
5355.350326994525 1182988.4276704753 986.8585371151014 
5264.399442545918 5569279.289886901 2727.33806550473 
5267.6431431276815 5098988.022080645 2520.296213818937 
5911.754251521922 511947.5064952588 326.9534751576671 
5261.387124603213 8813746.181845775 3287.2010049988457 
5632.476639166485 795927.6837422899 530.70491194723 
5264.371398439968 5617101.012808057 2731.901999090208 
6911.006711724507 386264.5276194724 108.79467317979203 
5549.878757097865 851771.0891850096 492.87980345348547 
5291.297519186645 3633418.1668010424 1771.8478207385388 
5262.654108717622 7349147.119473344 3008.2241109775186 
7348.7361645225565 322739.6848313889 59.44131221907049 
7487.390694929455 301148.65296276374 66.62377371352115 
6232.847786929468 544248.4835436234 193.1232513115021 
5276.12675800878 4203533.6649578195 2201.5673126425536 
6540.104153771561 413499.44574909244 145.92952816246716 
5261.949490268737 6720654.6598835 3453.5911322714355 
5465.360934404896 1036155.5881471294 680.2960788557849 
5336.5547680915715 1832986.2103704081 1235.1002457777136 
5270.538735224494 4303363.83751551 2271.6235798408748 
5259.976126295127 8902813.712902607 3821.911934310077 
5337.592333566116 2055757.4060527626 1182.7444963928667 
5261.644391776071 8265236.218352947 3541.2498991439006 
5299.521833233248 3122149.3735959707 1528.5380747272181 
5345.0867759779185 1365085.087294164 1034.4033053041987 
6662.200360697885 393526.59100072936 121.73311438224152 
5260.085506075154 8460201.748343613 3449.619013753825 
5261.656269592371 7376728.376996696 3079.2657158073216 
5855.106191309846 545989.7554919079 417.5095382309442 
6776.629922374938 379594.3056663358 120.33534756741678 
5307.084255258622 2329394.594354854 1368.5004209908257 
5288.298769139019 4491248.535066661 1850.195054961642 
5262.377695980032 7133864.755972991 3189.2341179941827 
5261.387124603213 8813746.181845775 3287.2010049988457 
5323.881615948228 5313795.0505868625 1267.2909315832414 
5306.263069520625 3245851.5525655365 1445.1889544709009 
5302.6284152282515 2569403.078598846 1487.2536599554696 
5297.2685868379385 2759738.280315508 1709.048583736856 
5315.974379410249 1924938.2309848745 1391.9360428809973 
5269.584801531482 8091119.199425549 2427.1435063522863 
5546.270975912006 931828.3420198808 585.8201965626942 
5332.972409818985 2939414.3581213914 1120.2255743416076 
5276.187161986278 8993565.278998157 2135.7480220887846 
5278.575899466973 3808766.8554782267 2088.7301184423577 
5705.587666747873 710035.6841085553 391.24127492363124 
5833.35681463268 604454.4900051659 355.6229632535137 
6277.488066059686 531295.2143722158 208.2051654921699 
5261.915301920726 6683721.884433827 3608.344603135856 
5709.3140140808755 617203.754556505 369.93374264776634 
5260.862844455918 7213266.811416688 3692.6728515136683 
5418.615200696758 1153790.2259175358 771.7119557642733 
5313.321527975414 2536795.6719647413 1307.545252718366 
5292.706799565139 4523543.651188454 1639.9016206306412 
5299.350310472673 3484823.89905488 1572.8576510404469 
5270.211733497888 4652326.905855206 2452.2384467984994 
5286.167276534587 3384015.26732713 2038.6474142989439 
5283.8469350773685 3940230.536102121 1993.0579869244061 
6405.629655508876 410254.1078110042 157.62812626448672 
6368.519290985504 445218.65333625313 173.5392692478256 
5273.095177231866 4840845.7266585035 2251.2807021734525 
5328.817246923845 2137938.0888979645 1246.7906639257276 
5290.190679008574 4366917.692353595 1879.7397114060432 
5268.170567190734 5293648.693116917 2485.0229797131915 
5298.945654269425 2753063.508992302 1912.0281650827474 
5261.075956885374 8287988.641554046 3560.6151835747914 
5296.940161045992 3306215.9610845493 1677.3398371407588 
5430.708255554585 961779.8552704446 701.8005123344485 
5297.59770877375 2992534.543562322 1595.0086994890037 
7399.660999656924 358988.6465439052 55.7502422835521 
5345.972305293585 1254198.7644208968 1009.2203344483945 
5525.764713106872 936782.160766049 568.0803757358427 
5423.560019902273 1017625.6862489429 746.2150602766771 
5335.226337137669 2361147.860076345 1218.8798558233057 
5284.887055681518 7248039.218747761 1944.3983757781045 
5285.023459677368 3624619.345786887 1936.2238974449183 
5301.213541596247 2470344.8077021665 1586.4240558135914 
5260.550723444975 8418122.861908345 3644.543574400873 
5260.863028825113 7211413.900049482 3692.2188823880324 
5279.999027145015 11001579.842065796 2066.653137624465 
5260.550723444975 8418122.861908345 3644.543574400873 
