5250.4502043298235 14487319.54308046 4839.964358538694 
13276.273693571049 276657.2718739895 16.365686013152807 
12468.790930580199 236565.81766146477 30.784894177233078 
13276.273693571049 276657.2718739895 16.365686013152807 
5250.4502043298235 14487319.54308046 4839.964358538694 
5250.60358566215 9324992.884339591 4871.797809349635 
10068.638568949687 257793.73069928976 30.697125236338444 
5250.531814629972 10251362.442433348 4762.499941796478 
9341.10782052703 242987.43887799844 30.69720719681814 
5251.36658598266 7416723.291782698 4072.305363966979 
7364.068048369954 314214.4203990709 76.29448191418463 
7873.869309128888 279740.9774643913 44.48902740135785 
7000.096997791357 698883.2227373491 100.74824727401078 
5251.050091438977 8734862.719960777 4606.2639796779 
8290.844978421093 297291.3437380452 34.388194436426474 
5279.269636073721 2396336.783378023 1697.2109747155482 
5250.546052080796 9839503.859907879 4490.363350597709 
5254.32601839995 6991511.937302681 3084.8686791736063 
5250.890713440325 9581204.122405637 4460.55521002173 
5335.458875325992 1411025.3064711113 1061.350894012155 
13114.261918895345 255723.3153669711 16.80505704049537 
5250.895187786797 8818544.884364033 4258.661341020695 
5835.147477648701 643803.2840511267 371.9605882007895 
5254.78612512227 5198788.932512906 3312.788370200153 
12787.75774576965 322014.72506969405 16.816017882205504 
5261.501011570764 3660023.244081261 2243.9973885028076 
5362.666038504057 1138421.856760984 910.3835291468267 
5267.852828503569 2944732.032004329 1909.2839470889055 
5255.288815715687 6584109.669553613 2793.5877835637016 
5264.365986226372 3339851.681542684 2063.831133895882 
5254.383862204276 5527365.050659474 3515.8802026528165 
5285.360215187008 2463267.7651565326 1558.497951347112 
5322.700967302693 1612882.8904951173 1144.2494576883478 
5945.291318118315 533790.8314760624 321.7207246182849 
5410.58579187197 1211225.9346599136 783.8750268139373 
5252.8706230401385 7841371.055943118 3486.0166380661526 
6835.368826615013 430767.37693137856 135.8222458124204 
5257.335114280112 4275252.299115509 2561.44720151142 
5270.976221947459 2837262.506215394 1801.6274696690007 
8964.322225696047 265156.2951722669 18.32257253096072 
5309.8930331919655 2054297.198124427 1248.0779601399436 
5252.453255378456 8418105.621165901 3419.605340163736 
5527.568471755449 987493.9023261217 617.0218117652192 
8750.04164337754 257305.74696517715 31.242557303962823 
5261.533569713344 3458263.3374464554 2167.569580545872 
9141.832803442447 285209.0894147752 16.944458777621712 
5618.5346148383305 2690533.9235935444 547.6272243514672 
6557.64733026511 391611.08967322885 164.8626359612955 
7609.896100990893 303482.39680862206 77.76397879877358 
5354.45380076195 2046768.6807205367 998.8880118400956 
5300.739019948938 2227085.651347082 1403.1529871812938 
5251.528516478995 8061495.303472031 3850.5285651160943 
5644.156989142112 910125.9983287493 723.3647249266645 
5258.158209864723 4104528.616981842 2449.5903906569592 
5250.895187786797 8818544.884364033 4258.661341020695 
6684.848803305175 494314.0902536531 157.59950925507445 
5253.833064117669 6059433.909035708 3665.7631456753893 
5256.950365076731 3883106.525838737 2696.4780063997155 
5407.507217405553 1895519.6974683837 821.0404025669826 
5253.576694849373 9523210.588298036 3251.8125915181627 
5316.882139973883 1780133.9515601187 1196.2710552984645 
5256.165286544708 4712169.81765204 2774.6561135068664 
5303.825402851956 1891131.690260306 1375.2460921095876 
5252.165876576522 8257911.344500259 3712.5688106052053 
12674.389894710745 272481.4892451425 17.243131774065276 
5255.053236233244 6338821.037858473 2835.5649911611113 
5251.0687766677 9096024.163779745 4041.9978181914717 
5653.969912837976 897685.0404346106 506.64356934859035 
6002.346076840474 462376.2114210422 253.04405147240135 
6377.303155628287 459120.57941402256 168.75132165607567 
8573.736661336832 319294.0992855544 32.185348317071224 
5254.374266638232 5857003.186103535 3473.359021700396 
5665.608426171692 715185.3481114898 431.7071201371533 
5251.445518476701 9214948.699351814 3778.3950120727973 
5255.770795360889 4439229.201819891 2881.7261059987877 
5685.562259719092 689261.5352820109 408.00705010094237 
5252.193741070601 7163143.540031627 3564.603038271916 
5258.7365026426005 3989856.1212176024 2308.8701500596417 
5258.232020118605 4039442.3012528266 2369.4316519670656 
5254.57516430777 5284889.172067525 3193.516026338829 
5270.593685529725 3097361.68842492 1862.6769503400494 
5573.126541516407 988382.4269904239 601.6697935696477 
8439.449413345003 305748.4785235541 33.48484530016246 
5289.970727597617 3268503.186737708 1470.4197276475202 
7700.368444406342 310267.1375789611 38.806336576943536 
6122.059277304792 421068.3410137639 178.07293643028595 
5251.142604312428 9749845.179094372 3941.0013242781756 
5289.472357171864 2563880.6991478647 1487.10426438609 
6267.00322350718 424829.58917034534 171.54684927140949 
5251.39659788975 8511024.03016759 3855.366759398587 
5255.348199237928 4874122.825526313 3176.0062542084056 
5255.268701931198 6175255.878878783 2937.654628887735 
5252.126617523005 9741493.50423172 3597.3155072850714 
6106.462101590486 486331.49539327295 233.64565292777905 
5253.8453543334945 7076516.052886151 3036.797830306384 
5261.914169497352 3068628.247152738 2117.0112145622693 
5254.661155995201 6263524.093285286 2973.3277368499776 
5257.60012370058 4513923.000464831 2505.450724008468 
5254.144694888206 5889506.815049502 3743.4332254847354 
5256.293551895647 4891610.877275939 2648.8982591310537 
