12254.270410887848 248419.94064843075 53.78040473324845 
12680.977757471832 262473.05830258684 16.804975080015677 
5252.870926428187 9360500.60320957 4483.239083711992 
5253.157403036632 12672549.086597737 4281.4994221748575 
11852.706284381975 281269.72143750294 19.395740321178536 
8977.52324384635 292496.20028134616 23.706839842769597 
5254.944670087769 11504419.760876317 3410.9515819781036 
7741.309055004105 299221.79679801775 37.381507752974045 
8649.182261454218 261577.14920593874 37.7990701288114 
5254.010437347238 10372867.321226232 3798.705053391478 
5253.2189734179465 12387162.831182174 4239.291553862889 
5257.695107549015 4117975.992337566 2565.9177909582463 
5253.789196996768 7867224.212935748 3994.248534779156 
5256.632002740198 5274314.329873755 3132.0583236364855 
5258.833249807875 3869066.739701408 2409.155891557376 
5256.165771340016 5784500.495619882 2977.767166195402 
5257.553362206722 4506493.906594849 2632.5160646287454 
5266.233587198437 3352196.936533629 1918.9109057097735 
5255.570433546852 6371328.421942193 3216.641174382211 
5254.399377155378 7486945.885131986 3720.6053554185455 
5314.681465678902 1716167.5915036334 1233.2903188286464 
5257.0793116654 8764993.033026535 2797.9861396017186 
5322.306630009061 1579158.683976894 1117.675833382692 
5256.946602427727 5650993.760887653 3059.1438838287186 
5264.005562470158 4662321.018357465 2070.5209166802447 
5253.348269828708 8423845.927635489 4220.10093679714 
5623.21611910418 780738.9876085756 517.6019106473454 
5265.08661680366 3223491.9180453178 1986.5431777301674 
5946.694134837254 590781.5281256944 321.61401154850165 
5253.21380238805 8809357.556818213 4360.153994179501 
5282.058439554708 2428763.5095151244 1791.5850809013114 
12154.654427289219 253788.05561533463 58.65889868493628 
5280.7863160466095 4753914.425025683 1603.1572976935954 
5252.877328082661 9068866.39646279 4339.13751462616 
5255.181587355834 9493319.544300947 3347.304203128014 
5310.6097795984515 2005750.1548371883 1437.2226190759302 
5259.928069905836 3671454.139771513 2357.1965822623474 
5335.458875325992 1411025.3064711113 1061.350894012155 
5270.976436622668 3052005.1102779917 1743.003427236844 
6911.006711724507 386264.5276194724 108.79467317979203 
5253.776218982164 10037797.198136756 3901.130070917947 
5254.287605683164 9776130.1921815 3651.039474130689 
5685.562259719092 689261.5352820109 408.00705010094237 
5260.013136890516 3595664.706911008 2270.649450188882 
5373.972033015372 1078613.9586859052 843.3460679659979 
5260.770085893111 4689214.015027608 2198.987315028962 
5291.578277408584 2221728.8336143773 1680.836822334405 
5653.969912837976 897685.0404346106 506.64356934859035 
5255.318572469843 6672207.370215552 3247.542493243416 
12448.132630642778 252755.29755031323 30.242254132300122 
6776.629922374938 379594.3056663358 120.33534756741678 
5263.970364370226 4379494.310404178 2251.9703521754845 
5835.147477648701 643803.2840511267 371.9605882007895 
5427.356416661116 1053465.0733894852 789.1037767405945 
5254.154727286222 8236745.813029414 3778.469463646805 
5256.7703988675 8537462.422399204 2830.5702602859947 
5525.92666112798 970509.3645316667 622.6716419568903 
6405.629655508876 410254.1078110042 157.62812626448672 
5254.553195688167 7095229.282063971 3698.4304104901885 
5354.141929281422 1208317.3238174433 953.458212948759 
5254.97507469875 9922755.298815688 3322.0051677641613 
7119.930082280063 377180.583265857 99.61901268697062 
5253.529083586908 8054805.860023867 3978.3497778957903 
5254.558432997983 6814859.995775078 3590.0433351120146 
5254.456138955771 7206603.808208485 3659.4915357518303 
5295.968646129835 2608299.8120407593 1402.5299200552195 
5302.397969584544 2105581.7486930164 1321.7598011404173 
5294.741959831863 2908452.9057314005 1546.985322373747 
5255.602353405195 9255188.76363597 3075.5329933838293 
5256.074842320218 10238433.134346006 2957.6093360775794 
6618.128438360165 394665.65916695725 148.67449248597055 
5255.524314843783 6453839.864400856 3157.509065433279 
7573.874386199095 293923.3114116871 51.13977260756408 
5254.612850388657 6757883.91027919 3540.38760242828 
6232.847786929468 544248.4835436234 193.1232513115021 
5358.265539129897 1196819.0137379037 913.7455451986197 
5295.273144159039 2702910.0424867 1494.8446354243556 
6557.64733026511 391611.08967322885 164.8626359612955 
5312.463185002247 2326620.0893720826 1274.004685557208 
6002.346076840474 462376.2114210422 253.04405147240135 
6286.269159469185 458407.80080116447 218.16183900984336 
5351.567758607643 2134887.5538255214 1031.768770395015 
8840.217091092578 281416.87787616724 24.515317198470417 
7336.576091102739 317744.6352936753 114.69254692147133 
5294.491528725054 2769467.0369753884 1603.6434750624821 
5255.05203733562 6802065.6789252795 3443.432735236963 
5253.965743281622 7944021.281420747 3909.4876560793527 
5782.713139407464 684871.8319482569 397.2675146099147 
6084.914345383202 492207.64924274123 250.9515994611144 
5256.857597088806 8479504.068084082 2900.310254530401 
5474.763068921851 1004854.2745651295 710.3004617831311 
5521.129615856184 979574.1362890834 629.9199494929469 
7224.252520192058 333568.1626251651 70.98046268305166 
8733.536160548469 266311.3480577102 32.09308298603785 
5256.278258775349 8410985.567117613 2921.8878106712464 
5469.692688325187 1014113.6979379028 717.3809929469232 
12340.252295317408 257375.4320056587 35.129707832332564 
5299.49434689794 2521296.965758545 1574.3580029360805 
6150.023989030793 461900.5037542309 232.87506122067728 
7181.884069670254 355301.69965759607 87.31488406885903 
