16876.385995461034 239035.5444183518 3.1430443962088477 
8065.165236064249 335919847.60245126 1614.106612386864 
21924.965316651367 159935.679659077 41.00800547391688 
8121.476458499049 16927893.79154129 721.0984440796926 
8109.488380005381 4513469.075011821 1031.7337075353366 
19531.029265957215 177724.37190108022 43.682944217050526 
21346.077610301436 177204.55208512337 41.00800547391688 
9882.275805025767 603505.5491195614 68.58092549931044 
20547.352025048043 175072.83756064955 41.63304867163278 
10852.35410447979 551047.4361471544 109.33974788992012 
19055.00148915634 198026.12128129348 43.682944217050526 
20669.357844094127 161304.30033439412 42.64625567846773 
18303.751630114726 168800.115514105 45.743100696591874 
8116.414295712735 8834289.09547386 821.0347093696146 
18599.320961344223 187134.65306164158 44.69615122388548 
8114.356913924461 4424564.793713441 968.7019433988136 
8800.660423365916 6326648.9248355515 261.2360438063053 
8172.945151531617 3392373.76867574 625.051190901316 
15845.413368387546 225028.60556486898 104.37491228876318 
17854.460915393847 181143.44992848468 44.69862619148628 
9682.935766479985 844658.3099240859 80.43465530747915 
8126.763360314009 3087988.1777016483 1025.7979939308727 
8749.752055505665 1684300.7480735602 338.1943076826815 
8131.980314935379 3003744.2163569564 748.8409382758025 
16611.95609641527 237772.0250300187 9.74339685488861 
17273.47799288393 220620.97672132312 57.79443621351963 
8483.98946287927 1542335.6604023825 480.97793001608727 
12396.095400379194 396934.1824777179 34.43145472609387 
17706.11284549295 196752.33976824424 52.35872143504017 
8154.304787223766 3030758.7755385097 654.2941369715383 
12099.273861040976 413589.48597602145 72.73631442981278 
16059.388656980018 228000.45264717468 67.76478395105825 
17368.895677705947 220823.75591096102 54.71373492259546 
9405.661836547713 561962.4267972254 86.03693762748837 
8911.31317952823 764146.3576890614 371.18791809274603 
16876.385995461034 239035.5444183518 3.1430443962088477 
9022.340216044608 1024567.5847722073 227.7586126956799 
8117.903341476033 5002777.707120974 780.6230855925787 
11395.637070150322 457510.2752756357 93.93403034189393 
16864.555409743836 188320.76627456196 152.69711085048456 
8076.404387736715 4521460.667784537 920.7582386393406 
8120.958770601595 3642867.9837818667 944.4177638907288 
13709.242706562216 331520.9425619075 13.000657014613136 
13960.849425957384 319553.44332885393 19.555847725599513 
14893.488771546014 249335.43224001193 117.67805373769339 
14729.453920870363 261871.0818316853 126.94436777627531 
8186.505248403257 2157975.1761409524 584.614246605566 
8582.331791936549 739987.3380873227 443.6072123202295 
11905.021156193468 438654.2580444841 66.75370581467004 
14498.760917320089 263111.5126753917 165.3721357652673 
15315.490820962616 281784.7498261823 37.25717064038582 
8118.739105773764 4063036.966637251 862.8802435509607 
13395.149215161311 337582.2905083141 52.21373993591887 
8334.97486244405 1163123.0312599617 561.954801607206 
11587.546611506816 484004.63238301035 59.22098387815778 
8119.255947570195 4819486.9712842405 837.2399206936973 
14323.04810163459 315094.57602477924 19.555847725599513 
13080.634121073084 375792.7269134284 28.008656534665455 
8096.85408109458 4860013.665993527 898.3506917602169 
8189.432358396717 2078774.092787574 680.3281694586585 
8123.527577772456 3976268.0483580497 799.0235697103102 
8752.675055549282 1358808.9794197264 291.07322438435733 
14134.147596875771 317575.55708337296 19.555847725599513 
13561.030521446603 353720.28926113725 14.16737739639881 
16312.584373216636 317168.36069809826 18.391502555555736 
15516.351845573761 269784.0151980646 43.85752309906559 
8211.483156989914 3995529.052567141 450.35326857062205 
9049.22358524138 758550.9707274539 217.99733101096734 
8438.894022771554 3213196.044106135 329.7570320362468 
8443.908164807743 1247541.2637354955 500.1952466738576 
8140.725812265437 2876810.564430027 693.8791459967258 
8331.263523184676 1419321.6401355711 548.4902997885176 
8095.731542216327 5038251.316048143 880.2790374565388 
13192.992800207267 356284.7116057786 58.596338202985116 
8235.25612083119 1770156.466843761 517.0991792507405 
8257.166082557698 1773690.1018822554 389.1743266267438 
8561.075740976088 969999.4881307466 533.5747044456813 
12592.868504965272 438155.1023899351 34.28276071022558 
8971.92350453583 844274.4002173241 270.1796199276672 
10979.360490561312 543377.6037190798 107.62948186885575 
11186.655240646738 522074.5174185695 96.37650764754144 
9131.91554643699 732243.750116583 397.0743814370474 
8457.39802553237 5057298.667858769 313.19429135968113 
8939.260017570154 2521415.7592881676 184.48044217506057 
14498.760917320089 263111.5126753917 165.3721357652673 
15039.062620908735 294390.88197615615 111.84296496780378 
9215.640019800105 688456.6073811214 145.00810085358276 
8909.456172077764 1196134.4233140163 424.43749613316055 
8534.426526626241 3013601.7493114034 306.19431815990174 
15124.053348057198 299440.3098406678 50.18430209219697 
8221.9687968312 1932616.5002525896 413.4078082958281 
8164.460583942626 2281876.8877174594 714.2403862448087 
16420.510568326892 225317.37737879984 35.95782396870898 
12662.86341952153 389035.7331809572 40.61031687742279 
9135.189358803085 1080413.2286131233 201.40407741870598 
12834.76671881538 372976.14084720454 69.98144603457496 
15499.44921247161 278082.68877024256 60.172773804408465 
14743.177573716306 311212.78953047906 20.350468247701578 
11147.890880876028 488980.47485681117 107.44373964523152 
11949.82589059592 421023.61147921195 77.14406474523395 
