16876.385995461034 239035.5444183518 3.1430443962088477 
8064.76216160619 239643124.26600215 1503.7602453383615 
8064.76216160619 239643124.26600215 1503.7602453383615 
23307.633022101712 138331.38188497617 42.501299309976645 
8071.954167163459 17545024.0125598 1062.425459272351 
8068.744527724091 4064811.45887387 1170.2962999431338 
22461.112887678442 138900.8823741128 41.63304867163278 
21292.938021398244 179960.7165764049 30.828648781523764 
20343.582484845465 150157.83977363122 42.414995086464515 
19101.938598030363 166635.01300979897 40.78230042915237 
9882.275805025767 603505.5491195614 68.58092549931044 
10852.35410447979 551047.4361471544 109.33974788992012 
8067.091475807222 11115194.87755074 1067.4024621900016 
23014.56843118785 145553.95745245897 40.78230042915237 
18500.78611905935 161147.24542480882 66.89664497078758 
8518.217401831695 809912.757770265 439.72930998551067 
13032.672862570915 332339.46785253234 249.94013196120363 
8257.166082557698 1773690.1018822554 389.1743266267438 
8121.476458499049 16927893.79154129 721.0984440796926 
14243.598238099503 304190.04320617666 155.09272783291397 
9135.189358803085 1080413.2286131233 201.40407741870598 
18165.351773649316 164750.0705745238 46.880224021519986 
14496.84466215771 242107.91280136 229.7902724844114 
8452.012248627481 1162567.7945632432 476.28840473957723 
8130.827339849606 3230995.3275284977 956.5187331643066 
8096.85408109458 4860013.665993527 898.3506917602169 
8124.099257724327 2987524.7056896966 1012.9957628165772 
13517.146726023044 338060.24695222283 187.936480792434 
8142.976068752885 2805751.6155427573 646.6276220075636 
9405.661836547713 561962.4267972254 86.03693762748837 
11376.68117808447 459875.0630803098 92.56413311160264 
8120.7375459396335 3625065.7583338255 932.3234531412091 
8065.719051333714 9170880.776276335 1120.04466380015 
8108.35106963504 3569081.263763085 996.502854106029 
18959.936789798376 153110.90652689716 42.414995086464515 
20795.77966809248 158662.19123623456 41.00800547391688 
13961.557448636 277443.4332010925 166.28790870678378 
8100.4221397569145 4359341.919052033 841.328842106378 
17016.87532016716 176682.62093184853 67.72614454774302 
8320.360901293434 1203570.008341839 510.6019000960949 
12354.019513770241 397422.1157080004 34.43145472609387 
8147.058819541147 2876652.8874347177 593.8231229303503 
13709.242706562216 331520.9425619075 13.000657014613136 
15611.786997696043 234362.6690396659 77.78606897049994 
21131.55652442731 184297.04436308588 38.83786054518912 
9682.935766479985 844658.3099240859 80.43465530747915 
13287.752103146948 343080.69239869213 65.4707234719801 
8088.211774595655 6677089.667963035 1059.1323549324943 
9006.868779742497 1133622.9733951192 275.5023842981186 
8188.052152133046 2097387.960735645 521.0132230776205 
15383.466538339306 266688.4965502726 91.8974719080241 
15845.54130218875 209092.15774249454 117.85689764117689 
17772.988901166147 160268.19519666722 148.79987143725825 
8116.414295712735 8834289.09547386 821.0347093696146 
8334.97486244405 1163123.0312599617 561.954801607206 
17445.3295532814 186378.19728640513 44.69862619148628 
16265.853875430847 195815.22502296275 110.12221537668066 
8123.527577772456 3976268.0483580497 799.0235697103102 
8151.822453704368 2551496.6538718343 556.1396728280463 
15138.1201208517 227734.87826974114 179.65951939097752 
8065.9260819717765 8411705.346714024 1155.0675685395165 
11589.467305892209 448606.14100659447 82.28144552263251 
14629.823852634034 297012.70286822674 17.140054345851105 
16565.887792570382 193753.69376433425 122.42519849802922 
8211.184407465418 4023379.6538163964 452.5888655641825 
11782.449083271133 495158.1575385889 50.704578801042665 
12125.523854638881 410097.55097561935 67.81533641179088 
15136.465325331043 275480.48835717246 73.0551774075177 
8124.734447078838 6001347.671971507 776.9550761244647 
8129.370724944885 6681340.877134308 761.4569653233298 
8142.749074334091 6344393.700502397 677.258366374211 
8132.568105313116 3030269.012881204 745.545449515823 
8070.560378101134 8288453.424369419 1128.0179687993334 
8140.725812265437 2876810.564430027 693.8791459967258 
14770.36014022565 243738.27802280764 108.6061542177618 
13912.90707657734 319123.81306711 220.7916787001059 
8090.000679378547 5261392.582430145 871.3770997097841 
12994.56635327908 396073.6231284555 34.43145472609387 
12677.897716335776 396973.9714176312 35.34439130734643 
8168.250500181294 2238561.2726323484 655.5627464930172 
8963.680778315953 753977.4818612357 312.8732373397528 
11923.664302525005 439880.62612530834 38.95444127396845 
8770.09635186887 929087.9940064673 286.39943537924313 
16695.9377435322 184374.62724904838 57.85387969054544 
8874.703520538407 3387670.512885003 215.76100883377748 
8592.27010961634 5673336.209862302 300.5576545607173 
16559.01762129218 208798.517090113 61.96841926805955 
8438.894022771554 3213196.044106135 329.7570320362468 
12662.86341952153 389035.7331809572 40.61031687742279 
8911.31317952823 764146.3576890614 371.18791809274603 
8147.058819541147 2876652.8874347177 593.8231229303503 
8984.60263060278 752857.4887506936 348.6862215135803 
11067.810463331942 486594.4563562522 106.78429102139688 
8132.92749925925 5535364.114602902 715.4105832659 
8420.06068896594 6549191.5396162 343.9321828711659 
15987.717309555463 236185.03177421688 62.77670406740124 
8647.27113113577 2103750.8196903523 380.166451267149 
17879.173488509354 167450.56715784455 40.78230042915237 
8141.809755672606 2746532.3683074713 875.1060926462878 
8712.999286118586 1858551.2177036768 293.7726935125704 
