15871.193247446934 10219.764982799812 8.308908528709868 
17212.65670739519 10295.83117000883 6.784396827361355 
5361.323618335987 35610465812.1746 21243.216329095183 
15253.166677387162 18708.423418299328 0 
5361.323618335987 35610465812.1746 21243.216329095183 
5383.786352421547 8394685.945635429 1409.4620256554017 
5361.88610259699 35606790331.196465 21228.178085261563 
5362.168506712191 4907178.671342169 1973.069160830421 
5362.020025689052 35610387278.724625 21217.315486546937 
14887.926439044742 13438.370607827246 4.573208962328854 
15650.596974475768 10922.867533154353 5.8016047165387725 
10112.201347761555 42222.69865865701 3.7985663612182474 
9591.659837632746 47099.38075079878 15.315553489642191 
10835.704119930413 34348.4943917355 0 
10332.99228018307 36222.732126365714 12.272348026266199 
9219.398728344702 50872.8463569743 4.008206155668448 
15411.297599317113 12632.364577163764 4.560657958409551 
7765.812999887506 103377.01551705124 54.00249540241299 
13401.836634872903 13457.674104419182 4.712446514546561 
15169.350548513188 19117.865712146322 0 
12629.8872158708 22622.154149183792 0 
7522.727699774115 101724.37722211801 85.86503645447576 
13572.942271705446 13922.90238102764 4.676329665942259 
13187.492153263482 13344.928789385063 5.787107280438516 
11047.895437386045 30543.434371884592 13.306459062312166 
6598.973363308498 528175.0079380206 411.31683372019563 
16886.599145861815 10322.937178432685 6.789828455419775 
13760.936379795683 13197.159685832958 5.723066029278665 
12800.904333216136 22510.671036580246 5.595488866290351 
16718.164014707036 10755.796568863892 1.03764981208108 
8816.07015542543 56389.9294876537 10.145416980309214 
10609.19766098566 36416.16525568777 0 
7900.03022111471 88078.00448469185 67.93203071513354 
5535.7421475255105 1058646.4410805567 731.0961727453665 
10542.671880436706 37630.94350918068 1.0003745610398855 
16318.24479998731 12493.35227816637 4.528672358651665 
6352.047612053557 547246.3331297631 363.4621876532914 
5635.320177625998 760341.2020677018 581.7009260896638 
9878.857209177026 44320.98101169524 7.326023153831061 
13895.94759446806 13454.514314707476 4.780131679462041 
16144.521326280183 10655.659055121281 5.8016047165387725 
7414.918443772675 120566.7859772762 106.37907550939775 
6152.730337273084 578049.3922850781 427.29236122656704 
8969.985682859264 52810.93662945882 11.373288192063612 
8323.21923565939 68092.82261275215 23.01559369256231 
5815.786663785351 765347.1779617812 491.9967052996603 
5953.100556828364 748548.5431977108 440.37417944585764 
7052.524586887432 175234.9316222911 169.02947514626155 
14679.062037279913 11127.422952788183 4.7794042756268835 
8667.564444685768 60422.155877235775 6.765153848230751 
12004.885145298525 27521.46479687275 2.010373448370065 
12950.254342544913 20698.25575716418 0 
11693.816923421917 27449.370851694446 4.28725092341845 
8446.293395742323 62457.23037087335 3.9910085643778204 
14024.380409927255 13745.503389446016 4.708557679053507 
5394.789627551396 5441150.983015189 1163.5527842888553 
13048.607061194401 15988.982926595072 4.708557679053507 
5362.757590929737 3768307.2127758944 1705.4247268241788 
14405.987989516216 19125.26587150148 2.01266126261662 
5679.417334492285 689289.4809778156 503.09633116176803 
8194.560832323992 69926.92664046146 8.702351196410806 
14516.444680217204 12731.66977831185 5.6347528175713615 
8565.29618325623 61344.36476680054 33.41323222310434 
6199.379317963157 580249.8087140726 408.10350772289263 
5418.037699763308 1925588.4572056292 1047.3265037945628 
6920.580124088792 230025.95120566472 233.1217915428946 
12437.79703208602 25273.84648492478 0 
11377.537034550493 28775.30453422753 6.403406945084475 
7301.45671666266 143664.6602747774 84.89198791661883 
6672.2135174999585 429498.73708033963 288.669050287179 
6866.456608916009 421449.9347541273 208.65974061653097 
11184.10002523855 30032.948067979596 8.473781665047952 
6741.25428985461 293340.404276886 227.12083978495335 
16419.732308568073 11794.8075223557 4.566024194265917 
8030.384874518068 85947.84475570529 49.771918934104775 
11856.898171981713 27163.838843931928 3.0727485361759737 
9076.233782668372 51416.68020632531 13.996914637945594 
14137.240230363039 13103.375188295731 4.708557679053507 
5477.334981758508 2085605.3511690972 910.8409904775558 
16575.998450806124 10907.711848768336 1.03764981208108 
12107.691960612648 26108.72326385432 2.0635731210823973 
6352.047612053557 547246.3331297631 363.4621876532914 
5363.584809112213 3422552.0597756812 1557.664914646183 
12234.479197713212 25231.6605223541 4.1293272864940755 
15990.148544473572 11085.405661803698 5.655690587676072 
7209.485341564541 153025.61066457222 160.04585611598054 
14284.49695256867 19765.95068725689 0 
11515.21333376457 28737.735600186006 4.28725092341845 
9734.320886976013 46349.75715249321 15.78998361649111 
11558.971576346798 28568.635578671845 0 
12384.332368052985 23449.656743374802 5.650350241377527 
16886.599145861815 10322.937178432685 6.789828455419775 
8093.7186880158015 78878.82441821926 17.485085442336167 
5922.861955026503 848041.6231762313 473.1721153148193 
11804.188146223727 26127.455580587804 7.931026333345034 
14636.23355602626 12149.352824088466 4.7794042756268835 
7148.534752494764 184970.62611524688 161.39933059284175 
5498.9212954460445 1018167.4596757476 840.4786687097251 
16522.398173668495 10419.75341350502 4.7794042756268835 
16055.028693015558 18443.88260117467 1.0247871574085141 
