9613.627060187395 386908.8183756622 683.8109347406962 
9386.723980155512 339433.55873957305 850.9128482532066 
9053.72248141835 451956.71493185876 570.8421377131151 
5283.026744034329 7930317.591184411 3874.296593167119 
5276.81151120859 6606113.5572512895 4354.085905385361 
5293.672006035602 6908472.500215172 3170.8410448333852 
7361.1381066040585 743250.5934858888 816.0028983919933 
7678.094920042073 658277.0110387679 783.1176465250007 
7085.453380672006 404727.6545467252 944.4810372841253 
5306.17018986889 2625752.7950140582 3348.3615841077776 
8003.235326001124 571427.137378326 685.8473436159009 
5285.451207294638 5203673.154735532 3663.166782215143 
5333.25880374103 2468881.3854025095 2686.94974252095 
5289.457900064617 4444488.507824741 3824.286451693528 
5288.289828107061 4495331.841372594 3558.6636441362293 
8602.069072090944 375302.1752949564 900.9498126562316 
5320.518887269991 3032528.0620733164 2961.6824176822533 
5606.056069873386 1276737.6345774007 1699.1796539443562 
5295.536653940275 3812316.423259792 3745.195286045783 
5303.38882737269 5604772.560457564 3137.757121618126 
5478.792241445124 5402881.737638863 2031.642048004237 
5359.0576879045475 2048297.946127072 2605.8858157378536 
8227.807964730722 423224.2964191452 866.6266860242013 
5306.319209069842 3366081.422678219 3154.2001797412877 
7868.616522557682 565387.369525027 803.7211307681903 
5308.854117815645 4088919.1570153283 3025.8906838747134 
8975.77259604463 358371.5784790569 908.4130232718217 
6431.362502453982 434324.47516604984 1429.348985712283 
9252.59495606102 423509.03986712615 632.0902632552486 
6989.324908861539 446831.2410610403 829.9594676668326 
5502.5874442849645 1108575.6056834762 1979.9877340157918 
5394.9722324297945 1813937.449578051 2428.3817817442978 
5286.171095217158 4592067.680901754 3608.8401908898013 
6197.287962132312 576985.0566502067 1268.7068575613775 
8428.988055209245 480184.962195465 733.0866154021652 
5298.53646252735 4886707.1994186845 3146.3490409261367 
5407.922154336735 2284729.733865317 2245.693795084722 
6006.2643144657995 678644.0454850562 1309.9611606419687 
5789.400089412142 711941.9098927154 1390.2588428946005 
5305.373845307172 4810143.412846528 3111.508511033691 
5318.814823936915 5287334.97885269 2782.4758786734324 
5290.677290387124 3886245.6926871976 3216.3067599205797 
5523.029365113886 1451436.8907965128 1946.544546902558 
6305.149875243648 515252.3848997542 1166.0153229746384 
6555.622299000557 439423.61498984694 1093.560445603628 
6869.24591861305 419868.32095881493 1034.9289986959602 
5382.694721190028 2970078.70219028 2486.084873350829 
5405.741520200013 2586770.0331370253 2337.720168326159 
8722.293568717487 376288.26958694635 747.6393577635085 
6660.173989570783 396137.6893569178 1466.8592193562595 
7755.545322421116 635542.4107801117 734.8487976037595 
5923.039051931362 756936.992389032 1336.0019475618187 
5839.255642430319 650678.6486361355 1589.8213865267903 
8823.818235635237 417339.32532751816 663.7201051583319 
5673.552574458103 841610.1483432157 1861.4883318664595 
5327.142389102939 2788236.8360591866 2839.8773855847285 
5340.850883525689 2165288.5589448023 2912.769838336993 
6279.835796577747 551584.5776738129 1654.5447801263595 
5741.305463283696 740423.2481230997 2069.614318318986 
5377.146773674482 1920903.5332028545 2516.437966213846 
6135.664133396027 581342.2963189442 1217.0300215377333 
5697.172345996098 1719192.8054314954 1667.3010893528515 
5332.126892489672 3462035.7132302606 2519.624733824964 
5284.246664385531 5911181.489484357 3258.529442446884 
5534.804263785369 985079.9686146905 1826.9465722635166 
6107.724280036584 1031844.745978382 1159.3554074903964 
5509.5443242068195 2192126.299842055 1880.4148842583174 
5298.140016820315 3682853.581226809 3597.232892359165 
9137.656315376598 391156.7979071783 641.8638099490954 
5467.174134057068 2753338.0467003556 2129.941387324478 
8366.128759772671 537613.972644798 717.325175348276 
5308.913460618218 4062038.4422545056 3045.184283652089 
6052.9143372584 653084.0679074588 1551.2716504464724 
5456.344632341059 1556584.2133259503 2272.725439673778 
5545.051330199791 935698.0345094576 2201.340276706442 
6750.551320133749 483389.6623367234 975.6872978724728 
5304.467399843226 3598504.9668705594 3245.6025701660565 
6477.605883017842 434526.4861354232 1203.7074796543063 
5327.156302726879 2848378.5929610524 2784.6365642329497 
5876.846743350275 1014504.1682610838 1339.5302399666389 
5484.874346344174 1348575.9972296348 2175.508154169116 
5566.107993247375 868413.0032736817 1724.2292547390007 
6805.142544699611 464761.4634338817 923.78450513505 
5417.375289214657 1610389.89461301 2323.218821969506 
8763.18926367102 451450.72667851794 582.7970031076962 
6085.980177811193 548409.2292890401 1757.101777963334 
6545.530529973758 489307.39753864054 1067.1512235432215 
8321.178646618559 404988.12359289965 855.6314266771589 
5408.778601019997 1801131.2043769506 2563.2192690187435 
5310.748863384343 2722800.074249116 2999.168462714783 
5428.569881365806 1394076.1262160297 2288.693595092149 
5340.358704301111 2106293.159266578 3080.0632881616484 
5721.335792193115 746070.6965189559 1491.730282445955 
6699.441950296266 856555.4415661322 1035.08539912989 
9194.496947193707 364782.3142329464 732.2010091669854 
8817.43232108899 366877.7849946056 1002.9788089828562 
5304.731132400555 4497165.829886298 3160.2908304167468 
6793.057002968355 421701.5762411704 1273.322695530951 
5280.765693013057 5749570.68658245 3915.8281192298023 
8527.028709852731 508936.4924036609 1223.301776821974 
