5227.521309725891 3041967990.7780437 51803.308127408454 
8313.140761373992 520876.9376869292 201.98083680972906 
5227.525059251795 2938855204.4639935 51010.08704900052 
5227.549296850089 503923044.390791 30291.650537205976 
5227.537260596858 466413712.9498659 30833.5856557694 
6477.0149782172175 595885.1610051545 297.90876193467676 
7190.839856744377 640601.4580912656 288.1888430909288 
5227.571746874668 190740120.04980797 23344.57596535745 
5227.571250926237 458696585.6795181 29305.29139226884 
5819.66526675863 539704.260619352 305.4550630937871 
6195.796677569397 521197.5511546755 345.7541777347572 
5227.592854339409 74046316.78424734 19796.694137223272 
8073.128720163282 524675.8188205305 207.30357691732706 
6312.022774183903 531130.1205877261 300.9143001115633 
5227.579965866439 188019557.49655163 22826.051328764606 
7921.600375319295 528156.3719150352 205.446187715835 
7332.895405986736 595140.4563383751 299.9871118128367 
5227.521891521145 2945659243.167383 51089.20207037693 
8006.626453543242 528147.0796434538 205.6192669883894 
5639.732323841764 722100.3675546239 428.6108499349001 
5522.900787811461 715709.6220431181 469.3485442645186 
5409.999171707038 1078071.614413458 597.9206666526559 
5511.7252595153295 669570.5728446549 491.57320745183074 
7457.227757386596 572362.7012007958 281.851812308187 
5227.575184456842 179565866.67054626 22926.649755860642 
7393.851100053789 573834.7220032624 288.4712130848142 
5748.886404911227 522114.00168871554 343.5599636538334 
7838.778226643751 532402.3448581847 229.94445756681213 
5704.498342164961 525910.6308646726 346.52776688398046 
5227.620350476466 55530176.34943828 18670.66565390637 
7634.054499014921 572363.2226133253 264.17586388943226 
5227.69889188734 34125795.490579054 14502.086347134038 
5227.761200374519 26587796.381843258 14780.638158299307 
6267.9100865125765 537058.976564944 305.0369446792541 
7730.517335791784 534893.9014700175 245.78483213245738 
5809.108420806233 588191.6771657652 326.15126785297707 
5227.686778611573 35551904.78540002 15734.19834616555 
5229.780513819778 13676160.124553878 8151.691726952251 
6195.796677569397 521197.5511546755 345.7541777347572 
5661.524087040826 554555.0038429437 377.98655225345084 
5238.70291859738 7607642.267804755 5465.695559906245 
5227.647286730518 63864131.7837773 17442.045205459122 
8071.1220686526185 526128.6755494563 207.69626191930516 
5291.887679048787 2451915.070948211 1681.64342163667 
5228.815809332905 36470439.36616297 8739.044143615296 
5227.702399431769 27027286.60655567 13500.501440153459 
5227.549886524885 464572997.14365524 29637.44766088123 
5236.0216898826775 10649199.94349889 6208.698640925557 
5325.143585478176 3139962.675635381 1156.850415824111 
5331.353717838577 2521880.4967256277 1376.43885566906 
7670.055065722151 538663.5070925046 248.99030007834855 
5229.950524826213 13129525.623573046 7592.297442723015 
7348.044064647853 588170.2430436688 294.25153838814686 
5227.669223816048 42573117.70782261 15955.99859589297 
7764.72209549205 538507.202799835 243.11353498513125 
7511.21340269843 569606.3662831995 289.1847518744588 
7804.622294653287 530383.9592132901 240.45965702513453 
5227.607862885919 72738267.69818085 19522.273145262934 
5227.6284235462135 72402218.33171645 18309.469006236657 
7584.627545744864 582560.1936024495 259.3019059634759 
7566.141513221308 574957.6037322776 259.9781031969187 
5227.653942209477 45436863.10075382 16683.457702267322 
5234.318746200392 11586212.257321322 7208.248563414084 
5227.816490810435 24135032.00408021 12540.966852092683 
5245.449904858354 6289403.326612966 4816.733601618316 
7517.886492536527 582055.6049428172 262.5886740190847 
5227.851347781999 16600297.027589941 11965.325040062342 
5243.010427553097 6716068.709838062 5820.197944836899 
5228.05385706549 16159398.21984835 10632.782235061542 
5284.811068392264 3098412.7027682764 2071.2213348136506 
5227.651133840056 59604234.0977774 16843.99146826509 
5228.374342693524 16760927.930197487 9125.106311632122 
5228.365266647078 15632357.06223184 9498.824890886923 
5360.792397841841 2791944.248274918 918.7771813386175 
5227.901900077232 22051667.442097384 11047.2439221625 
5391.611827255201 1966599.5773634696 947.5410261138697 
5253.6761718210355 5650619.687100224 3468.672269321227 
5264.969721224964 4881447.58728769 2483.5991992337263 
6270.128616833529 540356.2356222436 304.1137509181434 
5227.9979361548585 23773638.984483227 10189.483837512551 
5356.138284811286 3787078.7546784524 994.5338103752572 
5228.315815036129 15646501.164488222 9934.831529634746 
5260.286623783465 6354630.474779769 2696.3358822315404 
5268.699946367339 4459575.021143983 3030.0447215858962 
5227.879394887422 21326357.27172772 11659.156579105213 
5281.290878867236 4151571.0475659114 1795.9616225549898 
5227.889526135274 27468351.127512638 11389.902254008293 
5256.754935495162 4223102.041284105 3805.6959829357234 
5402.053458251284 1442864.4851527303 719.1923167724705 
5227.65692394879 41011146.02277435 17821.722384890145 
5227.557830516572 461463512.5197118 30478.360473585253 
5227.754888068289 30230019.135825984 12864.903202086314 
7668.362177355223 540091.0826240077 250.34248254266697 
5227.640269303145 46982432.02367151 17770.14083861966 
7825.395793078916 535722.1784530312 238.72628617869583 
5227.774244541504 27061546.290472105 13043.580602485968 
5235.150479190885 12372215.129234308 6758.2615066209055 
7743.803774724194 535621.9786762057 245.08024514986667 
5227.573143642428 179712428.29995674 22968.78011822802 
5245.98677838305 5595417.785044934 4537.814554189987 
