5228.349153624264 39441244.89891237 13244.348389789226 
7864.484217120825 590761.987468713 238.3920373690627 
5228.349153624264 39441244.89891237 13244.348389789226 
7913.459508783397 556188.1709166864 239.75472933636485 
5228.359745572982 30025193.962854683 13314.07145271908 
6519.447359234235 792705.2202597944 333.316598958837 
5228.507613296488 35862609.52677047 11865.907476385593 
6975.851777900761 702985.9218970507 318.9819407783551 
5228.359464495792 38589880.01622513 12519.641144045234 
5228.676140439971 22363180.336101785 10640.59865047805 
5228.374174394247 36249561.87657576 12145.138009175058 
5228.649218500529 25690079.135452457 11033.235982246919 
6283.1128997079095 765049.930191127 357.88992770269743 
5280.400588650666 4766344.3134593405 2028.9126986877195 
5237.381107829394 13677322.071525222 5732.340461414852 
5228.814920538916 18465375.060231447 9530.930602497781 
6143.888108942198 828470.675155007 382.3795943872717 
5235.994599644853 12041563.287232904 7187.757409683739 
5228.349153763915 39440531.48161766 13244.298478366813 
5266.413980521817 9280037.963127086 2699.6469782625354 
5664.719261901436 1190498.256049645 644.9157098764782 
5547.16704510445 1553530.6010620282 609.7357308633511 
5232.233451772126 16392473.613326695 7682.598571919425 
5972.005372256827 766134.018493634 512.3902866933249 
5228.687031857712 27386474.108017124 10050.907912296812 
5330.06594697454 2874671.441819183 1123.9097008994174 
5255.448806812026 14949008.35836257 3617.3629483312 
5228.796079078293 19787131.900891386 10334.852258114219 
5230.1195057822715 18247307.946075946 8290.230189091311 
7712.756129385149 604971.3669596296 262.1461840150243 
5353.687315929596 2264620.2472454207 778.7327818371983 
5228.520349870412 27363591.880295165 11518.087134858826 
5228.687321148307 20719996.7516013 10314.008706191777 
5239.328165251123 6043247.102267871 5324.757044562431 
5236.456830461507 9730367.649617337 6665.837667117255 
7815.890307720395 572133.9523022799 248.07064901944642 
5236.4147954300215 10151800.27066821 6868.480103872823 
5820.101585160681 2921118.1220123507 499.8580627834294 
7062.32202976193 786833.9296611624 303.33759389926126 
5231.273210011885 17496501.98668553 8659.89785575553 
5243.36013438334 8222875.7710236665 4565.027887614838 
5257.335694896609 5324300.5907054925 3345.7277211932806 
5235.828767402394 15471903.70479208 8986.40569819675 
5242.02436106183 12907700.706877096 4809.030744021643 
7450.465096368763 1317809.8093028083 292.6719305251241 
7386.733764402942 612939.9706258278 323.92344971527723 
5239.102863128613 7510374.2700922005 5461.156951637916 
5237.393389907886 8912845.462275604 5965.464740591587 
5228.683065977517 21909936.41717362 10555.469599146074 
5287.810706882689 2864611.6194929597 1781.8949399477835 
5242.0680659661975 6875498.189558755 4988.480686858757 
5256.777849498439 6381806.785594904 3170.065939144926 
7128.11655612824 664657.0513600949 373.171298390891 
5244.473049198398 11557349.618163846 3983.290361853398 
5296.0570222919 4485701.6659518415 1544.4760532957366 
5470.536458983028 1232539.7105659237 657.5783378825548 
7649.945125808154 593826.5095687266 276.9835546665401 
5228.538624188663 26567387.91785773 11333.53324260083 
5246.0079470925975 5165646.334942304 3826.479919968435 
5336.570130216513 1972963.5441935286 863.847735074643 
5958.950411310661 979711.0414790451 439.54484396051544 
6185.616317239107 814632.102163345 364.6546971097162 
5228.648970029502 25897199.589862544 10868.163408054956 
5237.522101071543 7754169.461619638 6303.798257363257 
5235.886406869635 15504354.103873277 8756.620695058049 
5237.410115285384 8671425.314601712 6200.7561924320635 
7594.823571292246 601639.316605308 290.8401016669883 
5228.671169623324 29712238.579015814 10443.246028381644 
5242.087051746965 11165944.265271261 4743.670765793708 
5243.3678489334025 7814481.278821192 4312.602647781961 
5783.453746485002 1515278.469717549 610.5520543082524 
5297.007381253811 3495115.050336221 1564.8254203208805 
5270.913044253559 3775729.2913125134 2794.277434397364 
5231.986451229273 16997285.685429018 8071.524791992313 
5265.075100750153 6203733.468321853 2919.895947137118 
5242.731243062217 10639490.906669682 4864.703286686311 
5232.07874879104 16205104.137293493 8040.283999856982 
5424.348845847555 1617751.4917900662 715.232717597121 
7313.4201681524755 622443.067285597 340.6230167015171 
5294.963296622557 4256569.591101424 1639.789761654239 
5255.812120310429 6989390.040813822 3588.6206109573936 
5888.604538211816 1682182.425813003 470.6290009151961 
7221.41393402283 649096.6043517109 375.2611610197714 
5228.821672992958 17456920.134921897 9245.050971919121 
6258.309364239568 771474.2859555193 375.4346808384164 
5228.667257469281 28916034.693605326 10527.687779209638 
7291.05414059938 681885.4446816776 308.329097388412 
5236.307334087213 9526550.755364425 7119.861913639376 
7193.116146954779 649144.9915566731 376.59735561940147 
5228.637631949193 26289010.078819305 11169.805775986253 
7534.337724466452 612324.4408959129 290.25426955203545 
5228.675841934631 28542349.121337965 10259.31295893123 
5232.228661372128 17236833.968155768 7861.538693739198 
5228.5092707130725 28097828.659697827 12421.38233904465 
5890.242713003181 895618.6222450912 476.045871473173 
7505.570714436177 620678.7454185287 301.2088518824196 
5721.350560750436 1640384.1203985782 595.4493629796347 
5730.718188480283 1587704.412555106 530.699424268917 
5228.535245900824 27935263.50584577 11276.875445630794 
5228.386464333025 28620313.163571022 12297.297955650858 
