5980.426584997813 2649454.5275801644 851.1510136373278 
5998.127550076773 1983529.5329174877 807.770524178881 
7539.0854869951945 1068752.0271776903 455.7414259345798 
5926.917866077694 1457594.4049363714 916.862552789812 
10970.61913715343 839525.0907878082 311.2573047898261 
6608.749917980369 1633467.6000014413 551.0892473679877 
6374.2763959711865 1701631.3416387644 724.6926332363307 
6458.601528489727 1953339.0926127182 686.6134677780949 
6377.017343719662 1721638.5996422642 687.405876772342 
7651.520090708727 966837.1660853554 567.6604263347076 
6985.06469673225 1243933.4792363243 805.7854222135242 
7539.0854869951945 1068752.0271776903 455.7414259345798 
6008.839082579021 1626084.268815698 883.9757571759275 
5589.476792413329 2544539.8062441456 997.6550027006595 
6988.810692365258 1190789.8520164134 610.4735316231108 
7716.372690400574 950590.118758949 490.3084905992966 
7810.1444924495245 714665.9687229648 346.35357545419294 
5661.798302697938 1503946.4269333996 921.226484931524 
7410.437827707512 2147949.7190367943 389.9995209689602 
5230.083460753594 77842080.19833016 17720.46733938057 
5397.229792484825 6032740.453824568 1762.3602983331334 
5361.3229575303785 12664488.005352272 1802.7644833603813 
5616.83980154697 1943080.0243958384 1146.2105854542879 
5240.417165896522 38717681.38440702 13286.435544368516 
5485.537630157115 3001144.337957358 1175.1745001581094 
5230.812965730321 47914406.3370618 14920.910435301068 
7160.819013540223 1691728.970358389 491.68061658305606 
5231.372697020186 44053019.800687574 14551.362338494691 
5321.663484720335 2754313.116058188 2204.073390349685 
6522.803803434352 1509312.961352263 605.6067460422598 
5255.804691878212 24066961.142299484 10206.4673664455 
5547.054979240692 2285081.538219885 1084.8095373494496 
5261.543320321228 10828193.529045764 5980.508339522352 
5408.444454467773 3676769.993635779 1239.2090877955568 
5285.5940189006815 10932731.57737241 2589.5845973631367 
5260.599817399435 18750954.959110722 6457.044503482311 
5283.003439961967 12702296.968479939 4216.5151846002755 
5255.826020687283 22625148.28935082 9610.734725866043 
5234.2494677832965 43847755.89072223 13598.924984789928 
5250.196693898938 35071085.18505556 8889.120826754492 
5408.937644477929 3090942.4384731385 1496.1334272089343 
5230.209211130736 58765768.07938809 16965.33606104236 
5241.187612826587 24844670.47232713 11038.701730687839 
5600.027396030036 7402796.290511668 968.3286830489138 
5460.797367364419 4519581.842770591 1171.3066172774293 
5293.885639089303 3528798.0698572393 2024.764156536101 
5401.703362874026 5459997.284821954 1491.8516132211969 
5248.279799523333 28947572.646913406 10575.45721313529 
5615.1412688532855 2248829.329914768 1085.4655775348333 
5384.57057486983 6477806.757427616 1713.1231799573052 
5236.123140477468 41743841.01003248 12114.678075255857 
7653.869634838218 982877.8828213016 493.6808409484022 
7543.597025346195 971689.5559214476 518.5491065980759 
7372.420001824639 989549.188412406 557.5084560478753 
5258.5172203127295 18005113.18020332 7707.48593066284 
6250.832691450937 1607850.6449486327 879.7544797612302 
6129.372299800565 1644983.7794217796 730.3301422447555 
7025.552545772769 1082536.5222527157 540.5381125962166 
5529.486317417808 2502583.7708722693 1311.6166249870064 
5320.249583470126 3351329.7007194515 2026.0533966088135 
5229.269558411662 91117489.29826908 16651.049145824498 
6917.957953107046 1427226.1478515887 748.4112680474987 
8113.022247243934 897296.7630206399 425.6421774372501 
9638.86447303137 1249885.2823204787 350.2828361739596 
5230.241217811473 313239068.2375723 23909.28063939394 
5237.347664297266 88705044.93778448 14984.981801754577 
8146.837506622679 1083376.2077077082 418.4246604608803 
5233.836990846135 49084039.95890778 16205.9159778399 
6622.489953588217 2685695.5094092656 607.0143386633877 
7075.731783682405 4602046.004152266 563.2991271746235 
5253.796090076594 61678706.23906788 11021.269619220608 
5244.469399534505 31028590.007633824 12255.693166813942 
5319.325370967207 6735096.574225818 3174.2655222094345 
5260.270369642575 25599480.61703834 9028.904438062245 
7539.086681972029 1068920.3686908446 455.7498612930854 
5241.248386768572 42928461.38757785 14414.814063007181 
5261.36287439062 72590371.51602656 7419.744385821721 
5238.072124844241 44622447.47275578 13747.150864442281 
5296.222156983173 26331178.9569278 4555.388462152957 
7229.712955488301 1543245.976474595 554.5081554904665 
5870.561319965554 2473138.195510236 979.9261463474256 
5239.54659711555 47378542.7531867 12731.310676418934 
7815.760829360197 1102210.3343832656 366.9355337903238 
7961.434717021368 919883.8236583074 450.8180706695829 
6413.255192589408 1810199.9313057694 782.2163396754601 
5305.977487279622 9338456.6959185 5081.144352654815 
5263.587570248261 68023535.14107217 7759.554598831435 
7657.617565947739 992568.3433731792 548.1290932009243 
5327.0752667630095 7780096.343340955 2211.425515476458 
5253.018816296091 28621193.55675138 11048.134597438166 
5264.153735770043 21532712.170169942 8648.127232409111 
6030.530011135066 2651854.3003521804 947.276185726994 
5269.05871238512 29563778.93897118 6012.627335757158 
5694.612122024156 2118242.1685850006 984.287988445239 
5231.9455420423965 54619340.17656718 16016.998592266993 
5557.836800108569 2733182.8736699084 1397.4512379581547 
5382.381807194235 7855685.617748394 2052.6545602655224 
5235.936733601749 49828937.73330751 15826.204886812588 
5264.509007251701 67822385.34291038 7053.976403006968 
7171.347519582636 1314522.3407890282 622.5752435416488 
