8514.016565886543 458631.6430068683 164.40074310408698 
8541.665240085746 465341.9667539219 159.1173951567629 
5227.317093629123 146202976.33743972 24966.855276319555 
5227.3062210091975 138703888.2088112 26503.679412382542 
5227.340139834627 39032084.518071845 18748.0982771668 
5227.317611855996 88119376.91073129 23619.031990373896 
6402.796866175799 523486.4449636227 290.69212890203227 
5227.326746765412 82177866.1533064 23896.856771676874 
7386.824773836683 538929.0141394563 266.08459645077335 
5227.332096384611 84460394.60096443 21084.252417111435 
6256.23968168227 517491.65933773783 338.91278952148843 
5961.0277590808355 532293.926749276 291.2702313415572 
5408.227641856166 1260526.198188864 596.6786132029815 
5227.315398197551 144474600.48706952 25978.13095102024 
8297.227168029922 469518.1869845336 181.47105023184739 
5572.8657704877805 583413.7050828744 401.3971802260727 
5227.3480141113305 36299111.91205742 17379.919256990775 
5227.329316501515 86808124.4920552 22306.187987201025 
5227.421697410292 28892868.71880766 14674.782318015217 
5227.326452825768 85396560.52597024 22525.92601403818 
5227.3164104734515 143843367.30792442 26342.230385414132 
8182.845546120223 477189.79943627864 164.6639648573177 
5227.325242166317 83459787.0538238 24042.101963164994 
7692.332431623578 503160.7016825467 223.16542713147243 
5227.577250754153 21962309.230633073 13839.841205250992 
5227.319147351452 86778609.8927437 23467.780061120524 
7786.928193922206 490653.5335742749 210.39452376764885 
5238.303241423199 7605578.836956168 7382.020997754277 
6300.636999560713 525498.5316893132 291.1428893852783 
5243.433017373792 5846603.381932692 4403.620349814927 
5295.8849969343155 2668007.7252977076 1479.0330641544808 
8110.356362584855 474984.48403510236 167.8730324965248 
5375.266097253234 1380775.3186012483 700.5344278715287 
5282.63902568079 3139962.4962927476 1985.8520317839743 
5227.398470784749 31774511.0333819 15147.211977595465 
5228.302685408443 17066837.71635058 9432.810771388962 
5761.9751936782295 576784.8885870352 323.17981644810646 
5228.283350973554 17823574.330688037 9878.621849592188 
5246.212160234141 4785165.353080136 4923.415823645359 
5228.380733225005 14409462.252350843 8993.999425489754 
5227.5164201966 24564947.53557152 13467.712512940965 
5227.586809443061 27551077.329138134 12575.112884394148 
5227.758495739049 27264798.17170883 11162.825197782304 
8405.991910819137 467350.25256944634 169.84121524726754 
5228.062303092445 15105611.23928645 10020.68795424338 
5241.219888614665 10298834.024564192 5599.978902695877 
7613.90443858355 534600.027548861 233.67218991952043 
5228.046717921848 16785875.862169262 10495.17756286937 
5250.019198691185 4377394.903555626 3452.1237262483883 
5604.597319960253 566473.159802691 378.9774473033428 
5227.385372407843 32074659.627304412 15786.859155954044 
7960.612315201128 486878.49774134404 185.4918729859859 
5227.657332154471 25791371.773809478 12182.46986196076 
5236.875929721695 9139736.448981922 7024.2007287133165 
5229.293308275265 12813002.781973219 8567.370704967143 
5227.574749211304 23130970.87406412 12898.224365631499 
7900.1967370239645 469193.5556595087 190.51174927762528 
5338.776371430758 2189632.9297157014 967.866679358394 
5244.98924025031 6479914.512789974 3916.9870650471416 
5684.567599985984 585246.3816491347 357.1240785540642 
5227.58212564283 20765729.521192886 13098.453276771499 
5227.789345118772 20283402.17222751 11539.441436007468 
5824.787414809068 545618.9103108684 301.48644555073224 
5315.197522652183 2760548.0334953256 1202.7869838138004 
5227.348696041951 35429716.33590825 17108.667877649994 
5227.844901801441 19531555.56116361 11803.246399751843 
5227.371231084763 33745801.573673576 15573.764697683313 
7571.184442199066 527956.8034700495 244.10701280133657 
5237.005613136003 13330301.25156018 5298.351584854343 
5866.680302687739 534565.7652459502 300.4234363803166 
5236.231561322049 9625226.074136473 5904.3105599351 
7480.47440346892 536876.7156885789 256.31349359570436 
5229.773693405389 13223672.733454837 8285.491398311628 
5921.623167354951 546198.8399179323 298.7644419042904 
7416.101512604855 541526.2492474413 264.4847324329316 
8043.62824727294 482677.2661120591 176.9538990672349 
5227.420411322623 26061015.89771034 16614.21563814599 
8470.611311223043 463403.8593013283 162.4556881880075 
5273.20766437227 5399880.63160267 2304.3615226668985 
5227.352155188152 37152356.06776577 16141.469225441273 
5227.380125466942 34883580.30289961 15467.24346149658 
5236.14847296123 11431422.238554861 6412.686611068863 
5258.564607975309 3394573.214767631 3276.8940436941407 
5229.955940500981 13730284.333493238 7899.9689486499365 
8015.451528445128 486159.3231183436 184.93766363069525 
5235.88616347483 13804215.367968721 6155.0760712591555 
5227.720974668396 29070186.572946128 11923.332836191574 
5231.405781837807 11903529.075632265 7704.759348946411 
5695.380433748714 543044.6252162486 344.5637305701976 
5227.402325660873 30315050.095041975 16136.291491348655 
5264.955601449089 3235968.1664043237 2942.8311664454395 
5231.39187715449 12261344.501087528 6610.283981557976 
5228.021348243237 14620506.353659732 10807.106910031514 
5337.034914614069 3654581.324618482 1046.7967915359525 
5227.450853447782 22538655.42755989 13632.299441662657 
5245.091457862082 5084792.61910299 4002.7653226356424 
5267.17189609942 5308937.1748480685 2505.534597311165 
5269.211582415734 4924136.8311007675 2767.718508629073 
5234.487028129804 11750112.073536633 6857.045200011665 
7849.284633653611 497738.6305245359 205.25915239954955 
