9958.276743258628 361187.313573625 84.81649758622649 
10401.087641094624 344855.5715625873 93.5850654189178 
5227.026944292449 79001817.57686487 45611.83004588452 
10516.439678334056 346794.35694507783 89.16263791936484 
5227.02526579157 174815634.28350827 44310.0149519286 
5227.05245933327 147850862.42344123 32896.500653350995 
5227.03934446038 86880681.37107374 38195.83713300869 
5839.027902313861 516828.2343558152 289.6181244838705 
7338.927187425232 522080.7749957778 259.1224240346076 
5227.0301359821115 172557270.52923533 40973.66687418639 
8918.435122813462 373575.89008410746 102.0464416953554 
9320.544456010062 360427.75632507144 109.31931488869286 
5309.341429862685 2110520.9151050793 1405.6102759358703 
5410.693953219825 1078405.5854255992 610.9082252735882 
5227.085396088723 48724019.767379396 35145.84164118429 
5590.440841385314 559849.382173289 377.14115227233 
5227.055634750494 70434890.63120785 31403.478586097975 
5227.237828119932 28489164.873617887 19882.282698415944 
8521.679444307894 388069.035409745 125.61420820105639 
5227.912616685155 15545606.968289401 12091.834002847183 
9813.555459771811 356319.56768609467 92.96312952136643 
7460.316207206589 534436.1393242156 251.21987114940487 
5227.035614560785 72381250.47085312 39790.02811228112 
5227.043065089037 84288917.13433856 36930.33330759557 
8152.904449962011 416303.1630815307 153.8917791427882 
5228.324962185105 14754363.124262832 9764.874416632449 
5278.448816764961 2904297.947162212 3129.796276787722 
10276.08384785331 351078.21586704056 93.25502951753398 
5227.645275398741 22142756.374967694 16477.23873781744 
5227.052602445476 67184417.4362512 36259.62149823501 
5684.8435445185005 527632.3101049868 333.5097804593423 
5227.164655270081 36589894.477197304 23651.65150548427 
10133.275976826324 347695.89873526595 98.92834403660028 
5227.247856744855 30945647.062388815 18170.210766371725 
5227.212511499508 33757355.77048599 21934.515958381122 
5227.043556846356 68763954.86125553 38746.48186875878 
5227.067610696023 56111031.53467144 32692.70236179707 
8273.696409361628 400234.52381994243 145.7789814702783 
5227.152494215854 41743248.600594655 22728.586965137292 
9433.703427894492 360518.9809338905 106.16372258969572 
5227.27876859951 24218179.97707698 18657.14566378289 
8690.875890817904 383497.1859603934 114.36169504964387 
5228.228122521448 18547993.380550776 10683.544171837062 
8402.671938836058 397886.4879624669 135.16155634935794 
5233.997741870757 13052718.709771877 8497.392096136415 
9648.288851750242 355031.3124499859 100.33848808468831 
5234.850647339014 9766096.74111905 8257.380478626943 
7832.9262082553405 437076.6645918313 166.81667703989405 
5227.0320263047815 80025893.6561569 42386.042568857476 
5242.811219409663 4756616.471583491 4479.756105211566 
5227.153113107048 39728497.000962004 26396.40119194648 
5227.217425075216 29780703.044852853 20268.417737062475 
5227.925574377621 35189950.00350819 11408.461161547375 
8770.524844446094 376089.38381327514 102.86567481700266 
5237.124212241642 7684882.300724333 6699.337661471432 
5227.081680942606 51379188.40313791 28541.76240454114 
5227.234149782549 32548141.18943732 19179.729459559596 
5227.05376372164 62999937.93829932 35430.06161350055 
5227.724715383424 19337895.47293265 13750.617713235853 
5262.4272470575925 3922122.143410203 3272.960896755326 
5227.049383098607 65570044.18399111 37418.5334532797 
5227.192605405294 38363526.21731295 21233.46827019179 
9571.715742057164 357760.0650573079 98.63974891808046 
5227.296411693092 23995465.45089996 17169.88397433737 
5240.770245336867 6256166.888833544 5948.508475612108 
5227.162583948815 37850026.04246833 24708.418240398914 
5227.113450263011 45977268.04712785 25523.871492992308 
5341.888870234281 2953664.1617000457 970.2572081396855 
7618.920189497791 480325.2407272455 203.33700808435842 
5227.438034116156 24063369.767134484 14493.936532356176 
5234.067242811008 12328443.924985819 7652.263037670273 
5227.855671985253 38571380.845748365 13027.176730847985 
5227.044216692881 60364629.07225616 41850.858249691395 
7755.587661397152 440137.580647539 169.03454982306667 
5227.074677273413 54470164.57695547 29493.572672412298 
5227.026969673088 79002846.34868954 45607.89026810261 
5227.35004156896 23473130.74519466 15659.312487399236 
5227.02822046242 75632536.01787007 43532.12743612399 
5227.410938009563 22193948.4194814 15381.821533276045 
10018.293251888748 359061.17811730324 87.07418022375191 
5227.060416832477 57488413.34187922 30672.40199206295 
5240.787039403393 7193507.718881352 5537.175233718627 
7990.664044250093 432005.9912314934 156.71612700769268 
5244.197962325854 4642903.912734117 4832.384408216022 
5227.035309871982 77447553.29649705 40742.644339474275 
8000.52539820348 429390.0099847544 162.02088318264677 
5227.050451516395 73846359.77380987 36828.73392606005 
5227.098101305439 52865305.62544862 26864.522412322793 
5227.034046774282 62418745.74008438 43399.28296399479 
5227.168801285318 35912754.91776553 22988.573589586736 
5227.034963831144 78371842.84746489 40257.81758089972 
5227.116677063516 47481994.40711772 25447.76549532473 
5227.119563418039 44378547.45250632 24979.0597642998 
9935.82647845483 349142.18145642616 94.98538338937614 
5227.088638052091 49521014.644678205 27850.984533975763 
7652.167664234174 451685.5604363247 194.98448104475474 
5227.0295929438835 78707835.0407312 42870.22145750128 
5227.144332010236 44003775.03670905 30370.12220635779 
5227.0674157612575 59371726.602260955 29854.95207964981 
5227.042351085919 69441160.35359436 37711.889258866046 
