14697.314108014172 1447960.1161037348 176.95799220259198 
14312.59767483949 1366942.212461895 212.4184903659413 
11632.017684810688 1379725.2711001125 283.0841650315906 
13957.453653282324 1503796.9138163398 251.77992102530544 
10764.741765871262 3240896.2558879014 356.52577508970256 
12050.249345702965 2111745.287902334 244.52793802960707 
18568.408421642027 1282266.2284539547 179.50998946836856 
13402.039744442533 1713672.822184971 247.3543931853406 
10916.063459881947 2229263.067113111 340.2921624436486 
14328.980858884595 1178749.9379153508 183.19747602929786 
8734.21400908833 9721749.552125415 918.2074002929908 
14025.928340754055 1391279.4646947985 223.22485962441158 
9517.957314685777 3046084.755220035 617.9485173110734 
15619.148368318885 2211889.5716354703 164.76262014312513 
9895.666623947945 3411157.005045427 380.2187533314866 
18904.476964229583 1454294.0810473806 136.40665821606973 
8404.944171157444 19199444.726886507 1136.0749457886525 
10604.814365012659 2379894.134656906 502.9229800190649 
8476.756440686215 7541740.099522458 1337.486082785716 
18977.47386763843 1358341.071068389 125.19418937082418 
8629.681630240564 9432107.319122862 937.7478188061361 
8624.690194648352 12428878.253420897 807.8491810635296 
10007.445761292542 3148107.405352411 506.99060956194506 
8672.446656495067 6483806.552304131 1046.9495420109067 
8494.487595535098 13322790.009065572 1116.6447565802794 
8248.020999062002 15294556.166514523 2386.234671486027 
8438.381106308254 7902795.000974001 1118.028759243768 
14133.240246393942 1343327.6054210158 250.82699741945464 
8657.31618793066 7442934.6500704475 1041.7587734864887 
13836.364618455282 1726229.038970419 177.624676900527 
8601.897982766706 9135227.519676313 972.4217157420846 
8128.181633640466 38567964.59796596 2079.696268276147 
15987.951382369716 1127033.3207702928 192.598179576459 
8617.790498016537 14323846.626858449 773.6645340582529 
8575.52243129769 10135795.679110344 953.6578385748026 
8439.799149511886 18353183.826959953 850.3199373697644 
8710.854551108248 7640105.008855319 971.296542319865 
13662.820393631015 1646182.5156871993 258.1454556909768 
8754.137429015404 10064759.944754655 891.9352994483163 
8809.913788176007 7003931.3601084575 873.150355551672 
8932.901985630337 7263778.508420844 641.5798658025091 
9725.854797226388 2716907.725358268 651.7901622508123 
8155.452647620964 58040289.4864873 1792.890399833411 
8386.511565257819 14374288.74445832 1159.1989648840263 
8457.599150988624 13772773.330909356 1072.0925077996253 
22284.713795003077 904299.439202473 89.03680471232475 
8138.414635721598 24557551.979439702 3086.4469019985518 
8285.961809391154 20303992.678417683 1323.4691868150146 
19964.40652682427 1025307.6059888997 112.39155952439359 
8421.89104989717 11857146.91324082 1357.7889921048948 
8628.673314122267 7704406.12334051 1214.1134603408643 
8236.036122612475 16610112.859903589 1355.8472218683444 
17493.589055174692 1559633.8278243388 116.94300214271767 
9035.384464176293 3753547.634423473 414.758426206868 
8262.508847867068 21784914.66172324 1177.7710001494675 
8375.760935141177 13697591.251911914 1325.2092957578968 
8181.791042088066 28005664.321744513 1937.6329091359564 
16301.656250793487 1302076.443460922 145.6977951737064 
8838.519361579401 5477253.214472075 714.1837779595767 
12318.391788947705 2412833.099341062 200.34212427854192 
11383.160340741908 2362871.789100651 338.1381093345489 
21967.704188469404 1008338.2008692054 79.26222271930037 
19339.154439221562 887923.1502841653 133.9780290842412 
8537.699661809544 13724934.499744916 874.2073988813813 
8395.6205245083 23902026.13265343 945.8014345113781 
8154.271746356748 43759796.804495074 2041.2425563692132 
8246.513492139511 26807807.515163425 1167.8624717368662 
8780.11730159617 11706934.322888196 856.7575593845942 
8191.927496568902 19692921.025625236 1330.9661775778188 
8183.6308744753005 15805037.953134993 1598.6059930469246 
8549.668389938819 12675671.550837137 1088.9817930645395 
13161.833244064332 1837332.439069408 253.2639348207233 
8160.937994609942 53921478.15195231 1685.5874507995327 
8187.035304238635 44570345.043034606 1188.4743241708638 
8242.902507863695 21380444.424310494 1306.4753480802988 
8155.209867955298 31085753.93954344 1977.4552177753828 
8291.512771614798 14230987.222531486 1183.109906104386 
10074.503075647208 2507047.740187298 500.36856831079024 
11085.85773113971 2030383.7498845581 386.0166947320614 
12811.38571338429 1684063.9313862901 270.63569578156023 
21751.51944385358 2037681.2386593018 68.2145132318136 
8367.91711576972 18325587.44802786 1180.3264209893555 
8092.533719692999 52342441.81827925 4162.229157820777 
8817.310350398042 10997002.411934406 835.2620369421753 
8212.868113435794 30611087.11987589 975.9228352390933 
21390.717604544625 1417367.1871135968 91.83672889646718 
8656.935069801128 19392065.768615324 764.2141464164516 
8183.022180182297 54271137.950554535 1305.2095970488333 
8114.226680375566 71457233.13794248 2455.3045314195188 
8396.395686933975 9981656.456418354 1360.035811443911 
48425.55555900297 938648.1682670255 27.751361560094992 
8769.338338974978 13671869.487222733 777.2640751490705 
8304.609445341115 12970621.92252611 1365.3994241566586 
8170.89624875054 24032202.814671595 2099.8676281150433 
8519.307984171162 13287709.765678946 1047.8936739265498 
8372.028280124476 24486829.78867877 853.5617552611764 
22439.447109306122 961050.37255602 94.21489149759641 
8095.657750067177 105369173.10921559 5298.660847788928 
8210.907468968671 149252565.9067981 1398.6680054768192 
8118.100128050666 92197034.50151846 3139.2785820127283 
