580305.739895197 14959.06260692426 10.548798192056884 
405667.4572441544 8691.29142287168 76.47808404555354 
5261.3271319631185 5949432.997479547 3025.484632103248 
5262.756219614907 6760794.216338887 2795.562191732854 
438927.0205300081 73525.1221779203 0 
198503.0320804554 14155.864382429489 12.778822980557141 
5266.6206280562155 5248461.931291921 2636.9691989227654 
321793.40738277853 9129.808877397003 38.11947081772311 
5273.057679419397 4393599.707607364 2222.441504696538 
5267.344473871631 4883305.565601112 1943.3990548851891 
5265.397984293151 5949077.541001578 2826.795278378323 
326889.2481618708 9010.74580485547 168.13665216883845 
5284.209899549651 3785232.2392151016 1528.554662919265 
5267.614800916289 4545680.27598242 2389.010900285335 
5269.157081733746 4502058.320590485 2479.359898484032 
5282.116173934326 2783296.9121928765 1717.8234569860372 
5281.149144496788 3736453.198204646 1597.9597212610274 
5312.673533834835 2595242.809917722 1206.317427056935 
5316.530293991148 1774542.6258740542 1085.5534813234626 
5491.35918080989 1381091.4709208943 904.6147663832958 
136997.57615568704 10267.496804309336 244.92064736200635 
5280.390581282993 2714799.671926302 2130.7773598232684 
5284.2831287602485 3325456.208080493 1580.8637149928018 
121609.25288505683 13110.523877991878 255.48337770167672 
5271.505701964049 4673096.327457916 1676.3793729056067 
5751.925828134217 1006376.2910033325 782.8128831120962 
162781.16672760528 9987.14674490893 190.572129411789 
170923.246163395 11075.058748768357 50.88376060872572 
5537.272923990234 2165205.309004146 805.0457451529977 
5927.904232820886 681133.3852261733 599.3514903759606 
5278.923756055235 3015197.212424175 2020.8804919705988 
5808.968196245296 1174712.5678168673 695.3077745997884 
6769.8927720857055 519975.5195668062 532.007434742977 
5295.461799884379 1974849.5880729319 1497.993645477785 
5310.323466954194 1709760.5876918503 1314.4705205432645 
5287.305892334892 3316216.287791584 1272.6366062590107 
103140.798724845 13147.187934035514 129.97650906745065 
5307.175519540127 2321091.569586281 1309.6001180496055 
69572.35169927709 27055.064548259143 415.51777083760277 
5299.268497619147 2087534.6214704872 1417.3758810557792 
5471.237281115286 1488189.7240795223 995.6984965810155 
5275.3239720871325 4509668.185224021 2079.3524908173636 
5798.569089082048 1135515.2768775204 702.302286160374 
42284.060655768226 233698.05288306568 68.90276668883459 
5461.978080703011 1617093.7741139638 890.4054792460822 
5692.056047084753 762113.6458800137 839.666811431206 
5609.088371534785 1474844.081738576 626.3190309374727 
5298.054745265954 3121030.816376972 1383.0226392018656 
5530.7589975300825 2495477.3130939356 869.3989785821141 
5288.997659645651 2832235.2942659613 1560.6944391139807 
5842.206467987297 1091298.0623707494 665.1584631654667 
5345.631054793199 2919943.230542532 1056.259607289178 
5378.369322334591 3239675.3507091794 1010.2947661962319 
5296.129941308205 2376262.2856214116 1390.3496584406794 
52890.877180387164 27063.52728631243 45.809963515687414 
17376.252693436545 450363.9878621185 109.71402124683672 
9564.003816262477 319278.124462759 362.6650761671058 
5275.8705501449285 3123149.8210133757 1651.136126146574 
10548.92985812845 563219.2335863244 292.61931949197754 
5288.094200697582 3026864.546044505 1465.9737125663555 
5414.404675686046 1528359.2709338926 1037.1902976770364 
8693.060904078102 342682.89744008164 330.535497552724 
5290.781501098686 2564283.812868569 1691.9167555463357 
6447.209595221443 826961.4171745918 501.5523406734144 
20287.77065814302 172437.55022981553 374.5165621985395 
7306.210921461891 694078.9563884706 458.89638090007736 
7495.237119149958 868848.7779227344 412.5360992827839 
5524.835361170803 3163376.7876857417 860.9126599245835 
5285.699748017484 3038183.9186805906 1514.3844686957789 
47271.256043342844 61715.5093839123 106.26831604050335 
5354.319780078014 1988579.7716558247 1041.8760123094823 
12509.032788798246 399693.8287027188 174.6462985012287 
5344.168506050019 1038715.1995607426 1078.7910463905512 
76367.46812253926 14238.006635632477 311.1163971151939 
28332.569229888744 50905.87375123351 447.080391877089 
7432.7705226648295 547767.480275971 490.2117802666406 
22154.461028853973 376992.0368135769 136.55826968099393 
34628.62553140736 79179.17720849492 237.85752813592237 
23232.067843800658 121008.39707163893 128.63575901708288 
31372.735478082628 76768.33689898073 387.5654686816141 
5284.939380233546 2999011.767528369 1595.8077533977812 
88058.0212718662 17865.952821453706 151.46698602961854 
5290.336601464645 2782690.1062558335 1414.4166496399353 
7716.278816780702 850793.8090196924 435.6261330912685 
40709.79377107472 58830.68450048159 207.00253563441237 
80030.32003617118 38301.1965459334 2.7367837361199725 
91391.98085041666 17669.400943525245 265.7995627465758 
52221.83535087317 138028.48934635817 51.2968096932283 
38258.91995022764 119893.47189776959 196.18469018756525 
79530.7775384647 93326.21771819242 26.66857720169092 
74559.55551246079 20618.93337621015 226.42532250125447 
166816.98771364693 12579.77751828742 171.6579046981601 
48663.09898972809 154679.73381203628 37.16836725218592 
12134.087662575608 426252.6253481445 277.4558229977927 
96328.6175789368 14162.110718471338 75.34454602005266 
29206.423516761173 68307.9799362819 404.107541588565 
86372.7485138299 19430.393266506388 1.0453539056364232 
73258.84793136119 107973.14939541809 31.278276202395993 
94422.91278913291 10101.486451824418 290.05015766443535 
95789.47246960422 13845.23945731167 279.9932810169495 
