12802.835488792514 77709.84798856346 0 
10871.79340869469 66424.7272726534 49.64086658635479 
8051.976430487438 11384582.554677648 377.6484410077986 
8056.2885913353275 6650954.224505872 265.52732089867845 
8055.960857910876 1608590.3207222822 274.57003154878413 
8056.625167121236 562436.595164345 203.76704176847767 
9607.089315315503 88838.16878432178 0 
12503.679880080876 78052.55339448099 0 
10564.107298767189 88064.95464944832 0 
8059.397181588909 730072.8448013226 183.51368947049116 
11689.52604777535 78942.6429383431 0 
11519.061006269481 80477.596745742 0 
10945.313572387848 81576.87738620023 0 
12699.349951871955 77902.46712768075 0 
8062.115818193108 310608.27017308114 163.44057749411024 
8068.323731804781 251212.59181888367 121.7872554395266 
9464.745337028256 89915.78774883946 0 
8383.884401645662 160917.21740352083 71.33964615830753 
8064.573458300987 293859.1094134029 137.05224028252889 
8248.715379599711 174582.78090509292 21.529515997788994 
8063.896501720974 279765.6982386074 143.51946027978028 
8092.567260007002 208177.26406061288 78.44151446876674 
8080.537383515562 572147.1466128433 107.30473313295761 
11557.270640424236 79089.44975710472 0 
9260.322300556692 91825.56765575398 0 
8063.477789118263 349077.64118304854 158.68607206776434 
8063.66793502055 303085.18206968415 155.27450486910342 
8081.205676312176 226176.36508735805 94.68263848520662 
8079.0977200660545 600761.0268193319 116.21850047280554 
10734.38787688139 74842.16424332933 53.32195029376364 
9161.552533548513 92302.03384221066 0 
10629.682925769235 85076.5293485687 0 
9039.90690337827 97323.61548128162 6.431633204521517 
8082.631109015867 225288.86028873877 88.05696432991418 
11681.104675419403 78994.07222560547 0 
9322.64811695718 91314.60294888575 0 
8080.812763762031 328449.2663168785 112.2012303057138 
10804.103553668234 84147.62952164357 0 
10706.8970314478 85011.61407086476 0 
10877.068954712313 70121.31219168373 42.70289572252331 
8829.772600702303 102752.69147082142 7.909691883006406 
8195.586171334326 226846.8825938927 32.20622503948741 
8668.177775309734 111192.18287760955 20.706603545409653 
8081.620185158221 252265.61123644188 88.25518441159942 
8572.186347856259 127040.48286614005 27.763445642230046 
8919.132798857481 98539.44070364638 2.215037438373699 
8072.389138059724 232443.60492690484 118.44280770426997 
8217.173870850478 189009.21644401381 37.936166879555195 
8419.975853370936 148069.02994231286 62.018701893308844 
8595.717541158032 122127.74451378852 29.954540963177863 
10846.918835045628 67410.24357296618 49.45410598034266 
9382.241824054016 89980.10991951465 0 
8712.373341827502 106743.16872750384 16.509510066790693 
8978.205040205516 97486.70182251962 0 
8635.796912102664 113906.07077927468 23.657474031290604 
8474.803337803336 146649.89505662018 44.17436641835709 
8081.205676312176 226176.36508735805 94.68263848520662 
8183.696988525031 231912.64387167175 34.830051256557915 
8114.675005138895 317336.26824866043 68.33650315339715 
8160.520789168552 184524.14117148815 39.19461836477094 
8445.28339811297 146255.17373095863 54.985830177673286 
8144.676089123144 223123.10670816677 50.97578694709833 
8393.213507475466 156257.79865118317 65.65806415327492 
8080.537383515562 572147.1466128433 107.30473313295761 
8600.766543560185 119184.18859333487 25.84411882204167 
10938.78646997559 82577.75724527963 0 
8092.076782986687 219604.87854650093 75.16303870135914 
9115.132426749993 92906.33377022896 0 
10565.29263170304 86633.54233904328 0 
8755.41968615719 108050.35503830516 11.087730148903901 
8412.223190884364 148444.05846338806 59.670015769462715 
8555.837195440045 128371.33059385544 34.5750429311287 
8133.464754332971 208145.8653079234 65.89828084204777 
8881.339620645615 98080.55858468721 3.2279643730043 
8064.395840107269 271879.37918314035 141.11729371751238 
9090.106210913169 93175.45726349595 5.660500623706572 
8541.870031642877 123773.15193680939 40.64385325479383 
8783.683374122213 102117.53443143956 9.369839611067516 
8694.371881435249 112104.5692776434 16.242220142455498 
9380.439618800856 90950.38283913778 0 
8722.831591714945 111776.43883351328 12.963738297964836 
8957.08033153156 101481.79198655434 0 
8440.535326570229 139670.35069061973 61.140432601398 
8649.974651731765 115239.76823235455 22.399583750379136 
8121.4913887371395 215090.93921762423 58.33050878779403 
8861.26820281652 100615.965573616 3.404341529240258 
8843.416200674841 100381.86252128598 10.618117780985209 
9093.51031860621 95688.3638541514 2.017087678620726 
8522.185395637438 132092.0181523654 41.40710325220657 
8091.778063543011 216357.25547808316 76.54574104848886 
8869.84911663532 166748.86179489305 0 
8063.481082473613 333952.35953327816 155.69929661842403 
8492.349780812487 133620.10897547036 45.86619522619328 
8390.168223481884 157450.83409400238 69.27197025583493 
8444.31452201616 148260.7179708308 56.903899275916444 
8783.683374122213 102117.53443143956 9.369839611067516 
8219.159372492006 175290.23329659094 25.337663621754892 
8487.301709378873 132888.55657751852 47.409172239285674 
8064.490763070144 273076.61229505006 139.23579226124178 
8062.842754696071 295133.89663746697 161.12173439698708 
