5257.574419789219 8853685.530801868 3803.3029619415775 
5257.731702878054 8497460.51782922 3830.04544901858 
6810.69325714653 81611.70716804765 118.51598856596578 
5257.657829424487 35769697.6271584 3446.5619163191827 
7012.188194165334 103678.25435967589 41.493235023383264 
5257.668002237433 30503621.481953938 3399.1299483677167 
5257.736864814834 5009156.059973421 2698.8632897543803 
5989.679502038203 177063.98239789382 114.53199319191187 
6886.256192983275 104874.23647280637 42.096280517692264 
6115.610640863807 152269.82522177565 106.38126305106975 
5259.534722773059 7532263.729035801 2420.9117206630344 
6224.0736572815 164329.9714589662 102.17222799874284 
7007.718944386642 104190.83589126235 44.91187168139437 
6684.334467384811 84744.52483960778 105.54402873333959 
5713.837791933664 234153.55040100144 233.27562563144474 
5893.376493087696 187932.05473576565 130.65666955440955 
5259.86951606811 6630727.593640067 2524.542540953761 
6370.886295966785 126983.16121730773 78.38555494590477 
6075.251619256009 172932.69402081938 140.5650354113319 
6334.194935858928 131207.21212987124 115.19127632126381 
6439.740139144827 107743.21883350468 142.01752395064938 
5265.727036685854 4342282.897332021 1961.8002657944216 
5404.390795795845 818804.1397500416 738.8897999852568 
5277.263431477738 3252497.8220831654 1701.7654200355728 
5270.255391772392 5122487.604236381 1895.9641719097242 
5388.637132313456 1207034.1860022927 786.4190052704193 
5266.598307075204 3692970.2791974666 2117.5338386798007 
5661.882973950502 255544.4632817347 299.26503595752905 
6283.943636833836 131577.8366962754 74.51892297305614 
5799.5024102609095 191504.0767996861 195.5143294652522 
6625.218269792889 102618.96919933813 53.94136195393783 
5570.74558865246 458402.9897694802 483.29215807216616 
5285.498674333078 2906558.6334275026 1403.7194128330702 
5275.586717790739 4009389.5724542886 1804.945755899617 
5628.311701829466 235152.66118011315 333.78201527441206 
5449.036240517029 698295.5127868052 686.8014960612549 
5751.849451160271 216892.6732113971 267.46238355160824 
5884.707163706368 189946.6335022735 159.90311940618867 
5840.593807612479 196740.73527484064 169.94916414379406 
5765.330723498439 229002.870057171 263.904488577545 
5351.096780060581 3353609.562865973 894.4694855778557 
5515.949561218145 580366.4637314577 514.2298209374468 
5491.677148045733 581563.2956420879 574.6075831244026 
5262.716866702738 7206339.986701598 2181.8558630683465 
5271.0037436701405 2981300.016155138 2027.0862938225278 
5329.125579585015 1349802.1536865362 1084.6957331390608 
5471.800977887974 695738.2538928458 615.2017997154005 
5261.3739075121775 5537270.522770204 2272.982559381021 
5313.5941956831075 1821598.741316806 1147.0797716941506 
5266.758953411453 5879937.922628475 1806.3536128591272 
5260.356099296294 4781536.611751936 2640.8086775610586 
5302.108845311304 1661638.7043200564 1182.973657036318 
5291.693069891775 2486369.0766174556 1347.2032654164109 
5263.470079412893 5673592.232537898 2053.8070673198263 
5466.663818515852 691431.4383952906 665.7488155753435 
5417.295126381083 797363.4584271382 822.0888765204958 
5289.68892650718 2688318.938612908 1455.5850502561964 
5545.19644265183 650133.8756399784 513.8325091873642 
5281.187840510153 2447798.430972017 1517.4664247195262 
5288.450527789142 4050576.812838964 1312.9204390124728 
5259.31110014883 7004963.89712603 2574.9966208919113 
5376.838089735123 940294.9657923292 844.4880950512334 
6850.831129496094 93967.77602348298 88.89311088989358 
5262.662318629596 6679241.472055079 2193.646534033023 
5261.464358840846 4426718.944800936 2359.3703508781755 
5362.497223011514 1019649.7070182381 955.1687581686757 
6560.365931802273 89749.3989213637 134.6121559220191 
6480.242092229996 112943.49506749207 136.89421648676955 
5279.112022904422 2185657.8289905796 1562.6844099186437 
5311.93275903078 3674465.5815008427 1051.9757659120555 
5656.790687723735 285741.438285146 303.2439395349899 
5484.115970123479 594168.7051809897 549.962203455858 
5322.217405833383 1630955.774495209 1002.9772263668539 
5290.2420614466755 5242124.755823597 1268.589747329127 
5587.131770134719 332671.38228229457 463.3355063474758 
6498.658398501201 109262.5267301296 73.62992795259784 
5601.794280374395 345025.7659644326 408.7256432188176 
5272.274753697042 5601222.29125418 1671.2084221327007 
5273.409884715824 6852179.556098291 1603.3292384429415 
5283.587057635221 2196131.933539797 1479.5010030504936 
5433.107243289235 769017.2489728864 844.3809556054451 
5366.919991173023 1118883.8235427372 939.9753382048772 
6447.603210960179 113680.2166341901 81.25170369052493 
6251.265875737536 147459.41730078653 121.39344818075051 
5263.055465409979 4547766.634871236 2301.8752060223924 
6587.0205321695 106054.00636532424 67.01647928154433 
5270.861347742736 3677220.8443281725 1824.1383466652355 
6076.499508091178 158991.00056280207 116.17288611349367 
5294.633043379948 1994168.903275408 1240.0328602031816 
5260.074566552306 4839974.9398613665 2603.1265087327797 
5260.794051951381 5414311.048988875 2329.0988746075946 
5532.424566518727 723172.030246505 473.5064421867894 
5337.480154508745 1438592.609822352 1074.1153928799597 
6596.8837011096275 105607.50979537018 87.20013900667463 
5592.824422385042 323505.66809840495 420.1539069210592 
5347.522383885554 1766664.481581972 908.199708600731 
6837.158954247917 105316.55369727602 42.816158616225735 
5316.677581192667 1517266.2452008908 1021.5129846553879 
6526.79061602629 105550.18637467289 140.01424435366 
5820.861850347896 212119.64083747487 194.74132271588866 
