5360.872676116627 4518361.961561167 3240.3909861564985 
9416.259452207281 322927.6086104506 738.5764620765929 
9352.568133464978 322889.48975904315 770.8760661228719 
9180.285528804925 376558.21873303375 575.7045204333729 
5368.62932142744 5808423.382337946 2849.2080468077243 
5373.883127740632 5044536.016844993 2750.9435506187447 
5362.324998903217 3964646.853765921 2935.1553960493143 
5382.6165106193075 2887237.103146258 2538.886259435506 
5385.0376718561765 2633896.448617163 2651.7084989907726 
5417.196967161304 2451704.5108066327 2148.987125401388 
6601.071757945168 693003.9622696241 1284.90395446987 
5407.799524537914 3684913.7192825633 2382.001727994759 
5416.747110123231 3277895.3004083415 2294.8314594794188 
8763.015223863938 436946.3919782203 706.3725838190887 
5433.666509339914 1740170.9997944403 2079.626885428798 
6850.879080683028 1159796.7561762123 1278.4167401082773 
6573.520905876121 793140.0687567116 1348.3314492169227 
5847.006092561555 1109011.2490718993 1555.8126364247116 
8646.544311384414 345163.47319635336 966.8676066193689 
5463.807797944145 2160377.123541813 1979.307690965929 
7264.912304356896 1574994.484403728 924.8911632427997 
5362.0018818847875 4487965.007727073 3233.1000606623575 
5407.693687295122 3112483.655717449 2416.1946196707395 
7114.051006358002 662096.4062340561 1067.1055947223085 
6989.644903927599 700361.5870695066 1142.963480153858 
8009.421278003096 584005.9625558482 959.5915838818079 
5396.9772134463565 2349892.742982875 2597.8822632118154 
8863.6536054891 342150.6748708809 682.7260739684359 
5415.305800441819 1960603.0988054937 2479.507952547341 
5787.974923306256 954043.2183544806 1617.8176798990612 
5898.193028971616 869689.2534506128 1579.7073069114392 
8564.463483226766 353959.667848552 797.4423809444556 
9123.611209828334 374752.17497313145 663.7636595419285 
6332.764065154597 985113.4629878073 1382.5070763288347 
8203.505876999556 418478.93245468003 910.6044969880668 
9314.135722871908 328594.1804945728 613.0840497504273 
6274.327237642207 769964.7691589345 1502.5734231985575 
7666.515326113091 490548.3131187146 1316.304931527206 
7354.99085836302 680211.0038445718 856.9349852585067 
5400.963658122052 2305843.0474472204 2456.080834946247 
5448.312735112787 1528283.8473892126 2026.2814150568054 
6901.914274209174 922191.1547844224 1105.5981360166722 
5726.979766495053 1067575.275033726 1745.120119379049 
5702.76194849945 1147228.9295069408 1664.6722383843119 
7067.289630386447 832793.0903839063 1109.5001373186212 
5377.263094414202 3169643.9587905104 2972.583482333001 
5374.437978059127 3409125.985312338 2799.608351986131 
5644.106677564336 2323872.239539977 1721.6485464528882 
8335.061875265765 435618.79453558265 774.3230257275472 
5370.786998644082 4133746.9851081218 2842.8876514211906 
5362.092718750448 4289402.98819336 3136.348252685507 
8954.542182771282 334419.63718734233 832.0095778652869 
8485.553213506068 409010.517870903 748.0767719452458 
6128.281379424158 973573.5046402889 1395.3882988341068 
6436.653228038887 762225.2001298987 1510.4699270641595 
8980.650222876953 341098.44039255515 794.8394290748863 
5760.7142737963195 1012846.8534561031 1685.8547141477634 
7855.987566397083 523680.72224899346 1039.9038157814496 
5408.740689277208 2035728.0292462262 2385.5667966446404 
5411.668512483317 2411156.388108066 2329.4642698885127 
7208.268882381285 969004.5858110932 1009.5594642338922 
5369.7495507672975 3613739.4872835847 3100.6612846195767 
5377.983485504469 4381184.507414617 2676.7719536591276 
5375.972148177156 3339974.755748496 3025.2465713653387 
5376.2910001857335 4152745.6972233355 2790.581316088572 
5472.283577575925 1885582.9020853275 1955.930042345242 
6062.9750875066375 1166347.9781329413 1499.9741149856231 
5496.599785639971 1452602.3196620864 1875.5954912616082 
5473.853386114497 1801446.493992421 1987.5332290417414 
5562.875031110232 1255343.966792275 1816.7820448950583 
5927.26290620912 1650234.9210804882 1432.8364693572894 
5525.312049123446 1281142.2901771958 1941.4622103522584 
5371.3185629150785 3531495.378837551 3018.553928996388 
5449.949285010714 1480939.1844920702 2125.4844114188923 
5387.951714886361 2514791.1238964763 2679.145579098122 
5370.199033715337 3540205.2262158 3078.71632886127 
5489.527293362055 1651241.9290749207 1856.7531174646615 
5417.174297895932 2971647.394036271 2304.58759947828 
6003.479877693575 1375226.7968336695 1416.2428335977852 
5476.329796722118 1385871.0416537598 1908.1871225133948 
7500.751429730273 587835.404474109 1367.432229702058 
5604.021595020399 1315121.399664787 1784.4458647130891 
8121.547858884525 495260.4715732121 921.5842979640906 
7803.082086591951 506169.6291907149 1223.499104444838 
5972.873311793819 1311239.1406594983 1464.053105935145 
8487.427753844097 377381.7348578069 875.4687758352615 
5377.586372708836 3241241.9482590193 2700.1315097537854 
6436.653228038887 762225.2001298987 1510.4699270641595 
8319.954714901793 446859.5836244512 766.4759176830668 
5362.092718750448 4289402.98819336 3136.348252685507 
8143.303139291652 630424.8413504144 897.1163808072449 
7580.975476560635 540414.0357075311 1170.343955360535 
7526.5553972746575 626997.9756473807 1133.510081571711 
7904.868892090736 517179.8162202164 1209.5156894377205 
9253.55756556 330648.8583902995 669.9883408185608 
7733.259352419009 478903.4642481789 1231.4024404716472 
7405.943405820758 653887.2371744908 1191.333553414165 
7239.308342975003 602745.3780877803 1474.2690122813272 
7420.673298895784 776625.5388037177 758.6028705786985 
5570.081975493211 1333656.0635294905 1795.4474525371506 
