8586.181603510999 448398.03495033266 1139.2575507551846 
5427.793382854139 47643196.74797268 3193.714622123439 
5429.092151238792 7832910.985090809 3223.1578684231467 
8996.185685953978 625809.3147245956 941.6853377810933 
9088.509677766093 463575.32164830645 961.1421951656334 
5430.457487783842 8044764.658525375 3191.0453352222903 
6235.3384188152395 827341.2399739834 1591.2919340770538 
5430.669220687304 5223933.382907603 3050.436220054357 
6068.841526426671 1055245.7743936554 1685.3524963424745 
6794.165130642476 1282952.1797265818 1523.7050819190754 
5431.607195905854 7233563.28965638 2951.867688005602 
5436.519278157005 4035625.7624557884 2820.65824855781 
5440.444004183807 2913273.0742499596 2754.7213642981255 
8791.624861974164 546344.0561023094 999.2319082468684 
5897.589207000253 1527330.840718909 1705.5494621763103 
5650.861166150657 1561596.5163086979 1977.4863719657178 
6104.946334393792 988954.2582144609 1621.677780707626 
8659.120030540787 497205.5631483107 1096.0281897676543 
5555.389073904567 1181096.7134773412 1992.4026756343715 
5439.85906677884 3425486.9277656227 2869.062051963969 
7635.806685894333 524110.04641132185 1327.7951401989997 
7848.9170879011135 557829.3985777322 1326.6879844017749 
7043.213237224515 1016252.0993403096 1291.6864638915085 
5461.64538258483 2079272.3876969363 2552.8151226820364 
5454.5003859069175 1960725.6679646845 2600.4072503806287 
5694.826548589487 1240184.9880990377 1905.8847128866307 
8912.752354485336 488051.8565665164 1012.6424228796244 
7751.380129863907 521474.01282127976 1349.7215915172633 
8177.4706154087735 460978.8233310437 1313.9509971556226 
7114.816974798299 1307165.2392676505 1250.047957400543 
7534.87379512278 594354.1347886019 1516.204924838216 
6897.487830683945 988559.7899617694 1400.349802056444 
5665.638153073571 1683694.093665694 1940.1179108716706 
7157.415025746591 841577.6011459234 1211.4060212775846 
5503.626674202393 2519727.2132946807 2355.3950177711104 
7311.932939868586 595158.7404353159 1766.253872207098 
5436.1360836663 4094130.5342959445 2884.526963764318 
5814.667185625824 907426.8876100732 1741.2752005950683 
5499.494260738212 1816762.188452347 2503.55549891133 
7234.64641901703 768107.5603368869 1267.0946142165785 
8098.4598406376135 473864.6898747369 1222.643945565663 
7592.873059847141 565263.76944434 1435.3598050576975 
7735.746017665893 523979.903985468 1360.3650793699794 
5544.595603659973 1333931.351780863 2033.818753497455 
6985.837248953806 1295888.8190514164 1368.592558142438 
8568.086530773906 504520.92957664526 1067.6569568978819 
5433.557955461999 4234876.516939889 2950.9184026186695 
8826.82080429055 515814.69987247896 984.9346522792218 
5543.980692477849 1456315.6612353576 2110.402824564972 
5685.696279525299 1309623.8839682224 1865.9481726362405 
5506.334183277548 1866574.6196655459 2429.193186609326 
5812.272840500839 1059888.1575801154 1808.1126626820715 
5512.446259179336 1810045.4148030356 2392.9648487631216 
7920.425322076628 509555.76030857844 1417.555977395809 
5534.467638546842 1430761.7317284222 2161.7810128188758 
8645.956898487102 458902.6630922996 1104.8018369060503 
5508.857568807794 1816535.8846853406 2317.22893953536 
5522.551687777434 1714974.22751206 2165.4105416314515 
5891.923123226133 1527393.061829829 1706.589280957466 
5516.301156565606 2336575.7001022305 2271.4055236337535 
8862.63203354958 490336.29479675647 1019.3652954104634 
5780.639735712511 1134226.531026261 1760.9598659228102 
5477.809087794229 2113037.732432409 2465.906731070453 
5461.199877367477 1931763.5028085974 2648.7574923170605 
5748.486173508376 1452103.5717475344 1724.8150631576498 
5449.559934823301 2106529.9161601416 2724.2558283294056 
8511.015008689385 505126.67114211887 1040.3793146825442 
7987.701078115653 502418.7235035137 1374.9276696043105 
5519.588911664056 1470951.206484633 2221.1528454516615 
7482.121642575603 722680.6495874177 1382.9584971853403 
8058.92937272788 664373.1733918496 1194.0335562335588 
5441.080980831692 2509506.799674359 2692.3093716187363 
5433.091219570359 5162179.039739338 2984.423163916136 
7371.019217743434 579471.6717972907 1784.3447534319416 
8470.94063435241 536257.4774112506 1030.2333138354525 
8046.576222238496 472762.12224993587 1227.5931164191354 
5515.903163070853 2240919.300623842 2285.7924820097514 
7966.834681791808 772492.0275196206 1236.5894458748871 
7435.792263411251 597099.9818674595 1425.334090784367 
8415.094345458849 468956.9097033192 1149.9196514032008 
8212.689465854926 455622.0814782957 1322.655038790224 
5432.6307704490355 4410872.384067396 2995.7465840886393 
5518.62091604596 1773693.4106268343 2224.9742003152196 
7021.492695571578 1073365.2075904133 1383.931324083404 
7519.722215639644 591773.0579035863 1619.0618795341252 
5470.550417812319 2446992.43915894 2478.5269954395053 
7224.763936750473 1266167.1728198198 1100.0779310689977 
6859.34371504284 1457214.0127458666 1366.420010031499 
5431.769568421961 4656622.8779579755 3046.122026338777 
6824.394776715471 1200141.2220810053 1426.4962422190217 
8212.616928270316 529568.8747994353 1101.1390028124908 
8443.162642461337 467557.4141857659 1188.1666618808972 
5718.193842913203 1139119.7795995534 1811.883121753061 
8059.746387709776 635091.5445322877 1178.0265621813674 
7249.670618875549 606513.687018934 1461.0004352010276 
7622.103198318994 565152.8211461786 1445.29362997843 
8329.90819129383 492869.3187612971 1179.0520353025947 
6420.069943939504 726953.2662000317 1541.9824774528818 
7455.640421638944 658347.056392785 1394.0214595290117 
5434.2255234023605 4431106.882839832 2997.9159994319493 
