8093.713793453459 3281304366.043762 4490.756713219201 
22073.688922167046 162586.3670347057 1.1462123387541294 
22019.291666310193 162980.181867323 0 
8352.115933050969 9415139.053720737 361.965353194113 
8094.24022921093 5740440.233776475 648.8530745068243 
13715.213674458608 261105.07219139126 18.171671640639545 
16543.471128946134 217875.31742543651 21.147076560490497 
20553.95728785999 166692.66831629566 1.1354912221240332 
21478.460113761474 166475.93277517572 4.275673763899839 
19218.424207360218 185334.96665617215 3.8387891229831617 
20112.667404796397 173874.54817665834 7.209321441143455 
18569.13785708787 185860.24629071326 4.249419990375285 
17479.318007852347 203533.17097659106 11.738965037145043 
18061.992793995116 209807.30489031813 8.907917327873424 
17120.837949802157 204886.15775275172 13.17381252589576 
20498.499791719652 173317.27127855952 4.174875902247766 
16873.071796539036 207149.61163393903 13.088752460784178 
19716.428334842007 230205.25133365503 1.1216411241430257 
10433.508603708859 603731.5761442267 230.88841077654007 
9822.25807123278 971878.8868891743 191.98649936457787 
17346.429618665283 202290.53015504844 12.113795499187813 
10135.929230165524 793440.2901208308 193.698310102777 
10653.308048838762 477233.2664209029 169.76173176566306 
12400.384797636827 280264.08237745863 32.43470075803464 
16691.8379014992 218315.17115707905 16.548247712277846 
8573.879006508068 2152729.1027593156 294.6823605040057 
12113.031832906601 307194.07194974413 52.76402450415886 
10153.341531589038 789687.9913924675 186.38264623943195 
9290.755554343723 915004.960139615 214.79906022997994 
19393.4449519457 181431.99551524356 1.1354912221240332 
12642.17045116523 279436.49805221625 30.026797606047396 
12325.374018893062 291211.4883325705 37.243459948535225 
21716.948328047318 164510.15125944215 4.911735116111842 
8732.86054197478 1610376.1858751671 278.9015622077311 
19539.6438391231 193672.4641192583 1.132517854290035 
9022.01777629907 1178036.588547614 345.05033326980157 
8880.174527642857 1144546.6938648643 354.90686125072193 
10982.946276483606 374554.2812815053 106.73572926397844 
8261.808681595452 2435241.7195752636 449.9530702985526 
9626.014199808465 1360681.5218565767 198.28850701261715 
8620.324964143638 1549873.5916158343 392.70994877526124 
10850.93764895581 375886.9920108248 118.75546266380407 
11815.15958913647 346587.1842057139 65.29177257923999 
8421.436457532442 1783168.373088586 321.6884729127979 
10743.180052845139 420361.9630984669 131.21351231701308 
9132.835333608287 1473720.4814670794 255.45831948363872 
11663.356679153761 321784.20915926446 66.8657904568588 
8153.449450306106 3251871.306819225 413.70153189973666 
21496.608869653686 166027.9356687612 4.180657877649818 
12928.425082819467 271256.9552306384 42.7747959692655 
13045.576606450968 322607.9274587765 28.10973314707904 
9207.363648693818 1876110.5985122002 235.46142739613947 
18130.136467784658 194195.12700306615 5.381101976366143 
18288.289013313264 188184.45681055263 5.381101976366143 
11076.548797454901 374445.17778298317 101.47819089257082 
8094.460960160238 4655451.129629391 591.1333712478363 
8096.586756137264 3775620.3451715317 537.3834798005864 
21818.085910306014 163079.63049725647 1.1354912221240332 
13151.3529524767 282442.1274188836 21.64991315745227 
11173.542988618166 359030.64617147023 96.0066358167495 
18472.577584834595 184312.89652452167 4.270538110258602 
9462.032091244364 901381.6907909921 206.1450284965153 
8317.300611011931 2475458.682257283 423.50704491326843 
11459.489732234895 334147.9509861459 79.974616605254 
8120.25215913749 4481648.246460338 458.8467927442407 
11900.208689143743 332096.3004811382 57.69353411011208 
8793.649836171404 1264143.7070809512 378.7308497587932 
9462.251034694975 883065.9107387525 202.42959129209692 
13397.02334046709 276266.53385678673 18.7564322247195 
18358.179083625542 191048.11119846255 4.3271547697005746 
13540.031781985172 261516.18970002112 20.59648584680686 
8114.024928989353 3571849.124220119 501.9224935683019 
8094.24022921093 5740440.233776475 648.8530745068243 
12708.815061175841 278025.4160320893 47.82661778118444 
13635.460329346748 262328.5958920178 19.02780558747296 
19684.649020021276 179142.69518966868 1.132517854290035 
8096.138109019463 5403194.2614701595 579.3950617089986 
9749.924856930524 707463.1423736751 229.73965454889958 
10543.97677112205 522248.531628405 179.182348633493 
9086.532735000972 1043912.976102429 374.8578766678578 
11377.399362859805 329669.56332317303 80.13446582350986 
11262.801071068468 368463.2240709949 87.53716423057212 
13457.524780480984 255461.37718973053 38.296348426796065 
13272.655101184806 279225.1253270676 23.502183647670225 
16553.28944203788 253294.92021996295 19.008646342172547 
10769.261460962636 413451.9022641669 123.62408884153496 
8111.343955754821 8107793.586906822 514.2503856689898 
8420.135779124483 1824852.5177175486 329.009898824671 
11579.75551963148 328097.7450368629 71.83153421220673 
12017.319729152721 320083.68657870236 56.64095549563012 
11557.280299453796 328305.29892961844 69.70174737358431 
13256.277522919081 266181.6943753733 25.10082202008622 
11992.114942192653 324169.1123832424 48.72828775343175 
12804.685276382512 276251.22641821066 29.50587261175315 
9703.081593138544 811420.2771495604 192.18770152608144 
12836.665700077489 309201.54267024895 29.435162191947175 
10538.432304845648 500324.49239538127 189.22667008178496 
21797.940941168075 163543.5893616614 1.1354912221240332 
11319.432369645856 341914.4078979168 91.55386274953835 
11309.980671369793 344236.13150756084 88.40885979225543 
