8027.4388380280825 1104855.3734226935 218.14070075545797 
8337.235566570675 172290.33590992982 30.371517843494274 
8786.62951685942 31230.218532180606 7.915293169177233 
9416.708289765715 26392.931927246616 0 
8011.412030116734 229655.92659331576 592.4113144294063 
8379.240639850917 75490.23444874374 37.39915726318366 
8013.910265899993 98244.16976389609 323.1625241680378 
8010.087745430975 4954112.6318555735 5489.494489749356 
8062.3509064269 367361.50998089154 82.91119934877644 
8774.367029787903 32683.239945619498 8.344185605834976 
9007.944671603258 27212.445192358333 2.5853469807818303 
8019.031271776012 172937.4309665082 253.21353977926424 
8156.276200228668 225055.5292808631 58.92240971997842 
8011.0619068760825 5226415.729427296 682.8019367535759 
9586.036679152836 21885.523440730154 0 
8037.214375738855 91504.36240841262 201.13335993847465 
8454.288706014273 92673.24615138504 16.59554930094595 
8011.156281306254 1362540.6315604844 771.9296654893457 
8014.586547646398 729225.9203193837 288.0728026962515 
8036.465562958491 439015.64921819227 117.46456059722144 
8010.113367179047 3178112.5840476104 4619.944539899798 
8036.270318817213 1171125.4134625494 149.57187053442743 
8092.74234389933 326257.6192187029 50.275734832090265 
8604.65632924789 38851.11576994557 11.81297150018154 
8010.149799897082 2635937.5171256186 3702.5958321911735 
8596.657198500132 40358.174543978836 12.335127951666797 
8010.213181381427 19653232.917176723 2293.6346029649526 
9148.526605602598 25741.646059016144 2.7066802559633993 
8012.498858035553 173956.62609604507 306.94430448231867 
8108.343131945122 229323.7156495291 163.6646294234614 
8762.334564888963 36483.29563287241 10.514659894185126 
8010.911485908174 868049.628181135 930.6776361298073 
8016.966208367912 368758.1274263588 267.49624904959506 
8010.200407964043 63545104.70526018 2723.555443209123 
8011.71229347848 1160041.914829464 521.2828035889721 
8010.258365562351 2228252.0627747006 3621.2524337240416 
8125.900188363686 188163.34531182275 170.80537179280776 
8010.092029702642 2639755.705350632 5855.574038029732 
8797.497730300285 25415.584531473054 3.1011987452866157 
8011.387741929061 271686.50005881884 576.0188507625363 
8446.11721933275 95050.55796071084 19.403863170041866 
9023.739730727615 24410.112704699735 3.9648198299682367 
8307.679778038237 325749.4919339247 47.1334564927444 
8010.223603090598 1973708.0325860076 2809.2186580072316 
8010.421866837088 3748836.56531505 2512.8466060255037 
8362.447540684723 186943.75157615833 68.76043828973228 
8010.402120583869 3448265.7765727304 1414.4031277847075 
8010.31558547327 3777233.1850684364 2034.7433488602871 
8010.532174078385 961745.8469097277 910.4987914859308 
8010.321696531301 1355274.6545950735 2488.2920673399485 
11875.089747919403 20670.10652938325 0 
8569.70555248224 33089.46019238353 13.564197074758924 
8010.313673493665 5755981.959822187 3403.3840739582593 
8010.475214064257 1919210.2615342853 1845.2556701781832 
8011.04003410406 3128552.6597550516 899.4051080479497 
8010.4450950984265 7836619.843551308 1296.434569156544 
8010.05737610787 21311867.747898553 5017.835715910943 
8010.199537516034 8107513.606387284 3680.0711639026904 
9941.950006483621 68820.69663521319 6.899037303495408 
8010.0657101401575 191633483.45964947 17837.384702959618 
8010.2107866398255 6443817.666002724 5328.8367963018945 
8010.085426350001 40726194.66988153 21681.24806335286 
9194.41829104258 348607.7416903204 20.006747254653884 
9551.556405608982 30628.108054527926 1.1495073749128126 
8010.066003562174 8058664.201064762 6437.866140150583 
8010.077984564647 12426039.271692721 8245.432241850413 
9634.121924204912 29747.5384469336 1.0870102943953555 
9852.048807480474 24122.03123004817 0 
9011.934124450398 32283.030663641843 3.5801979789051597 
8406.656002712401 283867.4506450966 62.68765519456041 
8199.820430986925 216663.9590277481 122.6902641687787 
8916.52713259756 43738.02384830825 4.6742783215860495 
8572.650092927677 45434.24609696316 32.409422140264496 
8697.009456222697 66910.6527109823 29.274143841299818 
8010.194953113684 25073720.853589058 7063.781804285388 
8010.290211262068 3379265.469644565 4025.5641956993986 
8100.924230815212 343497.7037986019 55.265221826149464 
8807.670445400257 30433.12050891746 4.755904298185818 
8197.969772067514 402603.7575369928 53.95336769465951 
8513.583690412617 113376.94977354963 23.473688232640068 
8455.710318413434 134184.04365827958 23.637055547871636 
8794.398118442728 74040.76276393696 13.360916595665142 
8748.870258273902 44717.701005653886 14.437876866663636 
8739.956058958436 39389.36593962411 17.867948970240935 
8067.923024768625 2970871.8713694518 131.50485018293722 
8037.255868134191 2084842.971877384 255.7672038526144 
8010.154646351816 12243680.61923958 7586.0542804890265 
8010.303619410455 4505604.573532243 3614.336953400847 
8469.829024522192 173802.63700885422 29.343212867151518 
8010.395993467414 21016748.462452352 1933.9401764937452 
8051.350910410296 676497.1618272811 152.89525646889402 
8010.239909635543 6107011.252066996 3147.7280838274946 
8016.985829145361 724528.2371934674 372.2645421899968 
8012.0732275897735 464644.38356771274 1404.802254499395 
8469.954120042641 92336.70430522665 25.058172981394037 
8061.8030224451795 94834.69194247865 273.30976810258875 
8010.162490289285 11630793.388284428 3970.2090314459615 
8010.528453944842 2688426.5838766363 2502.690591933097 
8010.836716704209 7627807.44606585 1034.2408918320982 
8010.346158371427 28080254.934550256 3185.212048857435 
