9766.136690748264 341556.39310722216 36.31506890781408 
8199.643404519946 1239942.3598663274 68.61682345858111 
26052.913073671683 7755.048788839806 1.4893928296203354 
14233.678668452314 57808.69281463249 16.334227212808443 
8010.883745258708 1026619.8430031646 789.291407551971 
8012.7833427648275 1330405.064392135 517.0225581115836 
8014.293526918123 251983.41453339282 280.7165111159435 
13874.723300132622 120310.26395263187 4.008475381260553 
8920.893860002365 196437.65793636453 50.783796571018904 
8016.399692096799 573525.8217889081 191.36748313189895 
8010.051686267684 4135996.137045341 4022.168768929588 
8010.183449770039 1408218.3372834069 2040.7566253208445 
8010.384366452345 634773.9747959706 1008.8750982261971 
8010.033035128837 7953004.009775666 8664.222134553802 
28221.98767599162 43804.741004995085 1.4525295465669312 
31875.22158744114 7473.4458949755835 0 
35216.06011719147 5867.798449722775 0 
8010.12749990235 42583173.56769163 3593.075351957548 
8012.414010217288 2391000.1049367385 502.83255261363337 
22415.408741312986 37075.423966919116 1.415455867910244 
8064.3021220011005 458295.79788076907 116.75835821133016 
8010.37823081183 895498.2334001737 1347.0965627918001 
8011.380508372971 418145.3288372867 877.0906220409631 
8010.872327721733 2688595.730854192 1061.3307910963952 
8011.25438311301 1497488.6578262849 715.6082938034874 
8010.362596438095 744948.2522845935 1320.3690511191712 
8012.4938282950225 484120.4652747093 533.8450769462995 
17197.87092305782 23142.304005179943 4.033018088058606 
10801.976481757629 110685.08718931375 10.49796440025449 
17894.17516678888 62567.40049921928 3.7169553328711347 
14515.417998671903 54595.40856957398 6.492716853288895 
8010.453040982612 440388.9814510943 1057.7451057600213 
8010.296394792742 16664579.44072997 1821.6251811525394 
8010.482445195081 2746181064.8936667 40105.603489224944 
8013.67452988625 1112973.3298357776 509.3486049350961 
8010.134267523366 30888223.837136086 3806.342227642573 
8013.451239125123 1042833.8463188926 486.02073781916937 
10649.645226701712 999809.3089081468 32.488422371375066 
8011.318092028523 603513.7055655982 801.3119353127253 
10526.715869349631 1033670.8941503147 47.38745118356239 
8010.052866783965 21494996.428349204 5790.703797481267 
8010.12350930325 3801314.670336186 4282.311199619698 
8010.161011327361 18837648246.247036 34515.63878168925 
8301.68649202732 1021811.4228550978 114.6507216567778 
8010.658365236378 550394.0826105525 1059.4581218815729 
8010.27589587657 771290.8524059919 1897.7414351395187 
8012.558776404174 4972904.707961704 469.9556755592335 
8012.259779532 818699.1266183506 627.2480629658672 
8012.068642558663 1220736.3336415405 553.2734004877533 
8012.890697956622 272919.9771803358 782.6620805821562 
8010.238405011012 4557339.385955116 1829.9811229553939 
8011.163719346479 854063.903983762 742.4295594126327 
8011.618042373642 539839.8701353918 710.4376760687044 
8010.171283351509 5535165.001890575 2806.8892272079015 
8010.065803082085 8095548.135743991 5842.84168679197 
8010.067652097958 7831973.09363807 7372.16355700024 
62008.44418031544 12290.018385430527 0 
110516.20092463684 8262.050675349405 2.068181798061751 
64774.40979085238 7835.043583085353 2.3074854491175234 
8010.144975570655 101311977.38374698 4306.786500895503 
8010.1628579370845 78673276.72999719 4103.936832747838 
8012.633912780736 40400197.08474965 716.1395070961887 
8010.298834198158 36742292.23508057 2014.5289016469944 
8015.00361149845 8117472.764484396 339.73353114027543 
8010.196439850759 4010614.203255552 2176.0814366266413 
8010.391343649571 205305097.19958416 19100.375765340767 
58374.7188139439 13758.991767405885 0 
40737.73705212737 9433.345485770395 8.621829856785673 
28956.793455699844 16408.668857626275 4.816987655780258 
35936.29917840282 18730.168173368234 0 
13002.09006839166 153523.40189616982 22.51740155916078 
19801.754919610707 273833.41386563116 7.098237547297117 
8010.403522847331 3385998.5878220964 1723.0124751642722 
21941.227650612724 40346.96505340177 4.821801548086224 
8010.439702469462 1483817.4601677356 1453.8500599804775 
8010.393012749886 2659919.818631381 1360.768863316936 
38895.96907903053 16366.67183559866 1.1522203020954433 
8010.385615676916 1628177.6100993399 2078.486406632653 
8011.494685745969 6584463.778806368 759.8392028614285 
8011.5461981332655 846978.5113247596 985.1494764276714 
8013.5393622651845 855857.6776987769 534.1137936078695 
8010.618053564099 1533856.8073887744 1146.5220583245884 
8010.393541795309 1944030.0141271136 1887.4528425394496 
11225.886731791716 183849.66062464277 18.936071559971094 
8010.945395149549 1816830.9511061346 833.1424399648752 
8836.817936252713 472014.53748148214 268.8204888116282 
8010.623676205263 567875.442242157 1131.3271169475029 
8012.736463853078 509808.7127681198 632.7544759742235 
21593.361809002938 27293.491405980392 4.913966245336782 
9964.703643977839 1862168.914074344 58.25008738763046 
9290.708143919564 865847.7564418722 68.5278968644026 
8019.967104646015 596394.1833233897 208.7493831460673 
9273.818255296901 1631892.3885984486 130.53034873924014 
8018.387043556854 4363285.189168811 315.3746929536529 
8012.009591804395 381712.26362848975 697.2180483091871 
10801.274499642008 271585.63994359795 134.39952348399257 
8013.738811632529 539665.467690593 466.0296410211076 
8202.20949595856 477310.85682397214 331.0949364751219 
8017.599913389733 1311157.1580611363 300.0207236312963 
8163.136094572843 2624933.649743531 152.6837977686182 
