8090.883412002484 404634.8967301056 41.914299539565356 
8011.782678933594 7335933.222121485 527.0204854920288 
24263.631041950503 6886.817427001764 2.387873727539743 
9010.172069628206 89917.8557556421 26.86521648647492 
8011.616254587546 478951.89858899114 607.9188940649819 
30201.51155338998 6296.892378328754 0 
9043.576466797145 108777.16660154522 18.9403977185615 
8035.073006504775 167149.1693163721 129.13321656638263 
34920.80166989653 4659.409303570523 0 
33357.0042784625 5166.719249313315 0 
8010.889037277688 403995.7580641261 748.4827578027596 
8010.024113335241 223502521.677462 15465.477340888096 
9128.236751643315 48943.42824494896 12.561013902750096 
8011.709698773644 856115.4041456518 498.3282181205371 
8070.347524128248 548395.3365608134 96.58417536586441 
8017.563329182554 649154.9278468881 238.85270664620288 
9728.70229944521 29462.757024371644 2.1702141264917785 
8010.351042897004 500926.746290789 909.9900013321221 
8010.036587892746 31274257322.103695 97922.5460610094 
8010.061006813108 4114649.6846010187 5018.39264656358 
8010.454002797586 2160163.6094562174 671.3391215752522 
8014.0486267264405 392474.78909383866 411.4791592468942 
17478.95592312349 21893.892696433995 0 
8012.216655120057 380849.39307276276 437.3306260149234 
8018.706146860195 983888.7030231552 289.14416953420505 
8015.185098162373 1980548.9299823008 342.48554032330264 
8015.2955628471655 829188.8242650037 287.95264753185603 
27012.334864730226 6055.1025561510205 4.3126068858949935 
22705.005550197166 16001.30691602459 1.3782280331277246 
8010.633480614261 1297043.18936002 662.085567384549 
8011.623137180547 368685.1740351374 555.3390493848801 
16356.260408713491 1214156.1038829666 21.59122331420071 
8010.097760202975 18267838.84506905 3576.9843305335858 
8010.109162187186 2249692.6133930283 3053.9747287486457 
8010.324894168466 1558527.4080368422 982.1666026159976 
8010.2870003440075 3246536.3733001174 1270.714352472151 
8010.041189129259 50439852.865565285 5711.3245069723525 
8010.3119520987675 4398359.827935001 1082.9126928990747 
8134.136797492161 343402.8682078386 122.22534837741563 
8010.154150276159 363711516.0428207 7612.714830628253 
34799.06137856793 4751.949914255437 0 
8012.891789346036 908532.9602949861 408.66142127007447 
8011.670386534424 318881598.70769924 1604.868815487577 
8010.034248070057 3927020.007495706 8185.749507048351 
8010.115143443658 554542623.3049213 10563.672351543544 
10882.278185031759 28143.06248161862 2.5687279840582504 
8010.153291613195 1853456.7238213047 2817.358252655483 
8011.000851755009 541556.1881345073 984.3124576415292 
8010.425428058008 3272024.490516257 769.8918880263057 
8011.759114874884 582714.0562331341 500.8115714813125 
8010.289025730092 10545190.02864731 1231.5629620574798 
8854.838519565585 102138.11965855134 20.364428708820427 
8013.652587820803 1143886.2801710262 333.30744623915206 
8010.158321333668 3260136.9781727693 2667.518646498115 
8019.267133517391 482084.57479916356 250.59129715449492 
8010.166656478902 602541.1395316614 1774.046727741245 
31393.254843248636 6991.80661092145 0 
8010.027446450593 229794592.73036212 16126.210133208087 
8010.024282118048 232267932.0313412 15529.920915384704 
8010.05721254827 19059951.193369254 6177.909201796923 
24604.094358416718 24214.11028320503 3.5761844666391935 
15927.182968693925 66475.7056750837 7.929593253265349 
30753.672348297878 11872.89344166022 3.984733217517059 
13345.634189847511 76748.04627038207 10.390825613537405 
11497.005256721473 68541.27127394165 11.512876515534323 
8010.131360524745 4722787.768850464 4547.64458430151 
9764.418457949767 171612.98279525636 14.005317965106242 
8010.145060007041 7193234.91921845 3143.419876623827 
8010.086478479938 38373466.931277014 6214.979813643664 
8010.12192168802 6045209.930888682 3730.961637428708 
8010.346648906053 2052419.8073129193 1668.0872261189868 
8010.108634903064 3597615.1080503473 5311.202228258763 
8010.107932980287 18529504.947784558 3607.9212192401496 
8168.006916330505 275102.47203349054 143.23284572265658 
9010.048913004373 657107.5426526575 40.74284466085057 
8010.167465413771 360766565.8495554 7649.010012571509 
8010.31001271123 635541.6281778575 2225.416682385539 
8010.357773339849 1264474.2023071253 1199.385664837392 
8010.250104521336 1788662.2792213394 2707.2655256216253 
8010.418303568859 10132063.962273093 1115.4211128745471 
9368.81527533524 70964.73891310507 17.173441731178414 
8010.989110760876 523256.1157008503 747.2724353588342 
8013.982760096523 2370453.595057639 407.5172371047555 
9189.884409091212 787786.9399683778 33.128167904848404 
8011.680643019605 3418855.6339679924 572.8970093846748 
8010.2118384542955 1762386.538253259 2362.93472891638 
8010.662741102673 990333.3844876421 1125.983494497339 
8010.27938966365 2235950.108754927 2356.0307288259096 
8010.209736571633 3701861.6380069517 2234.0823501619116 
8033.180515139943 563139.4037681466 262.62315298225366 
8018.377730410422 494173.36877360113 436.89911348367116 
8103.774789495283 421747.5238378687 50.0797079513448 
8054.584752796459 1386608.4919591472 128.7536369194621 
8084.5280949115895 447963.4900936304 395.3848952943554 
8014.443577300203 1248693.0892190463 334.84998416087086 
8011.390893160722 548397.8102704873 666.1828067769875 
8010.770170412504 652405.1348081509 669.9767397313478 
8024.456414359573 979050.0295530288 289.0472505936101 
8017.672800184414 659789.3370464436 302.53638594685793 
8012.229823515565 1598061.4352293874 421.48781032117756 
