8420.10607491863 35267.67670733903 23.407247609169787 
8773.74833499088 33197.00210394026 5.724522636169826 
8056.904518109756 81383.62220039977 51.0038182023201 
8012.502186685761 248250.75644677036 345.6640364377945 
8892.992398414364 24790.460472187915 6.528702611130132 
9498.41407530742 26602.79209904142 0 
8014.386485220247 620819.4834869289 234.45210339444984 
8761.498105197934 30437.512075223396 7.969428333950052 
8034.9158165708095 504257.55454001634 85.36960067571712 
8010.243610875574 42870380.410609975 2157.295937394068 
8053.074812651463 235464.38259923522 108.77963782693527 
8016.544214735379 4025896.073283731 1029.0875512873126 
12107.231556838597 20885.965234758183 0 
8712.214684159744 52392.40686768941 10.237938270639125 
9467.46221617175 35215.54950409195 0 
9549.741761106363 27727.740309341283 2.091281173324824 
8049.583825895821 294690.9441148613 107.56336828782335 
9785.42266857714 21441.056954520645 0 
8744.578241856783 34219.16390827313 19.508998290955276 
8010.038161709388 151035206.89053407 18777.191730837396 
8623.398231859195 42604.16726847315 15.285476014736957 
8010.236449430431 8452414.422380188 2256.8155962781116 
8411.95139175553 117323.18283498364 36.79359631800932 
8437.334602683388 111481.57697698342 22.844030095785996 
8010.250192589209 1169911.2680671653 1850.1581982002258 
8013.506126909408 427254.40506580233 324.18012311340755 
8010.039096374288 21983905.80356562 20016.190468671943 
8899.668147501707 28441.850638095526 4.568734794010338 
8011.356091467587 519742.46661616856 567.9982334920071 
8010.107724345795 5143296.34636643 5418.29215162609 
8016.105950533545 232972.79580767013 344.61606273975303 
12271.241289338774 20568.190329329755 0 
8010.190138632937 23313051.24402907 9854.533023252978 
12122.86056103107 20600.34317695482 0 
8010.0629330598185 5002135.566663644 5858.15714215689 
8010.154623426708 8246420.420456795 3638.823701280583 
8010.123076147527 2675919.2320246976 4347.0612054298645 
8010.091785056753 2854109.6166116158 4634.4419966767 
8010.227975167107 1225172.7197271925 2989.2250527064634 
8010.076883507358 3573323.5711345505 5910.768696123877 
8055.906672836989 132396.6998100784 179.0417002020636 
8010.204882717503 3923035.383713942 2854.5044795021927 
8883.392488316673 32699.30406050561 3.3198375248797083 
8010.2542869918625 28597662.009927966 2988.8156292229205 
8010.1463532575235 2797492.4984923024 3177.3854049138877 
8013.994731551877 300621.08545740915 284.67626690876233 
8011.176136367719 2160150.284669201 657.4576663895546 
8020.685353033894 221818.85503834492 532.4427358343069 
8012.212673510677 4531957.344338287 615.7679086173467 
8052.082668776366 443429.41362799867 98.18974604207726 
8010.044109321612 573514065.8150687 11899.59072230144 
8010.059348726239 15024645.074609438 8148.610777808096 
9779.747046965364 24721.61746094857 0 
8010.123314401893 6621625.792053231 4258.773635582339 
8010.095037772203 33113102.243468467 4093.2823119389245 
8010.618627289513 1394830.6745238164 1105.6989597399183 
8010.719952716978 565568.3042024566 956.347005602055 
8208.574777349268 448182.5357479403 39.6311779739733 
8029.73583034693 515048.29224885645 166.80347860428256 
8010.540992611449 6047685.413175824 1764.864239013829 
8010.943372430551 534746.059355279 668.7856955774414 
16827.98171436512 20495.854795357463 0 
8010.184353266684 3553718.9265280836 4000.2924680223887 
8010.03984292983 365979598.3708048 41225.4905099601 
12129.124161001626 20770.87576831036 0 
8010.058139102017 3039148875.391657 36913.33393727952 
8010.064685887718 1918113996.1876495 29470.448477803882 
8010.190845467034 3335552.0487566823 8107.494680124741 
10737.193523729258 22757.113188453575 2.5442814225811725 
11960.658958141981 22663.35205082212 0 
9855.850590596177 23620.636853660522 0 
8010.098126703513 2704398.47515788 4759.238595415247 
9195.692419626173 35588.151556309465 10.49226510298999 
9525.93689836154 27048.678378948483 1.054388905416201 
9000.180453487912 62980.53189013952 9.424642638538842 
9486.912657725983 53878.707310913385 6.31739120420001 
8391.395050144583 187150.94926141918 64.13655212246387 
8152.833613884082 646245.5784532656 62.637425680937554 
8839.266467081443 65261.802558129995 7.155894884677103 
8010.100535327626 45520891.99650462 4478.877183569276 
8703.381476578681 54362.88953715304 22.46149739767184 
8010.103566070486 4242430.934078696 6811.394110872143 
8589.299564363262 109948.4917084079 22.47075765262696 
8770.480481591194 35007.81138514556 10.578918191084682 
8010.289906103594 3314361.806534481 2635.71565960446 
8438.19169070246 55946.02302960357 93.82619764987862 
8505.04500318771 260412.76939538657 35.27226343014943 
8010.241190614874 25570780.146205157 3200.3534065131134 
8010.065837145422 3592597.3969947975 5070.5706085823185 
8010.148362673057 14437123.029935751 3903.153147167728 
8549.421495745457 41981.0287982317 41.26114490967494 
8010.311106531388 1644136.0818969235 1878.1039021915171 
8110.048353790135 224071.98936145427 350.0733034002733 
8010.990509502073 574128.0923959342 740.8088756472241 
8010.2291283550385 13559747.198592545 3359.765418936586 
8053.504289867382 500814.5573440396 128.2051035734996 
8010.158781117973 8475927.024764717 4088.042395569972 
8010.087867693181 13638170.616392784 6369.182417839896 
8010.091328671261 4746277.257149236 5330.530532280758 
8018.0469936186555 2812692.759178625 290.7887067765146 
