9467.890279475076 40572.84991144122 2.3711571938562046 
8043.600746965253 240881.98125648976 122.28051447181048 
8147.123658379878 454051.44902038475 61.43825376693052 
9516.854245422106 39077.68281579107 2.0815434459070463 
8867.539642879925 57670.72819909145 31.474685611087004 
8038.592374716834 293354.3558730181 174.04378331060607 
9976.05266681106 38091.93156363846 2.7789364114134036 
12713.52671177905 29011.87929182942 4.57568052352878 
8010.543003680952 489377.3515340459 682.8785195051873 
8012.028272158529 218480.4163971112 392.48376974212186 
8013.6632710016875 396490.40107818577 271.77923309020764 
8089.16549168147 78125.52107724067 109.60108823146433 
8011.387470939964 452174.5927257772 477.3117681758197 
8010.306040279767 595693.9801908099 1320.2445091389209 
8010.030702117887 8967608.437978033 7710.327605486982 
13467.312615460505 28584.16099976071 0 
9234.65713216781 35918.92407946579 7.159472302924532 
9533.604393356705 37578.83830366598 1.0018265572447747 
8010.016086710404 8150137.636948313 11359.171409995124 
11477.249757357009 30993.389544662292 0 
8011.495486570186 164572.89175761308 487.0885125837356 
8010.2452641677555 2746636.2135419534 1969.6014895211856 
8010.14836127116 1174584.736472957 2357.976398030867 
8010.036603928616 26755689.81066497 7714.502939124857 
8010.263069333619 600269.2692857982 821.0885154588814 
8011.035787941048 166372369.01477268 11492.64860933657 
8010.067346228241 2799480.855797595 3546.1147449840714 
8010.887625066465 249991.62643436424 676.391579551312 
8229.037396989084 223765.27085738062 35.23923686670443 
8069.381320650764 229972.2686866284 91.87092278651005 
8010.080797083271 3469859.66713516 3524.418872361412 
8207.95960480709 255832.444401411 49.93639061696007 
8010.043230391073 5263562.597639865 3607.8119606607606 
9484.515071797769 39667.851894836946 2.5105227846049 
8026.587341558303 703228.6011831649 248.18051089128772 
10489.14097626113 31959.099737893317 0 
8362.190155333174 108616.37191068847 18.803656196424285 
8010.149370176035 6320184.777468199 2810.7642634360595 
8010.141611360863 4258661.74244184 3808.2927279932355 
9322.811111924158 38225.18838691922 4.412300799582277 
8011.040681797647 744771.4903360744 638.4755451829726 
13021.91493208769 30123.81470595103 3.5259417935786734 
8010.077392695595 2216713.987322433 5693.009095832822 
9079.924646558762 42582.023132263435 10.774995188071046 
8019.444136564639 1713196.0687167982 259.6810763181906 
8010.081485944522 2141625.115735054 4411.25349172566 
8043.134447055456 291107.06421915535 160.29375452472482 
8010.118373865066 1231628.9375297131 2389.4442234509625 
9065.643238138939 64004.13527277569 82.0862065538432 
10069.66663444268 36249.446310727755 3.326699873507665 
8010.798752024731 788536.29202649 711.5999511681359 
8013.183157251 2067711.9849512838 467.70616230139854 
8196.249725358619 184122.36750964698 375.7955820076548 
8104.673061280175 203777.15439736398 198.87131874102636 
8010.043163722007 10259083.855508711 7728.4038596550945 
8010.035333514545 9526672.003785819 8451.066630328189 
14269.585703634863 29551.34026187856 0 
9972.741484876085 41931.11166360957 6.836275438522546 
8010.026710616698 19184217.53119942 12385.831869580536 
8025.11352784502 230725.7113466129 554.356556564872 
8010.267948062884 6776869.837971122 1975.5022293209681 
8010.151297716948 8965959.794498937 1875.5101405346738 
8010.249980239477 2162250.492144767 1946.1608089955535 
8010.249595561707 3424443.3708098074 1702.3070618239713 
8010.311339732757 6495579.550614536 1754.4787602672484 
8010.252662181974 842214.7184849704 1134.9336691839626 
8010.907870173993 440693.3351780122 687.2991349122847 
8116.966472427569 2121022.450069452 129.86742624240262 
8133.309695163382 492502.53990591504 96.61112880644887 
8103.1378482795535 4384351.028865033 137.79928256189854 
8113.840542644982 406843.75992693554 123.95703215725115 
8260.282629956488 806461.5073624337 86.82969579172381 
8010.11684866679 4179244.220897577 8712.361158711958 
8010.0475115090085 7572120.142055186 7213.646417905178 
8010.05858437226 5924616.587514342 6401.183963508488 
8010.044123367087 11696322.777731659 3981.323556108203 
8010.052436306959 306477859.5681616 7082.488873826864 
8375.607023431417 116963.91794040911 61.984674341382515 
8868.962695512928 211889.56894239032 28.57761174058432 
8601.20772851904 334130.71265450673 58.093059852677236 
8716.934067953853 120016.23117988459 38.214710272771285 
8988.962229794175 465904.6641100209 23.28219445178072 
8616.634261085974 212959.14489779 52.55305715853497 
8010.11539763851 4280638.435949689 4123.749449271749 
9759.078270484499 46776.64071750319 11.86858619604302 
9419.362299297689 125211.77647084478 17.301254219612847 
8010.120576107876 13062459.260220287 5163.358094575029 
8010.15142144882 6958954.519484349 5296.691811282461 
8010.115738349067 10597933.68931301 5003.51456743953 
8067.037025831535 654473.9552801489 292.67491682064076 
8063.704766660585 424779.1177943521 538.4081457948466 
8010.146255284239 1655330.6770681886 3534.627339133122 
8010.135196808449 6259215.357200105 3229.9691391582455 
8010.220880661407 2943078.7375080865 3122.3189582983186 
8010.263483220233 2861466.4026375385 3037.1870163492986 
8010.095182051433 8420642.85674182 8074.832019904674 
19870.82541193233 35631.55352947388 3.4138556785728102 
12380.776216964896 41869.477058454744 2.0631114543707545 
8010.076920601369 365552860.301627 6613.06786756523 
8010.064952020791 202609025.53314376 7420.394162782264 
