8797.624123648955 25742.494457475193 2.882513546387789 
8416.776482579731 36879.27113466417 23.104106246431094 
8010.421819513031 835759.3862128382 848.1564260353236 
8791.16009923023 30261.179103805214 5.639041662489184 
8414.069371369094 73990.563155574 22.57027335049689 
8014.484490884598 808984.8257377358 256.48923454302343 
8802.625558219323 25487.876554496106 5.580417199942652 
8625.801966995 42694.138583882 17.54606702790986 
8056.898399096999 40060.59752190095 34.32054161157697 
8014.565035370591 1820441.29151321 500.47691944669174 
8014.210027127288 218892.41799359463 312.14116167034416 
8012.5142341424835 402422.80557491415 354.67084488584095 
9218.437388197442 22285.575962301322 2.4620243557704806 
8401.91521273695 162385.95706313697 19.97090833280889 
8011.447734652427 720131.6426036693 560.7805279762226 
8010.938054206511 667956.991433454 687.9668970012499 
8892.978988515686 25644.33190634777 5.438584417609 
8011.925012637892 569442.1902551531 479.14477676415197 
8010.0323015864205 7738199.3538717795 11755.06009184758 
8012.422273258536 613401.733660411 442.17561204388096 
8010.33409790184 1315568.633222573 1172.4507517327302 
9883.01126622773 24557.86120013186 0 
8010.153278831651 4428806.075825262 5651.185685081137 
8031.560753758142 125490.0398841235 114.65785689791554 
9505.139304741431 27110.76124126925 0 
8832.583701402482 33807.66948486084 2.3485132380813405 
8635.076721208281 29855.343458803465 13.12126545632044 
8010.130837218301 9514388.350211194 7858.742709231423 
8012.453797987526 447343.50908891915 537.2775987187115 
8034.435298030686 155976.51337461325 61.41996549862887 
8010.215278513157 20754885.55878291 2501.9262911843425 
8010.4076489087975 4203101656.0338044 3895.4451867143093 
11959.158653537103 23430.631268628193 0 
8010.179530427883 3260246.856536432 3617.403910170436 
8011.189183465337 303394.2985430694 694.7589957722844 
8011.668375028466 715625.6247726411 615.1886336260695 
8010.226165990637 476472.31840036204 1106.7121672250532 
8010.166277263198 3934468.9838740984 3739.12024909542 
8409.013762819533 110734.31619013977 23.796810982025534 
8010.094858641504 13896776.976348 6344.113094786986 
8012.722151318275 343980.6152021453 525.2138091144125 
12107.735994788229 20717.37829228538 0 
8010.712974918436 758097.614560399 773.0609113065407 
8010.381424335266 99774416.32377149 2053.2358444667007 
8018.228702754907 124032.93270100115 191.049321645862 
8401.92532481537 46836.443848500094 33.12948761557105 
8010.05885966519 58949109.464349404 7589.332358099791 
8785.518277592379 40078.483234624946 11.664700195075145 
8010.684168311718 2541123.965320294 896.7815919159915 
8010.455045186771 1828550.905010846 1105.262597063158 
8857.938548750504 26884.610020992943 8.940880255606796 
8199.500731843777 220482.21488593705 41.109030359870275 
8543.515964815666 38474.12819797078 34.436643287455276 
8170.443404571101 147462.72602757614 103.3532186001529 
8259.547968467497 565115.6038791315 89.31284064505394 
8012.976489865478 428306.23065145966 366.6193183115213 
8015.70040872045 1805453.8387730822 355.97485787336615 
11868.436273601543 23957.27945358046 10.859523651773168 
10212.495321345428 25559.744756912787 0 
11393.76578647392 24991.536430984594 0 
8010.105406139095 2994892.374003528 4422.145704048063 
8010.135253066028 8746921.071016261 4397.8288356994135 
8030.985329777208 967685.9779540795 182.59886024186682 
10058.388051046182 30235.5915742465 0 
9514.455105946421 27547.88239731219 5.687869461208641 
9527.307193596604 27283.523254080028 1.054366341105138 
9499.276643206027 33550.50497587648 2.3529678293753324 
8884.633322425785 43219.37003747848 9.230260288879059 
8890.734198408372 38224.51827348824 7.745551623941363 
8713.734220789658 34341.178735341586 15.586649680090623 
8651.047621667669 40722.642217912726 15.4068589969829 
8705.296577878556 32885.35765504171 14.347523612701034 
8010.076886866493 10310338.125277126 18920.188350702574 
8012.720477568028 4722127.789002544 656.708427853825 
8049.58980193233 169724.41858715453 97.98285490696493 
8055.2269602492 963873.1859110219 77.10381194387966 
8086.361628872737 572842.5427016832 70.51164492652568 
8062.7801117814015 2697086.8496469655 73.16593712252015 
8084.6291581599935 175094.22387416675 92.94627409828419 
8067.802306115858 1149225.7364440972 76.8984412524398 
8010.474499983941 2277411.874370896 3176.4648366557985 
8010.2115605411045 1345381.5757501402 2324.801289095917 
8011.9570213307625 669172.719086281 1417.8125471022338 
8010.353922432323 1470583.0295414461 1304.229690307694 
8010.261118587016 1234823.2613036616 2214.8610085833034 
8010.394688977815 2762023.7828602195 1207.1193942092495 
8010.494482639564 1016092.6096306214 1140.5338352947042 
8010.26067253021 1174093.0837858343 2157.968720087626 
8010.211396891871 3201918.3474830682 1297.6555610823589 
8010.366403680087 853391.0994144994 1606.3516728828365 
8631.18947271974 323637.14322776755 26.996385957304515 
8010.1007791209395 12406862.054958409 8359.581847662037 
8013.208654414897 6172101.2654277 425.88746949201163 
8021.955223762965 5445063.020772248 872.0719954279036 
8018.407589262617 756807.9821160098 205.1266263596646 
8443.042508620887 58973.61245131148 96.01194463635369 
8411.098238223674 112368.0682562551 40.655382662520466 
8010.174375750751 258273184.74597326 8221.649172364527 
8010.062094477751 1022024695.223543 37010.96603710987 
8010.196847253159 257366849.0871747 7837.661767689287 
