9666.678956927795 51535.051748123784 4.096766908476065 
11702.99427937765 45656.233432719295 2.456304557887205 
8012.193091296114 216680.93588578323 370.41363725816916 
8052.128751969105 248788.35510893218 48.545384224650014 
8012.228973668859 277762.5761666337 490.94008904504585 
8011.8349760364745 525099.5483046907 594.981134175694 
8884.174530804736 79535.27131191193 15.03161657418539 
8051.564573087411 164868.4069446779 254.37106782008013 
9479.852915193891 95954.57564118774 11.096737903690833 
11888.540595930685 37771.5412758473 1.099328654897601 
8010.632236447909 1953523.4033847963 807.1381180095026 
8010.063552833653 6396973.23200709 3134.8605228172705 
8027.570450324976 1196236.3729234054 126.23417216901781 
8010.5690960273605 637979.8088786778 988.5559807912509 
8010.089725294267 1339833.9355633645 2996.8551070187104 
8662.726633494125 336365.5931342064 31.996150639925503 
8017.71284627463 691692.4155384515 226.56575843842302 
8010.030358548786 17622825.852208428 5988.110714644323 
8010.144540867272 45563937.53260771 2674.19730569273 
8010.23965093407 1318357.7238502617 1234.6149442046574 
8023.115694053598 435532.85618934676 221.31289016009558 
11965.292968050133 36348.23537587274 2.0881447542664344 
8010.435366122935 713991.8205349311 1310.3918306653989 
8010.33867863657 1125159.9561435564 1672.8088952319445 
8010.027205513103 8165105.860229414 7216.902368598404 
8010.0125626869085 24796528.19661604 9109.279217126 
8010.017117588948 15324789.3967151 9227.580438976249 
8010.20015216041 3025075.2545164176 1813.8847652831143 
8010.129271143876 3073706.1351828277 2186.9759384040503 
8010.283616565948 1063229.188315075 1949.723649755343 
8010.059655740277 9685820.09277244 4205.761143700185 
8010.229420627675 2190801.998026962 1266.7767882075477 
8010.0739543999125 2992184.927684402 4799.166044492685 
8022.688950723529 359409.40590693895 306.2771180298453 
10881.035247810883 45118.684494556604 2.9152070429124075 
8011.786325479552 1034091.2473133703 460.0246594140639 
8010.168114414071 7378140.237955152 2366.6178722630466 
8014.117044318669 759750.5321928675 683.1502715065147 
8010.046064453963 5634089.19572234 6253.004336482376 
8010.220810143866 6874321.346614463 1795.344112975064 
8012.122405643258 216889197.3177971 1234.2045720521492 
9599.434262212133 73232.1912359469 9.105874673968902 
8021.441420806798 522206.051277168 269.1457194514678 
8010.489282415805 923513.9202150884 860.1245444971695 
8010.064639642507 7692395.71377765 5254.213818496796 
8010.071632418595 4083614.7598342053 4513.739938613465 
8011.064052857248 12936690.470092645 782.4745158413397 
8010.177048167282 6579842.65802875 2137.433961918693 
8016.568246812621 157818.22752578402 326.4642323252643 
8010.090388705744 3061698.7797870184 4809.9967482895845 
9008.583529214331 77666.72943423284 30.229013288961276 
8010.360886977402 1082164.0710415768 1474.393174093523 
8011.326958885465 1228393.6786732296 787.9612576522672 
8010.1276151315 2796728.0712570306 2646.9102199466033 
8010.083200449031 15058501.254433306 2730.719852101907 
8010.0815653594755 441343621.08401906 6502.908273149221 
12076.6005124718 42926.8400078269 2.1801424305197057 
16443.361540334754 37485.612258695204 3.4812584212161193 
8010.020866465591 7236437.385606183 9767.729788107947 
8011.45754947095 10151186.698682075 674.3000414024353 
8010.052133187612 11424684.344119286 7361.490220781523 
12291.847751198315 42248.365796424994 4.4845595942678935 
8010.053025367433 7639346.224916692 10227.547792367432 
8010.060460677423 443218434.0320485 7186.029944766751 
8010.096190172007 3317030.3252667147 3544.269776210229 
10329.190900637452 59994.492112741515 9.335456160662204 
8010.084546909897 3505965.3162078634 4751.9214940612555 
11242.436988956091 49666.66021123716 4.024459518099557 
11948.26875840465 44906.26382209441 9.626234574910196 
11283.411348090078 45429.98490130938 4.7592062859619615 
9242.76002125549 182767.6793817968 16.398188334575433 
8720.280552137123 19483807.068814754 514.5863873329057 
8229.423208416092 258756.7615852331 85.37183560918919 
8976.73721567307 131675.59859231723 18.736853441263808 
8010.245790474792 13877057.290330872 1656.6932194846133 
9566.12244497578 107003.79675022612 40.82231867937123 
10139.741396920464 69838.38963221222 7.008944325157272 
8010.242690001281 1381389.4126306118 2420.5367092633924 
9885.188103228242 74458.97414246402 6.611712746168002 
8010.397037014966 1427124.1131985693 2147.2998194623997 
8010.297193102574 2815771.503000338 2046.6661436918566 
8768.69715722634 133432.2264491663 50.19590988502971 
9699.470045691156 81184.78478396077 10.095201746274117 
8010.679138006098 4810115.257068751 813.8229524897887 
8010.3560350004645 1399858.8632461592 1746.7779203596747 
8010.173641879561 1439974.5713013278 2739.933169951628 
8020.594595304767 4395043.555068614 501.504617445497 
8184.538178079605 97769.91758523563 238.7578933756094 
12275.271862941847 42053.520394770785 2.320895641820724 
8010.138548177509 4179017.1070112195 2916.7545054121974 
8010.500152595482 1444091.46284892 1221.354006380762 
8010.4367679095285 1792982.1673770964 1512.913811810202 
8010.117807920225 1423835.9825797721 3037.872726156664 
8010.544539492991 11882802.824169412 1503.5467454858237 
8056.779011033766 818208.6560733148 238.54214722524733 
8125.229073830314 286911.025470349 474.78032277023533 
8010.274216641877 2821907.891154962 1648.3944686690977 
8010.639040553919 683176.3841403347 1041.127322830379 
8010.490941830125 1501329.771611711 1425.8735144314269 
8088.201235741659 315716.650341526 159.58980302523244 
