9678.696263202557 31370.664336930367 1.0304974472024608 
8597.060350624099 68344.0269913616 43.97206779256045 
8949.350365373168 6077332.7440392915 295.0252148551226 
8041.900352387262 586887.9446972543 114.17499157557137 
9149.551330667533 68711.59489185896 23.806252367912087 
12143.323567962827 32554.84177034467 0 
8010.35088143004 6436294.544653999 5397.108003076877 
8019.349174196046 3373734.9448500415 267.1986939854961 
9010.485696702475 103439.33235653845 15.948751656000338 
8799.338656689468 1244855.8129797666 155.0792170049951 
8012.86562268319 512245.98002055095 293.8972390604551 
8010.896245051024 761336.6266279691 616.9491483073907 
8023.329915000631 1534665.6494488749 164.8684210117057 
8014.151552408617 486181.1096277879 420.18254245651866 
8010.788370733456 1826509.0521453929 1205.8248500452444 
8012.790904692653 426767.82955018064 654.9554158900962 
8010.097169568715 1047888.8090480827 2717.1076820883823 
8010.024826994133 6196387.0533784805 5257.984034858169 
8010.107240870804 1818620.410240195 2473.213679058575 
8010.217652115857 632398.4351703495 1881.1700029362178 
8013.156588353205 530960.9501329728 495.1823806687493 
8011.636849444674 106582689.71127816 11171.073513253916 
8461.500724109823 213825.70533486822 60.382468352427836 
8140.43148794184 1057405.4113089636 189.1863962188863 
8027.407980339268 580558.0114077758 265.8049348666594 
9048.57658912128 65099.604239309265 25.906435871749064 
8491.55022991348 3475549.768241566 294.3802984269259 
8017.917398123565 499947.8787977967 291.2361859622848 
8010.128199793285 2148269.2904150537 1728.535103368656 
8010.280665152845 638878.1186633891 1489.8902014244727 
8137.93324069133 179882.14169705403 192.81114717851509 
8284.596554443931 249604.06520615975 87.98081531516522 
8010.108961159966 9243065.410015121 1929.6636282689233 
8010.7008181008505 1791321.074987407 914.5422464984913 
8139.285717218227 326610.17937745 98.59446218684887 
8211.4855583226 222986.95691451567 73.64112538130024 
8013.993117812951 570306.3753465103 376.1901559299714 
18559.28644795125 24040.588481999916 10.351763181816308 
8049.904612020928 1039400.3166466469 93.12225475769438 
8083.391664313365 288117.5301598951 167.10628297622924 
8011.601248773863 264457345.55959854 9164.618302664268 
8010.035967742149 5435432.3335400075 5127.184903020474 
8010.071069974663 16424611.997595942 3967.1499879362236 
8010.072768972064 2960696.609085942 5091.114683000183 
8010.2397215123365 749839.7085147413 1724.0678332105026 
8010.085876606732 1958684.3514796789 3198.5861618248673 
8010.829033399639 416317.4362562789 684.0538422712773 
8022.889242943486 272540.0549489213 648.5457479845973 
14390.360215170105 30244.826425361487 0 
9367.384736496751 43126.801275843834 8.450818046211955 
8562.901374536661 773197.1545478876 38.52224381311892 
8430.840751305766 234366.25306076917 59.899358899681886 
9432.17019679973 33877.57404877567 0 
8012.484756284743 2096958.1569694516 583.5105862901166 
8010.033459637673 16935791.007519394 9836.728827486619 
8011.60479914441 42553659.92269431 9260.623036345232 
21115.238489247236 31143.062912572168 0 
14782.521761648297 30380.12932879771 3.9210422580669473 
8010.167264556836 34666900.60754838 2827.294353140457 
8010.05876731496 5906909.416438119 5511.553222973037 
18888.939455967564 34618.96713000813 1.154829085410174 
13360.296759209872 38549.04669297782 2.196921391915553 
11101.50437894671 32968.27465988712 2.3700927457677854 
19978.302299780302 31612.545720887225 1.2100887081877043 
8010.1036778383805 2600583.9723837962 3191.5190004056676 
14594.767821794869 34873.35264923273 2.2950025229859357 
8010.072559804138 15027418.732361557 4530.410856429519 
10356.661513734665 37043.645975907435 4.0176968256211465 
8010.335938073677 901574.9410034154 1615.8534986225552 
9480.779190422918 35228.61037478789 1.0194042969095323 
8010.16283843644 1813989.1883639526 2637.899254560058 
10767.820267910467 36058.54070308137 2.2193204159553357 
8759.097996003093 402202.736262598 53.61482599737272 
8010.705050755898 589296.8185094001 1264.8078877591702 
8010.228677104299 811741.2049035903 952.9632687494745 
9189.906731391176 83465.99518997772 35.21059842940044 
8516.979046472285 435338.2614586445 60.17517644239748 
8010.698551740672 798248.5109421602 1076.675891890322 
8943.298385913049 88422.63238328362 20.451274277518824 
9403.781447311922 56043.329939374686 13.791532340369459 
8010.340033253685 366017793.3741941 28108.106169943265 
8933.6027738638 146406.73300641266 261.05139443537394 
8333.591872292425 275156.48690924776 129.38770529063956 
8010.816503467957 1723389.989037431 752.5064074267202 
8213.760780158309 284056.5505972592 90.34699218691975 
9207.89040765095 103652.93152942989 17.688486832864758 
8416.943573474357 221440.9627398157 315.5030838199198 
8013.375103545711 1054016.6119458133 478.25649623412596 
8174.653027871509 1562941.7424576795 173.57275766942965 
8071.5430148254945 668234.5953330129 225.42017423297858 
8011.0034229917255 1669375.8368615038 703.8328113578361 
8031.562598721171 3588851.885291558 184.3754055710168 
8017.520652118892 3894602.830846353 411.1246969539975 
8012.867798871438 2103142.815344765 585.4866959943164 
8118.744999878012 344745.6263500999 319.82252649511435 
8482.41869005475 458470.32874500245 69.69303843029195 
8015.552736212461 2059111.2148681786 438.9190332933716 
8010.202787102387 2577371.107990365 1557.9792373054688 
9457.165358712246 52418.762004581964 10.103489626266981 
8020.450364553902 450858.07054714224 338.8654221276062 
