8013.396855324756 300957.70553216344 294.2445891561223 
8609.43648183549 71456.8689432071 25.723430524724016 
8159.509818907893 456018.67538645025 64.33401532778979 
8167.502895212863 335316.59073754546 52.722261407345144 
8818.79428538019 38416.50918645596 16.107058253064025 
8011.575790237053 389753.734176775 505.8609224408985 
8204.131438672885 285376.3177163137 30.08704060862315 
8481.952085853836 190660.55335919678 32.96434944466791 
8010.0207968116265 93938102.28982115 8541.056809026157 
8043.528749356974 985488.0048065855 134.31698357309028 
10394.647855040417 31098.93400456124 0 
8010.148758567366 2365815.2060737675 1241.6584004007223 
8450.911293011028 140917.00923388425 99.65694373577313 
8010.092990359366 2278757.7701702737 1624.0120806354266 
8050.684156406099 211597.32671357357 130.21706544575977 
8834.633922493913 50551.31392886213 14.290246266832153 
8012.7811267540965 1943035.3404646195 396.347236629977 
9910.954428541678 30898.421365595597 4.558012501410633 
8010.076866866411 49374457.3423063 3152.518290874369 
9096.67189630759 29460.121700232048 9.077276778813609 
8671.65846809758 50464.50505605896 19.036747573510915 
8216.381092451034 181736.1963043093 41.66142236931046 
8010.182134369658 244888845.51017517 2598.4614909714815 
8438.68110375513 14015662.934446068 1764.4692647524764 
8010.3837143776655 471656.2003438579 794.8582197796447 
8155.874046287875 120720.72197468311 163.46228892379807 
8035.457900885331 6178874.977895029 205.921481251459 
8013.873529411452 1280140.216219927 342.64557644393994 
8010.146993770064 1860771.254367887 1436.309549107048 
8010.5479994089565 589740.2867769548 691.1202984619597 
8600.522699385592 151558.16190231178 29.26508977249584 
8491.059083737051 140592.49630372375 35.496713220304585 
8010.026563659032 1791543.4939038644 4013.3414805331076 
9197.273175456383 30524.515606976332 7.9347328021772565 
9387.423125007927 35698.16981035044 0 
9012.439006224853 50679.478765732674 10.655688717763734 
9323.566180290538 39376.729335208605 5.546434768247881 
9473.830508262943 32605.904414951885 5.125198652027642 
8440.246220519864 12721208.597978354 1346.7361488698411 
9224.03569580683 48639.674777560336 4.887308082482052 
8423.156227243044 171672.94328592886 58.139724970248295 
8042.307546268614 949435.2105681185 169.0726530231712 
8796.317162596255 110877.8283396468 14.79518308726361 
10729.852718083406 25229.153084309364 0 
8010.221846794135 1646768.7739697865 1130.4281120094017 
8030.872220673804 447816.1283436953 254.07356561582662 
8013.588946163282 1204454.4748102054 369.1175047154255 
8037.519489038816 302068.4371438815 745.8670089299395 
8174.857571506003 553832.6544126878 73.56733521434435 
8011.667250611314 564314.6407531332 597.1173067545254 
8245.162223838795 340450.39217694313 34.655943345963415 
8010.023284863464 2323056186.185071 19769.44074916614 
8050.256142793805 1301077.8475625592 140.46446127733972 
8061.596187188284 655772.5080539886 131.73626790562525 
8044.77469743133 357392.4489040534 132.84407952351472 
8010.117280801921 1851590.9690832212 1797.3817526980392 
8010.176735513628 1799068.062898018 2603.6316750050505 
8010.338067124624 1392563.9903331215 2211.0495393099513 
8090.175874212971 450955.6083067663 130.7352505258372 
8061.638654441164 405636.4930740061 246.41804003563215 
9009.756680156035 82603.32526928958 16.19231646216356 
10113.179823975966 35221.374488371875 4.729596068295687 
9122.700159432821 46421.91403627061 11.17950549004114 
8758.014722136431 72211.47924677437 27.89632894850275 
8757.647162029747 6724828.603649637 86.49701615108394 
8797.600592255822 57441.31197718745 22.82469885536224 
8222.377499399334 266081.1860220931 45.4191207171245 
8013.227623822295 472928.17226980516 550.246855927834 
8010.5253496501955 5076465.381299237 1108.3058265219338 
8011.010039750443 3496105.251876005 1148.1034507446843 
8010.668592877313 579148.774060569 1376.5247478349033 
8030.584843370052 1126438.3196141631 319.2198994681892 
8029.175351672307 1381941.2016543774 323.72136284686303 
8021.6432469095 715848.6657960734 328.87897925977364 
8010.2044847787065 4973730.985511187 1445.3888605951586 
8010.662676047108 50137878.224177524 1233.7895461517746 
8011.504399431491 618774.2702626063 617.6929671341652 
8651.854710499985 339472.93370127433 28.935915060819294 
8608.309064088413 296767.96521090245 36.477004570421286 
8010.029213083624 6165680.499255529 7148.297445283328 
8010.069877854771 7111737.862658216 7014.147710635884 
8010.085229496012 21255280.837096058 6990.416010012772 
9422.841378300043 30780.06507862009 11.44089746394183 
9442.708438380323 31860.206124101715 9.661271604207508 
9460.897720373348 38329.12733285951 2.2120550759212287 
9624.582752453129 32730.930734513997 9.038369047215804 
9922.837543210375 34572.73795520683 8.921388606285584 
11268.330487409432 28632.79905683407 0 
10802.12817862542 30767.943548046525 5.262868008420327 
10808.208105792064 32829.964940409525 1.042680439948397 
8010.278488590735 1507605.4010103366 1081.0254366645274 
8010.3240458593045 2419283.4449120183 1372.5782411303067 
8038.660391595568 1223567.7095652053 285.89592650331423 
8010.123199577147 32432721.297946263 4272.7341843194845 
8010.041616562472 18023547.184443995 7974.4654628453645 
12042.435399779675 28566.547357950934 0 
11778.476668010568 28533.98543145511 9.380479714005084 
8010.123063142152 7644059.454450903 6137.511176403878 
8010.570212852266 9270206.645305792 1968.2724246363418 
10402.628582159665 35938.43381909141 6.15565473099755 
