8425.335078004573 33646.326091496834 20.276061355105035 
8780.630100005435 30720.779697335256 7.778780531905989 
8056.88571195857 85036.16341447872 53.037614496543334 
8012.511196852095 222336.60105601797 337.89848506506513 
8402.380741559407 188192.60261258183 24.587366880948046 
8890.442079306406 26224.04907974323 6.495486992099945 
9498.996553684352 27526.826889072778 0 
8644.874464127392 40038.32391750617 12.898340473580062 
8018.034922722545 190927.9802269722 204.30719012835564 
8010.918762172426 3563662.6029017908 772.8658252059846 
8014.498761854155 1105932.334324259 245.41492931916753 
8010.658321555108 714219.3654975266 804.5986554775932 
8758.786641537203 27859.97032627146 8.012759058541146 
8034.948942661855 585886.3572942887 88.75448251831 
8020.047152864115 26144971614.747646 18590.79838237677 
8010.18638179057 56144765.33098657 2052.1072729362913 
8010.063814165188 42390344.87014851 5529.0804279195645 
8053.025271750885 167270.10000982214 105.72136610076973 
8016.578741461967 183739.63860361802 536.2785309962426 
8409.164821039412 84967.30148583523 56.4160055449492 
12107.58309853675 20884.807738027557 0 
8010.085667506489 1553172.9406641324 3571.3833793367567 
8010.123568958383 11022866.111045655 3643.015732951984 
8011.265310312508 779073.5413213074 714.1500729169932 
8010.112038304787 3453817.1227328423 4834.091654981374 
8010.044347881749 14477226.503630253 7879.402060994987 
8010.028534850346 202303757.2615057 39555.39465568501 
8714.03138334016 50309.505560602985 10.237938270639125 
8051.302310961156 708029.6070645339 58.702966756124454 
9468.567697462528 35593.05924473786 2.280734262131997 
9525.970363285971 25782.970562685987 1.054388905416201 
8010.176967885329 2402188.359690363 3367.512873102918 
9550.463331244522 24180.833616471315 0 
8152.833719485776 925038.6897225035 69.16427386325748 
8011.222105990876 967984.6869677276 1031.8025427888467 
8010.409190875556 1154949.6264662412 874.8108986948235 
8010.24578716491 741819.2140944041 1332.0057914406711 
8010.083654704952 11558828.40360802 7842.780662260442 
8049.5256529439075 414636.4219349546 111.01577578495957 
8010.181992727237 5443788.378681739 3936.527584720109 
8011.722163090737 449650.5810151937 586.5893724046168 
9785.779774982213 21719.069864555568 0 
8745.809462410009 35802.97451112862 19.508998290955276 
22231.493510346885 22726.325814351236 0 
8010.0989456188545 3651670.8414750025 6142.1144119164555 
8010.081868530297 2000527723.1795204 21641.210866371093 
8010.0257823174325 34423143.94859501 17495.789383300726 
8010.111630290203 6773058.811501816 5164.061952829479 
8625.309771288748 42384.5995268157 18.791249668611997 
8623.828471858147 42878.37250285631 18.523973153910244 
8010.231388762591 9395086.807110531 2214.09277266515 
8836.765366972817 56902.45473892783 7.591551531444642 
8409.254330326421 155239.34976376762 38.9393343460961 
8425.03354581618 111048.947348464 21.227266463469 
8010.24403193425 1256379.0555855015 1877.9249408146552 
8013.508569677111 488711.12051810446 323.6156196644608 
8011.001605220439 597370.4671359292 1237.3097542237147 
8010.105067467936 3538878.25951126 5437.717674810252 
8010.057062565142 17687616.72132606 5452.012823476189 
8011.534507591539 586008.1868101648 777.4559037087275 
8010.03911402135 21990317.522972114 20018.39608417701 
8899.396799033962 27938.330276456156 4.566853590399609 
12123.87393018085 21052.161581345103 0 
8010.044018897682 585987008.2067688 13126.740279231675 
8010.058396918903 33518851.84900482 5851.876050319573 
10737.56170011 22686.242484499082 2.5530044769787903 
11961.759025247371 22612.379211279545 0 
8010.065799589243 4431410.721640606 9879.77051319434 
8010.3029761470125 1648020.7152744438 7713.119164070888 
8010.078773298534 16234120.932659969 9583.547383747285 
9857.0130976102 24108.394471987245 0 
9210.158495699941 33926.24362051611 8.018512611539894 
8010.064397942299 4912023.861815199 6632.046177451193 
8841.553101101941 29023.224964805173 11.232457832716111 
8010.176376370766 5569052.767419364 3925.049177214827 
9559.349263197004 39950.628499681756 5.73421854773701 
9486.591335245754 53877.97069956525 6.31739120420001 
8010.244990730527 1684569.1334813884 3043.9180727319435 
8278.223270810257 272836.2218080227 84.32238188128723 
8010.118700968612 4040460.8529473157 5065.773627074771 
9840.677381742187 32161.85712309573 4.227246110453678 
8548.288038743847 48495.59313814742 47.02213327895382 
8010.087884623401 4004801.4626765694 5776.1451563975315 
8700.633507784547 38793.83646804295 16.842203113681002 
8010.2544424151265 2300022.6148959817 2789.459372444807 
8010.275366366191 1784363.62136735 2253.050561079407 
8010.325965021026 3086414.804351851 1949.132112712207 
8087.676532403778 589685.2160750006 71.44784691514644 
8010.169400234113 25024289.5134091 4411.209275465035 
8010.112913336705 2474617.8452450885 4264.863288280603 
8010.707212070396 11091894.300047731 1263.7776964607528 
8010.900756340589 990633.3961338631 1607.6947623505605 
8384.973919037984 196338.90096966884 70.43134479180819 
8443.109310037962 55911.8004588606 93.82623004143124 
8010.17730042589 4154584.231127722 4178.3566571063275 
8081.599357630071 2115998.636393372 214.33326460483522 
8785.426321552233 40322.32903207567 12.773039423497284 
8012.374159223424 1583890.2019410164 608.6430184806077 
8010.173300082395 8016506.795601543 4565.1012559174915 
8010.882464033193 2856065.1321529183 1058.3149727044206 
