29211.189335824594 248742.36349123344 53.699087651644355 
32178.881496626767 475765.2396318674 22.280814220415124 
34975.67375051394 353792.78210001945 30.684113469289294 
22275.138429493694 276512.4573984209 45.290679258933395 
24465.172955242466 272461.761642939 37.12267729452367 
14279.797217299698 306735.0371752389 55.80005302691002 
16033.08548828372 372726.36774274503 52.67375153231539 
17268.618669313877 311732.65874296083 49.24009783663747 
9780.84563018177 414277.19754130713 110.19176623319518 
8838.244467535544 493608.40860242065 181.35975759467544 
6306.156119040712 920595.5301401038 493.2301690024715 
5239.097698758389 5071191.395917277 2933.038882384113 
11950.491525780244 355065.3940966006 77.08250546806644 
16828.412953981937 311572.93871932215 51.50938765896801 
11336.656157531774 368204.0726883026 76.3702053367616 
6697.929694368852 770256.8789515242 321.7195717945092 
16344.0855009158 300396.01650332275 60.43895582483326 
5822.852665783135 1196622.233729232 681.4660734267375 
10741.470427773758 359526.18535137246 94.0654671620479 
13699.982793000776 338141.7970786355 64.49063201585302 
7587.17552267396 599344.3184922354 213.6643566232028 
10427.9124871602 398995.64127102576 98.23378478024074 
8616.179410084926 580362.4308272032 151.57517619153356 
11113.143848837834 341745.603360086 84.46986600753966 
5456.61559593686 1401636.9830726904 1012.831761255644 
7898.221872003809 585378.6273410628 300.5435281734068 
12949.451896299086 309639.63249851705 68.53973182877465 
12319.85485008813 347671.3375059539 72.60473352598315 
13142.851129867888 340287.65788124455 67.1789093871096 
8262.687967279153 476543.70965362276 192.17644994674592 
5275.913974736375 4112630.297024598 3385.4460242487185 
12601.706566505647 357252.60529492196 66.18001017520665 
20937.71672278091 270183.8122147164 55.044174071488285 
5675.160527121815 1275467.02550846 730.6703486124825 
12476.271134073588 325619.185045116 90.16149153592998 
8106.9862417341765 592240.5117233304 184.40598648025136 
8113.386121979453 446671.10919594386 235.31716957826555 
5627.097699867083 2939725.917829637 937.5835142811079 
5235.876054693618 10316355.662349274 3440.7234701301527 
9763.967261232572 529713.7428875163 140.48892507946147 
20922.39923846367 328793.7160207139 33.75288728669395 
9327.00761006381 545712.7849863174 172.69876093953292 
23072.13486818043 274383.2043479975 45.38308281285235 
25595.20512174068 258837.97395146496 35.93939730379347 
5328.093418855422 2665620.201982493 1639.351821142977 
34289.18686482614 294377.87502102554 32.68799498323251 
40789.64992443688 252422.0513352669 53.47595950576852 
25201.82398919791 269160.4190836217 86.38487529916874 
5227.305440297512 56601304.16290436 24902.440581034924 
5236.094710982084 4542214.884915773 3283.7909223560855 
10101.91113467574 374469.7217806377 110.17691505478155 
5229.010482934109 20848871.44306576 7838.714115245317 
17591.842296145056 282956.1985411014 44.39970171718576 
5231.407479165016 37221491.265721366 5389.963299127747 
5236.136653103593 4509875.55670871 3239.3603972067103 
8956.849220070617 460668.1723293112 184.6515867866831 
5229.908159187721 11278977.29297234 5731.125646086379 
21887.834745648397 278959.91002539784 45.890245499518244 
7156.083585069508 677516.7002821546 234.771854391983 
5234.976094885812 12368996.687963258 4076.60769049558 
5228.474969124702 40878065.8162209 10232.22407403236 
5228.123620804051 16702322.174201043 11257.847545930617 
10985.486183580348 348397.4822392964 102.47924607097596 
5303.3394137189025 6603963.287148345 2759.232124353717 
25195.494354756265 380055.2667458556 31.939719460829206 
22159.115128389603 308433.9952355938 39.5290902403467 
10126.725577768242 369302.4502407785 109.11716450192273 
9452.089031177293 568868.2351330171 142.89559113423763 
5227.2442912544175 130731607.13470747 30528.681899064868 
5231.800843774022 12982475.530901171 5219.244384445445 
16639.404152291234 289346.44836302754 83.75623539314962 
20395.712486762386 281242.3877553033 42.146838791482395 
44428.0998836096 303891.9454754587 32.51375651585666 
9327.307019854201 680445.3634831506 149.71052670439246 
5227.207388783032 674520908.8374642 49280.554105623145 
5235.906430906896 10317250.943024546 3797.03629882976 
5229.599713565489 11354219.187370919 6455.509792339257 
5227.727258447288 39905134.7526222 13136.562266250758 
5229.53131162944 19653468.00860493 6932.5568428103525 
5228.941649653154 14819580.192470798 8405.559054932695 
5228.6899285385125 29551828.154937763 8668.405151297582 
5227.452946144696 55074627.512463294 20429.832938673644 
5233.0573951802635 11604158.464881737 4339.940982568176 
20759.315537025832 281883.4382603657 58.929639372239706 
29022.419103808967 252192.40933348562 54.59123849289134 
5235.036923297121 14197188.985500557 4192.106440395965 
5235.925425597938 9229593.338141622 3395.990185867273 
9538.868691820779 486466.70388594974 171.90820067886227 
7399.983007972167 656597.3656842727 319.25712863634425 
5290.224785296928 6981923.499568158 2334.1636588923307 
74782.37920283499 254040.78356052242 54.45705346293091 
5227.267200003126 158228837.41254193 41130.55824250771 
5227.349016216419 138470408.82315293 43332.70523977335 
273506.8576725386 828637.3015582054 33.616687171727776 
5227.641120810167 526414002.4956035 21507.149989303085 
5231.345783189052 16381034.937620712 10676.863730856812 
5227.603878300241 65910441.422499076 34857.301966862055 
5227.409534382673 94470034.39412057 30452.02945631319 
5230.652332573549 118472822.27206129 19345.71861993775 
5227.701596844467 61769340.582746804 24410.112301984842 
