35930.94147202026 328966.04542056506 48.41223084802428 
5227.267849161915 805241144.6568018 81552.50374807123 
5227.276419186447 627241974.3122743 36675.23999111327 
5227.270225926473 525780703.53026015 41512.96203008795 
5227.605503983511 298684464.0726279 21530.47343130104 
13672.389618891804 349984.5329621267 107.03641334836371 
23152.927686055147 396635.1570816866 50.92926099790749 
17509.04833887977 343539.53719196905 77.23065249869245 
5228.711031523628 18274826.10679619 9587.598987316656 
15367.787646208646 336665.20505369204 93.70945680972979 
5227.82945405248 28488775.9444733 16567.674136437796 
17184.0516878117 342405.6650372533 78.06619769897829 
16422.644175210644 353480.3744126027 78.16254754503478 
5233.027889572886 7517745.438106385 4808.366535251161 
15648.64363547075 344860.0475164979 85.98157152759619 
8198.389949738099 425796.99549524783 163.76227400858647 
5238.929450240791 22769697.884292208 3640.124908691714 
5227.830363357279 77953350.57277459 14572.58874161799 
16456.575279671262 403673.2862015131 64.62184023942217 
9280.933683787087 411904.13995237893 100.544960017746 
5246.3122059291645 6438684.96136996 2982.4969422272156 
7525.346328375643 726622.9063315464 238.48797695836066 
7893.733691940777 893714.1324812832 177.2564121959468 
5287.491542222038 3645774.9848862123 1978.1613867494125 
7195.844056043428 582189.2633610283 285.613216183566 
5228.805863355674 14840734.007178005 8576.273188101695 
5229.449895598287 10569625.277509175 9010.145752641052 
8992.779466935874 412294.55585899344 113.98432357834058 
5278.937514445006 4893188.562987302 2433.0089641862223 
5246.625427021782 4493749.779867083 2521.844586704242 
5935.236551621259 962451.1426048215 660.0148167988084 
9254.45264264787 400460.35046002903 170.467854667653 
5230.051104469861 8817782.80576306 6535.343205737779 
5289.2811532628675 2426303.474946261 1431.5581715697008 
7605.2523782277585 494606.17104161036 286.4524278364684 
8714.066950262968 1201677.118027332 139.01972131722087 
8888.769868538848 407873.6969796748 133.77113866630287 
16187.96800772577 350081.1379454573 78.69113608492526 
5600.366225356991 1366509.9439862922 802.021981865677 
5756.757991794928 1021690.2870748962 658.306877035726 
6457.265391409807 650618.2622459608 405.34705236221475 
6046.853204878381 1016624.6165067352 601.4163844449583 
6720.064455073688 731548.6351508305 335.26812163997516 
7087.563304588472 710764.8555453072 264.18774171420506 
5481.961928525528 1039630.9293789052 983.812771757556 
5682.689688221149 1274201.0388825736 772.5379989364171 
6601.425402225831 778259.3419134566 371.8981877555407 
6767.541092600904 627883.7065552685 331.2048975790994 
7799.8664747605035 619822.488292244 206.84705213547036 
6866.447671790725 842141.4724758825 309.7156247065018 
5738.522248915055 876500.0498556456 760.4029550875738 
6978.966287062594 713103.6345784981 269.84518280834294 
6409.980053585114 674190.6085275898 414.82654949025743 
7145.946983581536 683686.1139797817 294.7890597170799 
6885.1459401892225 653727.8318112524 305.28422691066294 
5392.285779162324 1287546.970662892 1082.2957097161652 
6095.533834081711 969471.1263353769 590.8468095185183 
6347.2875369527555 682401.5201865111 461.43247413089443 
6160.650286998453 928880.4399305478 482.65711084108216 
5292.8279042757595 2266365.8233807366 1364.182767405677 
6969.415560969641 715213.3648080342 285.0878475826417 
5296.81238633465 1875108.0794201777 1314.6186097321306 
5439.831806013376 1271082.668277012 924.3150073800375 
6263.725457409076 801967.3574418678 433.18905530099414 
5366.861667338378 1561992.0831757348 1224.5191319925987 
6314.007131297037 740555.9040193341 472.08334812045024 
6213.90112971606 898998.9073161541 462.6394134342193 
5421.905295896102 1286869.6184038504 1031.7028173144658 
6119.300606686247 819404.1957903446 510.0576761280871 
5337.196547162834 1602063.2172394171 1351.1236947116947 
5460.3731071547345 1260804.260697842 860.5360711697793 
5341.824081934673 1654924.2785240726 1267.909276034754 
6239.846703661228 887872.9588453604 467.9601388913136 
5369.5801193196785 1374776.2372916164 1246.1310497781153 
6119.617291563698 944836.7757043941 498.36917877910565 
6953.380975867537 899870.1277485621 284.7288218260378 
5227.312381001026 2025242994.1036537 54206.21908369282 
20239.57838759851 323768.2844133622 56.95878714967529 
14292.825157816449 365184.6051406229 78.45198371067076 
5227.440452992623 79191481.01170762 29245.32492592798 
5227.443714707021 75310315.71742354 24702.090163087796 
5229.298174311517 11718016.089481635 6779.165753375989 
5230.576427020244 7919188.369955843 5561.5717647577285 
10720.92285414163 399164.65615867864 86.2905939616294 
8512.662029341684 416057.08904960327 155.01067322247198 
5227.304013039994 82001438.58833401 26299.22387462684 
18707.491823376284 391511.3632825804 71.13687349450973 
32124.671675431608 357008.6323220867 56.57922570720366 
7314.565667282785 668016.4512803336 236.4249223595089 
5227.914001015839 16960481.67179544 11568.80901076849 
5228.528799236334 21708705.751596726 10279.038108874629 
5229.134480211895 14241710.991523352 7890.300864466728 
9345.874326926674 393764.94581266464 157.84858251373458 
23717.002495483335 327249.98035204137 88.04468892428523 
28839.12359789573 342689.4805542837 62.97120714188619 
5227.315834607705 127475474.83849208 43272.790792919055 
5227.331464092278 238519074.96616882 33558.89759764106 
5227.817593224929 70833244.16281378 21782.586275976053 
5227.408106691763 130862239.95890753 33708.01793959438 
10383.692652101374 602052.0879596835 150.5748745861522 
