29209.81877924725 249223.03025246537 51.8110426527291 
32178.33464218808 474914.15437431366 22.156142505844628 
5227.753097695659 59920450.248022534 17316.46411754796 
5227.451430852533 80298065.69280271 25216.934080555795 
38863.63926862998 456534.943499825 24.577393716908865 
34971.59785651197 353918.71682795876 30.781101424514677 
26425.051022724343 249464.98316840193 44.30846718431751 
29024.410793197596 248573.50981160018 51.56446667403624 
5228.195044873503 41733231.441159695 13017.853699575535 
18330.96022950759 296600.6498391423 40.296581182259075 
23065.656251552307 274327.9942116583 45.39859896626341 
5228.141218276458 16722931.262366446 10633.68073128986 
24605.3261549216 271376.2947141582 44.743742295291135 
20019.472272970626 284265.95445992716 39.35118189673081 
34293.17137963533 295342.559163863 33.77796059012081 
5228.934232587027 18529376.16077097 8135.621199263451 
14276.841286542303 307716.4052217206 56.732700718982805 
5228.169118172048 18294136.725405753 12359.137538310506 
5230.49583536436 9219993.446622135 5691.052284877826 
5342.419650996707 6013590.07026492 1383.6117432444248 
15554.45458388892 407926.6059596527 49.73116692197454 
5233.771189342891 8518004.123022797 4891.816631095041 
5307.729667445991 5225539.059569138 1996.4602831895324 
5232.434232344061 9089880.156255983 4333.712134259705 
5229.497432745835 13723286.453966912 6365.756880443833 
11669.203081611042 334609.15953272977 72.30863632475689 
21882.816019123347 278820.6802155077 43.800235872974866 
5235.03031039272 4394722.161224676 3503.279885687696 
13700.800673629425 338939.3048272796 64.4516862442886 
12684.786351233348 368104.70605292206 63.34200743727565 
25529.63198983673 267812.3165508336 40.68801731981232 
5230.911592099608 12471810.470565692 5361.075007407461 
5238.917298849623 5083759.825248862 2914.9108867515406 
17606.836643642033 283627.5815212365 47.67903852036265 
5373.990101074725 1978053.79280382 1021.0063325925286 
12955.429706017774 311207.4427320196 72.03737679952177 
25195.08244996927 385302.6687550511 31.050338374045047 
20930.30196652638 272072.2240502514 55.53785273825313 
5234.178579372027 7258934.22753681 3821.2312922645424 
10739.133778757243 360063.59179739596 94.75640169565531 
5642.269588478252 2287833.262360161 810.9942532724401 
5287.988416107013 5958183.324597532 2259.8676109094504 
6194.048911630289 1178611.7842034977 561.2425278190046 
5840.732696239376 1173511.5037737235 615.5439322723657 
7154.977549136482 638216.2882184784 228.50399225658754 
10126.349812612956 369656.5549348914 110.13812732794825 
5236.231958408471 4512723.254629305 3166.276117134506 
9293.385517279608 433928.6031058286 123.97528673003828 
16335.347893553606 300979.3555726345 59.32874983722064 
7898.413553156343 585061.3101852203 303.3057160013604 
11336.715869311176 368736.05569419917 76.42192934170303 
7593.106481881777 593159.0701991834 208.79764133670196 
9622.317749620439 410409.58183414163 120.7525802721233 
16953.594128472407 292629.1928257667 52.061177647120964 
5675.332792508436 1223509.2517046477 731.758297411049 
9813.03625763841 395747.2543126167 83.49223027883107 
8618.63345770379 585160.7710050109 152.29480334095675 
6351.807857901775 810766.6389766792 427.8918224057254 
9023.687226545293 583401.3344392627 146.59570621291917 
6705.817475050116 713979.930383022 304.2670151305622 
22266.084682831985 277306.7364856363 44.65413964989736 
8840.139961524892 493426.02384627145 181.79405943021507 
17270.831962993456 310770.32486746274 49.232259972226096 
20924.921402433363 328970.2073468461 34.69919270134277 
6430.656549607853 795937.3891462786 410.34552417880155 
8115.099785222601 444313.88045973715 233.21159517530378 
10984.331801000752 343416.922702233 101.83078844587664 
8412.120673461732 456015.25467436574 190.27170494636943 
11120.76430428842 340181.95236739004 86.5758044140999 
10101.666107854533 374775.7241435813 111.46151909563353 
17138.875817728076 334469.0285405125 51.90865593828754 
8269.86417322351 475859.7977314621 185.53395562520495 
5228.818765312561 36430562.177176595 9319.496663461505 
15572.90610144435 307532.1229388431 53.24333775882279 
5227.636584820951 120502268.14455889 21325.33809947306 
5227.393970592152 87767775.97733708 37381.81266959848 
5227.753371520061 86842476.06665567 17141.88976761255 
5233.312952698189 6975813.273087336 4919.640188182764 
5227.538276716218 90725901.93068972 27473.115563436986 
5230.756189394104 13151748.535030495 5563.054467583794 
20199.062877603075 272857.7105186321 53.294253763813956 
31351.723412735213 265371.3987087821 39.67816419743814 
28199.14229884596 276914.4972213258 41.27530973941663 
20779.468310438562 270961.66864745633 67.79419512164496 
5227.5349053486 228558083.894706 23573.117289233563 
5227.895878196179 32375022.741730362 14053.633032095595 
5227.679715158054 32649516.338902015 17941.14281612541 
18031.19273396592 294629.0782654664 42.76784028055465 
5229.115726192297 37888813.79903041 8248.862799938983 
46834.77073196179 399642.71233019215 30.27991768655518 
5234.07753593074 17065369.56270172 3800.9320813218305 
5231.3492890168845 9202912.276009697 5788.806511765436 
16045.692856367561 286554.22618309857 69.41111934339507 
5227.725828882079 100883228.70196395 17695.960353051094 
5228.043902936071 55969084.92355387 13198.852848019536 
22692.44845823887 262629.8886647631 58.25273174020637 
5229.726315273497 12711788.803734377 6027.813094373227 
5232.173036827924 9074894.211363519 4447.348419871501 
39228.43227336271 285852.3114025567 32.33042350990189 
33099.68378079557 575676.4488722769 29.028772403868903 
