21523.176336846936 398658.745497594 76.84410352853534 
17876.356495676297 534269.4634872464 82.5185904047895 
14724.20073649718 413174.4811508117 96.28668617804306 
5227.268618591163 71637588.18202588 29675.676714185058 
13203.307742329504 467141.8262625929 93.633041314259 
5228.138698305772 33109737.554744963 14023.772787811096 
16092.349368703453 513267.93154781195 91.24137847670653 
5227.542876725163 56832701.52874566 23888.109353933953 
5227.848601381966 34042761.6493265 14584.675125394799 
5228.816217117659 13739200.066181632 10508.306472290014 
16014.343401081418 518229.97082689224 84.90845316442119 
5302.58533649259 23305440.61118162 2567.7364137552618 
5230.879876055581 41994189.40064655 7347.21151074004 
5229.818721933149 120935754.93931374 9998.934721204592 
12132.459183800263 514635.0612203646 98.92366526247984 
5227.590996931157 62686696.75433554 23075.9799490328 
5229.905847173732 23442047.41955132 9104.961838457759 
5230.422835724422 12571205.698285582 8526.910479856951 
9901.25170045177 429846.6794654343 126.26477076971139 
8684.385077079793 471528.7974069662 182.25170736550095 
5395.814715732764 3071120.8300723443 1523.2315377699472 
7474.972482303774 677564.3232600769 255.90958798697272 
12120.835885796318 388524.89829162654 112.619833453312 
7127.824264215517 659476.4217288103 297.9950908585416 
6445.164895497504 763460.0935404667 438.86013723628486 
9350.036770565179 610778.0582303407 146.37669268102576 
8449.225598500725 501334.6222029889 183.06792210626443 
9696.611894429727 551537.474975055 153.93532383145407 
5332.16239803381 10100364.601903383 2072.4468342058126 
5232.634462008218 8375873.323398481 4748.535596009894 
7993.657361998989 676685.4148365255 227.2598096074399 
5235.875557580403 4445654.927533039 3181.2245003164726 
6170.172590600537 918169.1296937335 519.554912931723 
6537.416191814709 681945.1431729974 402.91419618571524 
9527.807015539693 507949.2832186123 155.23886411625412 
5231.117370739112 21035227.284438603 5634.794975610614 
5289.372309988295 4114560.745651775 3058.143811679041 
5532.98229510971 1903008.0284890928 991.3510162389587 
10647.230180323053 412556.8942522152 126.47928069811758 
5445.990618373571 1820576.8232181345 1131.0338625303677 
5862.836323215665 1423502.4846666036 682.9342757801104 
10682.263918587296 466469.0870269711 114.52314060575543 
5233.349139908893 5490798.169597338 3895.5887669746658 
6759.027370784513 928784.6266748768 391.95184071188334 
6884.544609403439 1081930.1722857181 366.71358609023514 
8211.533694321573 564540.7355529447 269.38909348743834 
5231.879321823186 19934958.78288082 5213.897237917918 
5234.924818380938 9967216.576644745 3676.2771570775503 
5969.958730697568 1133303.5120583798 756.7980887875651 
7863.035960680811 589290.6386375166 234.40831144173202 
6054.99070894495 933313.1814200906 592.7632965669719 
8315.32197185052 457901.53959070233 200.57990138547427 
5309.316330305523 5645153.351050854 2481.6687323745423 
5768.971400559444 1258305.6870918483 714.1701315046453 
5272.26186362508 11232201.850286815 2927.9915335002465 
5424.918078752128 1747161.3911049615 1233.224334752199 
9390.402250759109 448103.40015405015 157.63995984710888 
5664.805284852503 1822349.8804763402 844.7300570407791 
5717.688731891384 1819466.2860872603 757.9336865347722 
6766.949811687082 844138.1168825501 369.83377147957646 
6148.559291086432 919420.3231016726 575.390140758044 
5606.309442375764 1488731.8235777128 875.7767074737064 
7619.869992846185 574168.7087788073 274.86646856002966 
6975.304201781071 774114.3585618192 374.90309549967145 
7552.6623697917275 627140.1006657898 373.1311809619671 
5232.629206894111 10428405.387503918 4952.934711289222 
7000.217318930309 926816.0438011917 339.39560010997815 
5570.497640208713 1660914.0434446135 915.6581570806387 
5568.54977677697 1605845.297761933 1163.6052062416616 
7051.974126545286 749050.5687862852 303.3367231827193 
7068.191685410462 767870.6178731801 299.4931777130286 
5303.521588549653 8648590.688593004 2452.9345731516582 
9380.73676638476 466383.333262362 165.2297283857884 
7584.896530599497 670027.0011920007 265.97864513455295 
7606.278446246827 651713.8394763086 294.69755417441775 
8233.20430762555 496155.00532108103 239.88570837364648 
10663.463927484523 417770.0012679797 116.70373713628003 
7752.825681833476 703889.6556019661 233.997318452976 
7754.887455869484 670422.8512990924 266.46059331675895 
7062.189690322174 682399.2676452391 318.5275618185495 
8651.81041186067 589393.1801913226 157.51213314165074 
6392.3339255256005 1237209.3427945403 519.615142505102 
14791.916589701003 439416.1092826762 93.72651711779382 
5227.168756950618 80512796.72427286 41232.283732291166 
5227.788478930242 58413701.87592548 22433.511718187216 
8299.28006257566 475490.9918045727 241.93130045388358 
5227.378603100044 49098920.38035618 28354.72517779815 
5229.822717086243 37531123.87282461 8659.991803815612 
5302.197948607003 28316756.141404603 2011.791379283234 
5227.288245815603 108724798.84687832 38409.358826984266 
5228.498641477628 16370035.34188188 11851.521581914663 
5227.356112793078 59410323.0610497 29689.682089554128 
5230.858286927755 11684099.543493837 6544.00490351641 
5230.846604589296 12101504.203763334 6783.339709881676 
5394.711112758519 6442709.825193427 2265.772997180899 
5306.219173790848 6625533.6968006585 2273.5267676011354 
6008.762974200816 1044238.1144530389 663.0136827035728 
14229.391408128957 536178.3277347713 99.61068700944588 
11722.179323219178 485110.39611063205 139.17739646399943 
23519.112392025316 496075.562766626 104.15862417582649 
