5229.365862435863 27250344.315977044 9909.056019233623 
7186.934337716184 695821.3214190304 381.96104492724004 
6357.550945073192 1279115.8483543477 552.085101146783 
6407.022810719683 1029912.8801009526 548.3675357899021 
6151.300875401976 1295344.9111822892 587.6924672372887 
5572.477014417471 2402018.6087507424 919.9420604073177 
5252.374171137 7350814.086008521 3975.0946425979423 
5497.363294101081 2735790.8309468343 1219.6437214242962 
5341.496657160676 10395273.989720143 2193.6235522014567 
5231.20266503405 45593622.93055829 7604.277541069845 
6916.285930225742 936386.0288242489 449.9706698520575 
5282.036063462284 6166071.224062793 3169.7141634981026 
5395.301150479915 6377904.87369287 1716.5760953666554 
5404.35698827403 5087367.225673513 1477.2386060827316 
5362.295505938597 3785294.404233556 2103.505902687127 
8049.536993765059 697293.7645340592 328.1918314606085 
7371.572454312391 863148.8661702783 352.87377319149243 
5227.408477717775 39593404.89305637 23488.212913680247 
6213.739918832824 1383437.4961510554 567.3123221253048 
5286.170830805977 5032912.30237474 2472.9080535697244 
9527.892808702947 588790.8843047862 264.8026184379146 
8155.633898805083 716372.7740756557 313.03220675781137 
5227.851493632738 44582919.359359056 16000.587213386529 
5227.550870740218 104901686.06648134 21966.44555286721 
7649.34142640373 625326.2334288395 401.22115852742706 
7377.469811927827 771907.092663446 346.4072068735555 
7929.590215620243 735256.2180598314 282.2458492595914 
5243.407329651394 12157952.724529305 5167.547213345454 
5228.069226201205 43903318.77168734 14577.499680321833 
7294.948455299194 684804.2714273129 373.00848432075696 
7889.671106835691 758085.8548260855 324.9548015769176 
5261.397919239077 13403483.327608563 3259.8476583920337 
5239.963251552312 12768963.069232045 10296.220010015772 
5228.685059985611 54618019.974393494 13161.636944391948 
13681.085704399477 490520.09831669607 247.63557835752158 
8595.242320930265 602024.5254002484 312.4608323455434 
5227.732833933234 27318972.2795139 16128.451263853545 
9159.491973750051 787273.4777255602 214.5847963951202 
8236.313092947448 678301.1271874517 307.08584830728563 
5522.085509634582 2447427.4757014904 1204.8627495875264 
9930.381268758896 495905.29336135765 259.03599321754956 
5227.166435188143 61765571.92587655 34570.84260083582 
7229.396398724433 960885.3424982438 361.0891850034102 
9238.301411528626 598981.9863319421 250.983363525317 
5375.113329886641 10219837.343655031 2022.0988069490384 
5229.037562612813 21310876.23810567 12045.619438059857 
5227.158828543378 1466174761.34119 263846.9019826941 
10686.449954407999 657768.8077013219 179.9208066877309 
5228.196050036404 27631640.97962527 14026.340434981097 
10349.871985313992 535578.487585137 223.4745893474281 
6926.024960094678 838813.2295067434 429.9812983673273 
6441.9176256073615 1002271.6516947935 457.820951639403 
7735.947792748979 881384.1612755854 314.9714629653622 
9375.840839455926 673233.8133445902 195.9512154796425 
7390.251266896132 988817.2102859127 332.78462788122454 
11633.048429859178 585620.9517050297 176.90546225550713 
9238.185252931411 756325.8470387593 238.54221418467873 
8474.262014924192 644577.9319646083 243.1686681983006 
5227.145605687249 118826013.71971236 43678.83406642221 
8617.769087853989 588365.2013427158 296.45482317884387 
7004.433232422438 1028291.3064906074 384.392189934873 
8002.055979248572 675453.2675719633 351.4418154356383 
5227.3020899183175 58179058.40201192 27764.694936609987 
7426.848903875488 676892.7760135857 472.6022481853429 
5232.231986586376 16757408.016140372 7426.362749160626 
5238.216613130218 14162334.198834207 6783.014100290601 
9349.740889679639 530240.4464977492 282.48117874458535 
8435.163955454836 627406.8630174629 291.7559704356631 
8803.781328085423 607248.4718156555 254.18128347514698 
5233.364667296819 90481640.31712142 18473.057432515045 
12607.831254866507 497812.26456538 179.86125799290699 
10938.013663330012 530069.9727050508 189.69349794330284 
13486.225744360732 529361.0938561242 174.2437026602687 
7128.077398696914 969704.772998324 415.440154094106 
15600.557502293172 523156.7174942185 147.9042409428926 
8142.787685363788 650642.6942017358 357.15362706132726 
7871.140382493625 800748.4667025338 314.42123882532377 
5227.350347180993 77918093.6384978 26984.56782070642 
5227.260358865825 82681326.79835813 34248.80011093988 
5228.781500354077 35775131.965409 13740.628255702339 
5937.665142559558 2098485.007065732 1093.3259986217965 
10968.622446540006 563335.5109003918 189.560241140582 
14837.256980838869 483190.5738555817 245.3001275562173 
5227.577668117701 34292941.63666797 20340.6903191501 
5227.184341800938 222132556.14260054 61658.883374479454 
5227.322402666281 386462251.4776721 31488.960991923203 
15028.624208841138 530987.2223891155 181.80698905110944 
21552.753001484227 505586.2746820813 250.71144974880204 
5227.682300685342 95552481.76496562 22503.954148445595 
16976.358953146017 510802.2865135148 231.1877688966002 
12041.687041845578 555082.6759655682 291.6417717656459 
5233.213673273388 35630591.03172462 11053.31432164614 
5227.7238826733455 75812040.47580114 24593.5279256752 
5227.425098357903 49583474.335866824 30530.82235535057 
5250.437237400789 11137844.435473276 5117.955767407696 
5227.97655134307 60182140.634775326 17958.428959458666 
5227.799301757891 65958110.83018652 20266.833710335308 
10166.267183434087 675140.304273844 205.3414135531202 
5229.176310661456 25959675.12726561 14497.308106997603 
11194.606311552261 573668.0939599534 283.13814604999675 
