32180.30455018444 475331.97225536645 22.22845608262491 
28198.478421201602 219537.2089039032 42.00978376965511 
5227.42135323714 51520174.49232593 17361.78140505839 
5227.646429800437 72277311.9167218 16769.704595996005 
45476.302837553034 263145.924143379 28.954698273776025 
34296.213332546686 295344.65026807896 34.762037513495564 
39150.00360733163 287154.24557223736 32.16508579190615 
5228.0549930461575 21938011.810816046 10506.05281431977 
38864.84335872236 457073.9944286033 24.575732734060715 
5229.841457433463 27841892.924943984 6724.0917544201775 
30018.49562623405 341202.1500284232 31.59765826203851 
5228.241721126225 12516892.95156625 9100.585358755014 
5236.2240733086865 3950764.7070137993 3105.0153519884007 
5228.863467520935 36888862.387152165 8314.158567102497 
26420.967393051666 248179.73700597486 43.036634940432904 
5228.958654663287 29255156.03574259 8126.631642806273 
5346.481063048223 3530534.906417843 2202.865070632902 
5233.503874218204 6430809.2027156595 4914.47969457429 
5336.093310569719 2298864.228006329 1392.1685164768774 
5232.442333798917 12225389.375609912 4612.339586996802 
5232.743267907601 14665054.889437757 4560.5435923822815 
5233.577788932744 6262563.0941516515 3700.50197882618 
5235.48706633309 5446550.063142327 3603.0561125309873 
24607.138734660566 271600.17170589353 44.74983462660289 
20014.873251941925 283528.107438177 40.241131837109165 
18332.18008651534 296573.31237701996 40.242279953473705 
23065.405805355964 275213.16041089915 45.55596984760885 
14271.15759415383 310606.54617776646 55.561453068928046 
25195.18348911681 385396.2372245447 31.034700613098934 
5374.822399603725 4065127.4943117877 1050.1185191222185 
5234.051816014636 11450258.657280155 3746.4156162816566 
5647.498458905452 1572139.3535281937 797.4213359551399 
5230.512511678443 11867430.336388756 5763.650237526732 
11666.179895702086 335814.2495986902 71.88327725006533 
21883.49784720248 279577.21784790326 47.032207418144395 
15554.156367795318 406056.39808732294 49.59646255036633 
13705.530224428248 338557.2399033659 64.3798199266371 
12683.993228295038 369013.56215872616 64.45508685245669 
6699.171372845883 694158.6254238737 309.9734591353471 
5342.999458531573 2048772.7310468634 1285.897654962419 
20930.43263655656 271734.69251991215 55.378510669763294 
6194.540086552613 1125382.7774375023 556.7609490372655 
5836.964959548965 1068774.9219878863 639.462267385573 
12961.911489571481 318059.243969917 75.94035647040259 
17592.40962458726 286665.39355234633 45.6257908827958 
5289.457256502759 208072359.88769457 3038.165260123539 
7155.672866392723 592679.9831010089 228.02443340110636 
5234.188279481352 7421263.289326106 3785.577621539931 
5675.366505540402 1235733.1774287394 733.6076096898449 
10738.992844922486 360122.41971341067 94.70940590553879 
20354.9001071973 276183.9425167415 67.82023971398684 
6546.718157305131 867440.1594089395 465.8642357342593 
22688.195228373846 263816.94485325745 60.55844846446002 
18032.958818523715 294511.4093964634 43.75700627931882 
16335.819239079352 300706.12061628763 59.3009175966458 
9294.281159770393 433358.2749240592 123.85460328721746 
10121.707633288845 371552.4855585105 109.99368528489327 
6464.861994758984 860469.4654652433 480.5660605206897 
17062.76811057137 299902.2829485754 44.6990168248582 
16696.989271578484 292049.6350268944 52.44422107771653 
7512.8147066309475 586982.1842925729 293.2274881546798 
20780.47605178103 270411.28289729106 67.4499515550849 
11337.09717959468 368836.82315164094 76.44860171745945 
9618.047373006842 419680.2457815481 124.92384004000667 
7899.294800541809 576087.9481040915 306.7805897628447 
9022.17285636822 583736.3670609548 145.5512814160293 
9813.300982516856 395407.56219935353 83.90049900027093 
7584.72516700319 585223.7956963262 209.63816206618873 
15914.396061426485 320732.22094841785 55.06084750160498 
22266.664442653975 277176.9197266223 44.57216114555462 
8620.063747522543 583440.682414628 152.33681315916024 
16047.367385367726 285946.3624039276 69.41875296016953 
22342.410631841496 278154.4334521034 39.23766438800533 
8410.30468938536 457586.91640923586 190.29764377015363 
11120.390413050905 340228.25135228346 86.63197843782449 
16943.395536610187 293179.1109374003 49.95786478786964 
15587.80980519345 307736.567290397 55.10919678082098 
10100.207080804827 374871.02170496975 111.44271530702287 
8820.8312085377 571988.3198417719 165.4289396176792 
8268.256055747379 477167.8076055355 188.83491292945 
8113.7817609267295 444726.6668980537 233.23869048899326 
8841.133341596502 491221.38188819395 180.22977390586422 
10982.87202586475 349541.2188071449 101.74468462782181 
10862.681699385392 351785.2393426574 103.37589219912151 
8100.240886622038 460051.51714686473 232.81923190626696 
10482.06516255264 359018.0522593212 158.75811371420852 
5227.741641472004 19445419.08899382 13572.203306201496 
5232.259536550806 8623769.957970878 5575.879869503501 
16694.64251753823 319133.1074731984 43.7672990389423 
5825.842879245301 1075803.295259274 626.9972854518966 
5292.19412823246 154299511.7243022 2570.9627702113785 
8247.707291366332 675889.7011566163 154.18611902664918 
16233.095990514845 305963.70198210125 52.988893523233386 
17750.536036822927 295005.62406060565 45.40700758312951 
5231.6438273087415 17637284.21689703 5274.292028603532 
5230.203798333087 9040223.554784924 6096.283779809849 
5229.524772967659 15828149.120737571 7621.101351469864 
5227.69444656365 88450066.77363294 18542.54321589914 
46838.216447761086 400031.65904957615 30.299577145965447 
27434.46267520281 292761.87568419246 80.6687913004648 
