21465.84966355357 426503.1227148996 74.22829888201832 
16934.074888555595 362266.23264146026 83.30320536050755 
16093.747316621122 381318.0851543477 78.73116619373617 
10107.334516167633 404093.33120535477 142.96938842797195 
13347.40596453294 355566.87030221656 107.42383663415076 
12463.547066080153 380608.50586941646 98.48863859961138 
9269.038753445959 405234.8945604304 132.82536061249516 
12041.259276971306 433347.8910201174 85.43281295639306 
5228.506326742531 18511544.332557026 11091.89154404161 
5227.972317211018 30881448.347362652 15303.641588598226 
13106.798622253016 348154.41219250974 110.38286879546729 
9785.292542741303 433481.2162384371 124.34224517389373 
11572.649394056589 365553.5495361473 111.50482399787849 
5228.814297640991 18805262.137425214 9861.499623017602 
7266.850927729125 611792.2254149365 280.05806557867413 
8413.730479405413 455311.0899117462 180.04471380746526 
7660.394541726842 603958.2252763034 242.39862277051503 
6262.467850999653 827356.452846624 443.4975583441779 
5316.631699502598 4394883.355812396 2071.4743553601875 
13116.308536842438 350799.05623057764 115.01675879117431 
8845.738823262993 573427.9585994369 177.60451389838687 
5233.041032587943 6303780.327215818 3975.6225705011984 
7993.7244112014605 593445.7181738992 199.1452848935597 
5229.498319353299 15627145.97700223 8508.399352091135 
6166.774500277794 1244788.1644902786 672.8343120742915 
7154.049393576626 658918.7494025426 279.0580978194307 
5233.024740214001 13989547.819936693 4893.958696810047 
8173.664574060166 570243.0576911017 204.374248108533 
5231.366797661244 7146619.781738605 6066.319442841521 
5248.696841197478 4159403.2949064304 3279.9005780497064 
6769.418821955769 797233.6949107174 326.36048343475073 
6415.63791791756 687225.7692732557 434.4459048861861 
7801.783430717508 619506.2950309815 205.32372816861889 
5645.7866876137 1438249.1731528968 906.9380530735144 
6637.237613914273 774570.5664514907 350.0747305145767 
5230.896615077255 9154794.71835199 6767.092323842691 
5492.687285424021 2003727.0812504308 1076.4586029741656 
6053.427276056768 973979.3844811147 590.5485651880672 
5395.864771353922 2145713.510332599 1239.6780837419924 
7037.994298903045 618461.9479440236 288.97176481792263 
5281.85243555827 5120738.694405334 2817.3511636654207 
5356.185436560421 2188887.3179837405 1316.8179600174533 
5899.591884603959 1195838.1831097046 712.2293505203945 
5762.305652319805 1307182.016111358 766.4475328871173 
5231.727035038918 8025184.746869723 5293.170775497181 
6991.4217413527695 629800.6652526523 319.41182616187757 
7752.264369065396 764644.8575539952 234.34058452683198 
5275.089385986852 5296649.972886091 2853.971883840882 
5821.75061732361 1544076.2952577402 651.1293498377669 
6595.910695199811 781961.2066103653 388.0403522734202 
7633.7018812927245 685286.2676209068 257.7772609054742 
5538.831293916594 1745070.3192169755 877.6751869575268 
5605.513544954291 1808172.1493676866 870.6551982615667 
5861.53074583025 1342229.5280520502 676.0766867546504 
6846.987597711614 615824.2888813152 339.0559724995607 
5575.790571578836 1533115.4920279183 1095.173258631115 
6535.7253415270525 679559.1181801307 402.540458790855 
6820.132678496389 738758.8479309503 339.19513669742213 
7946.38396723594 567512.3197751679 216.47351917772696 
8396.618188756924 595375.8647500483 167.9260666611888 
5338.900115871498 2291513.8218170083 1305.7675295536137 
5230.706999324299 17385084.869188834 7036.816113196459 
6446.062187773108 790879.048668179 421.82377721713897 
5769.691777337266 1214960.6985269012 715.0057286318053 
6519.871070772832 927059.6746960593 393.81198372991213 
8233.695457818161 508538.733196314 238.72156500100184 
8226.766411608347 511701.2329564942 311.0224430410054 
8305.886640565976 474766.8786149243 234.80354925608913 
8342.742727039597 583611.8709390208 188.45944297689545 
8321.269740422487 468472.1984427399 203.50264074297007 
7631.048760939291 560531.0615600242 318.5801830107561 
10176.02821234371 397931.6279087388 124.33740890852185 
7829.294769231089 587471.0589508329 236.58831217388166 
7750.572439182125 568286.8167346012 246.93145615190343 
5227.4427561844905 1532863453.470219 129179.23787526914 
8844.397929857028 659708.9374931926 159.43377445431994 
5227.561508785049 61571752.75042707 23997.268559028937 
13925.096124050217 347784.1530571022 85.63699178866027 
7442.101273487798 640836.0730471684 263.5177946144374 
8980.28229990857 435921.8263926782 136.43600095120584 
16083.525711082042 440633.0426246062 78.37071577855717 
17299.750723237135 365098.23143038515 82.7208484573074 
8113.954414974052 539253.5582564374 295.4700089824369 
7429.005875281212 779052.6123012656 278.74340315865146 
5227.871844373033 28436999.87352597 17206.01514861566 
5475.776315786078 1759871.6250096785 1188.6387548070813 
6948.861921000728 654737.103063691 291.88791823111217 
6653.724723083694 702141.5066341768 385.56689315485943 
5227.6439245536185 48683680.98415303 23360.31364359045 
7934.224823724218 587712.5212293572 220.3641037895383 
10745.734653578624 401307.5993466748 111.42697565335506 
5227.445034518847 1957815370.8693562 152501.85748317954 
15306.793197293176 349273.118360611 105.94435507982656 
22895.657787601685 426640.7970132333 85.4838360940791 
5227.946583236252 620181153.1845785 59252.70057997934 
5228.007272455407 168431804.3324441 46854.43766723315 
5229.567014121167 477389872.52060324 13041.150370208954 
5228.127874095133 50043161.09927934 18856.67262159497 
19324.078650805342 547544.4642575285 86.87759620790442 
19935.12820224809 496944.63582325075 90.17831136990546 
