5227.452915417255 102838279.17967628 40475.53711256703 
14372.53184847844 324596.39166848554 126.5906471012682 
5227.525295454849 1381820767.8708682 35588.51694565943 
30314.822831656576 481084.69176570827 68.23673537699926 
16631.321248219174 372530.8758074524 75.9099288023157 
20935.872893071595 427262.2635209836 75.6095974622325 
5228.225941491086 448587197.6917071 23284.47611315216 
5230.444431176952 12979825.175032416 6934.274837787988 
5227.948006301778 25276062.556087058 15486.777962711665 
16091.845172398102 381521.4126587198 80.604244291495 
13334.769426633848 424016.52655784256 93.64129993685411 
15546.745923273642 410127.85936239525 82.78713592489322 
5232.044265357445 8128261.748741351 4568.497415815929 
7801.346645797144 619237.5931695651 207.54544826719345 
11175.517882965698 413343.1129806702 106.98306558759884 
5434.363122856063 1353684.1126027154 973.0961338661039 
5337.914085139783 2335788.4399543777 1337.1576797489324 
12043.966426421715 433743.90840738284 85.39634474195437 
7195.4698826311305 576909.8218048145 280.60659938159375 
5280.861107107291 2982597.640739858 2309.791949072779 
5249.328961254404 4446984.633093481 3175.131966396084 
5321.447178558116 2930184.531759787 1500.8870235732256 
6954.284534998467 631225.4750223602 302.8647842297365 
10790.292341148226 433128.5394133918 111.8907799873595 
6598.255292074129 779395.0079761742 379.91364972893285 
6418.252211550665 691477.6664944827 427.47497748850503 
5652.282167748812 1917730.251741799 896.2204346312425 
6265.310302826378 826866.2823881054 439.490953923653 
5235.999783508309 12527306.307732888 3743.676132554203 
7448.032122114843 558848.0694801662 233.4745608329 
5236.280738482529 24013390.88174979 3543.1412915813435 
15523.890128467712 335851.909264608 89.87327163457576 
6163.711211062572 841367.6003720325 472.27724428912785 
7942.953316293844 572648.5619412787 226.02194897031714 
5899.7142882276075 1170877.699441545 716.4669154610134 
5987.108387825573 1339929.9016613755 635.2716332381544 
5603.918266263501 1976119.3975200932 926.2666387786406 
5733.1255639167275 1648182.7014849489 746.2531874187691 
6674.129142792082 756894.4332091232 384.038950428675 
5849.6739040684015 1355954.1844648148 667.4241976536852 
5761.610116430771 1283996.2811432125 774.9833011094972 
6105.99904370301 995206.4272228706 541.1349867384214 
7402.112290614205 742575.8381576323 274.6871518492595 
5822.344412469616 1630301.2687534492 649.9049619454095 
6771.1753583133395 810496.3626218819 325.0533676234615 
6652.216172588598 708953.3122797208 388.06122600031426 
6053.712358391382 962658.0181779775 586.7899477657949 
6029.4217613091305 1008939.8143966792 607.9681112935468 
5767.765124758797 1308449.4233221302 716.342635727753 
6373.981107710254 732450.2265465853 407.5450523634696 
5256.563488383481 4538344.1607930185 2434.5442411923987 
6133.300734759997 860337.8725614509 471.17305528645824 
6899.796446811578 678012.9890547041 316.11831807253975 
6908.237961790632 580262.8080013276 354.15290483164284 
10119.87414284833 401911.5278517279 118.7901070169261 
14253.85805317102 328799.96857252996 128.572925861672 
5296.984427004998 2771533.102700651 1862.755366899805 
5230.354386525511 25956656.78818698 7043.258229371985 
5231.624430090552 6655076.081176283 5087.67625831917 
5251.473121939023 4646728.414141155 2615.014906500452 
16373.254824575863 506105.0002892918 80.181167183761 
13981.194622612144 343336.0957365369 92.75466903954043 
5611.030222290216 4126558.7004588274 864.9827534224497 
5228.094061920139 27808215.66697909 13962.679953649209 
5233.7948913273385 9303447.235784102 4255.456728143717 
5230.972446244687 7204063.008394416 5797.519861738912 
5230.740672564449 16544763.416419463 6538.653550568439 
5227.706097474495 124711152.44959609 29815.702343863548 
9513.222546176445 457933.1918403695 194.75709657269562 
5229.222433716107 131424994.90237078 10542.124955837548 
5231.282027991562 12781451.346956301 5760.480421233726 
16031.038277221462 378652.0920668169 81.06115296062711 
5227.881918797537 45922005.158662215 17714.62138992446 
5229.428972954686 15452431.51590075 8219.404985556144 
5231.767593320156 9183320.929650443 4894.438103049319 
5228.720767905398 59737225.526013285 12936.290654592302 
5227.931698047964 35471869.81057745 16634.752998147742 
5237.273251189496 5406597.820456279 3404.363406418691 
6487.211813902621 804111.7210530692 402.56241060593305 
9564.84746554173 709168.689642283 176.24468162712606 
13896.742940518085 347013.67576140125 93.16846703743114 
15312.097709025178 336553.39302114863 97.6707702100609 
14960.595525484723 343647.6717019607 94.03446128812061 
5227.53622743557 155072433.75353378 38836.81851385021 
14531.807773072198 355853.32980310405 80.8226305411753 
5229.6109074194865 45440119.929572165 11411.540483367839 
10167.260210289674 372005.44173404906 116.9810650322608 
5227.840061933181 145949376.6823841 16358.418392020065 
6351.709745102706 724485.8940005092 428.0190874512889 
5228.259659878441 35926642.876143314 13280.642538015343 
5227.682972889207 66834400.25848671 22280.370350663754 
5233.669778502241 8060641.824512169 4683.501080399725 
8133.898340661879 561013.5375691938 198.14929003785437 
41898.00344117475 400427.49534235784 55.08466595413362 
5453.166963345745 1297245.2684496597 937.4934903056768 
5227.465600803819 2637486342.9966297 76796.75516255129 
21030.531214087994 368182.02889872494 88.99100581597354 
52819.89242235073 421564.3590960701 72.53961194632372 
5227.472546859321 226671323.53689975 51723.69255495006 
5228.24087450788 27031599.207631767 17659.445932476094 
