29209.1661627589 250000.3998870974 54.61017056097889 
32188.33671145172 475690.056385424 22.08962381469709 
74785.147305175 253349.0757566503 53.34248781238547 
5227.175588105537 116081208.8659769 41885.52812611246 
34980.083455860185 353785.43665161676 29.67338396351075 
22273.983779233444 276745.459499867 45.38431840341705 
24467.657818282703 272528.1835309615 37.2194368246555 
14282.41732293011 307745.4487259874 58.167972866541206 
16031.519566697989 372653.7574330459 53.67974160097402 
18386.60861188185 291795.4606549558 54.469183908558264 
17268.718967270142 310697.3522961358 49.17144620711753 
9780.51314264994 414547.47830996715 110.62540378446737 
21059.955831328047 285729.46249276464 48.02209673196892 
5336.0419055419825 2329271.1039612 1522.1124532690726 
8838.755285076022 495402.86448653985 182.61757821776033 
6319.480729255127 938334.4511297029 499.0404468252899 
5232.016202887425 6868923.669760713 4172.898979645921 
5238.966484085177 4980673.37792326 2930.294057432565 
11951.32241995803 354842.62134856294 77.09467173932401 
16827.961168164744 311493.60861865716 51.51553598799133 
11337.458749012592 368412.291470392 76.48988814112863 
5229.119565301888 37206638.70032413 7502.07750257126 
6691.518772947138 795112.0093993981 342.23979214120567 
16342.282549657422 300355.3630466884 60.30464099341343 
5826.95078028491 1024107.1398168649 622.0150645314229 
7302.918289900912 817585.1099681739 249.23954748717327 
10743.405551254022 359330.470681575 94.18176197599027 
13700.122129798932 338231.8918445722 64.50033467730032 
7586.947529143191 603120.6715126856 218.90460757577233 
10426.56869193299 399846.6889829534 98.55998392165957 
8615.912552311122 577024.9122677335 151.60788785861064 
11113.489742028016 341859.55621216056 83.37098590233205 
5457.813335640441 1436839.4908112236 1018.619574754183 
5342.867713644951 2228525.4724635324 1481.03949024108 
7897.54799878493 588644.8623656656 300.9875701238198 
12953.538610954765 309309.30470794014 68.38987844252 
12320.526866893932 347594.31640016456 72.92214356434285 
13160.123268069765 338000.2301916209 66.94275424265136 
8262.92919655941 476505.9244609719 192.17167918645129 
5275.982422136599 4111110.182225528 3388.577966077537 
12601.866789117212 357284.17077026545 66.20290602837473 
19994.285721748412 293756.12044859276 49.66723570365492 
20937.13438509388 271413.10886961827 55.194629255994414 
5675.1660073589155 1233423.6678760021 728.3842351761133 
5235.5483018269515 7859382.098724083 3717.5112760363672 
12480.481485553148 325107.6553729369 91.04984278392348 
20194.297047798762 296782.2098324653 44.313696379863444 
8105.993118022897 592281.7255376286 184.9864831314681 
8112.7387355733335 446138.84063267935 236.13948930566528 
20240.85280897184 287959.35387693753 58.89467662302512 
20258.547753915936 292593.9261681871 56.28091154710603 
18933.024002930742 340807.4939996175 32.24113724742995 
5629.54507983525 1790293.6832119732 836.6796009646113 
18947.449933138978 342635.9153641773 32.005147029193076 
14707.95541831319 310302.9213376399 57.43637778090179 
5235.719753698675 13636645.438375277 3684.876934137333 
9763.334696149244 530253.3077981535 140.67776546267157 
20923.343332749126 329006.3603096639 33.81844626766495 
5228.459391342132 21514032.144570515 11351.125730285408 
9324.82083418464 545358.1926899033 171.26382753904994 
23072.20245792537 275002.4197719401 44.5757241616881 
18860.5822935972 289418.16526444606 65.02301081371715 
5227.755160481173 26624574.660752106 12963.420238600862 
25596.776374870562 259120.24833398408 36.031569573775684 
5331.015840486421 2398061.4313599123 1509.800336971114 
17805.813354356298 308532.15025705245 42.546703874108694 
5227.602195269175 68601602.0209128 17460.661407862724 
5228.80954568511 26151944.90391191 8500.92580021447 
5231.822274608966 9759850.304300303 7354.342186838355 
34274.45618247564 293502.6488932737 33.74718653289895 
5233.2665087842 9270959.043708365 4040.5749387452556 
5227.23451088506 114076062.53600687 40573.78902482539 
5228.4858553826725 36249036.20275934 10820.114118191663 
5237.3292900740435 11667899.384604158 3215.126922052945 
5228.779411355904 41960733.03969333 10625.760325447056 
5228.314530362154 37410119.97395961 11610.728680734053 
40787.41421641816 253755.68272768622 52.52695862890357 
5228.5610181789825 21335888.183531206 10731.608159430021 
5229.648615137462 11878910.77200079 6217.385266599937 
5229.413134106456 23825945.460391782 7305.326742529118 
5229.224614595602 21043876.49236676 8124.308110474646 
7243.4287751051 856254.0536771559 300.9467828426291 
25200.341549762463 270658.52880758425 87.03702655496544 
5227.326014707931 64874349.927181944 23678.752294621383 
5227.691699089622 128333577.70753627 15103.346401790219 
5227.283339602142 52031639.90284403 30343.489749557502 
5236.026392389653 4500293.607259522 3221.089473873959 
5227.774815664688 37038692.09639061 19435.84437927611 
5228.321303694973 26190731.919464827 11406.384219707566 
5229.407510130553 22912389.393840566 7303.165370138485 
5229.310699883585 19152043.560716465 9883.491414254384 
5227.203102825022 166094164.33154276 53392.516798674784 
25202.042348437608 382970.12711635436 33.05401883716733 
74246.5419570636 270730.1301598656 38.22496543918353 
29897.026622858823 261005.72954114535 87.2545178523257 
5227.269435611456 279999141.10246587 52526.41491848175 
41083.891131461234 303837.17778264335 33.18126730259602 
5227.303876165103 126058917.4368917 43278.39368507168 
67190.5804553165 270218.246658697 57.56179260178004 
5227.39682563819 108362529.97735748 37554.12025046669 
