14363.377456683482 341669.72503212444 124.37666463320907 
30315.74012092955 481679.2480073639 68.24994211668653 
16631.492497591677 373235.46747248055 75.8843456432221 
5230.4690949986325 9985664.620492753 6478.535196966494 
13333.204216401362 424558.2524019271 93.80030979995848 
5232.088883463971 6964888.004132771 4258.708506853645 
7800.862813008031 619576.828507212 205.52655214088855 
11202.252289991835 433631.9742658649 107.55819885214734 
5435.17196998316 1511412.4375700492 965.3272686073419 
5337.89351906293 2566338.0793987014 1345.0885725760822 
12043.306733444093 434411.94374768814 85.39419675799306 
7194.861586432517 576371.8253672639 279.70939736940846 
5280.6931415045765 3348767.611537309 2344.1500245068405 
5249.298887867634 3785844.653330988 2952.25243174677 
5321.5129695758105 2688152.633931663 1484.5567222215577 
6954.338146377261 629956.6775025532 305.0864938243 
10789.302051353792 431439.5030144962 111.95262093728367 
6598.853591025959 792046.4570356125 382.2039854795446 
6418.414357534135 688994.7254058744 426.3153384037372 
6265.353337202272 829507.0620281458 440.43964780603113 
5236.035331552457 7214836.043220975 3719.096217305735 
7448.4624233433215 558701.7346266308 233.44008334925343 
5236.3062263700585 6736983.250786511 3550.518406528727 
15561.691110780772 344662.5669332747 91.01156540573827 
6164.152088144874 853736.2296716347 474.22066374240853 
7942.173608240543 572799.0114297564 224.80520137401305 
5899.597659747462 1166160.2036863384 714.6266708432322 
5986.215283685042 1218582.414352209 640.7517639961795 
5733.151398098083 1548355.9365889658 739.6096056106874 
6673.988982560343 757376.617011403 384.1787852218237 
5849.908729655916 1358492.3452663412 669.1141331640564 
5761.700702730389 1317315.263120058 776.2855750471704 
6105.9640919106505 977153.1416633285 543.0182946189233 
7401.574914307522 743185.7545164267 273.79177691687516 
5821.606365153484 1608741.581223106 650.0119331463495 
6771.08495030791 818992.6607141949 326.45896898839055 
6652.207408013757 709138.9212172179 388.1221179184589 
6053.613001668648 960687.5892046217 583.0173666653606 
6029.336319355096 1007210.1379020344 605.4855736430235 
5766.75289268795 1216938.6260251526 708.8672280411304 
6374.108049078823 732989.6829394079 411.269755244273 
6132.266777653676 863624.5387590909 474.822388298629 
6899.635022278193 679853.4995570068 316.4554607955224 
6909.409501553202 576369.7993446025 352.1175217927244 
14241.920910299128 341920.7125761874 131.12725184266066 
5297.613631837525 2933465.1214618585 1826.6125965749823 
5230.403144520495 13515465.932498245 6860.015993920099 
5231.668587218207 10990000.410102198 5175.967274470959 
13990.777739795876 342739.2529764414 92.40870246664127 
5228.092722485504 39517735.39530655 14325.989950282461 
9515.983891109707 457731.25798401394 192.00232378034994 
5229.211269215537 129816214.69796048 10682.72595140946 
5231.255712908001 11207017.780047843 5671.3978628498635 
5229.496403571259 13601041.503733717 8550.166189312837 
5231.818795634891 9206833.049590692 4938.123460925479 
5237.209690255242 6157223.369202964 3310.6783104533324 
6487.306729153406 802391.797220966 403.18096986945665 
13906.04715316086 346417.2074729231 92.87856920288887 
15391.947948502993 331960.3087669975 97.73823569752072 
14537.187526099768 356611.00135951943 82.56838267074481 
10160.665213772161 373988.67810784245 120.42887716130637 
5227.911849365222 28397797.615544375 15302.062272763398 
6351.709745102706 724485.8940005092 428.0190874512889 
5228.254741506504 34193252.99647765 14066.40097172181 
5227.709563829619 46922168.92936116 22408.328652716173 
8135.060669587394 560561.8968641284 197.70509638563868 
41887.59151984798 400760.59482060344 58.50297051692898 
5452.547167611569 1309989.9776436675 945.5257102853548 
5426.110740198417 2274893.560913519 1238.741668449693 
5556.966313834049 1285932.699055707 815.8989063447553 
5227.392444927093 97204130.54928216 27806.787153833946 
5231.839715466507 6732397.780160331 4861.778739692051 
5231.561101171853 9378852.308121921 5324.28419295166 
9558.04609145867 401944.21600178373 153.79307338891016 
5235.735812394931 7708413.223527459 3789.40713339962 
5233.597840466502 9756017.121609246 4200.604406143168 
5555.576203753216 1772038.5480599282 929.5970925787265 
5664.226295061394 1229123.4474263457 803.5078410488197 
5227.753113339244 41347885.20435181 19599.099638414053 
5227.464123735748 154061030.64529142 28402.162962176248 
5247.646647951266 3579151.5947566316 2353.8365409732332 
5228.868697648246 30017491.849610712 11394.055999760101 
5230.381211358844 9060636.19668084 7988.861310654125 
14988.040545313212 344074.2843877315 93.51146882899631 
5228.356802213129 21582570.849045064 11470.071485027162 
5229.974760208807 14734384.433004852 7873.55720406634 
5235.387443848585 8476439.176959852 4018.738125828039 
5235.247533985226 7064864.585928277 4216.213010363644 
15315.839359915062 337087.6873697055 96.77429301594653 
16016.91685528202 335951.5567008881 97.93247555080326 
52809.90181020593 421830.3163649235 73.57941684608967 
47543.49100156422 495780.85881161503 72.55823947911162 
5227.435254918864 104563569.57711768 40445.23874151868 
5227.509541351822 1335089282.8116226 35216.00332598666 
5228.023085212701 109360585.2442117 15532.10417137195 
20933.577557075514 428132.8308876078 76.88836460719794 
5227.624279426342 107764531.60133982 27563.48248636674 
5227.923554447899 30894780.63000098 16150.423303683654 
14444.433131856853 354976.2599108099 100.16967627641516 
9572.373317613796 635783.9490812192 179.96746774287652 
