29206.548841131218 250660.28296987005 55.47994317053947 
32185.546918012373 475126.11168096197 24.306024910055584 
71642.84883038157 270577.7342904254 37.42732273188843 
22565.993416887042 303208.0227812905 48.09525119662517 
34979.84208057859 353646.6342116842 30.725354755720584 
5227.460363781394 78264294.86375132 31680.2522132249 
5227.967774383293 103275880.72586812 14603.806271974976 
5228.774253446101 32983819.41992992 10612.188920146315 
5236.987155238113 9341348.921073824 3855.217725811124 
17070.501148138286 401546.6595727304 55.60096539472066 
29788.523901181285 463260.15585286357 30.162713893208675 
5238.499026382138 6814305.2204234935 3360.592671901385 
38846.133889863006 266933.5736012296 54.28680842503402 
5259.9443721381895 4457094.058702507 2099.9343300539613 
20939.855672035188 270731.5184550708 50.79793281252583 
5246.035256093386 4948387.247606609 2753.587562091168 
5229.088930016343 33701965.41676376 8972.052464428109 
15605.986936140693 378465.9958682002 57.67065090861622 
5230.544674197531 11395343.360987242 6166.411883106402 
5339.232325505737 2960042.390603851 1410.5518890107687 
19049.470309467495 362204.21739307593 42.70674463993093 
6259.613915559485 834200.6372565783 444.62456263637404 
17820.445005044756 308671.9258618662 60.629076816021374 
5232.1483071216 11017741.112889063 5982.734054255943 
5230.285250461 12202688.498060104 9162.68007894114 
18395.38225817855 297081.92980106006 50.46757760336296 
5831.5393940692975 2173952.261907314 658.8444290519479 
19771.189553846914 412134.6469086041 38.80208241687948 
5232.398947239312 7152058.448849198 5060.902666429107 
14552.735555912606 361177.19244690303 60.28039091445844 
12951.720161603238 309024.55791344814 68.34775408065667 
11112.432514322407 340503.23758190445 85.81724064228504 
14761.718842594613 344605.7148534473 57.789705320371255 
5463.049973471763 6081842.367664976 965.3384363114644 
13701.249065057218 338178.17998472083 65.49035938918641 
6707.2280373759195 765677.7071616184 313.4293241574088 
15529.634995468863 304041.30615942937 83.53629854677082 
8114.1458896302465 445420.68210818875 233.22666966283202 
5233.451383745903 7003864.291601647 5295.523130964377 
9197.31220314521 742107.0259384107 175.43921771536657 
5675.238804201982 1243100.3544953624 733.7184560299062 
8596.207972582391 692006.486311517 191.89860151921536 
13636.62011866471 339332.2667212852 66.92921826130319 
10738.404361149454 360080.27953702974 94.35826001640785 
7298.5275551808045 818198.7731307709 253.36711748610222 
6984.5926610400475 735103.1857441072 299.46879046885704 
20704.710944271013 323132.4500886745 49.20615564236954 
12324.351209274166 347719.24285293993 71.83088560175389 
10121.418553287553 416951.43139581446 108.02457856000369 
9593.30396169877 543255.8731516356 181.6805047710821 
10427.497601857182 398176.2242783645 97.92508922685607 
12602.866913499509 357014.0764212827 67.14434021362302 
8835.208768453793 502015.12524947093 195.41130765643575 
9818.268945054853 466909.77691888507 128.47679797577877 
11952.12035963739 354685.86908374814 77.05353675699786 
7800.598936178943 619955.8465379705 205.0453514351356 
7583.865355059988 601231.1866265516 223.6436293150667 
27613.405704823235 406791.551809337 30.759669517743994 
20276.652604346178 369339.4006911048 38.501627950588315 
24488.89761117014 271894.62386289524 33.45648079667539 
71725.30924942186 266033.6149246456 36.46927932671332 
15963.105673218872 331453.02562132326 66.1777574289778 
5228.422022659084 26941966.212065186 11158.353430226945 
5234.790782121578 8282191.725450307 4877.874509664594 
5227.679601026009 49415359.697738245 16107.813859275306 
5227.795924185714 51132482.05892244 14050.909187359046 
5229.378070731649 19477347.417836227 7772.513256315689 
5229.495918098029 13087476.091203604 7547.930052820739 
5228.035781214957 25197624.968619473 12266.712506515241 
5227.868115062485 23073854.854976207 14070.130990986101 
5227.397636643259 79534743.18931231 38735.80001094271 
5228.867795118443 12730019.405489005 9674.28170046306 
5634.004011938126 1966500.1662355731 917.1397232107882 
5227.178316965146 150178880.1301235 52523.9982830903 
5229.129216829017 13324434.837853443 7843.9307534252075 
5231.545309244191 74508788.00434203 15113.280419640516 
5230.441740143342 12869713.909352606 6825.724520995894 
5227.479394829388 55910904.51777152 25420.194059832807 
5227.411260133954 72013333.2977363 32709.486551901056 
5227.391313414262 67240084.17911708 39990.43611596732 
5228.365029436567 20184854.05252338 15029.405058670778 
5228.826159385439 17686153.83358647 10483.459847659842 
10432.109062743037 355983.4817503948 184.29798094930845 
5227.637499960258 42739792.55290773 23425.28117328035 
25200.49487544607 379169.6809297609 31.857938186102604 
5228.995562376407 16690806.520115137 9071.286922272138 
5227.445367332647 55057666.06612805 25988.675210292506 
7951.340350743805 565674.230532066 313.3833279021481 
5228.7353075906985 16906096.628984097 12803.410161140373 
5227.707914444607 22886098.68255855 16069.30663172818 
5227.354280907322 110889159.18887235 37562.29868421163 
5228.756884729506 22004830.30676209 11649.781731017305 
5227.7010878185865 36655446.67523276 15278.859486612531 
5227.871120677776 30522791.631750464 13987.873514696541 
74768.233466356 253709.01058935345 52.003049054985254 
5228.100883395775 22449152.969724588 11451.458774382885 
5227.498704436291 56914589.195751525 18900.509071604556 
34425.90588398982 508234.92968509864 29.775757210617456 
5227.47763408823 56361624.54389289 34275.721808687 
78069.25447260038 260175.73289005607 52.875468143187106 
