13334.675720911582 425070.52334925765 93.78270430832818 
5232.0035626684885 11091628.055231856 4660.226831300453 
7802.779858707083 620542.7377400486 207.74107220990723 
5438.186553114123 1206426.7501787352 917.2901349740345 
5337.925803352802 2727682.356519112 1351.157789627681 
12041.022759579526 434228.4423134233 84.51583388443917 
7194.467977767229 580354.4128951046 278.3110027293989 
6958.194645265793 630759.4628608831 305.097326468601 
6599.682591141388 813057.5679034085 384.6101159797933 
6417.339626671763 688337.7356798224 430.11989370020655 
6266.067503530569 824109.0178572178 438.19377838937555 
5984.634822616142 1140702.036879168 645.1457925342206 
5737.935758742696 1579823.0899808295 736.8283707293822 
6674.397027614646 751168.0646796874 381.8452820626298 
5850.084284617604 1477219.4780171234 684.6832635081698 
6105.363936902962 969093.0542658038 543.947133019943 
7409.96324178474 764086.2659910272 276.4273223774531 
5827.279587253524 1574494.1610399932 646.4811032274276 
6651.955332476145 712271.7455567111 387.96989702971587 
6050.306223093607 1052095.1094436576 597.48975978663 
6028.163631790809 1087216.239614111 611.3075135602429 
5765.448802850463 1213870.7219732003 707.4334015308544 
6372.28956695736 740032.625589184 416.24668816071426 
6130.253843234646 869484.7468901692 477.3061041239494 
6899.0740942808225 679930.7599850921 318.33398054579015 
6909.691575921542 576939.6747137419 352.03958326207464 
5231.806014829655 11656673.939979106 5053.565439431681 
6487.094845911272 803648.3138732163 405.3877225119445 
10027.503479352401 386422.00614100136 163.4785757618813 
6351.709745102706 724485.8940005092 428.0190874512889 
41883.63717269266 401252.2779966257 59.85561286564458 
5555.774094986857 1221288.6175484846 817.4227268554579 
5227.406191207156 604315094.8512266 55632.51521087609 
9443.797356662268 382028.34629902366 135.98893609738832 
5235.895064053017 6174527.463005587 3456.488340655485 
5668.8294781405775 1253235.9255696745 803.2436867373735 
5247.985166151116 3160526.9587051217 2272.0570990963206 
5401.304109698456 1756842.0090604862 1342.5665380070864 
8925.156456812014 998452.4174114864 170.46477161011413 
5447.131901188025 1088661.0958214416 894.6937477418904 
13974.734214319717 351699.72245092294 148.97859143195896 
5234.803234148479 7838197.142706038 4351.41149734037 
10677.71829343984 377188.968120007 115.6125832082119 
9230.32537327272 583950.5492338071 170.17405982500676 
5234.104022849671 10459216.929027665 3970.3328883029776 
7002.724357108418 628209.255973772 313.4813526896473 
10335.234183605826 433143.75030137633 124.78973109752386 
5231.583570635798 8036125.187762552 5376.293263838793 
7943.886310052834 894451.9329693676 202.74999079588508 
9244.695247277912 700786.297360366 168.68145407553374 
14229.292832650794 336554.25684010173 128.28403127431784 
6767.948677431925 626183.6335243569 325.4600456271395 
5240.6844885756855 4388732.133712677 3249.92548641241 
11093.223382893842 353777.3420648731 98.37366635998583 
5391.829692300485 1972144.779256079 1241.6097329030008 
5292.6666120961945 4173623.278007809 1390.8343900412594 
9171.515853976223 477811.92645465105 177.46275494581218 
5228.646924237297 14114220.310398364 11067.20570013467 
28060.88625529004 462256.5535585247 68.83309889510964 
38825.706860066784 409113.0307175646 70.71820914226117 
5230.941404209616 14030183.642653134 5842.330648064069 
8799.685089963223 506522.7876494456 196.25733849172963 
5229.83910951427 14067083.265482564 9036.23288878486 
25072.97128083211 399673.77438047476 83.6187880629595 
7612.566844081937 866372.2472840098 265.1066632609319 
5230.248562082182 11812516.760688813 6677.44774092361 
5230.092956133932 11678347.91059331 7305.64165648823 
5227.596999909846 32873712.1051597 15210.498320230798 
26464.72336656592 409179.33642357355 72.00658336940185 
5232.574983264718 6187086.801961699 5490.773003799759 
5228.4747397433985 17997122.383454975 10935.267020474757 
5406.103256210132 1242776.0776025965 956.6076066459096 
5704.82589929306 1283909.0891141903 752.4195130684764 
5227.922988834355 21385310.622303613 14361.116671460739 
5231.170414039817 8610497.20668411 6230.1653381226 
23986.315971134853 329066.77444674226 116.36242579560239 
5227.494194508369 166890406.58446473 39985.00948539745 
5320.160104576875 2570043.908429904 1519.3718311982288 
9300.736586051333 385506.9539641536 148.16901549203578 
5320.056100103005 2098536.1052365853 1245.7063017866774 
5230.743288896189 16336434.609443866 6257.146677238765 
5231.705327193009 18306836.378387228 5341.539235046936 
10482.318382844309 464379.7798124226 127.25434927686963 
5231.025859231676 8804480.540990565 7069.3885149584385 
27743.37597442091 361941.00064722734 96.02754107698607 
5229.290975119754 15501825.622736828 7790.133746955225 
5230.042725656583 13865924.769747015 7035.279547154308 
9292.285484118782 443482.40073587024 171.13739311382108 
5228.1760466606875 29454204.420292936 13481.578290099356 
26245.60938943171 382162.0735928817 77.61803027715868 
22199.759414783985 348364.97709151596 171.06585971226048 
33977.66020835426 360713.9042901395 102.55903318162572 
30314.398809090046 482318.82928058377 68.30032730910042 
5227.597086978237 44363378.414154276 22277.339217352204 
5228.87360385749 267121653.6062917 10977.70162418002 
5228.436104931974 39507969.850548655 15810.01547674791 
15240.79410899627 427596.7079148338 107.27816231840058 
5227.933511766967 42076813.54348427 20345.79584788604 
5229.654951026707 18814033.32992834 9635.863438875369 
5231.406803611893 15425919.998585295 6218.802503655228 
