29224.72308910067 242199.05949885485 43.43035363564978 
5227.171917044845 91490298.7311223 37688.66472572703 
32183.7154500027 475063.1251785096 23.131639881678307 
5227.295215381209 144047595.45364574 32269.425159283557 
38843.40807492077 456561.85798065015 24.5671568443828 
5227.760484888135 107981096.70739284 15968.265341202492 
5227.364414678024 66177615.881182276 26158.910755931403 
5228.0406275698315 36882646.81936541 13248.86944771623 
34976.972063139576 353712.9465869917 30.777415926809546 
5228.083012987392 38743686.590500094 12851.533002449882 
5228.0982627247195 25177669.07000015 10559.974387033002 
26622.68692239519 307635.168944837 34.98881441843959 
29023.1693261545 249345.31626146717 53.614685615691336 
18330.555353259795 296842.35136965796 40.31679327065315 
5228.076499528706 40226243.771677114 13210.209575475514 
5229.54095813722 18513740.484348867 6579.290569160276 
33099.527388907685 453645.67170704046 26.255885046431548 
20022.24356476462 283917.8127491098 41.25290162752602 
23069.467472738885 273429.7575266635 45.19631121292251 
5228.9423954622525 17617613.291584443 8038.123114130179 
34296.25076334724 295181.4866479499 33.681096071779876 
14279.284302323957 307647.03050401155 56.691003063672774 
15554.842800182565 408980.4643463308 50.64052024641998 
5233.707859181012 6970737.541975244 4635.928821907825 
5339.653788442846 3140629.873165447 1398.5992152641938 
5228.166643696103 22970704.60504647 11128.789940734221 
5228.529357512867 22121633.415751882 9830.604797376353 
5232.405388569109 8788140.555647004 4290.959753498386 
24429.85713447831 282604.4478405858 38.762369236498365 
5228.842383751863 15263432.373743126 8320.343546908283 
5228.589456122553 21427367.716087967 8605.42785174851 
5228.517572437573 20857251.557601895 10354.073168932282 
25601.352244811555 258585.70813563163 35.300474375511456 
5228.8502991327 30977769.252405193 9258.307807997317 
5232.311191711171 10816478.109731263 5384.34389541512 
5238.833700889622 4590682.766830222 2893.74665828917 
5228.604038692114 25723594.936463226 9479.155203021528 
21886.592089477846 277932.92432448163 41.582911176861586 
13701.518393498867 338724.2370226818 64.56684553724159 
5289.227085076583 5859188.208702751 2180.2178136788198 
5373.147137915195 1948975.9646624369 1020.9070091561837 
5230.51131511002 11455876.37699218 5905.466535805023 
11671.80918486092 326190.14431041456 67.17859806903931 
17582.18844883528 281331.33967666805 44.624911084680605 
12956.961801001571 309038.3197803107 70.36754311513131 
25194.128406563093 384315.6844982183 32.00753680817687 
5304.892407000698 6037379.685120458 2055.2531249940625 
20949.954890964927 265742.93065549334 53.17976748104079 
5234.45163480069 17838429.348688044 4000.7150343031226 
5230.904421002332 11995250.183481928 5248.736016731599 
12483.360724401806 325176.9238065533 94.84400082935113 
5235.046413213534 4238936.938850572 3433.618961412233 
5234.2684575892445 12599610.441885807 4191.464343522716 
10737.763513520515 359743.53610340843 94.85532472509178 
5236.226878497003 4195175.943830608 3130.5333961112938 
22371.912860151086 267022.63776076294 45.5122496282242 
6196.746087057598 1186366.5645683522 578.3222409830889 
24606.604140706582 271665.54665015684 44.647137014736806 
16041.145374413878 372930.5412588378 55.122429783441895 
5836.983569498354 1235545.8278549663 629.449670915074 
5638.464757215107 1700374.2788114324 814.9072839879478 
10128.943132552207 368934.8005433406 109.88651015684134 
6830.711644354354 1046183.8833645115 317.9976817276959 
11336.773604213973 368738.0868477862 76.44445035350431 
20517.87004772033 280859.6088968744 58.051794351391436 
7592.625255477703 593008.8716078629 208.5902219005777 
7898.182466881265 585092.0616771374 301.53243742763215 
5674.762412418966 1439712.317204938 741.2119398873015 
9626.970612769335 406015.23902482755 118.52079093901624 
20393.946197525845 281492.2674417159 40.951155146233845 
22288.07239570666 274213.2727390566 47.66412978433351 
6397.40427276323 839529.6379037553 452.1360566306349 
6696.045601655768 780782.8572651227 325.2785845185873 
7401.512982254538 654848.926685293 316.74109856485904 
16645.51162900128 288839.51776928204 84.1987406652522 
17270.154140009014 310423.1073969691 49.3015658863143 
20927.43625058448 328488.3237996074 33.61546988250598 
9295.386310146205 433719.0843410205 122.54152973898093 
6477.3225865284185 820997.5160971192 418.92445789598713 
7155.025517826114 744046.3792641296 235.91574690355603 
8843.686572964492 490305.26123558695 178.09785517055923 
9022.994197236056 582210.8232735309 147.58058247271683 
10985.860936027082 340674.5875606148 99.5973288698126 
8411.2237143928 456601.68367824005 190.27741188726367 
16947.24151457889 291506.884325725 49.799158828118635 
11120.624763390946 340221.3284058099 84.56555276164272 
12683.369538345507 368283.1769165587 64.37817607087867 
16338.962610234596 300302.3357556232 60.28270197594486 
10102.214841757821 374654.0899386379 111.40056444513839 
9813.525595341456 395637.0246955014 83.61132446374694 
17147.420756429452 333698.67599702254 49.64195251830485 
8269.283335295582 475925.1016297777 187.50380771078846 
16310.719148962788 312628.24172923324 55.75763791374209 
16777.289588348616 308828.5248600955 54.00059628342274 
9230.125369802248 396956.84763158765 161.8497052965399 
7171.999898321044 694003.8530381201 222.57448116323607 
8619.36646120914 579230.3542063389 151.78403158427838 
8113.876890654729 445056.6006204212 233.86440685863624 
8032.595699653539 593325.234131232 185.76988432543476 
8663.483075858083 659741.3506922493 148.72804248521817 
