5661.77574061435 10571405.498374157 1437.4973723025694 
5287.843733944862 14564798.968845882 4486.087585503642 
5237.202829490562 17442003.437978145 8027.07961740656 
5246.635246436831 21395839.73679843 5539.868441848246 
8386.922700409594 4163935.1982783023 510.01585846113346 
5394.170244804716 11305958.827668142 2898.668285179771 
5452.325496077139 14193705.128151199 2471.3636140995695 
5519.07312972148 8342619.282797664 2587.453163034261 
5923.938480055763 3395667.1006496483 1692.5569341427358 
5633.39414810034 4233740.202576703 2457.1283093616335 
5521.102374480915 9354540.981218133 1913.6267908393343 
5235.980252077496 35303280.6892494 10875.819654316945 
6153.045552727985 1983391.6393112284 1074.060321789577 
6110.736924535031 3317271.5472967653 1347.5361769986682 
7029.6251746473745 1710029.7834585411 718.1010466982606 
6807.085414941622 1520411.7765237372 703.1665899161289 
6145.943709777977 3392977.4772614413 1099.9048783932349 
5228.183065043517 60913868.502591945 27151.06873938473 
5231.212968064364 46773488.81433339 13763.606708344672 
6100.150506591872 3776456.7719298224 978.5967887668784 
9173.155318971963 1478999.0028126072 368.3737739372871 
5227.97219903166 88757255.6519575 28985.54935285953 
5227.759340936737 97407369.42150609 35726.76610169309 
5231.289363495792 158975511.69378775 14224.878877003397 
6355.970987994751 1977285.8164051245 1055.1328757302442 
5695.318909007782 4862844.133160586 1381.9103661089166 
8733.604861995504 1549790.3238961846 563.5193366083691 
5227.352106240041 839697694.9516058 70450.60131972369 
5281.177558407395 17102085.19644516 5365.153078701818 
5228.29622325134 58483411.88609328 25947.049227798598 
15808.54815775393 981971.5580729273 305.5185383515074 
5229.2474800430655 39916178.28734103 14868.88332794572 
5430.694248838363 13300523.805491593 2791.5571264496043 
5227.886919776048 157027325.4875682 31751.79039894104 
10507.41732469041 860970.8926189337 369.31473990560875 
5227.967630518112 69837602.04862756 31835.07946944057 
5228.7283244144155 70468787.74980342 19668.8480995624 
5227.663369385801 386141036.08038986 50264.68896193479 
5227.689130479337 150108834.60519308 37789.7660820258 
5228.563334007219 34809008.4451488 15862.610060530244 
5228.063942281183 81807664.15020293 25039.555061630017 
12647.629137415453 2089967.0112767532 353.0387033013026 
6420.470444996442 2976210.4413424167 1030.8594021028673 
5228.3711395238515 165631197.24107647 18988.497623644056 
7430.407622286566 2189271.241906364 662.1863018045698 
5227.642945870827 603484041.3977578 78717.40119974973 
5227.419305032648 480540717.8240545 80112.06900287578 
8943.696543935082 1436898.0329302184 442.2251231340995 
5227.322655675914 819334124.5068127 80163.5667031519 
5229.4666638583 44053958.48391659 17734.43907955958 
5228.384483236723 96538943.77315407 24193.949959237198 
9995.467739922093 1237660.9002786523 665.5937396854117 
5231.200137161157 61363076.28808552 14388.295517706305 
5933.124332006393 3459327.0509739607 1035.6423509973895 
5227.446452965354 174598960.47276828 49308.93459515728 
6582.857532996184 2337348.472795093 881.9382317024936 
5227.358434803545 281600254.5667877 50184.681268101995 
7296.0840648403155 1200485.7555751489 692.4834394878235 
12969.97397101863 1143188.9882925681 256.7310904555981 
5624.624589142609 7035303.590548642 3291.2535017543587 
10913.242493828551 1076401.133915759 381.7218411858137 
5227.351784268522 6126567169.756656 337522.81897482014 
18890.02738878856 1377585.1320698522 286.696139571041 
5227.368196289933 479294570.2804155 80911.30374718552 
14694.504962642599 1307274.608909888 334.8932421541761 
16403.218135103107 3219353.565570694 319.63785565638733 
10111.69350485197 1445961.1654413017 583.6821015000071 
5227.436850850692 432066410.57636094 65955.08196155501 
7810.387464338804 2024525.518757728 674.247007690666 
9032.505744758504 1340060.248533296 600.0519484060584 
7264.750938630521 1616729.8021468027 757.8180376600147 
8427.745898324652 1848017.8639234514 598.8381050617064 
6722.693212574612 3154988.3347117887 952.9663665679078 
10756.098433109277 1362247.0208714404 397.15195215387837 
5227.520354223637 485383420.6203345 66253.7371962413 
6165.806550387511 2981375.91518002 1246.4917942408479 
8820.113118002864 1252418.1807308798 838.9954558060023 
5227.745024263967 265403853.5244405 40993.72539861123 
5228.156218500827 117779397.75880873 26570.13305562554 
5227.974915030453 99737490.24213341 32172.58534475206 
5227.690693718512 400204901.1412365 40215.33389083287 
5227.975923439905 191747407.25361815 32051.357136870716 
5227.746611541116 133835498.38778307 43950.35666409041 
5458.840499550029 16405712.33421582 8067.653163066792 
5291.949815637435 19615789.97926749 5330.068322865323 
6974.160676097285 3570376.327245949 880.4461161160378 
5255.281413034735 24824841.49471695 12892.018796577411 
5227.66256578408 133592837.47027452 50241.18335659848 
5228.057466485361 201126122.35036972 39928.73328302707 
5234.882470018112 72298071.66468547 18027.5417469394 
5228.911232934165 74824643.45343891 21618.568012077998 
5635.542184614942 11081629.67296579 3253.569171912135 
5982.641192594016 4311683.003580207 1403.8739207754363 
5762.458384904181 5737251.6313036475 1510.772920472996 
5554.58278644341 10258227.908256955 4435.360400220308 
9026.676155099613 1833270.500959827 522.37367184329 
5265.558565310291 31679331.05806102 10676.146156814122 
5244.385686198404 151260428.80742118 11181.593745323778 
6907.283469479133 2752619.4965586485 1026.1356944127667 
5228.921612771991 97909857.07381411 21060.886648764514 
