8012.940701459887 518898542219.1511 157032.16545787035 
8374.70880682518 185664.35301659856 0 
8013.030754702713 41119352.64063484 5056.886699503219 
8013.008455109364 28385048.335612513 5719.2212676639165 
8269.15226754781 208646.4982420743 247.55935819232715 
8226.588777728688 216012.22500920668 162.03825407118478 
8289.191690856062 727001.7035096958 72.03068029684974 
8333.95262752509 194830.36221178254 37.84747208327249 
8301.828520764348 236333.75689238956 133.10330006796354 
8282.767898052745 316361.5454315783 125.13444699695296 
8345.70387588957 349200.4840343438 19.665113338892233 
8115.031065986614 2102021.9059670186 367.3907065133062 
8106.5310464814975 282674.41603686416 415.555661010441 
8153.885146187598 317210.3791785292 330.5920679786085 
8367.257519589879 226586.85085779696 8.838972794008772 
8203.302216337219 220587.15621478148 224.33645028925335 
8353.747445378973 215987.76302769617 20.39216339845879 
8061.944575496443 3432034.2721062675 804.1012094423945 
8160.088571531038 389938.56682947016 244.7861161661434 
8169.471644634916 444060.1670424605 237.74042111394323 
8328.820096702595 213889.00380501954 40.823503274251365 
8098.907906081556 1080613.6057314367 487.46983650900165 
8210.336889023816 236813.52403846913 214.84666245324462 
8148.75683579334 366863.43547283736 254.46204129302922 
8176.702384469896 391233.96355575847 225.6582643414974 
8348.719067726313 245762.25824786315 26.609024878971272 
8054.582722986649 3640895.7436397425 910.3302993661246 
8103.606504342648 423743.021803093 446.7699539833667 
8120.000375389756 1445203.2199998582 368.6482781048426 
8182.7126020092 244562.26980824655 226.10175434961553 
8043.155830925551 1376976.877851993 1427.9643310915708 
8358.985277268235 214073.8845592593 29.282474580142583 
8324.369411251308 261633.80904334635 20.719820435456256 
8200.043962273554 240920.58936827473 194.21241909314102 
8312.809533175629 394648.343041308 58.74907519883967 
8047.111540915539 1728219.4412312782 1377.230014743815 
8221.479718021037 226015.78389314702 173.48283640669095 
8305.373368249137 190282.38258785568 124.66657247188871 
8284.08343583126 192511.38214332328 247.77121750181186 
8364.25244955984 237161.41006343692 16.881677995576496 
8017.154282423135 10053746.418732554 3080.782994260991 
8318.152639459495 271177.9269697412 98.21575402336155 
8321.702754733957 225409.53804321913 97.50647381265335 
8077.292197702876 774440.6473932276 639.9028998492256 
8186.56050192248 280455.34779620386 221.73987410477164 
8014.447445316752 6888102.163133515 3988.1429309488985 
8094.64870957694 659378.5756455808 535.7259233122138 
8034.121660004106 3651415.2729463615 1452.8163994635202 
8049.438160741896 799211.39557514 1298.000669599364 
8036.102025521616 11657536.58387865 1260.1556234636882 
8023.470905695898 2461227.927850581 1960.5830360859516 
8315.466361063684 310267.18208297796 93.78926852520284 
8134.791225289347 610326.3321688902 261.4288962882642 
8360.919148028093 209963.7195426287 33.82696300755138 
8212.336223711096 240492.3759256906 212.66804184224867 
8196.604045129003 239331.5362076569 222.31675886553455 
8052.386436054948 887061.6763525249 1069.6911592205863 
8215.560687611945 261100.0493150879 185.02835049560133 
8025.9282553025405 10377768.927352868 1871.4281832118374 
8178.937819880306 325913.2291639594 252.7448294372366 
8030.682463510216 5665030.828360565 1777.1166736814534 
8145.49980628614 383395.23861509527 248.81722833125164 
8163.668030959154 350189.46106557315 278.50972064884365 
8039.961170245608 1730244.9785718042 1539.617452322288 
8069.226374193859 1110601.3615887966 694.3637431049403 
8166.992337293264 242544.39278830372 317.6774318801071 
8308.951376743134 233392.03853066894 102.88897257750722 
8217.476662528814 239817.7458631316 196.76772114403317 
8028.127120201206 2397271.9485872844 2307.293898159961 
8074.009069226705 777116.3528443302 626.3407594572469 
8192.39265794384 256814.7814722851 193.43385327430906 
8064.334969013245 5749386.043922094 683.7670421907775 
8020.08374765443 3827150.318690649 2829.979629984559 
8088.089915717693 1363483.4334451836 535.1481924212516 
8194.808082101636 245979.2597406311 185.60497077485502 
8039.11291722442 1776627.4939160605 1056.254746242616 
8021.483562850875 4387710.21285015 2371.714175860603 
8220.150434600022 228909.07090231712 183.28657581543587 
8018.2158304844825 9089957.662787562 2643.744918741141 
8122.730659343619 349030.6524401077 386.18584687621905 
8188.881288412137 278324.66321209894 217.95000115751355 
8092.89098763943 939970.1892854986 533.2907104011947 
8143.916326728098 495035.0661278361 262.1980426190167 
8071.539621932981 1488567.0730804233 659.728639117743 
8082.3529074703865 647542.6095024997 592.9228319892426 
8308.223945127324 712245.1623400302 95.93370072622446 
8190.4375182167 331429.9320209484 215.8927469310835 
8013.616178167525 8111797.891597446 3934.4919215744967 
8164.820320564782 622980.9552984954 236.0222539563123 
8066.876254403756 1783857.798518374 732.747510727329 
8029.48302272753 5745511.919234849 1742.5970895637988 
8089.156935535621 1154139.4565186915 527.246069478318 
8299.316186225684 398636.68849589035 121.52208343483368 
8147.576876522718 374138.9575162665 383.1669170656527 
8210.081921201912 211228.69464922557 229.25893275395174 
8286.726103557288 251612.56046804326 156.85546714524472 
8123.256530724981 429167.6583268581 280.9949209931401 
8078.163464816755 403806.06890839967 608.7105767769708 
8379.429472701235 198075.30456988743 119.76209357392413 
8368.557188391593 225931.0952532197 35.4660847250249 
