823987.4066833705 1614.1890530220446 16.083824501697706 
1000962.6076982607 1743.0752156278077 5.424202798146576 
8054.22562273774 77749153.15232718 5654.2457893834335 
535941.0927367155 2105.8818164599634 0 
8055.218784028523 35074110.452187166 3557.8347984600186 
8054.4260275200195 72117464.15161507 5584.861439413444 
579698.0807122198 2037.654752041895 4.1906322875669835 
713855.7662958747 1948.370537043015 2.0235873407933562 
914867.6033810768 1901.4342323063609 8.957463476783548 
8055.707093351562 30139014.371813543 3237.6451668700165 
399712.2010204978 1984.6040673479629 19.650741860626844 
758149.3633588147 1911.3725376979942 41.07194261401819 
8057.322090037931 21731708.19347257 3003.6459319431674 
8059.360326337413 19976353.387632057 2613.969328463781 
314043.9499231683 2439.109511799331 5.84778629105741 
474858.8047562377 1983.7664548344333 7.816123428583641 
951678.6609813719 1694.9798076222396 6.286415520475542 
8058.269415676883 31552085.477802694 2390.899616230721 
8063.036626668649 26573855.85200495 1648.4941969306208 
8056.514131903039 23826182.68620203 3100.561392755678 
8059.863841295342 30272437.985343024 2093.477107459128 
440713.43469327193 2104.2307516436404 6.4128618306079 
8060.620703435238 19088232.771256424 1759.9746874388659 
8059.778878910851 19721146.48417648 2452.250576925773 
8070.487214811469 9549708.379479416 1941.3506442380517 
426470.85555956425 2326.2477318384063 2.015211389499144 
8063.782521084872 17164815.84361022 1601.477630826773 
195371.26058060833 3411.3047215235006 26.497685561171885 
8068.914362614638 10728944.669297388 1353.8217629146288 
8058.998557660632 20778013.39828298 2223.9534579004962 
8179.382633011977 7009320.989517337 661.6375641521747 
8058.806385529378 24902915.2897771 2334.668132766059 
8059.864884025502 24321405.988972872 2002.8150837082014 
8067.337364296047 14876925.47438332 1446.394371539143 
240454.81472336286 2881.7507072257863 1.0106755609824047 
8059.549421767262 22242968.872986656 2221.970200105094 
301410.935073059 2085.382527057739 18.816759428711563 
8060.475211353947 12984227.04259089 1798.7724618056184 
8060.224995652452 20216694.392860327 2179.4168475468305 
281162.5514761797 2602.9905149551205 0 
8133.986967758137 7485069.28743295 818.6754856568399 
138015.75188423792 4446.828961046998 16.32797670485612 
32289.44435735841 89240.07022203937 206.86218781984257 
8067.692870479349 16029959.50262285 1411.76131486038 
20155.021983897244 131673.1758875828 140.35116135394912 
104536.74322400894 5827.063728089563 44.10715709913575 
8064.1368474723595 14046695.01536991 1554.6060223175555 
85773.5025728536 8622.174705170919 0 
125155.66910833782 4912.028845736107 82.13154102802959 
8066.233931515167 25839863.515450407 1474.5153242877027 
8790.597223332761 2146851.297042084 338.76004821075435 
8086.430627110959 5573745.270152813 1117.04385097166 
8082.878694692744 6627236.942736376 1195.896675111054 
71651.92175823975 341951.85589005525 45.924849830455685 
219380.37673060046 2993.6843637858433 6.429742818252956 
8121.616621053961 8916817.037684122 879.5286115146565 
53188.26998745953 33011.748067373126 47.897178396731874 
8133.501575499267 8297708.05667038 968.1408763188468 
8560.365947946393 3210789.99036384 453.41334020157103 
213945.91912402652 3417.2141417102043 9.68796941664759 
8071.117050486006 10137074.115758747 1287.848015448556 
115067.58973637833 5406.152624747616 81.43442045665688 
8488.635383591614 4027719.283038051 410.9734738729268 
75194.782032886 19077.65168208316 119.14104017007384 
269516.7944505295 2414.4322949551015 18.28586425780783 
8521.746486751545 3662936.9791608616 937.4282318581976 
8077.85123723747 10080540.352251325 1223.7411080832967 
155524.18125082276 6083.267103343387 14.734407496836571 
8234.83237068597 5201702.6753271045 602.0021418557143 
8060.886720756536 13209050.760998264 1711.8313376139386 
9906.943509170866 1103864.259658319 267.10589475631684 
9786.380767268482 1525907.8251119875 193.08364133842002 
8178.709707790724 11867345.145970598 583.4235720964767 
47647.38639377756 28077.39192695391 162.21647892047983 
178497.48963622138 3429.313941226725 0 
8067.03728956622 12066414.554739954 1710.0394071235464 
8250.45477082423 5998868.014197031 497.219106030282 
8067.2715555737495 16514037.722186398 1517.1157612564837 
8643.209335599775 2644415.2912682914 834.7142379115935 
36649.04152721076 106690.27693487894 57.87895037795986 
9770.480224048391 1075537.2605139974 279.6116514081896 
8080.420071314432 25302746.554809615 1073.2088006854951 
160189.90764022 3823.0216205322904 0 
174357.11597368147 3588.416247059735 2.119791289653535 
8809.709450897373 2887081.1665551746 337.3284964235861 
8064.953182161559 12632869.202714983 1795.4594309320257 
8203.38339456797 4202888.4325263705 753.3341900517171 
8055.829502750077 24664747.56555827 2417.007393136161 
255263.7203433931 2669.230923882407 1.0114280572854597 
8510.02788853138 3854218.95009266 1016.5283786824076 
8323.90693952776 4414850.430500646 532.0526623339032 
8077.285926326539 8840597.95211405 1392.755708843274 
8070.679643997008 9481047.49260146 1606.4320449719228 
8112.45725415518 16524960.998056067 1078.478892569431 
8192.897862393642 8413308.747492054 578.8923037264341 
8067.533554179152 10240691.025151512 1565.7499219280005 
12599.411277528508 465828.1241809246 57.18215922661379 
8257.689965214733 4792901.737217742 516.071747493954 
8186.1916472479825 5479033.295271939 1038.8933827409285 
257651.44087952413 2479.997162066392 6.349165684596423 
