8062.204218668014 167623507.5076303 6443.184395857977 
126612.46157835168 6166.633454621406 4.3670597412632155 
8061.719694618976 116701354.27638686 8705.252904282599 
159394.3196654718 6718.567880352345 0 
8062.212841092063 74428152.8853304 5691.867735195821 
8063.926949645982 63158349.08637823 4997.251002443328 
8067.094257591884 18355750.45453307 2879.336142916705 
8063.354900369095 55869305.665180266 5417.993648609442 
8063.147551670476 66596287.82897558 5751.851180231848 
8063.881802795966 45949805.95097985 5002.574407440436 
8064.896518577043 28719702.926693447 2810.1272790025937 
8067.601063358395 33783142.24594945 2030.0263149831737 
133822.8378023225 7216.178532087413 2.0277750758907884 
8067.458708193819 39707737.727367215 2138.8891470942835 
139747.9818773998 7089.964905792249 3.05929619895167 
8065.887017251687 59281097.9650254 2209.1492201330316 
151942.9051053163 6384.12196418456 4.202889541986165 
144717.06336118476 6535.464718951607 4.12075624787578 
93985.28110949446 8230.434740756928 10.573336535686256 
120232.96006785746 6973.76272128533 7.999356964438273 
111334.11620686867 7889.861573892165 4.552914188238373 
99210.11093877639 10353.089392278614 0 
8068.244513160231 20371923.556918226 2647.9696285065775 
149294.69374041457 7088.915651774161 0 
8097.6631381792295 6520719.174093849 1878.9477210669602 
21031.20934243143 67304.5278775972 51.61811513043328 
31131.61817711831 27716.20850753388 47.2183567579805 
54933.77106141583 17060.922368781085 7.522919814237188 
8066.297023873273 22889790.727415156 2412.8686746498965 
8066.136609225285 23148293.474772826 2199.121378295863 
74259.41788368417 11666.89920731833 3.178245137163615 
115342.36962938575 7618.418740348789 3.0392037879239373 
123851.46990673334 8610.18647312897 0 
49957.97723829326 18671.551998632334 0 
106262.07276260895 6984.074600361729 5.35203624117656 
82383.81195385783 11904.935906941679 0 
16879.81561908255 92431.98960574085 62.34686610270922 
8067.629763963366 21472878.499699946 2543.6892596398184 
90388.81315757694 9072.28432412928 10.797079344201489 
8071.8330866676515 10489662.487253444 1648.8924376968814 
39623.84056708777 25569.624231740258 13.898595044086187 
27331.262343016784 40092.11580248654 14.260087176549243 
44263.067155080156 21619.83820510011 30.22054854894698 
8078.3220923932895 11192014.151647069 1332.912917633585 
64074.710834601865 12952.181912311202 6.492139332404914 
79077.33753526224 12719.930586327075 0 
34066.88973426954 42188.11400211205 8.411837844946756 
42601.866416335775 23702.97260788519 17.60459099504112 
59527.96722949571 16892.599676241116 0 
56730.728861739764 16211.885608892024 3.1271077279014063 
61386.80931649111 15652.602623131539 13.251967295944826 
88501.98669851526 9269.922988460978 18.495880340012157 
69250.56369802527 14591.056759255456 3.1363269290726152 
9786.380767268482 1525907.8251119875 193.08364133842002 
8092.454755199235 9077957.19621613 967.4735154106827 
8488.718578536882 3497894.5639502686 372.3822933769039 
8068.711251446379 14140764.240832001 2082.331194626051 
15895.912856504554 140234.8294687914 118.69931407372866 
114002.55387721027 7835.342187624155 4.211146009144105 
101682.3434536684 9053.361629580935 2.0917396152670547 
103151.91515250859 8874.150549669352 0 
8353.89863793438 3954685.919090202 663.9872985899599 
8077.986969818396 12651098.300665358 1371.803520815928 
37274.00119079468 27566.61212568327 47.223288069618945 
8084.531800024514 7424081.424767595 1062.9232795984697 
8417.098029879482 2944300.5447321525 578.5015386176088 
8892.007956292706 1056567.5087209917 273.893088328696 
8083.300450821603 8427599.821059944 1495.8405252855796 
84921.38951049847 9635.915313536749 5.641881795431141 
8078.490502402106 9650932.826626096 1193.5905875589804 
8068.531699452349 15865271.69588592 1622.9013688866794 
85996.68940057498 10713.0242655499 0 
66409.73319460734 16027.984081141518 4.154640232705388 
10763.997843682582 2541938.0308670998 90.54195201445036 
8320.657660082099 4739083.130268458 486.426743514314 
8266.829068555318 6354003.88324691 729.4440694066818 
71973.2547604255 12682.69350007102 2.0777414237731007 
23496.994193043927 65374.27848234732 6.223855985426004 
79208.22218415506 9535.759169428009 5.649459368846317 
35905.20475380229 36600.327705853866 8.572649916092178 
14329.391701789902 170832.49087695498 24.25311238936432 
12935.624587243045 205699.0609894318 43.117055431061466 
8101.0341009779595 5180421.140710389 837.2662930876824 
105581.24481129825 8394.27639360891 5.3866198615114484 
47327.5064000886 20896.82997303642 13.263020958965532 
11466.525475235805 225722.35699400344 71.34135697759154 
8072.16950183735 22158747.310092293 1579.5840960757266 
8098.733725916627 10196636.845998054 874.9549925376474 
25964.672887991794 42931.44361874337 16.132041887541803 
10089.555708370937 642317.6383822107 172.25834238890877 
67651.18759284305 12379.59603270868 16.082778819464608 
8210.887577168478 6789925.224913657 785.1122539029271 
8080.940990888774 18069799.172100555 1148.5239494078064 
8081.195252682764 13487601.511008095 1100.0700646821401 
8073.528496445189 21978996.898530938 1432.4865825771917 
8077.058642177361 16808253.122617587 1183.030757925827 
126151.0814837978 7269.354024316128 0 
49074.87062159342 22936.112396482116 11.264784948339585 
24362.879436379873 52246.736575531664 0 
8565.660357065099 968525.8459788377 310.4155645038794 
