18563.375165691472 107530.61715062303 16.679653875152937 
8094.13673041804 19129493.14466007 1311.1537001357985 
8104.873842712323 8195133.379349843 1456.6713652538094 
8087.0735299304015 11883178.349356305 1396.4121074643924 
15527.037388154653 160551.45062856487 4.3851803146768695 
8152.25356004431 13609695.388035664 884.6948995148748 
13490.677719835661 304989.76088821224 43.6771737798348 
12617.80817578872 253772.27089037444 54.33792725271064 
16413.00138476897 140945.2702528984 74.39759222953906 
11260.822401635838 331773.21187099564 152.37455766721922 
8143.082062026853 6250132.889482899 1114.9872892889316 
8093.168575620655 11527376.745667715 1362.4274242668978 
10480.199107833196 443198.80654422974 90.82437442981723 
8100.0895362109095 10681301.21298357 1334.0603874439557 
15719.892232337468 150573.36309329316 35.776629745994605 
8379.37331949772 2577070.962894263 421.3578847531598 
8117.536565190487 12543960.547562152 1087.6497355818085 
11939.346209627016 393281.4922331676 79.42697087787798 
12106.44128174687 359441.1175021665 111.19881894242721 
9017.287866314635 768242.438665182 161.55200675763214 
10264.19094451076 1027371.4881752558 138.56849380695775 
8105.240112959955 11811212.505701706 1194.6976706036596 
9610.256966988181 784835.018383097 148.50062444867828 
8358.355486497112 1998693.586198066 481.95916745144245 
11360.06557806145 440701.4457323915 94.15585917627031 
8122.230329257386 7540895.046853806 1019.5424858165015 
8739.643217828414 3665867.920027958 309.5685814660768 
9510.730402336063 1000189.9779702937 145.8823650578296 
8569.474416538258 1138815.0618114863 347.0365999584551 
14081.160651117754 158926.5215431759 89.11713000388121 
8098.199171685628 13180501.33052473 1313.313078507431 
8996.804262598831 1869792.5296524502 179.54699567999077 
8433.827546466207 3983980.9747782666 384.26315718514 
8101.370475138541 8460777.856915213 1424.7961792288274 
8156.521388660521 9722573.804216824 923.9632266359961 
16798.969144974333 143556.89866372524 21.28186017076579 
8300.924060364512 3642715.4177790163 533.1036317430194 
18233.582202920537 115876.91832100567 33.60695084155548 
8230.737950336716 7164545.228412636 690.1354769753997 
8345.386550729916 3268696.9929050757 570.2403359773681 
8111.47554855745 9218056.786895286 1252.3496527306663 
8115.2941533392495 13578001.29062609 1048.9201067133527 
8149.142851654937 5823257.2846925445 1067.500363956855 
8174.590612240226 7791454.0605195165 857.4380956552978 
8904.26852679801 1506156.986288738 277.423273935747 
8942.945930462822 1637036.1264104366 234.93272347296767 
8214.657309333863 4108514.4341087686 989.6349432380853 
8133.928843844467 6410202.40339778 1285.5274930728488 
14749.329239741015 180851.17101069732 58.12133566419349 
8115.670885448036 8687997.213164018 1207.6817382857043 
8106.413572294884 10141376.249714859 1260.7896883285423 
17207.984686381376 123063.27860841922 57.24736074237636 
8182.7332175505 6814036.816374624 817.9306472612013 
8113.176389017118 9558901.508613642 1246.1957601410872 
8186.699568975537 4765209.011113202 956.5407606883523 
16978.024073582324 127003.75896267395 30.18259101277839 
8095.1973423517575 10452597.206804682 1381.2975656976362 
8236.903366994906 4972097.947265394 729.6042147310047 
14332.217072593096 276375.7633157084 46.83259362588664 
8268.195503816049 4976032.967272964 623.2055042131983 
8229.214160434614 8145680.73138104 659.5131566374532 
8753.671887594348 1920410.1127357346 249.3338506544364 
14589.738017659285 221213.319248915 40.30960080220727 
8314.09331739537 2982518.156777618 596.0869396140091 
17467.160800472273 141122.4966303015 17.412375424937665 
8372.453978505053 2831582.595829208 464.83703510278025 
8539.005924141282 2805178.041124147 398.4093459554156 
10347.63994603217 464975.47414919315 101.48077993476045 
17984.223334707032 118852.43439881616 64.2432896080548 
17647.87091239793 124185.86853605817 42.27251554073675 
8147.308788750566 5513107.062333614 1100.6617115218671 
8259.108876646966 5244708.351727281 551.0287924718639 
8264.40315053601 4091335.5032254877 778.2998386640846 
8239.972160057396 8081195.066628551 680.1583954054911 
17869.722351051012 157235.5201218906 16.103431735881095 
8126.447305375072 6666955.326569447 1220.5980996713345 
15061.74286951933 219780.69052271024 54.733559034150524 
8234.641273617435 4570676.188743534 748.0787041833053 
8203.684518438611 6622904.07875204 773.8742534073863 
8239.730667472537 3406164.6734433183 848.8277351444726 
15402.821198264952 174744.76967393962 47.63677037469182 
10324.210700024394 1355034.011584178 126.08803990237844 
8275.80923757323 2716214.555855541 611.2274903482803 
8180.903286022185 10218833.27871721 831.4584915012365 
8854.484990753794 2733585.4889432043 235.83791713115463 
8444.208556036358 1562039.4975036387 470.35511700002405 
8178.666382694552 5434860.650675563 1071.4754166521877 
14154.483204834034 158283.86276658776 63.99618606806507 
8207.232998545327 5208329.057546413 741.5656936378163 
8903.533015617653 1733471.0922667193 332.04985052093275 
8299.750821997513 4316646.710911757 597.1694798384822 
8942.549344987166 1404448.0719445706 331.4529687360375 
8179.862169090215 7018476.519702591 836.0102831184165 
8128.339361357981 8610126.267641418 936.5763644186198 
15112.168743563243 146931.8981920372 134.96735441380227 
15220.47396110313 189339.63103365313 9.686140367396165 
8125.3335980092 6891960.204513644 952.8525947781284 
10337.546521707258 851974.4685829757 129.08267114170783 
15228.736864745562 181140.9950703389 55.10159868498543 
8250.069122846908 4224115.320746198 685.6502608258622 
