8066.986178221176 166249571.61862102 9205.301784948764 
61838.55261251269 60987.50952151445 0 
8063.625065484962 122349910.21044858 9368.734031558977 
197582.61398922524 49558.88084920458 36.0766791206005 
45391.8240121531 34201.884447109216 64.30372118917705 
8068.650359798037 151048732.78224382 8427.803521624683 
106614.93615013629 51678.352700960095 34.746015952409856 
8079.138725343277 9860300.324658487 2004.1288644525919 
8068.468827216761 100577521.56818798 8812.22315711519 
8070.246268398748 17611315.9367577 1668.8049980090782 
8068.434896784875 164854736.78011635 8749.750239424342 
54863.225467852106 79650.23729057805 0 
47758.379070576375 34613.81081279031 39.40245311743172 
23220.007656290123 74876.12692689852 48.19306072405626 
38116.31603572199 47110.004377067555 39.37660761133863 
42138.86174531092 84330.4069859742 6.218740675625528 
19474.252775065263 91327.00234661647 74.58403289025455 
26184.42310198422 69784.0323983421 31.295965101721333 
33388.27085497614 53759.138862991764 36.87501775355124 
35859.18501686512 43675.747830346896 95.36952526436622 
17612.56656437925 99575.05431302448 16.79937337687349 
30473.816340379475 54840.07617304395 67.29358572548 
8084.145519905042 9019979.92772672 1865.0135982221657 
8073.033988069267 10354058.97126541 1540.7207374471875 
15365.440177283548 165528.1966450645 2.0304932050814584 
43870.71925353535 53398.9022380443 22.198732009412687 
14221.174583552423 222454.8662220331 12.01751203186339 
8072.645604109215 10026195.486277688 1710.6363590018727 
8080.721806455169 14242262.925313452 1254.4072633960593 
8079.138725343277 9860300.324658487 2004.1288644525919 
8082.90957047624 12776904.836939778 1118.6253236640714 
12447.788005883696 239693.052026003 55.27142500397829 
28702.481302559114 66054.72334903743 88.81841499253196 
8074.660892944175 11906499.89069869 1489.257217750243 
8074.787048390388 15584923.35056077 1419.8715504856905 
8084.446436773662 16638084.724128831 987.9161916896082 
8086.425542567471 7280864.470014569 1811.8431348191943 
8078.041287686769 11256395.399700489 1371.3204537718561 
9805.80932079453 646566.2130040955 119.99248414315463 
8101.0341009779595 5180421.140710389 837.2662930876824 
8099.721873876201 7950235.24353852 875.6844633748615 
8077.153041566215 11674087.278898153 1423.4277770026151 
11129.356144015162 488594.9287085985 104.9143455335311 
8078.718661973648 16116441.618217643 1159.08236751016 
8081.167431839098 13676327.390681202 1200.0313887285656 
12010.782190191825 1096799.0805475668 82.72239578509357 
8232.38108247747 3047454.5660016243 639.1956140778717 
29395.82867714764 58247.406642736845 20.061769311243083 
8096.857801359322 5961038.982295246 1033.3728420091024 
10763.997843682582 2541938.0308670998 90.54195201445036 
9614.811754275406 536084.0114222255 151.44338113129723 
8078.430238876315 10803891.971252307 1397.4732241356257 
9034.844901393832 2754055.7935185526 213.4970515020621 
8173.168123211265 5786826.622386413 649.7982142468663 
8116.593329041695 6981663.569901722 744.6149938480196 
8414.385023386167 1475358.5600165862 367.8017418442777 
8700.096401623316 1280345.206349741 417.0935373436181 
8086.340840386396 7358426.459419094 1062.1522235988145 
9561.671260994492 968388.3289805034 212.6604520633348 
8239.75436771362 4744513.988610659 467.36284333026117 
8695.661434114125 1988512.5577380224 275.17108403396753 
8154.163281711091 4013361.3834858416 707.3411626841138 
8334.66455605909 1580380.307468246 583.9800735375235 
8081.782935199074 9517710.097562583 1188.0128932107082 
8443.998243462425 1639704.6283508427 351.3518545397661 
8081.260342111748 9774560.853486378 1325.8501700978127 
8772.545313310471 837900.5155848233 301.43369983905484 
8078.111332057053 13277517.086806126 1291.1812805917432 
8543.513042024377 2428264.2856915565 318.1493891684492 
8084.922979547355 8554547.223284015 1679.5648881663815 
8564.541524365257 2079720.5513056573 246.66684207778377 
8353.729480272501 4187048.056204547 518.2047500738668 
8362.7443466919 2670627.023688378 470.4219722723856 
8083.091085960343 12145617.140853072 1045.8961495858948 
8261.107421531917 2294668.3430209747 548.1636964703612 
8109.123887055455 7508987.296877019 825.1771797782084 
8090.400903371814 11933380.105242038 907.2407093982677 
8077.476839731385 14009247.226876989 1264.6120067154147 
9334.474811973367 1366078.356373317 148.71552594889633 
8448.798738320795 1380323.831811476 429.04079794191824 
8142.368308459349 3577076.723225205 778.7730388230334 
8094.846487089653 6286764.786271346 936.1419116820259 
8098.5545961635635 8187878.547562841 804.7853824420214 
8081.237088458078 9821019.940497413 1831.8812824593751 
8103.157724998609 8538161.447859015 767.5327057516754 
8244.097372603934 3205887.7847137423 573.9701305614396 
8097.0400877145885 10622999.527684316 925.6456926907771 
8086.515928620026 6925313.965878392 968.7020253097825 
8082.628503973412 13453731.151703622 1138.1529928067903 
8087.083798834165 6513020.636468343 986.4798508747854 
8081.258303097817 9165358.7688251 1812.826102042321 
8133.651682258198 4515104.975027373 799.8583989432796 
9527.407703687963 864474.3115397606 255.4820742202289 
8231.887215181954 4283972.336308233 675.3286559595786 
8080.570288984778 9960804.883463766 1316.2578185535594 
8200.253220825432 4366293.25163931 532.8783784505464 
28736.935529606002 54961.95458640765 59.6671440128181 
8079.416890994238 10377796.78351328 1284.3656624066496 
8088.928043568492 7401315.555081605 961.7382478561369 
8324.927273308182 3365139.4602770545 520.0565629469063 
