8654.98688403929 2407519.9312268025 252.21017674765773 
12749.502063615193 724379.6405205724 70.0208426268242 
20665.129030595093 448545.02664563485 77.15617181103636 
8217.895272779271 7038067.88464999 446.25744050185415 
8503.30938731644 2988284.6304435516 255.3022285939719 
8798.12818627169 1668292.7693373882 275.09479827420915 
8155.606532726545 2831350.985665968 566.8916089610965 
8392.177175381275 3316707.468093767 271.5991548397358 
13004.213814900688 763158.4625929957 54.868390755755996 
8181.585159182191 2997302.9341894193 501.69102998279425 
8207.838823374528 2930495.6046298305 479.15724758952854 
11197.79031963444 472768.4306372886 91.80509695033263 
9134.651763903488 1039351.1318175469 206.96118871701304 
14420.316031315253 509414.4624281349 24.75960926898901 
8960.65562053156 1481225.5199117272 217.67625177165655 
8217.921025826117 7973635.195138192 445.85460826797566 
8175.890756518416 6233313.939615362 533.3052866529721 
8250.796550954648 3968264.071165019 380.79340087506387 
24671.117489353535 401258.1934700246 42.08130773359964 
8103.692954360996 8622198.210114032 1484.128917231677 
8149.282184740408 5012401.655709047 588.8399199081427 
9041.85275981041 1101904.380603246 237.9392540526851 
8250.880517417489 2864384.4367846455 450.67259883677184 
10538.226998304097 604891.7371753673 106.07445102244752 
8096.840997844464 9243409.563279951 1924.9539542700263 
8663.187031588004 2455052.459352781 248.50482234308447 
8271.639302187687 1767652.247773142 291.85694162164646 
8188.349832207841 2718347.060992411 639.307409348591 
8100.685258843843 14602768.147595227 1304.9458858338214 
10011.264633134528 1027554.7961456543 178.01919030600658 
8218.187477780073 5419190.6306526065 411.4141233507342 
8151.981027427069 4320628.695371739 638.7796786596394 
8198.832555710118 4571060.016218812 473.90323197905263 
25290.716346438723 426513.88025896676 19.02241153110188 
9008.61601140124 1399819.4897278503 202.68991977778987 
8199.848648633058 5941067.259343664 449.44617421882634 
8226.57075557992 2488427.5294694705 473.488055541467 
8095.576235352681 16458570.780375922 1277.7933868793264 
10130.394339914963 2082229.335615543 176.5716931431443 
8091.431343695692 10550342.370944858 1381.539418949268 
8461.433205904748 2333699.809901922 270.6087575308339 
8114.2607927881545 4731700.323018583 625.9280461892114 
8107.275786977643 9247463.887274377 1073.4548980174554 
8668.333767587097 1965156.452867224 281.35882836169634 
12529.233060594477 452308.79750758753 83.03383289469053 
8078.5960191099875 65370279.789854094 1514.0727423358132 
8058.938873430179 27810965.35624612 1561.1934515818534 
8149.645890343151 4545058.477445923 627.0659115878939 
8119.449198244526 4039653.1603999287 642.045409361062 
13499.863241827452 627197.8266089683 72.7914423685141 
21586.253340854397 344221.60252450866 42.24289751955529 
8101.009750547475 19664931.47913971 1227.4212269166312 
8058.122533350663 10664819.996314116 1912.3030096991881 
8864.74124027819 1143613.567926593 217.97581310894049 
8671.96560534081 1859429.7844695216 233.8732928837652 
8141.764945551338 17252099.506707307 479.23305934259525 
9834.008804360188 4087843.9997447664 198.37977128292545 
12793.793690486997 655626.7302688258 81.61973292875825 
10312.596914935557 1452454.7416435257 170.07088978046644 
19663.49226448984 526127.2833146919 79.16021068346835 
21677.88927556276 723256.975533848 38.03904697918375 
25563.291578856297 595804.2757105724 66.42413997340907 
8081.909261906437 300148553.0007411 3546.6938859430984 
8080.569940921821 212905521.25298256 3562.389233073386 
8100.518271268767 46816871.725454986 1351.9492962604363 
8085.780950778866 40472962.608150974 2404.493081527704 
16770.580673346303 1058511.546732088 38.15460585375588 
8098.945965390349 18377755.493878435 1856.8729048491346 
8097.713231566675 31558807.927594274 2118.560826825934 
8114.327030519659 5622108.373351327 657.222759108376 
8100.168280118888 11081819.2822637 1475.9295792434289 
14826.124077517448 587214.8634142848 67.09295466301569 
10218.85548768949 2047124.2749908324 193.0048555848166 
8111.074153104218 16114314.224023383 1394.7708678754357 
9666.64356871072 1204538.7159456091 216.62795354744117 
13429.805472872045 4272135.839169647 84.74829604674493 
8366.180632964448 4135072.015626298 399.4966163622132 
12939.852328606987 681259.3191553664 94.60227594546024 
8299.486412380586 6951502.637701953 459.54119490617006 
14401.85870138873 1503355.5139144408 70.0919964257445 
8806.824712976757 1758921.1108388917 326.702061810528 
9232.15654373468 1051939.6958105275 221.12731005365407 
11884.767460484367 1140981.749851652 136.4696758796606 
10621.480637858513 1095640.1907232767 208.3455347302588 
14091.744265626827 982200.7578810774 74.49993474127734 
11590.959849361487 964338.1024959362 152.88734074544843 
14788.619342868908 701466.629835138 55.37203436628884 
11403.275900935225 977186.5073144081 162.22676249213768 
11017.875532026688 1168790.178685516 127.48032657806758 
8488.207274985198 2154242.935064026 299.9144039473837 
8247.166878597276 5397370.449680706 494.3933528629616 
12305.52056515188 777907.4375929856 110.75044942886683 
13757.173104819081 560091.5076865476 102.62752333046046 
11194.968280527964 1795306.589828001 117.78529528847733 
8574.453485386279 1996933.4179079724 324.13924191804017 
10751.952923349822 1251978.6856501729 158.70782201786102 
12674.585284928666 705474.703950546 95.4016383859813 
12522.984254315616 751628.68704269 113.24693673010606 
8183.727061619608 3029398.9178929785 619.519466949574 
13837.140984706726 696877.8466116472 88.89941787140634 
