14450.990479065154 60569.37015299278 8.303378863506284 
8011.0305290402375 1735494480.7066653 7432.637282178368 
28491.482473267963 79485.73114053378 1.5726368110043563 
26159.206491986482 91129.19332503986 0 
8013.0902149765025 47447647.84841503 1546.3859826949224 
8011.283857282358 10497855.961851772 3977.53558032542 
17677.611914107256 107756.59624390953 0 
24313.01465254976 85765.47501165712 1.3608617973354973 
24331.549798079322 84206.42972411243 1.276119902103363 
27970.432758482806 77569.37352469577 4.01655948623491 
10988.017116840336 171887.6071780628 10.870210800726424 
10037.776071853907 148161.01303968445 27.214525473548115 
15089.311660305193 160860.5996821053 0 
16262.680690348041 129121.0160838526 1.0305831052004242 
8011.152368808605 11176191.684586067 3538.743093111585 
17132.035273081565 113461.13205122633 0 
16536.420908099546 116402.00687393396 0 
9078.02762883524 183672.22873585633 64.10252682761939 
8011.406032149147 13673027.243084203 2901.058617913615 
11741.713068811507 90345.77965575049 20.905091270213816 
8011.7614393031545 5552347.104343156 2465.4544625593985 
11562.036940280126 152674.66371073973 4.504966716938899 
8011.580750720701 6706871.029289119 2723.883687084193 
9550.664411792071 226868.22660780096 21.9521341344529 
8568.030161950595 215709.8004560168 34.227995025752676 
8013.565006896035 7743929.794570112 1273.9265335879736 
8011.186229445754 17483220.550127365 3384.3305578267514 
8014.157077121505 3340460.791346726 1057.4042106768698 
14800.338299120485 169165.21618233272 2.028649869024451 
12337.483459403058 93000.88574834714 17.113148968574286 
8012.243782392761 5147090.450033555 2133.5384908136234 
8012.113448311198 7290441.66192192 1817.6138168042994 
12801.75397108149 147776.77389173393 14.990419287635785 
14077.029722254787 235994.1721612672 2.0416858902066357 
13401.1171774738 91230.54966522289 2.750348825666392 
8013.043504156537 3464240.6456963555 1649.225787741236 
8011.471409247413 9026393.784788305 3028.2269042699872 
8011.230528945559 10957042.746846337 3242.428408971288 
28102.430798255416 75121.90910162013 3.2834731828992663 
13886.23880020992 237282.5997434516 0 
8011.490032400321 9019197.548061335 2736.9011940575324 
13580.752415480052 261399.18101557528 2.1140257469726214 
9301.663545189884 221499.18790599384 22.614070239626255 
8011.591309916533 6863099.059515423 2326.251766129912 
13027.509630384615 136925.958143563 6.9770033862825835 
12353.48967933611 91780.60040055352 16.302226846696453 
8011.6944164422475 5698211.397896323 2013.4247529205459 
8011.154177271313 18766541.51837723 3473.378568642107 
8011.489819303364 10140349.407380866 2441.5972854318425 
8011.377151351336 16462127.394764645 3101.270590314371 
8011.988125184884 5601913.183557993 2230.95239205514 
8012.913284979566 4449870.814016143 1863.5999969054005 
8021.932961166047 9387358.361947825 601.5709749228045 
8012.026177695377 8014154.849004663 1940.2607152310434 
8013.327887444882 25929461.44683252 1401.691194986549 
8018.373088999391 6830540.857430801 765.1789845869682 
8031.552297122628 2521263.583230919 421.092829433853 
8061.810376581293 988570.94196119 344.93180818094476 
8016.597516193514 3664349.734203634 912.7409086816593 
8466.982520598447 363353.17291239416 73.83848714142785 
8325.240550737823 697215.5671886895 190.17673974700702 
8011.669785089633 8371876.813996218 2265.907490669264 
8020.617655209585 1631472.5086015088 714.5268566815855 
8283.163627389733 826751.0166581101 158.70235420424407 
8031.358812973494 3021164.7486789487 487.91273176285677 
8071.904189709273 849434.3210433534 271.464099847423 
8013.834871326071 5121884.1647800915 1358.0320276332832 
8017.470316972835 1853414.682654433 818.8007399237426 
8014.016757590234 7495964.78761483 1308.943056204694 
8388.333089378646 386945.6409448386 97.53425994027212 
8049.415704423889 2129782.5739531335 395.05526432242027 
8376.135589848973 510901.32333423925 126.33751223056 
12925.377317353636 62791.284854031604 10.551505413385836 
8053.291533624182 1780289.833055071 526.0834896470392 
8011.451975530309 8989830.967146749 3151.842999151797 
8016.223536540463 2295188.0393255157 986.8199719254525 
8068.4173365174665 1164867.5700462402 301.33862330382203 
8020.49099772487 6861324.749637559 671.0970562762074 
8016.6072050684115 2583909.292728543 964.7426307443127 
8011.099729957011 13201150.243422847 3511.4985983988454 
8012.8112458692585 3965824.9360211715 1973.5561291048966 
8165.833273206715 994859.6740393878 223.4756595633565 
8013.01494722804 5809913.82126911 1616.951353589397 
8013.324948199626 4008919.9312604708 1578.6349909603914 
8015.672973862356 3399157.811787351 1042.652604637456 
8011.251613397208 23326630.13325177 3182.6634291782493 
8021.658493728937 1981831.2952845977 635.713843599123 
8162.578468186978 1718128.810510495 241.75863889784182 
8014.006567735158 5003933.856173797 1466.818179206841 
8013.314834489704 8143157.687392879 1406.5693630584822 
8236.617239176006 692400.539450572 236.94501558000468 
8011.342606655924 11097977.412285307 3192.516786905321 
8016.772578933609 10531922.971243044 867.3926661401179 
8013.3070255001985 4844643.269760442 1489.2023244121988 
8017.098365068604 6466871.948469728 856.3719391742247 
8013.190000855541 16730565.902705846 1524.208830343243 
27972.708515841216 74763.01135358107 4.13819343344656 
8013.493227634908 8661540.671998972 1400.6065926136325 
8030.247912686698 8957261.192884406 512.5490532940908 
8013.220986557586 7094900.091282192 1472.748353627171 
