13077.503885055597 47700.45401909211 0 
8010.989362569386 19025579.73305223 6215.9732513188865 
8010.78393748627 21556622.763204765 4873.689221140581 
8011.065740996328 94539581.33185562 3345.8019202751266 
8011.106471391935 26611322.290319968 2943.8710991665075 
8011.088466911244 16040670.015592463 3535.051106202577 
9224.966346224817 207088.08242129505 18.097236858627554 
9976.594579777917 153384.39785063211 28.278063183948916 
11514.994075551082 149045.8293267392 1.4510028637927064 
10988.017116840336 171887.6071780628 10.870210800726424 
10521.258653363551 183447.33655871643 19.490152924427697 
11741.713068811507 90345.77965575049 20.905091270213816 
9047.966235577896 194787.86106950123 63.33017436517153 
8568.030161950595 215709.8004560168 34.227995025752676 
10039.281311066585 152295.2236682589 27.11394545766435 
12081.915449608001 110713.91038717079 19.072267325918208 
12890.833449096714 86121.4178968909 8.337509866950256 
12557.398894496517 69925.90131556387 13.844685103073447 
8371.48865774277 219281.15344335767 72.87203179868024 
8011.512382092795 13819289.273631305 2426.9720384028674 
12392.861291874782 90693.36017359179 18.046695101368673 
8011.30605692723 17857678.05592871 2692.3486901156057 
10808.66252985549 143410.16801015055 14.92350694217772 
8011.121671599966 7662846.741125051 2761.906551505024 
8012.607197845664 11718584.185016273 1602.649751267887 
8563.012339116847 246016.80326329914 49.20010948626668 
12268.858272438512 112062.8637528411 16.812933297361525 
8011.354682455523 6509706.68688074 3136.634012973108 
10690.830412008716 143152.96648050522 30.55641644233199 
8011.464543672741 6188352.876275156 2498.974976473163 
8011.043521757189 17512589.31736499 3395.507757476143 
12160.079921716022 114863.02626918616 18.80327510368823 
8328.543560687714 1253438.0892263413 156.2393594134265 
8011.566530401547 10145850.370196737 2168.172759304977 
8016.772578933609 10531922.971243044 867.3926661401179 
12537.432220561173 94099.0519808009 9.10524057253802 
9141.91236435456 212418.60675900854 46.11683682621822 
13027.509630384615 136925.958143563 6.9770033862825835 
8165.833273206715 994859.6740393878 223.4756595633565 
8011.560745504747 8361884.559090658 2345.2968945744483 
8031.358812973494 3021164.7486789487 487.91273176285677 
12925.377317353636 62791.284854031604 10.551505413385836 
8081.969797874162 1667868.8458089791 230.0968762477831 
8011.543635053906 17169548.772166032 2240.82698097317 
8021.932961166047 9387358.361947825 601.5709749228045 
8011.66069697298 6578974.819259875 2026.7629067648973 
8013.051512954972 9709381.398299249 1515.4775746808389 
8047.608259785902 2437195.3153239572 557.8636240568472 
8012.8112458692585 3965824.9360211715 1973.5561291048966 
8012.545640626524 6075393.623901508 1757.0644851620336 
8011.079480026599 18539333.341823954 3075.056582339717 
10725.266061156424 204267.58773521148 18.809032902559224 
8017.107839070393 6336977.97714283 939.599467276768 
8012.226280813317 4146182.155854626 1900.5219582234677 
8031.552297122628 2521263.583230919 421.092829433853 
8016.223536540463 2295188.0393255157 986.8199719254525 
8012.113448311198 7290441.66192192 1817.6138168042994 
8011.08364726806 18468154.022462495 2988.9439207585947 
8013.472210474353 3180200.340886321 1435.7185679229267 
8061.810376581293 988570.94196119 344.93180818094476 
8014.157077121505 3340460.791346726 1057.4042106768698 
9078.02762883524 183672.22873585633 64.10252682761939 
8012.056659260294 4589176.026336653 2300.042608195126 
8020.617655209585 1631472.5086015088 714.5268566815855 
8237.511135921497 3449350.5870281085 189.8690276610035 
8222.46056464991 1759837.1878391656 219.47506528642674 
8013.467200491654 4742120.249949071 1294.4382943309765 
8049.415704423889 2129782.5739531335 395.05526432242027 
8012.036222531608 5392187.576623791 3027.5792633899378 
8014.292393813508 2247713.559748672 1122.936764403066 
8283.163627389733 826751.0166581101 158.70235420424407 
8068.4173365174665 1164867.5700462402 301.33862330382203 
8017.470316972835 1853414.682654433 818.8007399237426 
8012.66729862037 4991984.935226068 1691.4913723001582 
8014.221854595817 2735099.957844732 1094.7315639622643 
8071.904189709273 849434.3210433534 271.464099847423 
8015.353560854928 1691843.7150176957 1262.8902870991537 
8013.203161819634 7551885.957279782 1351.3471106663787 
8020.49099772487 6861324.749637559 671.0970562762074 
8272.612664839555 4081975.9924209234 186.53543185427253 
8021.658493728937 1981831.2952845977 635.713843599123 
8014.010075663999 6196468.837897854 1187.268416033194 
8012.5612170630375 7527542.691439556 1643.3522123390426 
8013.2421306945 5186298.281058258 1382.410113941215 
10036.624044655364 154932.75937012458 22.881446295942297 
8013.479265476557 4003905.091266989 1205.777166465864 
8018.373088999391 6830540.857430801 765.1789845869682 
8012.721066533379 8502078.825445794 1569.272986474268 
8011.988125184884 5601913.183557993 2230.95239205514 
8013.045545054631 6990050.476955237 1536.691242516823 
8277.611722651864 694826.5355219907 204.8919378409643 
8012.511632835512 8625107.185152091 1684.384016515181 
8018.557691117652 6602840.599171355 780.8500924503419 
8011.6944164422475 5698211.397896323 2013.4247529205459 
8011.7614393031545 5552347.104343156 2465.4544625593985 
8012.913284979566 4449870.814016143 1863.5999969054005 
8012.211463606038 5881798.192590567 1852.8950152519574 
8011.489819303364 10140349.407380866 2441.5972854318425 
8012.310340323791 10386060.452121105 1672.5039344959691 
8013.172538044219 6260112.148966057 1409.406438140391 
