18828.885408383645 1627010.4574465211 151.46709901271146 
8010.122692666124 1361843785.3011198 100952.9826293228 
8110.045769224391 724211.9486157728 761.4753139828783 
13082.680553028924 3413898.7801591055 170.02353494779985 
8010.1315529508665 809269239.1996326 82865.62600125164 
8010.146538535553 749836882.4546294 63803.318381912715 
8010.1493745171765 412913141.5555528 38622.05589179771 
11090.884788748936 1218178.7484208457 171.96535892655032 
8010.133460039976 652833931.1502821 81143.47206006553 
8010.274636095785 648294950.3312522 38165.09407330629 
8010.3777333734615 152619107.1917621 14924.692333244591 
10217.342649245587 1055326.8711358884 188.80726339131004 
8010.308747078141 124841131.18416798 18363.304308159644 
9461.692718210266 1964705.875771448 224.03539924989695 
8010.409602214622 84512384.60428587 10383.108806489745 
9970.789573120883 1571914.4062175697 227.61060582718937 
8962.587409491436 3289327.6783776972 214.8518216136865 
8010.461337858603 79299640.7478647 15496.32831758751 
9149.760061477064 740392.3135623715 233.6849867598981 
9306.27606154834 2204956.3212611442 199.53274443607194 
8663.184749566255 912960.4896747973 325.8395004158724 
8011.055296489246 52219242.96661137 5939.270010343985 
8010.416755936971 105336347.69160247 8629.743519873991 
8010.651794909799 74947806.47399491 7950.853816089236 
10052.982628941809 1761474.1258372243 216.40718233306018 
8010.578575870324 58721111.39039289 9318.449391562577 
10155.431126129199 1524965.0274237865 212.1661804798366 
8010.929319227253 20202278.61089233 7006.890939849638 
8010.6906923364 53817149.550258905 9305.262689288518 
8477.42188407262 1191774.1911057448 340.2213715034671 
8010.79721503387 46855997.49718781 7539.832719866647 
8011.429193863784 14266179.071531378 5125.726096632153 
8010.669685237289 38196871.69814699 9369.664317997554 
8013.841683018676 41669217.1001239 3508.787353387305 
8551.049872550633 1176874.253735547 352.54148529114343 
8011.10295122587 25405314.16736253 5007.382777041567 
8010.625986229087 79967056.56082886 8171.843719001703 
8010.825975345338 103506661.61327395 7499.925021750166 
8170.409299769071 2523908.3681313302 741.8994915068969 
8010.558452657805 32656406.828329742 9934.358029305242 
8391.63686834876 1534140.769985811 354.66422262723034 
8010.725265529214 23561654.5127456 7678.097310372867 
8013.6810016888085 14209346.736887867 3762.766715708444 
8010.697814621043 33797621.96607803 8597.094927289065 
8436.882521036776 1228912.3968560537 592.5249523984706 
8011.3277322919075 14303465.340889646 7076.2566076078 
8325.45408154462 3438140.105120578 388.49222198290795 
8348.815009679376 1431281.762147856 480.6537044377716 
8010.4352231567145 84118804.72133178 10018.30252407345 
8010.483731325438 35950151.66284932 10151.712641173188 
8040.426562343646 21936328.958710544 1345.972926139213 
8233.7093537763 3286062.773493014 633.3173225591495 
8287.847679082557 1728819.0550590702 477.8639740450633 
8011.214829045175 34980587.26787458 4856.86356721614 
8017.771277989401 37408522.4608798 2103.0590167649557 
8252.301958439613 1896261.7830701221 536.2627322766069 
8011.49153306661 9301306.475611104 4660.894877428845 
8018.408272591876 10114606.561333854 1631.6324718055826 
8615.919815409117 3432983.7547755744 299.91586728235404 
8205.370782301829 2426297.1358718826 757.0446320665706 
8084.421939059539 1811637.5060110358 880.0291957662998 
8012.39524109462 7036573.216979628 4023.5261729238564 
8066.415802058556 15395421.88211494 1086.049672399676 
8012.306250377867 18101144.643399745 3639.2024017915032 
8423.696433153738 1119341.386102624 658.2443986665523 
8588.419181155892 1160820.1754291193 307.69960763348274 
8019.498360459736 4633956.381583046 2476.8071079312654 
8273.690860932838 1911553.3636552093 427.7303149507695 
8012.516970069368 5909943.518930544 4350.326385558851 
8031.483349127382 8815230.526988607 1523.139823178266 
8080.186192893006 3998455.4575465927 1060.9114435774918 
8055.53187250957 2351026.9798939596 1233.4479331084963 
8016.8466009666845 5883212.824116468 3079.6351353658624 
8021.5547443441665 7051297.54477571 1661.995508168794 
8630.388504797565 805752.4980410167 464.27083420489265 
8095.972003972527 1203452.584035066 1117.7320331069607 
8012.417873692522 17055440.146758907 3965.9059432603426 
8572.970871318266 3381771.5424205586 301.58667956847717 
8019.751514314661 3907568.595088665 2250.794577557823 
8015.555778058639 7377787.9675686695 3357.1965302968283 
8019.811338515827 2995586.194016159 1890.9935863687535 
8049.908522429227 4266996.1054213345 1400.8054473442544 
8188.2432041295415 5283031.117298771 654.8585259177515 
8011.6348133641795 8982425.838500667 4410.0114142166085 
8038.132504290064 16409663.674889192 1501.5318531376438 
8181.24794397354 6244792.049009681 659.2346886232398 
8651.017418373915 942024.0122093402 231.45861886782873 
8010.719756953877 32216036.542102367 8115.492910398761 
8338.940915897772 1836408.2335298401 361.98677436690525 
8015.902258961941 9688636.82886622 2863.6406723114296 
8016.037478110745 7778267.152148007 2233.964726333324 
8010.149270808073 158202677.528378 38806.6519153509 
8013.953282735635 12090736.351950707 2878.9317942139583 
9291.213762922625 673857.9525483546 282.2769889196676 
8011.510139288885 8983604.648927985 5872.479932788165 
8010.300305157584 208434747.17904755 23753.379106957596 
8010.3539286064615 78378180.69084916 17101.551307033555 
8010.159510895815 460392639.0251898 52955.437536606 
9549.946855892304 4068139.904870676 485.49027785948266 
9584.762378013538 2069284.0468815414 490.16055498443814 
