8037.240846104209 34224.73044476253 34.00059395055886 
8025.973150990518 25699.042652485892 74.87678114437193 
8018.100631166415 94633.57133290192 111.64273923535814 
8023.052334308689 114874.08917290115 71.43522743040609 
8009.979289696886 2345013.190715494 19629.981686177856 
8009.984316727072 1764784.4884144305 17372.792689592923 
8009.979430638839 5075640.005037727 18031.031956685358 
8017.532010830542 302756.3840758025 112.40047778057149 
8010.038301273906 1609208.528524516 2478.691571657486 
8011.524406985317 349365.42169186915 412.0526563889701 
8010.145069043747 1587675.0639657718 1404.9497954363069 
8010.035920845715 2074095.9956060704 2811.3290782287895 
8022.546340356313 59172.78116371086 75.83307310591931 
8021.9993157294975 17561.505848841312 92.43496227620514 
8010.057002097127 694732.3896594931 2052.8591569857354 
8010.075208911318 2501290.629359858 1799.5715466527645 
8012.690719548523 179676.32345391 259.9313753586887 
8010.495181680655 5500071.487640722 859.7290048709442 
8012.034934915451 384883.1595617851 320.85964998801853 
8010.096275617901 726990.8313557045 1430.488173638871 
8010.347096554506 1592371.1023800792 999.6845001857861 
8010.02977106377 1138814.4266290346 3031.8154578406625 
8016.942903051806 24672.526668662467 114.4136564673201 
8010.435499874289 1061057.5553816182 909.1763227296791 
8010.896291242849 137922.7980619338 540.9826720175644 
8010.012410842452 7766723.835851471 3746.7007788329315 
8010.014217998943 1855723.398343706 3698.4995090163056 
8010.85402347743 138920.3429045592 474.3087374003368 
8010.030741142711 1788798.1035007613 3007.3764110077504 
8011.523131245544 598237.3578617945 389.92859751397407 
8010.042231943682 1034172.3711639236 13776.51845586408 
8010.03436683771 5253720.4786189515 2992.976860469973 
8010.079607760448 824190.0800452806 1755.0921293339775 
8038.366446279271 515055.1539344428 27.676049926604833 
8026.765083264687 37222.366801280135 62.17356005873033 
8009.9807334605 6018338.5992463045 9884.253555256493 
8018.794461340942 357204.3906353903 104.69617265915535 
8009.990216832875 1919539.2646728882 6645.851477924318 
8009.982972840457 4838423.624639051 9424.622223071447 
8038.718969971471 10486.232461075255 11.915353067061774 
8010.610692764487 221366.2761141592 661.5257104143585 
8036.716273872766 57935.36916235685 37.621670379012144 
8010.017151950118 1691571.7772365126 3306.8017734958084 
8022.555248231869 16064.166456635836 85.26753308794498 
8009.977301644156 12288718.890717814 20339.94924469381 
8010.3258047171175 454988.24939336267 12473.575316246493 
8027.7681372754705 67607.34456398308 36.16969015948699 
8021.613159772148 18772.523284734456 90.05952586854362 
8009.988255582901 1812435.0253513302 15970.598232703614 
8010.065574300574 588351.2949724272 1813.5105672158559 
8010.020758651155 1287461.1361688506 3974.631403144659 
8010.839669516217 475542.5348373142 597.5633551379578 
8009.985976112423 12194036.98936089 8858.902447953908 
8014.70017330798 57891.731453295884 211.16785620736204 
8053.847354204185 6106.963542770122 15.892311702584047 
8012.467551191909 80121.22717937597 327.8096161664214 
8010.026268485907 1491860.1894360725 3062.121013253904 
8010.117763730857 513261.55810387386 1705.8683209778055 
8010.001341202784 1199879.0602571375 14601.594839901334 
8010.091581832943 525327.7223954926 1585.5083257831286 
8010.026458819395 900992.2123376401 4002.27239577656 
8010.015613266027 1714238.898779864 3410.3165315728247 
8012.140151859344 109187.33315921319 304.137623641441 
8012.5970274152405 485777.9681994665 270.3240274836878 
8030.953246181285 21048.253538363304 49.35828164828295 
8009.9893277248075 2050752.2504331428 5176.830895181412 
8016.290704563049 666992.0720539079 136.14570941688177 
8009.978617721542 2266610.600810855 19368.25519219968 
8011.66255351506 88745.18249907122 339.20654755232334 
8011.251030280968 310896.1090827475 434.5152349442057 
8010.056668416884 781965.6189708819 2053.230745661922 
8020.376129595296 12897.833116792444 94.05557302604382 
8009.980027865886 7242768.684717592 10179.677538021473 
8009.977906563418 2211584.1168097327 19662.47967788134 
8021.5498613443 37470.58282473153 80.94821368528268 
8009.987997287584 6111989.962017784 8865.705687092677 
8009.980739451787 2191838.486589134 19228.955156798715 
8009.987750440482 1915132.5066041579 15879.745337652175 
8010.330074215079 399772.32866610086 1491.8356818455447 
8027.242056485041 41700.04911512026 59.63377298965341 
8009.9785591674845 4756163.83559303 19193.7076577356 
8016.784197385325 357979.44676645455 183.05966965405008 
8009.981341901785 5196245.146591597 9248.725749648951 
8026.884323218167 45942.546291763705 42.562870938314035 
8009.980843197964 13757044.80260451 9463.016806385851 
8019.844696677417 253885.0110941432 81.28918926616302 
8019.899487396043 52575.69334349765 78.64208844398296 
8009.9981062261 1626146.712963758 4003.150883900619 
8009.980631902846 5702146.291285697 11421.628667656523 
8033.156600698884 13932.523681264134 76.20337671902455 
8015.520802581268 137087.56805776496 201.7346218605721 
8010.0035825008445 1182952.9870369 5815.051909659111 
8010.372612304098 362192.98457001324 1127.7415797739507 
8015.4725364622545 1179991.0241452442 151.93983445728807 
8018.91948250824 33592.392486213146 87.58835907462026 
8009.977791429257 3764665.4839360924 20692.82657133221 
8042.725878234944 79059.67282747911 21.209494411170358 
8009.977361284569 128007144.32002875 27753.53585715469 
8009.97877247911 165565985.74930993 20061.42956430792 
8036.708035532278 45911.219194899284 87.90751679232167 
