8010.042851050584 4334124.698609745 2467.788474247228 
8012.073315178226 518850.547809316 323.70250917517757 
8010.096275617901 726990.8313557045 1430.488173638871 
8010.347096554506 1592371.1023800792 999.6845001857861 
8010.029234840501 1401569.591619066 3067.1870374569944 
8010.435499874289 1061057.5553816182 909.1763227296791 
8009.99907754407 1417446.2178081828 6568.610819601628 
8010.612488589661 1184939.8461900288 683.598791939273 
8010.066923628085 590992.5573906922 1817.6977503008009 
8053.857659839164 5987.6913486820295 15.805158013524782 
8009.99460638498 1830486.5417077118 5252.041204928781 
8011.688349290688 36223884974.60085 8823.43266544496 
8010.3365432626415 188730.47985441782 1202.1805920932215 
8010.372982740115 986277.2902776061 1140.9551714721028 
8010.585249202561 914768.458137835 742.2680436385526 
8010.537425582577 270219.9792165319 1033.389597517709 
8010.08333415109 506386.6627104366 1572.8626344133766 
8035.405712547345 57336.250181894015 21.885103108829295 
8010.031640141811 1220211.444881885 2864.59693343461 
8019.651694873117 13166.34857472272 68.30625261427583 
8009.987952044178 1452196.9403734794 6742.854502201601 
8017.204449338398 23474.900513284076 99.2945651477797 
8014.158790970185 201510.36980160803 190.6066773302344 
8009.9883238157545 1926088.080814192 5893.178033062038 
8034.052541447786 8937.12618787822 40.811279826330896 
8010.361715906509 2791186.399671677 924.5709600207131 
8011.839984616231 64191.92990034029 344.7180931325614 
8012.632944579123 91765.35107592192 257.55117584524595 
8010.618558029134 982573.918706265 677.1974308979435 
8010.477651282148 338103.0579218424 811.7571408964108 
8010.297164283611 441113.8074087461 1466.0838112138856 
8017.718250568212 36054.27570654175 96.5442882770144 
8010.073477085274 534372.9678531301 1726.3747094188475 
8010.059332879143 728394.6924081879 1955.3252133194173 
8010.050429234248 1584168.8923736515 2346.097517965163 
8018.511754569376 20793.158428262705 87.95922941209379 
8010.0713666014135 626496.7176802969 1659.2328798035023 
8009.992408035496 1658993.8881132384 6171.936541230534 
8009.979282392947 24689375.48408295 7398.915602146431 
8030.742488102313 110966.67813025825 32.21368836177335 
8010.034689478387 767242.1820864908 2495.6074531756494 
8009.990246519694 1191423.9213161897 6904.579123898401 
8010.295604735649 744278.3748304477 1424.5420862774188 
8015.123736343969 47311.681120726644 146.1399878181344 
8010.585519103239 177356.35256168316 1575.3506424846632 
8026.087549459659 10106.074433114676 39.950446889566464 
8010.630470726508 654365.9701048096 695.4123425780289 
8010.591921492687 6293214.6977997795 1034.0578813490386 
8009.984495351688 1808684.1349795382 7157.733281889666 
8014.709030147998 92917.90674495934 188.30092421475155 
8009.978503193173 5976646.670229372 10774.731230907078 
8010.062062292114 726253.1345462237 2096.096995901912 
8010.3975089001015 380747.7752847799 992.3259334712586 
8010.017443682324 1456981.1230126887 3015.223170277763 
8010.440066721751 495836.2132952931 902.4091801008565 
8011.838526983678 126728.49015266653 363.5216464960042 
8014.32942251381 37488.84091391159 208.64479570105635 
8010.71420231094 10460925.129372716 393.9616514792973 
8009.9785933345665 2788236.8465597206 19431.6383859447 
8034.633097487706 50482.19817420186 21.951487321379286 
8009.996892207585 6429483.951062649 4530.071364182844 
8047.823529132536 1059494.3585585183 26.406518382838318 
8010.00152643462 1542041.9810385408 4629.402822032439 
8010.005819574795 1019885.3416756617 4255.612208783114 
8010.002552509688 2175327.055735803 3175.25724531982 
8010.473454718259 1691971.0556022862 603.8810568438196 
8013.6915978654215 249214.78368456278 247.6995799301152 
8013.88562953919 145949.02278064354 202.92126942314218 
8010.086804738747 1762223.2597906098 1548.0350662220396 
8010.0575732741545 1146951.4837742636 2289.088959947676 
8015.451455061981 42685.12499564252 123.37367128689613 
8009.985880068209 1580872.8876113342 8198.274690946831 
8009.985007310721 3980209.2143408386 6891.411665837697 
8009.986021143223 2941400.4797922415 7077.225206467506 
8010.001650058097 925244.0803798836 4988.054758804029 
8009.982910198991 1880927.9859163465 7622.527860230807 
8016.43759808176 27549.732849374755 106.15606648480876 
8010.452959155695 11186622.79299788 841.9858862859043 
8009.9791208270235 2626052.6390470574 7901.814933261787 
8009.977490209958 10503278065.767149 87563.17823652709 
8009.977536608615 49814795.23663672 19625.35176037342 
8010.468055846952 5945608.700940144 806.0462565452632 
8010.453379822943 7491628.427912609 827.5865580299411 
8010.008602090929 1007342.3188228938 3592.043778064504 
8010.016507573786 1371062.7429767302 2669.578885270358 
8009.994743283393 10411340.059551507 5215.551849124143 
8009.995756461933 15489411.086031336 4805.453739526911 
8015.796551546669 22186.411096318603 111.6256737697147 
8024.8277144467065 168591.40120703666 62.43947783495323 
8015.228551406313 22655.45340326765 128.87118186947677 
8010.001109788742 7387636.921341986 4117.192830540579 
8009.982268331313 3145594.774723864 7686.058139218558 
8010.030471698028 1271253.7788419065 2741.137210452283 
8011.839365588656 64183.55568294622 343.5533247563157 
8040.855640655272 10884.489703718878 21.96226331882707 
8009.9823450895565 2079037.059783488 17460.451066957736 
8009.985528843843 2578697.3807405285 5729.012586403637 
8010.320952153537 2874236.593928189 1280.8332944182764 
8034.364006645989 10248.007051661789 39.400750671788884 
8009.978503271229 501169348.35758585 25715.831965712947 
