8032.496915801927 11254.83445519088 7.820628178632596 
8038.4049272421935 11530.448059260329 0 
8010.25697508707 230293.32480987368 445.6665132014541 
8013.650817235634 218865.43859061706 110.00439054395699 
8010.786521537063 71912.86552336904 314.29421167874784 
8010.980402493639 175982.33280912062 266.3787181931118 
8010.92145894484 83370.26835804076 276.9208026726127 
8010.009584477159 579608.4692694631 1698.6540738703502 
8018.208227811512 14374.939716539571 45.84560838201773 
8010.232922199358 117511.60340979641 559.8901431616315 
8009.998379027249 5234293.291478099 2401.378115493053 
8010.685092533052 117441.47353487433 335.83322356580334 
8034.923780244146 15234.116518745159 4.308077925277617 
8021.670194881192 20454.698035237616 23.70673151760436 
8010.010251978718 479071.9730039601 1549.3216773667896 
8010.014806376896 358086.73000563623 2128.5777169783114 
8010.126949964938 1801380.7115244498 881.4478321114115 
8010.003211534824 489277.795577529 2085.614333889699 
8034.434237040534 11382.33723165016 5.422369618541341 
8030.50050412388 12444.678219601437 7.820454167947013 
8023.175439148368 17356.214505695716 20.56935166628656 
8009.983456150859 913662.5764588638 3382.6260229081017 
8037.744825778596 16971.61376532393 0 
8014.11589731661 18154.974339761597 83.90833895966814 
8012.887874704112 21027.986264756295 114.54444641157573 
8009.978017118887 3456623.3313408014 7026.719815675414 
8043.094353385307 9027.941951751114 0 
8041.020973734356 12996.897748486597 0 
8031.952577838411 11140.881229525183 19.987340191869166 
8010.1008704567685 209107.00044866413 1239.279092289925 
8010.410578808645 723203.1372086484 418.2826723377405 
8036.331430701062 61923.29613982903 9.19100369059758 
8011.827087613303 96555.59766068423 244.6723832250892 
8030.6776324120365 11704.211069672832 10.256968832589706 
8012.886498749774 38123.89655694715 114.10804419570154 
8010.735316360024 56148.8634928487 243.12804587920178 
8010.147095445468 1674579.5542100724 660.5479506056533 
8010.008742868127 404876.9102042123 1791.0603199153716 
8017.656333894219 34453.361496947444 47.95889160302721 
8022.386126731431 29331.938431793416 21.795221769915404 
8010.086660704203 392594.5894551125 1010.5155004991457 
8012.981536965203 21758.61640044164 151.0783130183053 
8012.5874400147495 22935.859803544176 111.2507448730277 
8012.266837051979 33941.43039639145 223.00249851854335 
8010.006020912719 993331.9238449325 1808.1823417810451 
8010.008544608994 2429101.104301887 1730.2195419933826 
8010.582353731687 837596.5126658687 335.72012575824226 
8017.508079242811 157279.31177370943 46.17412194388463 
8010.040374549573 180842.75480718454 1099.042410052262 
8010.2230955865525 394423.5006868172 612.6123277380814 
8010.197173225324 524499.0614967768 652.1717315151286 
8042.9477632022135 9274.306228833937 0 
8038.131524836317 10297.889905429463 2.5344960489720183 
8025.294125195223 13723.734088515723 15.298429457484437 
8009.979586025778 6600834.102016254 6285.0745144765115 
8009.979182150325 1652728.1053382086 6673.870469174621 
8031.570846438908 11659.235368767446 10.201597927940803 
8024.227981294409 15770.04141879271 18.51928422865226 
8010.131506363153 15979038.858264836 966.573489110196 
8009.978860364003 2501532.793815228 6658.837958715417 
8009.981059710129 1485988.683785567 7689.785613096813 
8009.986536883733 773270.6948034085 4473.117568308333 
8010.0091447517025 845296.9237407743 1620.497940450306 
8010.009120876217 436329.4668840964 1728.5393545259265 
8017.174960766756 11221.80155031927 73.0696619475412 
8020.832047387595 26794.50341426947 30.27433548623503 
8010.102501092112 265724.36439371615 997.7277456800691 
8009.978687758603 7083303.115604414 5246.001813466747 
8010.004425823985 370762.41824918444 2120.378052752229 
8010.021686550521 435151.0194740492 1400.961109263692 
8034.0699494435785 11725.697256966903 4.799111910470399 
8012.626896735614 38220.49493843703 112.76132806056587 
8028.512132757 14758.860142728336 12.536830309350117 
8022.799592727747 26787.075860145564 19.786955719918396 
8019.683174527441 102759.12610021423 49.76250153263665 
8010.001293835371 998985.9989324328 2522.4161536936604 
8030.037947525534 11638.1647276413 25.023140884027534 
8026.781675914553 12880.720514740015 13.041029546977429 
8009.9891675203235 591392.321029526 2807.3570975345574 
8029.1164631850625 16619.014905781798 10.20276511816434 
8010.166511568907 978349.0039716014 646.114923082311 
8010.12782668333 1910887.322496124 885.4766147397236 
8010.010782582991 410057.60744752677 1535.2571985911804 
8010.003797762909 9581552.614263864 1989.7134863422866 
8011.108874202273 42643.54959364831 413.73490079908834 
8033.084786005376 11462.141221165706 5.529488261852418 
8040.833670233286 10271.81061106812 2.1650579517522126 
8009.979675235842 5065809.96817425 5896.989431267356 
8033.19427890869 10505.655042662727 4.972633269709107 
8009.979573225159 2444551.063921245 6704.8266644258165 
8012.518150032156 18391.85695119492 157.74599195566338 
8035.355747146335 11118.728298051647 3.6361515615435707 
8031.899752164153 12948.631631620183 5.313778943644007 
8009.978631673952 40482406.29576802 10844.897116369546 
8011.788639428092 61894808.43958194 794.5286490044136 
8053.624355205848 10839.542425959518 0 
8033.378746353651 10788.18159800066 5.128413028906936 
8009.978322245576 18871781.8771279 6717.5296065615585 
8009.980042041766 5868988.5368271945 7057.543153102104 
8010.006740540804 2790705.3613000917 3548.228295308563 
