8034.188024444355 10228.002814349897 5.505885651914632 
8036.30979117593 9809.133261224446 1.0150386479687905 
8009.999094182895 541851.1330064659 2660.1038155198244 
8034.251306451768 18092.63875466802 6.319997255012869 
8010.064015385432 740430.5227401727 1142.2676679421347 
8015.398896193606 1856400.5654579015 67.59831030555827 
8009.9793247896905 3570698.4732925035 5403.637361627806 
8031.887876604593 14821.302657874618 7.440345368283076 
8027.427677576359 14378.226025766548 13.312437724000795 
8034.4217569337125 10066.470326391845 5.589028801680481 
8010.744654503285 53780.6639055103 316.4133295742625 
8010.264462762772 347759.28927309875 500.56325514027304 
8033.587229467468 10649.703491536467 4.728740989242343 
8031.751791592102 16210.722466247753 8.50757438465944 
8010.138062836317 250780.04745564904 886.4487643414229 
8032.764331659444 10440.40845349564 10.52346174388741 
8010.052487836338 4554533.5835010065 1530.8512771415967 
8025.39865021444 15637.259674588331 13.61329760942424 
8033.936890245226 13598.781877646861 4.333666585370647 
8010.7503640703335 59056.878039768846 327.8161326080492 
8009.995412997532 582337.6065962656 2652.536607860131 
8010.029576403055 549561.3777733431 1765.1946467488347 
8010.408402494903 957206.469901703 427.68451548767086 
8026.260422252114 16776.794923965845 12.579158580729263 
8034.137176419645 11164.052442879707 4.59793011941373 
8036.05106795976 10211.162963102393 1.0051342552921743 
8011.243591490434 1233039381.606125 23125.379281917158 
8013.931666093748 52124.83588896977 84.24832708881961 
8010.070469354669 190372.49140005867 1456.9115088387873 
8010.579827455773 134684.17163396988 292.2071106425664 
8009.980485896244 1839846.7325236169 5190.599293730086 
8034.126027165441 10796.742706696743 4.598008252749118 
8034.010844661162 10086.647543424735 6.5875338204309735 
8009.993860249639 1354093.9751287422 2498.2455244883226 
8009.983835531675 787759.0058429114 3463.606936457323 
8010.070284915837 304281.22371510183 1512.726907197307 
8017.999006389615 60985.32503398199 88.70500165826941 
8010.129253467705 561038.6557606771 964.1675142140275 
8010.718847572854 44817.710362855374 327.8496783087776 
8041.0513845084915 9510.97795822334 0 
8013.259377998201 9081.273024021602 123.34847236378147 
8009.98343755948 3185942.9791027214 3903.924572675729 
8010.049141102858 451570.37620073266 1537.1871873988594 
8032.516396395878 12220.14508109663 5.046443350465287 
8010.780099008449 94073.93674332704 251.80320176817986 
8012.960732758302 4627883.462864663 855.1510782200688 
8013.599115458715 9208.360972749246 113.60587622764999 
8038.00573324646 17792.702551539005 0 
8034.103969955137 12516.321674267021 4.598041022567406 
8033.587221033198 11213.05970872775 4.728740989242343 
8010.014457673604 808227.692660776 2148.9428526360643 
8022.852700495509 15429.214365952925 21.065754041357767 
8024.807308160824 19118.18977856807 16.34401352390493 
8034.728128415625 16019.311868253488 4.593516228042368 
8027.053524169588 15183.984605115063 13.471138204055581 
8018.000790731921 3110789.8922505775 96.86880993948598 
8017.99994959628 30011.32715624329 86.09165954648849 
8018.6331678905235 26102.044708407047 27.571148866663915 
8017.99612610505 60990.927646515396 88.7138809280155 
8017.647519641062 59196.03019656876 98.00410314428356 
8010.565104404564 62279.78878259428 356.2813357645042 
8010.0940634713415 297263.7258992265 1025.0305206976727 
8034.344389334757 11270.59098018491 4.305264287204936 
8027.612280199399 13695.945982403447 10.869020754088922 
8024.79341065515 16219.227728777014 17.413964709645835 
8026.393583600849 16239.43420602463 12.83882943940749 
8017.882073325743 23680.474344245013 34.023326075417565 
8025.666461198107 15276.218623637767 13.665758568773281 
8010.0143252217995 354253.04724024056 2084.5460427597136 
8009.978525925039 2322182.622104303 7354.5633869683825 
8026.110102886538 14337.659644148345 17.37496508349359 
8036.302944849374 10407.541655645866 2.1238826790389655 
8036.139086462107 10119.76466102897 1.005067956290799 
8010.255729936197 144675.12333189134 732.5813336299422 
8010.058755049198 373660.6569700386 1263.882705484549 
8010.851047801158 40841.19138111041 287.06779742172705 
8028.829270064077 12163.903049502047 10.500729155895478 
8013.018534791793 471812.8669102192 184.7971271517053 
8009.980356578064 3043149.839512041 6446.275842647462 
8035.7337247303 9860.249340156583 2.1336280324081303 
8039.192782898348 15451.446929346173 0 
8022.268257834145 28492.012390021846 25.343604417611147 
8010.023267999807 5311394.298715989 1867.2960054890887 
8010.950750857388 34100.50754973229 239.54384454745085 
8010.264168915724 178577.02366603978 574.7580718865543 
8046.988259154572 8975.2316117656 2.200423678874511 
8010.585157220823 53094.02122089594 339.9337803465577 
8010.386262960413 63385.29235506187 436.7676086087964 
8016.426635378657 15689.199131067584 109.90936354774627 
8009.980608939509 2374164.856383516 5614.739385033238 
8041.909227932773 10435.523173972726 0 
8041.607620967385 9632.74730359647 5.35376879386392 
8009.984020188277 1836535.0888303858 22379.799884555585 
8010.0362889283615 257555639.84386894 2510.2579290812023 
8010.2203632558285 17402406.13373775 849.3521183079131 
8009.983304851267 2983227.970026266 7117.0761206816505 
8024.126907446566 19182.363234841647 36.73783169774902 
8029.313767666913 12321.981732996812 11.227969898808192 
8036.362659710647 10017.802057039278 2.1990357726388003 
8020.002755467983 65670.55799546879 29.118461419998823 
