8045.10680128579 11351.27672047125 0 
8009.978177599321 1246769.1026643163 22477.336264357305 
8028.2924056445445 6588.4486839041065 17.176095587550222 
8010.001054573914 143869004.2577182 2994.2634605597655 
8010.001930178878 4252959.430339425 2388.272384417299 
8009.978351344833 2263863.060595784 13367.931704245913 
8009.978356756354 1535964.9266782943 8196.379222289943 
8042.95837522777 12652.945921477924 0 
8037.403143534186 10419.998196721956 1.0187161845052135 
8009.9803358270765 1592954.3576691607 5531.445358102701 
8020.076332906294 17625.41091657541 17.265729269172837 
8017.4644223973055 72467.13915803625 51.095593991898205 
8009.982673970463 785562.8914150423 4521.127042871633 
8022.395355265367 12138.529506081362 29.086188096102347 
8009.995358912133 2325160.78549073 3641.45842332088 
8034.4254890309385 9833.790253726429 4.204307850936671 
8033.271032714244 10388.442832333736 6.58124466233695 
8029.963392952673 12856.986045952202 8.185844929898533 
8028.303864018569 11471.709391387896 9.560577510263052 
8036.406531675065 9132.853980939271 3.819048715788105 
8024.437110377659 15042.17709441007 14.598330532338025 
8024.949789148113 13620.484798422223 17.471445609547786 
8030.394126122558 14503.049100494603 7.182613583325047 
8031.493725697007 11329.852284842726 6.682207062304112 
8023.337046010066 14818.522617877345 16.46006627252227 
8012.828042220409 114877.94263388643 292.995053982801 
8012.310051135652 40047.72991336468 189.68618417645916 
8035.418432935364 17854.16495016127 3.8246689338938333 
8026.036039321393 14140.824258814882 13.38302378818635 
8016.507267418382 10615.517680405537 88.38107225669833 
8010.002293282697 1182948.0332798667 2567.2898751527814 
8032.517066141857 10767.432604146 6.1386482992137195 
8014.388705013534 11474.618260336105 128.42690007695478 
8027.225737652069 13448.884953772313 13.28700883170946 
8013.6263366166195 28025.317995590885 120.60850192937515 
8015.663855247721 8769.05886772826 89.48076549953856 
8016.4585913807405 7838.245981128662 124.7388110369003 
8035.171462601807 11209.023876990625 2.193464627076907 
8010.002756484433 419571.7720442402 2207.1862583493544 
8010.027880130811 2609674.5111857145 1366.433431459533 
8010.559408425233 1804379.675487332 514.921791370997 
8022.831388595387 16730.15916301969 16.978043257786307 
8032.315202792845 11235.587080054946 5.191497333698447 
8014.565698361006 9718.471547057778 130.0715241581786 
8015.034364067755 11284.838136925142 79.16475121120222 
8011.177579696047 304795.3941524128 486.8009770013735 
8010.011399524271 284916.7780880119 1891.353521584462 
8011.815522551292 26584.7689799039 253.4775724299875 
8010.036517709193 236793.23374304717 1146.9996894318374 
8031.746696688429 11367.189055185258 5.191854878997608 
8012.002892322418 45376.66162889124 159.661218307673 
8023.204142936675 14730.340208840165 20.40468223238502 
8011.483069913513 27588.196273083202 248.40604999498566 
8010.01596675558 415666.1007985233 1547.6985330082002 
8013.436373803465 125507.73144695994 129.6505371573928 
8026.9540258647285 14260.90894923386 10.817821705587809 
8010.171796258461 548982.0643414116 683.544825647966 
8010.238779419945 364548.3025094584 841.132286420278 
8026.746199487827 15914.045722500798 10.817244573931182 
8010.0974546758225 5564241.914171347 1033.1064995766692 
8015.191269310586 11219.844526466943 75.80744196857304 
8027.195865603334 13210.21376081346 10.096386269115946 
8015.365068313117 13776.227860440025 103.25475143850507 
8010.009940811383 862442.5743935797 1752.7094517990602 
8010.108226504086 291168.47276103625 1011.0602563523325 
8035.557023983832 14700.818809010632 3.1197615819709164 
8010.392417653401 1844616.2811002966 507.5418898446095 
8030.171637810433 11989.43415647241 8.22842644689256 
8010.026904008663 535080.8412540987 1448.8602189594972 
8027.357605068056 13117.3139048099 9.608745714955287 
8010.307430927962 1265869.2433465882 558.3568353855358 
8026.298341323225 16357.542471452518 13.034367867738748 
8010.240362398095 257844.02002798388 625.5363114782626 
8026.9168388059925 14457.618874340706 10.453071269879672 
8010.605637300854 92234.7063537573 355.1440487756944 
8010.239627781032 145058.87351243536 789.7927943568902 
8011.402211822196 358789.94070496067 314.4616869825473 
8015.535870672973 18310.657164152486 59.5776655296966 
8031.673804189029 11051.397726506402 6.136262980737213 
8013.511370829635 63766.955687228365 132.1714872655198 
8026.232239450795 16976.003845620136 10.817991098706571 
8026.692484062881 15991.935806448904 11.082869116734564 
8010.005993006844 365808.53277777805 1812.450752994506 
8011.348696952914 62294.631589766694 437.5476884587262 
8026.0794684391185 13340.269132813146 14.599129881269054 
8010.511812983164 238003.73390383794 364.7173979908863 
8010.433975374239 161075.84037741076 375.7733031334228 
8010.011728171417 4757906.895955835 1950.2074350634862 
8027.334953548813 14229.594854958086 9.768056647959312 
8010.468897088601 228976.87184915072 726.3073388132352 
8010.036088861357 870309.412140361 1377.4764692511608 
8010.399757444815 911736.9395892054 404.9328548704282 
8030.070608797279 12398.512006807 8.3389769521479 
8010.403795862363 949792.0867091189 425.61137616296907 
8015.596273010819 11210.546508879263 97.33330850769805 
8010.334983889223 185192.7008734113 554.2346233623339 
8011.329236163587 334921.06019512186 324.0765408157447 
8031.741620165505 12893.909246812405 6.0817172720331065 
8030.015624659046 10953.928245831727 8.433583313908786 
8030.015293757429 11382.017718246123 8.433583627728678 
