8043.4796187114125 5804.469921828129 9.589965623438816 
8024.737888398968 15452.02782690367 41.68803071716171 
8010.024155617939 19176455.192944504 2063.6960112804904 
8022.495394173353 68484.4949271393 42.66159390562315 
8018.466385527478 66222.29534823511 75.36123845928073 
8010.10014194105 1835700.4733007338 1114.1547861499637 
8013.583240399415 44193.81352526183 219.20796894289748 
8023.469137298351 18601.510919154665 42.67533914551216 
8011.926858205295 57370.67718740722 332.61651719845725 
8010.160184357863 190593.13217787398 720.750700967582 
8009.984912362352 6860664.11694784 4688.62354660585 
8021.517062526575 23581.59158057162 50.28329758509864 
8010.005024557937 824245.815360253 2490.995612014437 
8010.093098563546 189638.3416245329 1241.9095302576914 
8012.167090893241 197227.82334214923 242.46705527655078 
8015.601780149494 41089.23147334781 178.2971831793515 
8027.976195918896 14728.236300178414 32.16485069269204 
8017.977670334465 33007.46268163957 86.91227509904893 
8010.364411431387 215424.2803210401 567.8476933160666 
8010.432893292451 165435.0918494924 476.6327972557342 
8009.990267601977 1476440.428320451 4130.202108712977 
8010.199319024885 145749.09142048357 627.0470675042159 
8010.09592077136 494204.81951671944 1176.9411091518305 
8013.83094690983 120834.60919946177 194.3562164077703 
8027.81000632695 10027.36036290912 33.77783797689329 
8010.6790514156055 115955.47698997936 509.87582315544785 
8016.195717018056 83730.04874070804 105.05340747761952 
8010.898897568688 73993.74492747393 382.510136634166 
8010.658158820491 119494.9879679055 515.0635457411532 
8010.106309158278 579959.3369032259 1119.2308266247728 
8014.352732179936 64194.2897128383 143.4088241061782 
8015.605925210062 47688.88187301603 125.1050142738938 
8021.0816599767695 66665.9135835951 60.33464856038896 
8010.001150459864 2254041.8704391606 2830.0532008683863 
8027.556126526033 344544.9924280062 35.562433507585645 
8009.984129721269 1659072.3024095737 4784.218162021296 
8030.677537670175 105634.32664144761 20.259178854564976 
8014.799715587117 50056.93845333708 116.9136757183974 
8011.195217388053 782586.5350438863 360.13192716878626 
8012.886724879784 107123.1702431677 277.5699816525988 
8010.245534182102 80722.68714169989 854.7441257919836 
8019.45689973775 98218.83806860028 63.14248478388495 
8010.031014104433 1184173.1783880286 1793.2797786202025 
8026.473507338767 137591.37017928332 37.017694128320834 
8010.039530906884 1249790.2941981526 1557.3332796800755 
8009.980465331051 414111910.6449008 7956.077169474791 
8014.628715500303 65707.15996676077 130.3401268112788 
8016.142559071399 29813.23251715459 107.72822730635157 
8020.877498508843 58956.63750910934 52.70361652790374 
8012.8501055640845 309918.01162501425 239.18212242214338 
8042.478998829624 5705.300467730333 9.805127389301369 
8032.248022299313 19375.70338896871 10.153916960894678 
8011.640551967851 86906.1930860685 352.40335900389414 
8009.979425383026 14068196.029198568 7674.237908189002 
8040.561949863252 14831.753322254994 29.61180138875126 
8009.979706874778 2108231.8859165674 7117.545912557831 
8009.986052383519 8486985.067019626 4502.564334377353 
8030.066238558946 1343676.9143722951 42.27546755019613 
8024.891818240535 48052.11178689713 38.613892216504944 
8012.925172485564 97845.51053790015 275.4245403761826 
8015.371981803109 41105.29938728826 135.06362170205506 
8009.9825029530275 2316871.3225869443 5473.882146009819 
8018.094608711654 17171.663449321182 81.80195395689609 
8041.980656236945 11531.243212831716 30.460609971607145 
8031.81108855584 57053.69506639734 17.436838163742852 
8011.636787142151 112204.70828727254 332.5959933553738 
8023.7992373174675 175448.78316756868 41.397587297453974 
8017.642016256281 18320.27539260227 97.5520611711518 
8009.991911951763 2332962.9297252405 3930.7205484489423 
8009.980446295819 2893483.0249336706 6253.177877836512 
8022.116326857379 65519.15935065319 43.72362928419462 
8010.072577716949 206808.696710241 1349.986767939625 
8010.149165821393 96990.09155807637 941.8267416474933 
8010.0611923836805 935436.919967633 1111.942574470155 
8014.234553774577 73471.27598476372 203.3284141385253 
8011.450101690599 148122.30260080248 300.7037445298551 
8009.980820327804 4423538.457850029 9386.110316365031 
8009.9790809596925 1847345.8290629748 6559.254615105827 
8027.529702339032 11536.556622663478 30.03273764162582 
8009.986729100734 2177921.8098761924 4340.1165497832535 
8010.020798928806 79271958.27367759 2026.0065788352128 
8022.15164145482 18431.620795076913 50.82434493835643 
8018.951395963029 23115.230164405846 71.33897901551586 
8010.003518915955 1472659.727989328 3627.9234604582634 
8017.713031528783 66527.88273206819 80.00400178197845 
8010.046796339782 354899.5926867672 1572.7907093212816 
8010.025480674635 715274.3610599183 2183.830273559067 
8050.469376213673 7870.737165688441 40.332011712811955 
8009.9782970740625 2030611352.0586407 13491.611250709408 
8043.183632179642 209246.05833206855 20.720993084618797 
8009.985310388154 45271770.65883482 5177.460234782364 
8009.979579057608 3219583.5334534952 8067.424938820671 
8039.479962234982 81263.32394171215 34.50272420304288 
8031.129193575951 209131.56069353566 22.75911988672768 
8020.014223254877 153330.598935859 75.13177640344568 
8026.694570890532 40539.238217367114 42.0100035949318 
8045.725105973739 30897.22786233977 38.54156933665119 
8014.397322889994 226146.1160431424 178.7943499944184 
8009.979461238014 9718370.24643252 6772.622603810563 
8009.994418336999 16982879.816749245 4128.887902918277 
