8041.895450011981 10107.372363477365 9.986598374314017 
8009.980218525525 6873712.513685121 8177.849876375716 
8009.980763522709 8958565.228799598 7296.988677669932 
8009.994376378061 43567732.28588427 10795.16871408426 
8009.9797159418495 7278353.896482969 5710.74632980797 
8009.984172313603 34185248.61401163 5538.970391540159 
8009.9871819509 3655884.5925293774 4443.021801329284 
8010.045831445976 8279225.665624883 1284.7895661720656 
8009.980492128103 55856378.54193136 7388.3729995641825 
8009.991271905999 27029516.658229865 3392.336521623533 
8030.1460745901995 13259.429027106422 9.521104252677938 
8037.034205665793 17009.53875856833 5.346331720871719 
8010.026829590356 3653230.3535749195 1975.6204113735396 
8009.980241035513 3738627.8260510364 7561.392145021957 
8009.993069622024 704771.4414979994 3287.9012440264087 
8009.986298192438 1960117.7612041605 6156.959089809523 
8009.984328143502 2259349.3811526727 4543.380882751752 
8010.004250618658 801647.3792806537 2246.8830599977773 
8034.113212171969 12147.835063585375 7.633053563169002 
8009.982028271312 2719462.7585453023 5949.59901655466 
8040.850331178701 10582.584588978923 20.96312670377457 
8020.918294342098 18592.65502082559 35.64029320394113 
8026.2274555357235 14532.20189553667 19.913420369519024 
8009.9929868951585 728967.9420043487 2926.853756259739 
8009.987722863671 3456065.7286773436 4446.244271779222 
8028.115430205455 21302.142690763456 17.870576554894868 
8010.032279033932 820223.5387953023 1789.7378761122934 
8025.036476618061 20160.271188624836 21.92667087776792 
8023.326720596262 16985.188879282032 28.662124201856997 
8016.864343419511 27644.586443609467 71.4179589352097 
8015.3247783590905 291008.2510936231 61.483349116758355 
8010.0595453950145 546726.2376773391 1012.8039847612216 
8024.772268223611 16474.923717555113 24.334337843904365 
8017.303684864031 36584.84607782701 60.04425159714811 
8009.9907225439365 734803.8365753244 3216.3216974661573 
8014.65393215007 526526.2092347869 95.74846596691492 
8010.425868732482 133432.0934535981 404.131734938363 
8010.037204148299 1482437.563796361 1481.5565009721722 
8016.093233688377 71067.26183812466 44.13327233331669 
8009.994458892971 1344376.5900077603 2728.9830363501674 
8010.040392801326 473247.1495847279 1531.052875953597 
8010.014772497969 779688.5030962487 2073.550603573934 
8011.349748447914 57512.02577967488 342.58611236880756 
8041.565251823027 10551.599641641533 15.765392486831901 
8023.736057991353 16977.506491445078 25.529395528423223 
8010.047325152249 30060447.802684598 1425.2996312246496 
8022.346218104925 101342.41674435462 35.4286395393368 
8021.997476016333 20602.88745634581 27.87905455974915 
8018.09072092725 233635.97950055904 39.771955484392684 
8010.350829213456 1211128.3577490398 508.5698325085403 
8009.989863742507 1488381.526787666 4421.493377719109 
8010.989940602566 125098.91180598765 333.13060854799085 
8010.041006788088 455013.6441414166 1443.7320164390317 
8013.772674443773 94366.21452643642 101.74220454019904 
8011.839678633852 901285.6239361005 324.34755562753895 
8013.3287167294275 274067.5432612077 116.27836551591069 
8010.363519913688 256783.41488039526 750.257370833037 
8015.811331762419 37884.781108357456 69.50216816206108 
8010.179111206709 327453.47028862056 577.9682158990403 
8014.255350575333 53494.48315404482 116.72961096320631 
8026.69668375457 13336.26595820939 18.563956279740793 
8019.391707323359 32472.21831985454 46.88020207684274 
8018.8142728028315 23676.775633832964 50.24666037137268 
8012.483814487885 133657.50543611258 136.601911711787 
8020.312508137977 26047.475437682537 36.210972377826856 
8009.985729289972 2844742.6009170967 4315.272400270374 
8010.295064992706 82020.43984396866 869.0348312296633 
8011.951029899517 103262.91415617372 219.28869444111356 
8012.78134536187 128028.92800217983 142.81746823537537 
8019.945190737915 17987.4637840557 41.33321675618055 
8018.278572078455 192406.3763562555 42.35942882668095 
8010.150742098948 874901.8197748407 993.259959324193 
8013.072024273713 23684.80496560199 248.1204790651195 
8014.460793838679 47288.556286107225 99.72087461925128 
8010.0391643337 884055.2907911411 1496.4997591882936 
8012.940350169731 51654.923112419085 202.99604629559934 
8012.85413905789 46957.51535101746 273.0000414680623 
8018.494222672483 29753.03678874013 49.92108057058686 
8010.1964125647555 176805.0806381422 870.9167601662784 
8020.284149614776 26863.831279682054 40.23254756464899 
8023.669006171038 19730.894463980556 22.23552078414633 
8022.2318837844505 18687.12226993356 33.0172534539353 
8012.264000304594 47157.40116869806 251.378019953444 
8019.508574869906 31748.206837230922 42.79742787540026 
8012.997939224936 296252.1646694591 103.9057357613431 
8018.644815671167 50133.5009119785 23.303905030001157 
8019.727052779632 398128.52796189836 53.58487732092871 
8018.143443391356 19667.215662103794 68.61864452467199 
8019.738586746569 19732.340827101434 43.157175916024684 
8009.983191617586 2071374.9823592277 12297.715710997496 
8017.955955226557 33534.21090576212 54.03785855888354 
8010.001079036283 1011932.7192364291 2442.2253584777754 
8010.066579431452 516222.7577030853 1314.9140085455272 
8009.980552098032 49307992.22598234 9237.724019709445 
8040.7447982393305 26356.13640256775 7.666087828647306 
8010.0324002208945 95488258.84178045 2048.5767534114148 
8026.955537398779 13402.471475113747 37.761001890336864 
8010.011716279633 1490220.4196658607 10281.525749195693 
8009.992445590391 10468422.58029501 2868.060458941728 
8009.981602931565 4591998.267230595 7053.681643478816 
