8009.976429727718 362126927.81633186 40793.87979018953 
8009.976698128994 2791171.6104843225 20222.89766665422 
8010.0206680234105 574447.9857822772 2004.6559568601544 
8039.615466738471 58554.601932876496 13.318936589786894 
8023.062702261198 37386.69039725532 45.29381315282137 
8009.986089662191 2358547.789890211 4873.6493759093855 
8034.821178561812 29999.444796971522 8.483716510470645 
8020.882369698631 40399.329942692086 57.29844993208882 
8015.852424093162 192738.83710441875 115.00649107719353 
8013.336879987717 5816402.604073573 325.6697245834414 
8020.09837694885 250749.1933573705 71.47206824868951 
8010.011801751589 10310640.924970696 2468.5973783678714 
8015.133849617971 22966.831606492993 125.59070469842823 
8012.594085420968 65956.37061222861 226.512619378233 
8009.99396152748 27048850.31330202 3688.919975323154 
8010.000837860773 1525635.627474714 3094.2179652846844 
8019.102720810061 20270.118982136075 90.07871270758375 
8014.916807603761 25424.931561790647 134.17692890709446 
8011.9521506964975 181702.18086024642 278.02207675862115 
8010.0813264826775 576632.6053016137 1333.4936036076097 
8011.902410578396 57222.79991481513 329.40854811051776 
8026.220077523195 50806.46975382346 36.1772260180225 
8013.2653471267195 48526.49376516867 203.61706349092202 
8010.610787789166 1701067.7957444591 441.7055796219226 
8010.948760757932 113407.98890103554 373.20234632090336 
8010.41734733213 928422.3338278886 588.8587608267593 
8027.939468913217 18102.259162342998 58.792042398835086 
8027.829949057734 32252.743834246026 35.724592311531815 
8010.370100558481 444838.3881528842 629.0267809018675 
8034.548819362533 32002.729211211325 10.29087581251797 
8010.085915001332 12783802.681862073 1207.4906248875827 
8010.654201873134 74043.8784503326 420.5093261978068 
8010.0151794615595 736866.3563224081 2635.5199680791898 
8010.226964815214 245025.0547558323 783.061707191137 
8010.052194330163 347100.98566051724 2068.3457972740994 
8011.292470526424 725531988.0309219 1821.4189571869986 
8010.059658504856 360642.1353563554 1500.3600132159663 
8018.504468530213 77481.66519394581 81.67112784691324 
8010.056841264704 355003.09605709644 1580.9740946604254 
8010.201062895526 353920.6124900666 973.3875921256235 
8010.153520476044 546227.9461710202 1077.5378391813877 
8018.366274432345 300501.7373610846 85.6623791226394 
8010.205414919972 266505.24501964694 976.7886520594287 
8010.161079045966 473150.23439892527 1076.1398249574213 
8010.639922093151 83382.01865758888 368.96689464466886 
8015.963840128174 21441.8749063341 114.20713594941007 
8048.218012061973 34440.779385561684 2.919474672432739 
8044.596199558911 23622.083334575967 11.90204598648899 
8010.757751552088 245418.40425790398 370.1575221275591 
8011.616124057296 115705.25800959575 337.31325822285623 
8009.978994060747 15437281.656343725 7600.930251986413 
8010.029629829628 406494.46522265184 1640.484172272354 
8010.006880146129 3055547.535416876 3071.222314263062 
8061.791631310069 7078.279653666152 26.86663157311208 
8016.808325261789 118646.63413313434 109.01373017600555 
8023.820386445056 36797.332999164355 40.19198748790136 
8013.8842689658995 34282.53128366299 180.3345038282188 
8009.998166279425 11089072.205176407 3155.361046447889 
8011.050404902519 1264030.3057451146 353.2131427092676 
8010.223516521673 339084.6222114092 791.694413092478 
8010.360414399736 1444429.6585437288 599.9717212308108 
8028.726580173254 9078.4169273765 16.62309970412657 
8010.026699203789 414718.7434324995 1804.287848639079 
8009.983836719518 1729420.7786675757 5425.07608454713 
8009.976707233396 2702121.522655255 19426.057274284198 
8009.976408084476 361962259.12722427 40971.619218554144 
8014.622614861576 349040.1376239607 159.64842063148043 
8009.992565360759 3876394.427482702 4018.302721920667 
8036.495766327717 53543.26858619656 16.124494700749658 
8010.008938801924 926244.9277068756 2927.150930774014 
8009.987826205171 7969911.782141369 4559.1566526034385 
8009.991466096329 2281954.443589313 4809.500740448823 
8019.278195558433 19414.862861609236 99.9284307816778 
8020.430267099564 74441.60484947693 70.00748953145066 
8010.013316157034 795756.8140491489 2625.0819719075675 
8009.987813269015 2103369.175277469 4877.027236438533 
8010.005554715809 64270133.44530582 3088.0581730699287 
8022.4440580199225 39160.37923897689 46.95466775942955 
8009.977633122537 2448814.3152842904 8493.388510884562 
8009.990674001894 9985553.218897404 4468.819625559579 
8010.000156298102 1963086.2738871002 3546.7135206235807 
8013.500034963408 39447.68884475639 171.52952653578973 
8014.278541293024 141318.93268050693 170.09004405346892 
8017.229067576945 36836.95862446188 93.76964582486518 
8017.7253819388625 63175.08226138888 92.04467667688905 
8017.024047083257 725358.7574305113 104.60118435377845 
8045.440405473456 68857.02299000151 13.302757885794183 
8030.664666991725 17337.691447934223 43.90833703608944 
8009.9765982519175 4222684596297.5366 284345030.8478561 
8012.490888687719 20213194.127792273 309.964423891785 
8009.977444096643 3385202.4792358964 20084.341098763656 
8042.4338599638095 57184.88032811851 20.704067725982682 
8022.139030615763 71072.06360511214 73.10427660327372 
8025.270257090051 60531.097870126476 43.56984597025304 
8029.415041198848 78943.83363106998 31.778124573140914 
8039.102542356796 107941.96911378588 14.786037810912742 
8018.344215900516 22853.122283289507 118.79028770182626 
8034.764667550413 42922.318403713405 35.187709539202636 
8036.805956196009 269014.35155424674 17.320317597334324 
8023.989384611429 63744.082088999734 48.70739001348363 
