8125.255178626752 27293.880397758865 7.049358808225527 
8010.002407297436 12113771.88769227 8498.454238388704 
8010.103258759689 11816340.776739856 2460.515516420722 
8062.443756014074 6611253.260761496 81.25660055519792 
8010.017009529069 5772873.077762207 7246.603855039628 
8064.142189651457 4577671.869875649 65.05696394230506 
8027.820917107725 67451.07168709645 243.08331791157292 
8077.4491188865395 55174.13214675878 15.958613437834542 
8049.767568157815 54157885.4684842 243.84727414166457 
8082.586683929252 335541.5660232068 28.670605104226777 
8068.920966846769 67147.5418901356 14.772773879450828 
8038.703586798411 370479.08904254594 186.97409431534814 
8024.695075561267 125461.84470440575 313.3358738575264 
8017.721560273598 115397.5575821303 348.0849151553179 
8010.055025793654 2106684.779053357 3478.62792409566 
8010.0549014792305 2091196.2524852492 3686.739266180645 
8041.161573309947 153147.37154495195 121.14267674989334 
8046.401514878004 109487.09819829563 130.11760442948076 
8010.015499599422 6816460.8617798695 7020.821439723991 
8010.017071011231 5978324.276520727 7113.473340770285 
8010.075266950642 4870347.468975648 2859.9121149733883 
8010.061573786774 3314950.925296512 3273.005301189852 
8010.095287752607 1826637.5910364406 2632.5002892912053 
8010.116084951358 834056.1485857856 2025.4230018960752 
8010.0577073574095 1601582.0050353156 3355.826348355883 
8047.404016741784 41159.01963872311 106.8380926656313 
8025.051899725446 3318205.4425625536 291.9918426559211 
8010.06535696691 1736934.8791712315 3242.1748569715505 
8010.103675703613 2795468.4719438404 2258.760679924252 
8014.304080963033 68043.1810016389 388.42538575806896 
8010.110662688476 1813662.7742532413 2215.844310063683 
8010.283025844048 2752885.211591701 1161.2814661463108 
8010.166262256213 621412.6937133338 1536.6355545091956 
8010.07237659559 1457262.3569546095 2974.537898103477 
8012.247478509248 94571.06155087339 408.25283626374346 
8010.1249753787 2494511.0158870528 1883.934302580435 
8010.146105811863 3095499.9679555623 1790.5880487345648 
8010.094656387826 1419566.6570810454 2646.5978040807863 
8010.081702519006 1577680.8161077606 2750.643286998703 
8010.401055028529 675072.4112475517 852.2929748379504 
8010.204792297363 4966610.412660219 1431.9698228698403 
8039.199246106698 71282.83641322037 186.126249116228 
8010.144295105301 39601791.24494264 1916.9452953325958 
8010.13865060605 730462.5508758697 1786.5886146793462 
8040.420450592221 108464.86568657533 185.7556765292364 
8010.263227999634 407172.37135303626 1228.9600072575633 
8016.763133078669 603521.0090535774 311.58882464103147 
8010.21944583987 501678.6349975316 1371.9353625372028 
8010.06361423341 1732203.8176549072 3346.094512521392 
8010.313137212706 337008.9360045089 1074.8448723532242 
8010.474328482614 2473548.7991583264 787.2540678361072 
8010.359695325006 325541.209115556 917.855016993873 
8010.163695518926 699056.1815372822 1681.498639911405 
8011.534901627198 141701.3855257452 496.1695304887187 
8011.147654456217 521880.0002159078 438.09585779125166 
8010.228433806693 3362973.3067544885 1336.5552471604815 
8017.594957891365 353552.465781579 303.14694481087565 
8015.829450368628 563739.2503584572 331.11497149369825 
8010.503884528504 350902.81516504614 762.564283816248 
8010.776456303725 139687.28764031356 529.5583868850694 
8010.218327529434 546130.8423134353 1466.4410629328413 
8010.115655422505 1046351.9576739663 1977.4497253446807 
8010.1884454623205 751070.3345779391 1462.9781539808623 
8010.565973822214 236416.9891077947 682.4195473033678 
8010.105225519095 7101845.722727633 2573.161709660348 
8010.067336016537 1473592.7252687835 2979.892920794562 
8010.555785408089 227851.94742685038 1037.2059884741402 
8010.242528670776 620113.0088837277 1268.6529944393142 
8010.609288873189 389133.7374405958 643.3527469748551 
8010.576166610492 198354.25150402475 673.5166360363783 
8011.946705967997 177204.86205532722 363.30929942024045 
8010.650578500189 164401.85543076953 611.860280551938 
8010.717252241707 960981.1855601401 582.8516850408039 
8015.663996164876 2093454.554231787 353.3474765629625 
8011.7537992923735 366291.0134634424 376.6918746979473 
8010.020442620227 2346833.0757325254 3674.6235601403077 
8010.447692339572 269388.67525920545 1038.4152737295005 
8010.044648532533 2062412.4532134566 3920.7421695178905 
8010.056769526238 2035341.5452061393 3580.1947850649285 
8010.0111765268975 9044050.946353184 7238.036723776492 
8010.061296914337 5098237.112460471 3348.7094652404476 
8010.009698302207 41595267.90960859 9547.379524855247 
8090.263972897856 13440.433629872357 18.932862211821796 
8012.998023715733 15463010.59359885 440.4116291126703 
8049.623938833585 48179.187202616486 163.56638222611048 
8018.701641870695 73452.88391866467 407.71263379250024 
8073.811149637319 993425.1836170345 88.32241921104497 
8010.022164541919 8639833.56572498 6749.234027160988 
8010.01784560754 7632332.811424859 7671.415352162777 
8062.625999061477 139933.0666270579 108.47849401772724 
8010.023272677171 3433806.45186041 5239.219692267307 
8089.406144653454 725559.9377197351 50.12789821215382 
8010.024416881442 5879811.730038198 6930.742817903202 
8010.0676898459105 1495372.6281557777 3040.902897128581 
8015.078480927923 18363182.214448813 394.89905100747615 
8010.048228031937 39799382.00945462 4024.097742362853 
8011.287796065815 572575.1851135714 473.86818447285293 
8010.1155713092285 2977776.917815573 2222.818391149342 
8010.035409617719 2611503.5592168174 4466.556113129502 
8010.374191782397 379046.50261057355 980.8304695425863 
