8009.989825358415 1469003.4830143193 4429.100308923921 
8010.05981481099 1694086.4822346114 1030.24485141985 
8018.228271951654 23912.337804219107 32.872997468663335 
8012.211960596186 47065.33093983621 611.6485576623131 
8012.830360229719 110852.7936423376 145.9613065991026 
8012.846097308532 46805.72800665309 272.3833990021712 
8013.057569444787 44150.8554504709 319.8553685484051 
8018.143443391356 19667.215662103794 68.61864452467199 
8012.940795169405 51607.881407260196 202.01439769896436 
8022.545631489997 18085.7880698782 32.18358670072873 
8010.004059406585 754427.347857691 2845.924338284135 
8010.0329640834825 810097.5893829255 1613.4362058527781 
8015.19484575448 270244.49236325844 76.12116530449757 
8011.951023166215 79642.29373923213 230.98153315461843 
8025.598808038204 21438.16442048549 15.260620378339146 
8016.375824269979 69010.89069503479 60.04140789361657 
8012.348541042878 1957385.259949858 323.23306452641 
8009.990867162326 1083922.9911384135 3046.2680571713154 
8010.292414322283 137936.5650762709 844.1419153109648 
8010.078561920712 676851.9912627396 1035.7652070565414 
8014.460827793908 25913.13697582335 146.69547470369412 
8026.787000335734 14856.588480010098 26.799485630309825 
8018.644815671167 50133.5009119785 23.303905030001157 
8010.341901921263 62203.32573190892 767.1762197750717 
8030.334760401343 13275.418333201014 16.385560200959965 
8010.047272348063 17498354.58004052 1280.9003127246317 
8009.986242500723 1993891.912856603 6897.224131080133 
8010.028234618158 433810.01703767636 1751.6312708224361 
8027.715880227249 20683.53098226293 18.769442470037767 
8010.004916778449 13329507.229897426 2741.94668138711 
8010.0926237616095 207118.02293327232 855.337438908763 
8010.0083099133935 1083151.0728016407 2422.040470499335 
8028.627013183768 12612.942611872359 19.829434884573907 
8015.148208648404 1801353.0678304129 138.76644535061706 
8018.798145699623 22954.09661333067 48.376173202992675 
8035.795148369468 13609.761422602014 9.655155172901685 
8009.997159867005 889166.8452718445 2904.2184296279056 
8009.979619664659 3183869.6828693165 9006.28838377137 
8028.464601868252 13151.436441789107 11.650180060866312 
8010.023243383144 792798.4170595021 2341.386533720135 
8018.026823190759 21142.928549028184 63.35939953279312 
8009.979468533155 2990619.1771903546 8165.113942005835 
8021.318982462733 17808.181076102872 37.47312141981045 
8019.466413847456 20830.66666196539 40.268194808888474 
8010.381139600513 359690.82618241303 407.7677219956822 
8010.223572294988 3635809.379865151 1200.0350477060538 
8033.529968862665 16734.660187769983 9.279444574973956 
8022.52361965979 19668.272648520546 23.445353590954426 
8042.123445853592 11128.999593612405 21.895340371945142 
8009.99516944992 933138.2646895509 2890.8799365718696 
8009.983906577747 2334036.272713724 4538.838806335396 
8018.0429586804485 235913.06088209336 34.7651749022038 
8016.225509456377 118328.18504253606 74.83250976021039 
8010.178935528149 138702.15924642968 619.3834508447633 
8010.1394894919995 203252.84323317485 856.3119216656112 
8010.026432687773 1736779.2238248307 2210.538752332205 
8009.980808665559 2809159.1436648197 11599.178908175396 
8020.864630463719 16544.24035411977 41.0920475287005 
8021.606740558941 16660.36366895467 34.149033231306376 
8021.965551420526 21325.391353029867 32.66859701671591 
8010.026487207925 20567816.83551395 2220.8966507693654 
8010.005727771249 757695.8731109363 2474.0607113879923 
8020.509139230473 16610.21894168782 54.65615851417127 
8029.324213503578 11856.370754407288 20.43100206408711 
8010.670944019559 407764.75819343084 488.9152448283454 
8015.185855465759 35040.18164648315 84.2174115056611 
8015.902673225484 30143.961865238176 122.59043288134373 
8016.8116220727325 27826.267056971716 71.39437666273767 
8025.128050664881 17839.52209783507 24.4379753979079 
8021.997379601401 20612.18077503691 27.87905455974915 
8034.229695309493 12753.116217145818 14.232673388500425 
8023.969847951845 16273.849641985977 24.16034348729782 
8033.06662155967 25460.3623876535 9.888580582535342 
8022.2318837844505 18687.12226993356 33.0172534539353 
8017.107472606927 44231.23811895517 68.79496022175425 
8038.416640255023 13306.391031446225 5.541235049661173 
8023.056627769373 19110.153584617157 25.40632891274875 
8010.027616825137 683553.500706302 1718.9044389804055 
8010.083554755105 407867.4671380046 1086.033153649451 
8010.067150099206 1330007.281332747 1409.703146722291 
8010.153724146454 1662733.743505694 813.966846279033 
8011.13420385923 721229.3125268881 262.55050273099516 
8011.78667699879 510949.6702013567 391.2269928092932 
8010.0274525891255 893316.4554922611 1980.6547412122418 
8009.988531594658 1553157.367298253 4084.609956770041 
8013.83881537177 79217.84510499562 187.05871564969414 
8011.1177222229635 482486.09845837095 413.45310958353934 
8013.829554020562 25381.82471232102 219.43771580508616 
8009.9866933270305 2289137.814768653 16411.13765938372 
8009.979513695682 7927233.857122342 10709.764327543135 
8033.770969180292 18712.699043839017 11.580239778775558 
8010.0144755465935 23520618.821856167 2670.8052263613863 
8040.851007499683 46485.534226079115 9.075257825651848 
8009.9835519607805 14162031.44942696 8320.844205835507 
8009.982317106947 2823993.6068328964 11623.528242497012 
8030.331131624189 25986.6997603197 12.080728195591465 
8009.984924207483 2803126.9528082223 5551.733587498158 
8009.984336009391 4702498.814339373 4773.240786637525 
8009.99131986783 6189362.51916766 4021.386691753813 
8022.878163731744 39626.064713429514 36.352962590205934 
