8010.039934116703 892554.5185325434 2447.1315017678717 
8010.065580555095 693495.7164477333 1948.7991645094837 
8012.689577579767 173159.19784561626 258.2233672895357 
8012.054268783739 517507.02676901466 323.8058367862623 
8010.096275617901 726990.8313557045 1430.488173638871 
8010.347096554506 1592371.1023800792 999.6845001857861 
8010.02977106377 1138814.4266290346 3031.8154578406625 
8016.947848300832 26828.882507207385 115.60513366590175 
8010.435499874289 1061057.5553816182 909.1763227296791 
8009.995615168197 1502290.0277807645 6630.6962472753885 
8010.612488589661 1184939.8461900288 683.598791939273 
8010.015940099618 2782533.442366168 3345.299594410667 
8010.066923628085 590992.5573906922 1817.6977503008009 
8010.021280336423 1355462.5640477014 3942.740478040486 
8053.864097658831 6123.242350841384 15.894911086456666 
8010.03565949275 838434.5782664127 3750.7707377695015 
8012.1436482396175 662888.0915871338 317.9229411413131 
8009.990769310106 2861208.489621421 5184.8548262311 
8011.662259774799 91438.505901154 340.41701897831587 
8010.3365432626415 188730.47985441782 1202.1805920932215 
8010.372982740115 986277.2902776061 1140.9551714721028 
8015.499102218587 419316.0678596978 142.5935560192431 
8010.12798481943 1311959.8863002313 1388.3140676854598 
8010.585249202561 914768.458137835 742.2680436385526 
8010.529160478624 256499.62359807966 1032.1797586790178 
8010.08333415109 506386.6627104366 1572.8626344133766 
8035.405712547345 57336.250181894015 21.885103108829295 
8010.0309168535605 1223429.3520951516 2935.3481593434853 
8019.651694873117 13166.34857472272 68.30625261427583 
8009.987952044178 1452196.9403734794 6742.854502201601 
8017.204449338398 23474.900513284076 99.2945651477797 
8044.706774922427 1035463.4685579898 35.53602708049543 
8014.1907231295145 100474.76327935563 191.40311526829908 
8009.987169281392 2346853.6526666535 6216.505034408816 
8034.183494990674 6844.9661207265135 39.17068715081508 
8014.910507146204 350964.2671043895 181.11256248344034 
8010.361715906509 2791186.399671677 924.5709600207131 
8011.844055634196 62104.18301935552 344.83579182265413 
8012.632944579123 91765.35107592192 257.55117584524595 
8010.618558029134 982573.918706265 677.1974308979435 
8010.477651282148 338103.0579218424 811.7571408964108 
8014.0850096203085 268595.7543815784 237.35552347902765 
8010.2939854962415 442740.02680073754 1471.8264491154582 
8017.718250568212 36054.27570654175 96.5442882770144 
8010.021171070845 1482129.8679125165 2952.2034803445813 
8010.003855083854 1715575.4950761625 4444.909285199425 
8010.074371755778 534607.1271948001 1730.3196645340872 
8010.059332879143 728394.6924081879 1955.3252133194173 
8010.050429234248 1584168.8923736515 2346.097517965163 
8019.487260031312 20417.714701432626 105.7397684734841 
8010.003046930403 1344780.5507531718 6217.900953760385 
8016.156025231332 928766.2446242593 129.47179538838407 
8012.984003014875 141009.5637930695 256.0017832050227 
8010.043904296864 101204441.08345018 2396.985365175568 
8018.575043033619 35845.42961459595 91.65581686429815 
8010.073634162323 640755.1236601635 1655.3805676014472 
8009.978238466565 3940343.3224429446 19370.18400702189 
8010.001670124426 3966477.821514112 4534.793494504762 
8009.992332071319 1685156.2132397462 6198.982632056231 
8009.978947050849 1749278.4456998077 7311.387688337312 
8030.760955966571 9435.783408928497 27.171872391383587 
8010.034689478387 767242.1820864908 2495.6074531756494 
8010.034589755713 2494656.1650277455 2906.733028036525 
8009.977540450751 27356236717.039173 131617.07895430867 
8009.990246519694 1191423.9213161897 6904.579123898401 
8010.295604735649 744278.3748304477 1424.5420862774188 
8015.116067997342 47337.82430004259 146.25089491882912 
8010.010114170256 1448983.0753925373 4059.5918812775963 
8010.585519103239 177356.35256168316 1575.3506424846632 
8024.175036726751 34589501.59211983 310.49893429050644 
8026.0726283495715 10084.226680482754 39.99599941568632 
8010.630470726508 654365.9701048096 695.4123425780289 
8010.581603643623 317140.87555869285 1003.9327788979591 
8009.984527688723 1692178.925294609 7169.367724202659 
8014.565897356071 91948.79968678637 188.83545576143473 
8009.978503193173 5976646.670229372 10774.731230907078 
8009.978274951544 14849328.193070473 19124.939048917764 
8010.062062292114 726253.1345462237 2096.096995901912 
8010.3975089001015 380747.7752847799 992.3259334712586 
8010.029267227894 1342145.7249394963 3005.5246640879477 
8026.45564352657 17446.739124724565 37.94849991504999 
8010.440066721751 495836.2132952931 902.4091801008565 
8011.842597991665 63006.536929294096 359.67212797585785 
8014.325077531586 37553.861786321 208.91024142394883 
8010.731518754134 94694.98398237056 329.0283041612463 
8009.977617190301 21227864.06434997 18869.21398487004 
8034.634067280041 50700.9365898415 21.9521302166267 
8010.01204589772 9602420.035459908 2812.3950731251007 
8009.9972307864045 14259421.029151227 4536.642587574028 
8010.007061275439 1453252.5239823346 3360.755822566984 
8010.0038481677075 2719465.694103957 5023.021008008987 
8009.977536608615 49814795.23663672 19625.35176037342 
8047.550709385307 258171.81987678635 18.31306404072453 
8034.37981127402 8225.954293512892 39.431024077491315 
8009.980219506453 9213264.954241322 41412.52962369133 
8009.978308064594 479119351.1998252 29560.261505786744 
8009.991302041884 49432885.946731135 8106.76758351493 
8039.08426816579 63743.66943844832 25.066765658760737 
8031.033760389822 43679.77984065686 57.820441043170014 
8009.980954066554 2659031.0167189846 20550.781711698703 
