5393.948541838671 4791964.350162381 1600.5156575855076 
9178.269975338902 318544.9224987343 44.268688955875106 
9134.745496776397 323383.6809664386 42.16285150117126 
5385.625041702535 4173938.4020010224 1737.9121452293923 
8948.978161996281 327795.5799819722 55.051120998539275 
8201.435648584187 329170.6225313303 61.76316824174154 
5394.39496190985 3980806.7584010046 1586.5978719195111 
5448.139400432268 2452721.4425199702 1093.0412666422199 
5461.000266535569 2218295.4022665685 1134.536586579972 
5536.452866397883 1697242.508496988 1033.9101370066246 
5421.205894153936 2779057.1131801493 1330.0577120745559 
5411.117685672102 2495237.846625341 1386.5800560609428 
5597.022309518662 1789291.711412864 882.1253371461412 
5406.662740614853 2619060.163541008 1435.8813553508214 
8020.377888585681 335874.6220426172 63.23436393520644 
5444.461867096272 2296240.06009677 1197.6485021079761 
6087.253545780238 884726.8906655095 368.3372913227508 
5469.782259792264 1949295.2271163184 1061.570627706546 
5622.850815154853 1581771.1665734802 804.8484026983424 
7911.622213932117 342501.0457716283 86.95765865810351 
6053.3486640200235 684041.6181477539 392.62055466908896 
5400.394717566478 3788408.569773813 1485.5232806552556 
7523.582175130917 631310.3426211424 79.16033759722046 
5576.634246463387 1588415.2898665015 921.6742004357582 
5717.075597929732 1257041.0763328567 686.8514176689783 
5424.318968618152 3853491.4853612706 1291.2131730870192 
6267.935359819308 571125.3433803037 288.9995529521241 
6914.6178500771675 364565.73586838174 137.68210502285336 
5398.441275032908 2904154.6284682183 1518.4489714048696 
5778.042119669113 962857.9937136123 571.4382948101572 
5527.761573609987 1815793.6686947276 932.6076440846592 
7106.998662959558 395264.4506924446 96.16007565411674 
6808.487063602559 374795.46433914057 117.89888592228463 
5942.334481699589 795074.8024518581 638.9858791537453 
5517.570566202497 2055667.6616111733 980.7640279513754 
6186.062434160107 792588.2527332997 361.5349332564029 
5402.120382973831 2754672.656865217 1538.5420033974813 
7282.992168391034 343132.87238845014 114.40804436872848 
5874.486521587679 938428.5654351092 478.4965756389911 
7781.833897974013 354536.87968932354 81.12506983415726 
5417.451939317326 3100665.922645333 1313.25771505792 
5392.069233926539 4252824.761202642 1625.5322973714574 
5642.926439154661 1488756.9081290462 844.2168111377274 
5438.079165939433 3584431.5146092456 1189.1249235195055 
8150.299722578632 330802.42568919325 57.30637180817137 
6666.476995321563 450904.66943975264 165.21986639280146 
5400.218865599505 4666457.252331894 1499.8311716177295 
6343.45969109787 545913.9853611976 231.98003008620123 
5771.365407623924 948838.4485681837 609.849325305142 
5743.911158696209 1015182.2827870911 703.1874662182257 
5395.765037324974 4510347.112753177 1552.3599219568287 
5433.778089256611 2961094.1077666087 1223.4167001995716 
5698.118685970051 1337208.0289942643 733.6200211324249 
5397.23888993667 3426312.8987893574 1618.2745640089997 
7395.644488124724 376208.5119395258 101.44366499202802 
6431.865125993935 485508.6442113868 249.07003567168834 
6581.614021143133 419314.4690459238 170.49864200191863 
5405.298608941722 3184541.7919485522 1427.2213837082459 
6307.459229099113 566503.4533804229 263.2420673070358 
5430.934199355838 3289156.893641875 1244.6417424437282 
6205.812486947054 655563.1318777117 338.865226401734 
6375.171638382138 503999.9966862 294.6909971925477 
5992.064243258782 760038.6342187973 427.57690095904735 
5663.704457509842 1158547.0050083722 772.0603043990643 
6030.504696645772 740403.7300519345 452.79711095183825 
6207.801978612333 758368.4766920727 308.6159886736089 
5389.626479372275 4380493.74569231 1657.6473163623361 
6547.153193354468 455723.31293684366 184.45193627362238 
5728.081781918387 1407687.3780843532 645.6884142937248 
6746.448990892746 433520.76955467666 163.83505536069447 
7588.142071886441 368067.940250776 81.28385070961728 
5649.231021468181 1290675.3653929462 857.3281840320311 
5753.753184832484 1323770.7579060216 663.6856097332047 
5391.668670487235 3724308.132084172 1693.9866867592814 
5645.963208082812 1519718.734025131 779.346189136733 
5399.737345123777 4564701.224311005 1508.985724154732 
5682.928103263515 1110193.0119239113 747.8155139490161 
5479.161155528977 2209850.676838813 961.7533748964904 
6473.9640937170125 478934.68300600816 205.05666287729886 
6509.421787274199 476276.3291591912 215.3904838255011 
5777.883563353806 2162301.2134889737 531.2121778422944 
5559.67735502184 1446462.8228821214 950.2355321598108 
5442.001073691029 2011436.418167448 1287.647440559577 
5466.079925103946 3696646.0710734976 1072.3646276863162 
5672.910859429065 1681814.7847071358 765.7476144658754 
7670.184963354916 365565.29760277615 87.61856403426918 
5516.241550418469 1432997.9215054412 1266.3285103244364 
5392.577002716591 4745730.455152509 1611.5362169575646 
5404.680174807589 3643583.792467162 1414.4997028493626 
7461.822401094305 371789.0015168265 91.41370072699216 
5389.847160925936 4360372.900005184 1640.3978816994183 
5857.068335324645 852630.8030630909 505.10410302293263 
5702.547641294552 1062052.7912869637 756.2327527002526 
9049.416698155319 328712.9898990198 45.24005877209512 
5990.173446894844 815934.3499043855 472.926624940871 
6752.931815386535 377681.2258401732 143.32454761989075 
7068.498859069644 402359.5740920512 90.89434579484823 
5396.111893530609 3489944.2086239317 1617.4921743666164 
5822.093067386315 851524.8955697973 545.9077846304697 
7723.141342027718 363656.1941396703 84.99037504927549 
