9000.053536637317 357487.30185416475 72.71159012386552 
5401.108521968759 6145497.746356132 1898.8022314622501 
9043.267196089835 353876.5719475586 77.04897676711646 
9044.143976133928 354286.8310305979 77.04248719701702 
5536.25767029702 4807245.788026767 945.4884209437878 
8952.117430499788 589398.688575165 84.47543119254404 
8107.615856015154 357237.2126087694 87.0454483956308 
5401.722396032684 3246602.174227666 1716.0230361034166 
5408.139855816735 3843187.5437286645 1617.0736226555823 
5407.216803258947 4494259.244148041 1674.4908271312759 
5521.345538763618 4194279.3839872573 1013.1706442613958 
5543.968331961156 1973731.752363409 1383.127614537157 
7188.461271457787 374316.71615689574 171.82501990776217 
5447.63739261945 2420837.232148763 1290.4137882465072 
6951.727595720056 378922.6914005336 149.2464193409526 
5407.07913259797 3499751.0243530883 1712.5112063944664 
5409.2504257223145 2671919.252434641 1524.4120350549665 
5612.971925018852 1776929.3153773712 909.8683857010319 
5513.51211672784 3577885.8464203225 1082.173699114522 
5458.0091542161435 2361701.985953481 1252.852493656281 
5435.742999543261 3008428.4688095516 1398.3158180983683 
5503.377274354492 2898882.668832585 1113.3928418511493 
5837.8498898222615 1139592.2797898932 591.4558326684858 
7284.305729562986 562705.384561128 141.4320398510666 
7954.297955036409 372607.1602219726 101.13612694653405 
5536.95392885393 3106533.2107479176 959.4992940554181 
5520.51562562369 2252984.8664035993 1062.2413066398324 
5531.4939114850895 4718337.47568739 986.4848323238297 
5802.562667855282 4625218.457699075 636.7855404364783 
6056.912682807271 746853.0171694676 415.6330275701754 
7762.878123031066 433002.9830737843 110.04899442752952 
7437.115331398565 442078.86938998656 133.00526905528855 
6165.318894859896 1526732.483168398 365.0243260595731 
6558.787442988173 550139.8505997525 245.78131659720134 
5631.041099950133 2460619.1059138514 761.4198177456558 
7347.582826796668 515064.65294822445 128.45775269824867 
7498.040171761675 399300.70956319006 127.6203645752092 
6705.596712884793 436289.33270271233 186.9508286077284 
5642.141786104265 2045360.4546344916 793.3826461306421 
6019.516584993533 862017.9338686005 460.0151499558592 
8061.3090357960755 355304.09200177813 89.32483806614653 
7616.127132921076 403592.8712790219 126.81708027681213 
6919.662631943631 398336.07909551746 160.0162201003707 
6674.1462625544455 514735.2662329129 217.91084111437047 
6183.026752449737 1212012.1192863993 408.90365415575815 
6221.723023357353 687813.6138382324 342.8061971040232 
6800.546049451278 390503.79418703413 160.8006842388308 
5508.648028087928 2130582.8828868293 1473.2107563115965 
6055.069388106762 805676.624408663 496.21093773877897 
5419.222715961377 2540082.2452758667 1497.3632197856803 
5520.233934896538 2149416.264343833 1183.2617626594192 
5807.41844315306 3706926.311423508 657.8626609910168 
6446.142442452147 659178.6701505184 281.8822098998581 
5552.300656466778 1574691.9842002578 1211.226732723815 
6264.065302484169 1077425.7574205769 320.3308571871672 
5575.424354335717 2703444.831325754 851.469909848088 
5563.056135945225 3747529.524359325 881.5192658151876 
6494.73256021935 597501.4243346559 268.25715477982556 
7705.864738650619 462761.33030266117 112.70527564129519 
5675.266675190077 997246.1118602785 817.9221322461052 
5563.136138313246 2601383.1381491222 864.0529423136736 
5543.7284059568 2099471.9790798835 1019.965589136614 
5583.21581396335 1320749.5438129893 1143.3738756764435 
5869.266632147328 1681595.1426885384 555.4002574165225 
5533.59653464332 2022732.2514369178 1431.9246854506828 
5484.481359005532 2760342.558335369 1159.3356022436844 
5413.185816864602 2781183.640189793 1508.5031795423918 
5811.378754144626 1090831.135165865 632.8769688226893 
6288.684193033076 738471.2937216894 336.0021243128896 
5676.166733194156 1030097.4538163566 728.0845193916773 
7883.853694253098 388811.98753227585 108.91315749615028 
5990.692790688274 788421.6142736638 578.3076747160568 
6392.224136996598 589839.9614714427 292.14995258068234 
6613.901741204406 489385.5919413644 222.35022450959858 
6326.941021281631 849208.6200092764 307.3511177879708 
5801.2460236861825 1453676.2862413893 679.3939466688142 
5427.47906673229 2469466.7919938643 1419.790866028543 
5747.800258879712 919921.757673575 685.8451825030527 
6193.718127639411 743049.9309849736 371.580311093616 
5861.722857771279 1256373.7803915704 563.3125300629459 
7664.325435750656 415152.3549950971 124.1367556976488 
6761.827000863618 420395.0957646747 166.38735920121522 
6346.548958031318 873035.3551045817 298.32945886122957 
6123.6534185293385 744974.559907695 409.82083945791817 
5880.080837316362 1366381.0730173124 545.8637706025282 
5638.714771128938 1625795.238700275 968.0654657950585 
6570.264759697013 489820.7920557754 226.13437236148454 
5733.816830330769 977051.1717354804 712.0240597409147 
6460.791203262784 599785.7005242247 272.23632762834745 
5552.5398345067 2888505.1313404385 900.0974933860381 
5965.678927033869 975243.481932389 468.54558420632975 
5916.547195006513 1113534.989590663 528.7493863828691 
5532.519402384068 2273079.543267886 1004.1094784077579 
5773.318309705544 1296534.4697068161 684.1548275876825 
5669.615745746269 1430034.0635748701 895.0149713868517 
5706.178832732296 2033466.5455776204 716.0949622605849 
5512.770612738886 2266586.159654695 1239.1797302303353 
5941.535795211235 969369.0829734217 515.0246386741179 
5543.048142099463 2682186.1544887666 924.8952852629985 
5582.772205679485 1396370.7800089028 1169.4588722974033 
