5899.232028183302 1632631.8667325836 912.350400925038 
7788.891708271847 1236261.8745441241 465.94222484304976 
7347.402245224866 1381293.1001951108 375.75049630591 
8331.930592627601 902705.8226905918 425.6692278854232 
7072.916874478957 3128293.471270617 480.1925974682873 
5665.018974798246 3331770.90181181 1104.3734953795763 
8987.168100023313 1402754.769552658 352.4863789380336 
7239.545639199045 1129069.847454106 480.59559448977444 
9949.993384410214 667426.6366312279 207.19348120045558 
8320.829063012445 1035618.3265660608 437.0783229294131 
5896.587652681361 2653452.275563824 794.9038525945975 
5503.9279837430195 6012482.108752447 2303.93688534708 
5741.826265059737 2635852.580351747 856.4350416886109 
5618.384782917805 3230444.5248208344 1288.6666226777702 
5952.2025830223265 2714462.1325872145 791.783077085637 
7164.988853206593 1287335.5120219716 384.61060567630716 
5698.09974406398 2151018.1617374266 1144.897206909872 
5594.983492372578 3280290.079279943 1427.8548820810963 
5953.159729882052 2443380.85843114 679.6661419520993 
9618.795695049983 960972.1781205955 309.3826258585361 
5564.280994856513 3628791.0919226073 1452.618156868911 
5667.149154613972 2952338.9347941335 1128.8246621090989 
5605.302570699859 4786014.306780319 1286.1386201184594 
5803.773179921232 2239212.414568793 823.3434494099643 
5676.0667633521925 3044787.4450860154 1073.5616257045756 
5660.73308427893 8293214.4107189495 1129.3390122967369 
8583.160002214312 1542664.5095408652 372.74521613202955 
5671.731051647187 3270820.749766864 955.4657743299599 
7883.243592981218 1076494.3376471596 492.47917004365905 
5719.457095643262 2860804.0684714117 870.0981194991812 
5601.441039179614 3742480.71475811 1316.2019728678806 
5923.002444095198 1562348.6538706496 895.0079014611078 
5621.6688790852395 2502064.804575619 1321.34087261983 
6095.10088310875 1399920.6035121353 651.1855931643805 
5713.581495306128 2051845.06061201 1256.5634103075317 
5699.233287721023 2593022.148883039 1097.8468489709176 
5500.749914404176 6156113.874373156 2223.936697256738 
5924.027918980366 1815533.239264941 859.1497882617895 
5529.009646266331 4499423.343768392 1929.791219375642 
5526.738167557716 4897490.312937811 1917.5951955016421 
5707.326878929004 2371287.7579182624 875.4776022345776 
5583.290636513835 3370165.480356287 1724.08224232989 
5702.398673319363 2634126.0322198663 949.1077115275447 
5595.967907892737 2656425.069729698 1419.8611373266829 
9264.47948904791 999947.3309253968 375.77196703872363 
5658.58915604896 2854204.308866534 1144.0194875211432 
6606.054125744842 1241761.596835975 495.3610967722046 
6366.391128672432 1398359.0598488695 625.1518031786537 
8476.29385590882 3323284.2750485106 359.15169735270615 
5876.840281823489 3046912.0479608653 767.9976171884533 
5591.33153127291 3500050.9668373116 1484.7099139696309 
5623.309674448528 3071717.004655102 1203.2837869832783 
5522.754760345826 4947711.17726222 1772.881156011203 
5677.811481933219 2965308.6305890502 1025.702682679606 
5969.776154451478 1387654.6980395291 651.2618952060723 
5646.387261874478 2145964.769337223 1148.984073561423 
5898.822716707778 1614598.0145025197 924.4824605942019 
5506.257624112854 4100180.708846773 2197.2636839134348 
9618.795695049983 960972.1781205955 309.3826258585361 
9618.795695049983 960972.1781205955 309.3826258585361 
5530.641771975529 3672414.7361098924 1557.1340282689343 
6490.768373228353 1192510.8521556733 496.9222958618337 
5694.43006836875 3184782.6694705766 997.1186910369725 
5760.79040233335 1671390.2937715496 863.9065387130277 
5535.374259624301 3522221.0275377524 1769.2785976763414 
5700.99476502395 2100903.1481157662 1117.5379198303506 
7098.884485411552 1434796.4396311874 488.2463391634477 
5807.250901074962 2250800.5638247915 823.2547155658968 
5627.922333295757 2374918.672516253 1238.6669003130469 
6134.643219345608 1609341.1809986392 573.016443806496 
12754.988321598186 1078084.1540777576 208.17644101760314 
11048.762626364456 733535.5696697952 210.01288799289657 
5602.934483342531 7346695.293672582 1443.5821383703785 
5531.873526007136 5970030.930395235 2246.596500357609 
9884.009672847968 1022772.939652039 318.26420418565345 
9137.523752971963 1809173.8328243128 398.11145436180595 
10438.981472543659 1444481.3528985665 262.26147298972535 
5717.405263360567 7334264.4833488725 918.5172967793111 
7936.482982847488 1260342.719389296 481.52757098972097 
9294.038306831855 1099732.3001491565 378.2919669347375 
5545.554780274387 5157333.485487835 1730.1396063258467 
5664.907854469575 2505504.1008204734 1329.1720347122953 
5762.791717390523 3155971.745762326 971.938197178566 
5557.545988024281 3759734.6636189334 1966.6134131859294 
5536.855450751784 4492076.308367314 2118.5013018098557 
5636.019114933582 3034640.541425292 1296.6858348641613 
6545.34564182523 1342227.5429848426 585.4146804680889 
5570.1063016545195 4157117.2393347723 1499.6348652200802 
6874.806924315222 1575276.0929141701 544.879271513777 
5703.075567576082 5578554.988096596 1150.4054473096112 
7682.907738083005 1169126.5370309588 500.8817372635187 
5532.273766541246 4630195.1405378245 2137.631182778947 
7314.665917863114 2305787.915180078 459.580408962863 
5906.28060430952 2226533.740406417 898.0287708344163 
5724.0055244920695 2305319.1077805283 1140.739901444062 
5568.776345705081 3650021.5220139553 1601.5833450289163 
6859.4748586434125 1240725.8195192004 755.3349635453231 
5543.820976976822 4825791.987371864 1765.7595445187133 
7425.116363337985 1446972.6113043004 472.87895355850924 
5544.4169645013435 3854142.6495688614 1893.7925054429081 
