9304.141971833287 428903.89986 90.8206730850332 
8034.598350384791 415538.22604691883 106.46795113442367 
5416.577791069625 5883231.525071007 2001.4860785143208 
5429.651924755961 7343475.044154111 1797.1137176714906 
5419.5635161281425 6492798.805949021 1899.5691087430394 
7119.077321968077 480264.6111239224 156.0588501972911 
7060.831057453531 542847.9342407275 223.92574329725915 
7534.46873251615 467301.0460453753 148.71487777662506 
7942.934720486368 541327.005502188 120.48651968420896 
5424.631689157101 5979834.524083804 1874.115737801423 
7581.365182218682 442069.54967161024 137.55610414104424 
6775.072286521356 647487.7506454886 259.9240799610076 
5420.080878349435 5772371.049565999 1949.9137258575454 
5454.988329606984 5346104.529602881 1433.9950994543074 
5443.4678994996 5056978.821137354 1714.828802294107 
5433.287034162126 4688856.329338317 1743.8863324311894 
5440.573460371126 5076913.407001024 1703.1495729127455 
6612.463763587565 609154.6068981867 335.42089819652386 
5434.260624553044 5574946.091738353 1733.2153025525256 
5571.96698462622 2646106.09868918 931.23004228466 
5563.339233196779 2286243.3906108015 1044.1323248457536 
6718.090613133511 842339.6450629676 259.5129459204194 
5562.984401021843 3316579.1187343276 964.2876468816157 
5429.091603121238 4240261.66456484 1822.5017650722305 
6485.207838139277 643760.9481985146 337.83298116831634 
5631.84674967998 1556737.0954480767 1014.2614434119697 
6630.639975874837 584845.7591615507 264.6270557532542 
5438.854632424613 5299746.433162887 1569.892574312314 
5446.157862935828 3933075.7342288415 1488.7870686908027 
5615.176723666938 1419640.3620285452 1067.536057995061 
5457.290024279697 3797352.365286908 1374.5860473386388 
6414.970592562549 717140.5569686354 360.8060748685281 
5491.625448087534 2942608.3373405277 1546.3927797386173 
5592.586327172829 1737413.7335727513 1098.397490627309 
5540.085593616368 3737750.3516888525 1166.2477191324087 
5697.739475517105 1533438.3804187665 789.3979602337192 
5436.170077961768 4033122.086628778 1788.0636475006415 
5428.379042036545 4560156.695168524 1813.2809119909246 
5639.151186789422 1613918.0348749224 866.221347462119 
5500.029740248388 2795866.9090566277 1353.821614301055 
5461.857731655229 3517635.3531026524 1655.536098577343 
5424.92000655472 4642788.6278351145 1899.9336335995622 
5663.491842674213 2409859.969362416 828.2284762443626 
5467.519709411576 4685879.47988345 1326.387861530935 
5473.325735172892 3545780.080795887 1589.7491394302472 
5424.302133805673 5682221.758635353 1892.5201372533977 
6146.327875828706 851184.667504193 522.6201905515552 
5490.409817952794 3227129.456891675 1262.9968434170946 
5603.946308956062 1555825.751348426 1140.8768679694422 
5499.077939023071 3072239.6011737804 1444.8037446407131 
5441.3193813021035 4406103.394106947 1761.4856229803854 
6240.555372842203 719623.8837944814 404.48203403760283 
5520.233934896538 2149416.264343833 1183.2617626594192 
5502.707940107935 4307560.693042757 1202.236428683215 
5633.984943269225 1674768.1846652632 904.862804957134 
5700.30950492052 1098727.0998622652 755.2159984897353 
5480.54560965213 3367166.2677075127 1356.6400590577737 
5680.549555033429 2850941.500954694 811.9653624015863 
6462.920963342909 692397.4314374219 300.7677169621519 
5866.3199845700665 1243742.160432243 605.1115922470195 
5447.096014975841 3877048.7078078045 1476.4869684183693 
5549.441670256277 1841318.212142398 1287.5357463715236 
5470.00647840715 2990112.1243545604 1622.4550752977248 
5563.430295468861 1887009.0284890896 1247.372456845786 
6346.721513633426 691361.726342281 378.1719828773391 
5908.734410935051 1058120.816895553 508.5808528894116 
5604.443036747647 1803035.698301469 942.493847399786 
6042.954301052416 933515.0373249201 561.6383434057027 
5554.3738807827585 1975835.2970192793 1285.9112520587105 
6186.38082966679 887190.3568003739 457.8612356393063 
7982.126630441988 444909.2136285648 111.7411928238117 
5513.692423730327 2510546.679363797 1221.966215818723 
5576.12953991211 2027420.6509083793 896.1045875086564 
5519.224251624731 3480493.9718747456 1221.062163402131 
5528.1761182847395 4135152.6550397472 1094.4942776042062 
5527.780918619461 3174877.0863526696 1183.0972526949877 
6090.410336175451 1001984.7609952611 477.27888188789206 
5650.438783333831 1150127.702525642 875.8990044456297 
5731.8551800631485 1175834.4900185666 749.500127923922 
5800.288766821195 1013558.8750039763 706.335691798995 
6190.067746323778 779580.7973977418 431.11070227599225 
6466.890524408887 687147.2771539153 292.26437860533076 
5456.9939724758415 3615274.2875222936 1638.9817050756033 
5475.699914022568 3632787.7489486653 1458.6213931353307 
5830.5373001133285 1003456.6577578174 631.2867686372108 
5740.1010174258045 1092468.0453825474 738.2007975574668 
5934.501079235842 1000321.255078422 536.0681727091924 
5543.109311816689 2434579.434325253 1092.666158676803 
6209.798712016818 781830.6118730283 425.9564027561793 
5430.661857209097 4413626.860492447 1794.5284645165232 
5823.852143240943 1083227.1193225249 658.2709676491174 
5674.533779932255 1293359.7231969454 827.7385637683216 
6174.258676424425 799220.0402820909 588.3417845288533 
5800.260039988046 1041408.3455684641 675.0388409079942 
5749.254988872829 1041988.5935975773 694.2924955637102 
5486.274934929008 2879815.8048993624 1564.5732625548924 
6294.908026926706 719695.0614401927 369.2865687785287 
5984.327940219997 948030.4554389538 572.1057576239742 
6281.962751018743 786677.7960635145 387.75017810039066 
6063.600194338313 895604.2979866596 482.83107706367974 
