8960.799076979882 356249.6363687024 77.03672151441644 
8960.799076979882 356249.6363687024 77.03672151441644 
5408.734346542786 6792909.856272723 1855.6597150491625 
5409.108890326343 4885478.971032459 1813.583728566708 
5411.259930445487 6545926.166304959 1756.2280498499194 
8100.632739102463 366094.8442257165 107.93119467883267 
5412.571787797677 4656045.518572329 1738.0871396873317 
5413.070186329227 3427473.7409718586 1625.0964032528477 
5436.57670704564 3604674.533753303 1485.4567574792309 
5430.835689289913 3962246.8430355936 1532.6358297230618 
7437.115331398565 442078.86938998656 133.00526905528855 
6244.877756947297 722923.0356021051 382.8423507083669 
6674.1462625544455 514735.2662329129 217.91084111437047 
5563.430295468861 1887009.0284890896 1247.372456845786 
5460.553886342001 2387951.387968545 1307.7892935442426 
5805.1122128103025 2272071.293709772 628.045045928523 
6938.728652475196 407806.5552001708 160.27963781408906 
6286.717669829749 710658.7341326592 343.73835592837776 
5575.424354335717 2703444.831325754 851.469909848088 
6070.957828103593 829123.5371469568 451.1114836290811 
5747.800258879712 919921.757673575 685.8451825030527 
7119.077321968077 480264.6111239224 156.0588501972911 
5853.940699071104 1317557.2713373147 595.1673201849659 
6334.6650005596675 664080.980208922 318.9358955233188 
5603.946308956062 1555825.751348426 1140.8768679694422 
5532.492877445969 2745578.067824894 1025.5832041315707 
7747.642201340341 418459.10930407915 123.96900071691769 
8034.109113018225 375014.0612483133 95.12980518604698 
7890.980470062033 370803.0683355861 107.89575444373074 
5418.666012950813 2939442.679942733 1598.9685784791611 
5413.046188122327 4024479.2775898506 1767.0432031224825 
5411.611087152946 4276619.8890682 1779.3756976546454 
5555.425222382365 3559529.9891078165 900.943245611669 
7301.338140125103 521840.42716833105 143.14452585617846 
7562.145967228475 436323.24670025206 130.2866264467585 
5457.165309628695 3312340.5766295446 1334.8480299484554 
5427.459970600584 2874366.038980325 1559.2824289127352 
5438.17583370624 3160267.7565024123 1452.5650879605935 
6558.787442988173 550139.8505997525 245.78131659720134 
5817.707007246572 1484260.6373066152 608.1018558090325 
5470.296580229886 2516154.3357868604 1210.9331896199242 
6803.5756314726605 511164.4997720899 227.51318703258406 
5410.762761969132 4468857.624821709 1761.4798972607114 
5517.525973420908 4338654.149457151 1115.53128358227 
6538.2111918592145 612881.4813979217 272.7710726075742 
6805.716661784311 423565.0757756069 182.2577607861379 
6402.468053714649 753010.2951573608 300.7246908194438 
5573.408452244757 2185497.5598679357 978.3126462341047 
5621.764036576409 1696317.3735088722 879.301549514677 
7949.203199830406 414277.0016957844 103.92040375786344 
6126.227608244226 730570.4304836321 408.376133894918 
7705.864738650619 462761.33030266117 112.70527564129519 
5444.218298374386 2997622.7031577965 1418.7252836616524 
5963.100068719386 1091671.441680914 477.8319039283096 
7188.461271457787 374316.71615689574 171.82501990776217 
5633.22165696011 1631974.243605017 1053.070231217159 
5719.6256311843235 1157784.6049090188 692.9122784486972 
6609.4344696786675 527806.0260664616 236.662796088147 
5615.176723666938 1419640.3620285452 1067.536057995061 
5631.041099950133 2460619.1059138514 761.4198177456558 
5647.938814749578 1060237.4713117434 794.2830937405581 
5443.317247282149 3209698.3903581137 1395.1009100380502 
7627.11922934621 436209.1163641608 127.79206214217227 
5980.09773800933 1014091.4709858526 488.32874915338687 
6885.7282219273 400803.91075059597 165.15198820017346 
5936.528094657594 886960.5839748449 529.400288874462 
6126.174519782354 730891.0171831115 408.4647196960616 
5679.492637959912 1210084.1270659221 779.0569511069174 
5520.233934896538 2149416.264343833 1183.2617626594192 
5651.239434730953 1242865.1913257777 721.1208389600304 
5527.214635261148 2612217.31620221 1090.9170733931214 
6452.26022368901 1038003.6880992923 295.71182465410675 
7277.174713485332 397883.6497906945 169.24895603230726 
5533.59653464332 2022732.2514369178 1431.9246854506828 
6491.279949118902 633363.4746594407 278.95561242670533 
5579.595138982184 1822292.0999334946 1377.4963860743105 
5551.955173704197 2990945.2235451504 949.1409639003763 
5513.3710038272075 2128757.8997063944 1466.7952263241373 
5436.677044687455 2842699.525754779 1528.7256201974365 
6030.143300285627 830771.7927117625 572.5186550464718 
5887.397885045058 951015.7093199326 552.6196978764403 
6050.789503710626 768675.8986332745 554.57004339706 
5712.797149166074 1231717.3713957118 737.3485025183497 
5543.968331961156 1973731.752363409 1383.127614537157 
5448.063855129751 3369357.40819732 1359.2598060724836 
5542.035323259372 2090109.7815148402 1197.9431693520007 
5581.020189224562 2142117.7090773373 927.0514228302607 
6012.039037554097 905408.7684520602 513.5074647056484 
5639.715569154382 2274874.3554037586 790.902837999222 
5899.728425161203 968030.2236685912 525.3960085987935 
5582.683023810018 1740926.520020612 974.0387114888606 
5459.014240407128 2821853.916421555 1357.503455643269 
5410.600670237052 4765453.575669812 1787.9251041792759 
5567.026258534622 2591251.526995782 971.1284245064076 
7134.969904684792 427994.72554480424 151.7461535351502 
5536.9244024069385 2526801.1490065167 1081.5489899093088 
5409.46373330385 4796074.63934901 1783.5816891925813 
5570.774450943065 2119311.1789372237 1127.303334671736 
6015.25264282127 840621.0973763833 516.9267268530939 
5411.38079216756 4717408.183004486 1761.0116618286902 
