20296.754028796535 451347.1519016371 22.231591349877377 
5227.0917897927 135107663.3536059 47547.28041682602 
14669.319400961842 311441.4659078055 108.37533190986537 
5227.1306335599475 91754069.47668166 37057.53227889978 
16145.206999105134 346315.8856125988 35.82381014370029 
5227.314951283532 50688151.57149641 20132.925927075878 
5227.179600065778 68527317.0879445 33335.810399144335 
5227.147905839982 87733730.37430598 34558.31072061438 
5227.256786272796 80695870.18840834 29435.861312783312 
5227.279055001308 74073126.96930602 27337.60115536573 
5227.31417651061 51066095.52146787 25328.319657419477 
12349.53309492462 347200.16440087825 72.71171351419835 
14074.12819757641 313938.51351512806 121.12523008581802 
5227.334039582316 110078293.21028182 28950.017187175297 
5227.359770711487 36071928.44944516 24184.557904240217 
5227.388368026519 38893634.20389451 17557.234157051964 
5227.540829697323 29345712.96595861 15996.972348573765 
5227.628880656515 28212029.529440638 14225.352535364738 
5227.728384712583 17221737.217439592 12664.270841823114 
7660.440888864651 600123.636531372 223.59134045782798 
5228.001535676544 13493183.571976958 9558.416295073908 
5227.488486859662 45324741.72708892 17655.37989613889 
5228.012048039359 11743304.108158268 9195.960112579605 
5227.639451386033 24325006.531105198 12847.753706702011 
14319.930642258782 319250.6356890228 111.51564828035355 
5227.756082094677 15789009.486436095 11496.63191298472 
5231.363400216874 5249999.251446439 4875.46111364397 
9610.219170958204 526802.2687108332 122.02315026341267 
7314.008697465925 637911.5513095756 397.12768274517487 
5228.972047776792 11325745.455563791 6177.212118586957 
11372.234504336133 336866.76916724263 126.88815294527085 
5943.421987320288 1182237.0993285852 489.34845144746 
9959.014451877852 383373.1926693778 133.03770136998128 
7955.143750659964 769908.9452099296 214.83707926522675 
11111.14386248982 350447.13870273717 76.98447023685287 
5227.534724843963 25708980.21283093 14483.631887427211 
12198.154177630911 315854.7641569058 124.38638223438608 
11920.749247673562 345881.68340535846 76.25713126438248 
5228.150474991864 10495927.415165726 8742.072794442662 
6237.477725427694 955367.5109043851 466.76030646440654 
5229.774131105877 7403688.509634569 5606.661789084067 
5228.369381605918 10611753.722444192 8577.548718398935 
5238.838816432772 5643507.779280473 2505.6633532831383 
10335.262405297668 380150.93952608836 120.74313675206454 
5233.766342897403 4670726.631461627 3830.1003202114834 
5251.320877714621 2657602.2667042133 1782.9030239457643 
8750.836638217104 552723.6037899462 160.5974880524501 
5236.911791557035 5644053.309333812 3291.435747469142 
6720.712611351151 697368.6118859509 402.9391543184768 
11570.85490871429 325334.1426038114 95.1491885267094 
10524.377012827797 383335.88826413284 88.90010776382971 
10935.153498006428 350237.40133841475 115.65116517984747 
5231.482818218742 6860935.585781763 4277.196663102387 
5246.332450674763 3223099.6291304003 2196.775335554425 
8568.642060030603 452225.2203245696 184.7917935895783 
8321.716579772776 459292.8830423913 271.45387712368733 
5282.277746761252 1943918.79098226 1283.5732795582653 
5230.198851215277 7028139.526735303 6906.587494889531 
10184.766588604576 422881.96770579927 114.7261183708087 
6547.663653054297 699446.0867940296 411.5866080596616 
5651.906002170984 889716.6248671355 634.2959448273958 
5438.824927208128 1080591.3685439583 762.3623782279474 
14131.567226071547 433812.7765244855 60.854416812475925 
8465.36886909704 442922.9058519589 202.1601813160223 
6986.2208064969245 813553.1236503978 252.79947509632666 
5545.486447141783 933518.2158208718 660.7189492734215 
5372.98365853344 1121329.6604998917 940.1991471689139 
5230.806961119396 5249865.994220322 5436.095151447666 
9445.951497047934 400160.8129764417 128.91697139602573 
9076.827046523345 391361.07837554027 251.53629098255118 
6468.006821413794 1305668.9885334726 455.97731268514184 
10618.255350930216 325315.72144808446 146.02612332094583 
7124.68498545996 706461.6542413752 291.28212043652695 
6341.1849390424195 675856.7819919593 463.6245929268868 
5232.489656781754 5767547.962522299 4243.533009518194 
8090.50139684259 512559.61555496894 268.26112172380255 
10062.028318581486 387410.2106753905 125.01341387686034 
5299.510274588647 1647464.761686815 1120.074373830493 
5228.893274077182 7908713.185316352 6517.40828999927 
5259.919393527696 2434149.2491398132 2035.2890808465543 
9244.187825529036 607825.3710043745 140.73088517351263 
5775.866953425932 1474271.6911542164 528.2628733927986 
10760.517613420374 350950.5205369818 138.87917119047864 
6842.985977818852 726722.4245178127 349.6476556966428 
9365.246427309612 408324.7068727546 130.67732715692736 
5808.2467025493315 1084980.0938153963 569.0942734933271 
7207.427983678248 677105.8181417942 240.69556567096623 
10822.891564527561 328985.4424452693 132.23428005616475 
5233.98841688627 5309909.19123314 3329.8144745559252 
8868.953144093159 424035.6770390081 167.45920970201067 
9158.693069967641 415335.77903466154 158.88175664856357 
6893.397475321242 698126.944664272 306.7369015422393 
5227.602312879821 26213010.919809997 15037.481555420876 
5227.309255428404 65989859.916479245 23153.13784465651 
5227.4769179590485 45746297.68058981 15773.020434985538 
5227.248116700152 61641453.10586062 31833.13537866845 
9194.318072402133 669125.8933159977 156.16194814230633 
5227.516567413149 39422910.85333103 17560.470230328992 
23528.646300952085 471740.87094842107 27.727858936605415 
5227.163530268945 177416598.21050844 41599.53231484047 
