32526.45454093513 487025.1727401075 18.474528378793075 
22492.25731642395 273008.9596522656 50.523874655814296 
5227.127638483492 59464393.88043535 34804.59538474159 
5227.2710209252655 36304961.37052176 23934.00831251695 
5227.2862290535795 32601912.397807814 19113.828400206956 
5227.350545566159 25889151.99953596 15976.240246458961 
5227.51144930972 18322647.15014322 11836.03967493503 
5227.390888662665 23406493.652104322 14862.861397831804 
5227.978278015363 15011568.893815918 9518.669661959788 
21228.000177754388 416530.2274563517 25.240666838682124 
5227.695643940199 18603838.18218799 10796.631179949858 
16475.85266658146 355830.98120387044 50.16012293092794 
18340.00205744098 293906.6948422314 26.14076466313032 
5227.485734866655 22865068.279767014 14014.92370188139 
13545.225967198337 303038.96381907986 53.05972708150781 
5228.20980679182 11829456.841154525 8352.253635946166 
5227.909538521845 13990000.41882592 10027.234230077696 
5228.849631868894 7028058.273327194 5807.913682552337 
5231.999907270052 7551492.9165218 7516.045813724171 
5237.318533554762 4840648.083673425 3486.4617089714548 
5227.9354368432705 24888532.277744375 9929.533812936439 
17887.250834076694 317300.77535988105 33.7399871525208 
5229.931867297378 9399913.333831849 5101.162237906414 
5230.003615718948 7411721.653722599 5134.942024314711 
5236.670891609744 5057009.022772877 3087.8485730222183 
5238.216632616986 3023937.073795584 2508.4238785274792 
5228.294927340543 10512131.02560338 7813.5659741977015 
10818.08338947442 314435.19818786776 95.51878215906113 
12401.16785902447 330251.9681423374 57.50447266530438 
11755.56385660214 352172.46652815945 64.53335144510793 
5229.440073241292 9671761.991808692 5246.819868114955 
5237.017883938791 4058586.5426860237 5011.451398323274 
17036.412848210148 302484.271882006 55.18052938143481 
5227.7226986703945 10296941.575474322 10123.577188052954 
10323.242669672303 320465.36630259943 105.22916480948273 
5244.87241860504 3887565.305473949 2089.4205404257914 
13300.026367987874 279752.6414702193 68.49633645777638 
5235.228881722668 10930265.737694327 4201.421715082168 
5235.50010197998 7252071.20219774 4081.684190608543 
7567.58571802997 660541.4403401477 209.96980132749755 
9923.615430989557 451771.9909562747 118.75247795099534 
11329.988890247427 302130.84025836893 82.36981490435562 
5233.383969370725 6101643.86022002 4423.13836722095 
5235.602467346912 6584685.453699261 4370.799748957837 
17013.381966513043 344429.7226698265 48.5964385390327 
8399.677782870489 474647.23246135237 256.7443286769801 
12812.501351568753 277958.15269235085 78.04413753794198 
7087.919763773818 632520.5120018778 258.5869595143246 
9442.596350053373 399231.0307340943 125.90453303829581 
5235.588199155118 5517040.546126678 4623.567598493104 
5318.3723618683925 1535221.5022352412 1086.8622888854773 
5248.724622316181 3195165.7446274976 1846.144991307049 
7973.282848380101 502470.6781188075 206.1314924747689 
5254.019900845428 2551583.7522746664 1842.0441522676974 
5296.834250351506 1960717.2375744611 1225.0786928248046 
5295.786198783022 2445430.5910162157 1550.258571507672 
6060.318237643123 1007254.0919652481 602.4875266856016 
11454.742496607776 288400.7512806499 65.84312164130701 
12738.934977210898 282277.2390005726 78.86354092478024 
10082.500484584416 344904.06057264545 199.50604691864675 
5264.9224954980855 2420596.499424584 1687.4941106608317 
5231.820927802039 9523182.902177678 4511.264207881825 
5782.00983843301 1116303.3005676768 605.0481015486401 
5385.317959225532 1751039.5542277833 914.1517427877383 
6826.188896906111 779962.2866138988 274.4696496762414 
5289.217482915912 2015602.3715340283 1662.9487230978402 
5396.442104768531 2133881.211195098 812.9917340268254 
5240.252055884963 3355256.3942909227 4234.0980783814975 
5499.844037198371 1089601.2959516903 740.7834454570208 
6273.406247891129 860947.343487768 443.685242662835 
5676.9790203509165 1689792.1962934022 593.9884134604899 
7899.232336746901 521013.52123724995 339.01440357868324 
9385.849059408105 445570.51325088716 153.64540039419242 
6605.2423294075115 685736.6265234536 351.53386477824233 
6451.029756563777 1201174.255414797 392.17986612141567 
5543.102119526417 919219.2721376144 659.558851178067 
9167.441934122488 410340.78256020544 163.95424827802586 
6149.779405176857 1596214.504175202 545.2818893943931 
8688.302072872015 693243.3114985413 180.30991971825532 
9044.129467556812 449056.63614381425 205.32745435026956 
5235.3344959223405 6683899.772876061 4381.465875624102 
5646.785053202027 965300.8662425755 650.0540247355767 
6450.284977622868 795889.2835677778 458.0847459489248 
7751.053019502944 542225.3596083111 221.52566756813252 
8927.868584262525 417467.6940212057 239.83482133815585 
8526.617476308962 567921.9049390386 185.21010158952504 
7761.0514334727995 531483.6157091223 359.25758849408265 
8560.51357785109 503568.7576659834 197.01043068147482 
7027.884241373348 652796.768979188 392.44127248947655 
6196.819906273382 813915.1086786436 474.20155562990715 
6950.322928680366 669862.5512826127 246.7212658905523 
6561.004805261984 1115816.7030169638 413.6012883203106 
6503.432965142551 877919.2906098603 432.1113263034721 
6879.235549785029 682775.6205809179 247.7573176491266 
8748.971065519621 554722.4912862219 159.78303528124664 
9151.801045043721 412048.4878112933 161.08396347337984 
6161.562427935816 1096515.6975712911 494.9204610030204 
8875.271997646169 589227.510071834 147.10006953959459 
8809.62681891839 533242.0411516567 179.62379872965596 
8829.719406504022 395171.9243584037 260.148065902782 
