32518.37934065584 480045.8579242233 19.162547505252583 
12052.108797832572 289879.2385194796 92.2695791781122 
5227.062207496342 63428665.96225024 32598.22501357012 
20296.53847825301 478000.3029018494 23.42587065956637 
5227.089100230709 65160315.76835093 32128.48893837 
16530.854777616896 335721.16477925313 25.055730777055164 
5227.191080308698 48911207.96895312 24648.221832008137 
5227.226337173915 35679560.83911746 20033.29862560049 
5227.167007800938 53382036.681275725 27038.531714271987 
5227.14530816253 35719935.04279366 27090.570623282696 
5227.285688993949 29691660.412865497 22742.933212286174 
13761.50029704595 290370.14586510905 69.92378859960867 
5227.642481317594 19818157.769786615 11862.932289015018 
5227.499555106042 24124470.1376828 18085.59024522332 
5227.274372955562 29568951.396424294 17548.63753457821 
5227.666923811144 15571163.62068658 14093.777421825593 
5227.3781426388905 38567929.43419667 16496.72657683725 
5228.3479672274825 20010986.40670569 7593.679707497716 
5227.626814193334 26886538.35102082 13770.229282600501 
5227.220085388494 36376266.36695904 24389.94605167547 
5227.562620595765 23692986.376279503 14027.81321585243 
5227.704192236131 16655745.630816791 11679.95681188647 
5227.766635248302 14469169.200265635 12908.86310602678 
5227.712666891891 17721820.723830823 10564.247221176767 
5240.457214205013 3816420.322593526 2935.126537549604 
5228.1647685121025 10273209.560555812 8583.48630094343 
5228.146355024932 11839149.99277968 9690.380956435049 
5227.822075212805 13225491.000763098 13271.476470389272 
5233.492923871463 7331076.877199058 3371.883328703368 
5228.875039560074 9801278.475768652 7072.754895294745 
5227.382012059124 91304596.31830056 18322.355927119996 
5228.075161417968 14509477.950296156 9536.768689838646 
5232.2439177264005 6921605.106290518 5317.299992464936 
12354.211646117894 346654.85904216237 73.98923342682608 
10520.71746324717 384358.1539837573 89.962900055702 
5246.156577211607 2818020.649131756 2210.941604420822 
12958.828783057725 336697.44062624493 73.83966294313458 
5235.508924261673 4851953.482188217 4292.470818464325 
5228.246954949197 9624053.54661662 8308.423846198422 
9957.525951269225 383334.7300048922 132.96474505639372 
5229.50395765224 7158852.123757161 8907.422651874069 
5231.827292439059 13111680.272190044 4959.003573101394 
9438.075185107158 402428.84368892503 143.40702781038615 
7660.428272177644 729454.4523827734 227.76612681960654 
11105.323740581021 352870.0453012576 83.56254037686466 
5229.1699694009685 8220678.457561176 6584.638283315873 
6797.062739796017 661077.4113941571 274.42417598279053 
5229.844346801863 8005195.241275042 5646.558184505499 
13528.436943389552 392707.6928716129 54.00499230433022 
5227.464147209035 28802803.800239775 17635.39750849079 
8750.511677110926 555325.5592511485 159.41812851627006 
10212.125448604347 328416.5998146072 111.3752294754187 
5948.99228725604 1376394.1014225995 496.51865973218514 
5238.972533466679 4801600.799159991 2490.562842188166 
13166.167113357316 327539.5738215822 74.76403422030555 
5262.64392674554 2481088.4691218045 1581.879218333549 
5232.672954912052 7275233.4425911475 3793.431135384015 
11577.85340374273 323607.8554081868 93.4676236186395 
5230.365021886745 5609908.119240897 5515.745905035474 
5229.580369440873 9642063.11477749 6159.53105265191 
9080.853329469739 388181.6486455503 245.52962068378577 
11239.40654167465 310995.9816255766 107.80307118096823 
7904.830529805107 520186.3192955907 335.72726449580347 
7237.147910246211 617241.9322833414 265.2702263138968 
5227.870180827697 12222191.648675604 10271.815728065976 
7199.978606365042 676043.5806142127 244.66203227607315 
5807.79740789885 1080913.4533491516 571.3261536558634 
5227.874697564021 14271396.571868844 9919.735992313053 
6234.667552995014 846243.186290518 462.5602784126866 
5227.7487870141495 16080958.11156852 10099.046136792485 
5251.110557073964 2681379.3476319104 1793.4300664967896 
8090.93507188176 513698.9937017119 268.2496802694809 
5236.5467725918925 4549262.215968249 5358.998322812327 
6612.889646249183 684758.6466360153 340.1714216162715 
5227.844095715342 14360605.501806725 11825.040635542851 
5338.751977831619 1662165.1823930356 972.124595914211 
6482.913954857289 776066.7618551183 442.6556398846754 
9240.775765022796 607933.3327064035 142.41948947717742 
8325.019033932902 460867.9465920456 268.2345714386456 
5298.994535991172 1515745.1775733433 1122.1509428280183 
11755.313089421032 352398.2103881406 63.519165140327146 
5440.5973920665165 1082142.9336665592 753.5380872844285 
5417.674229567034 1295031.5369566465 883.4489254952675 
5648.385393375451 893611.4055923871 643.2597443605493 
5254.216249276805 2475166.0787562244 1743.1797560253917 
5545.84223457905 947932.9498519425 662.5685817158704 
5279.960770987252 1844355.3000103526 1282.985702660733 
8568.239552914505 503127.5077208401 199.10277056939427 
11931.355591106605 345839.732332255 79.73201307946307 
8459.783436762165 445549.882905338 203.39124547043858 
6342.3518584144 681656.0627803118 465.42729692547124 
5229.286418728502 7837559.322640961 6282.399308360275 
5243.733628675699 2686241.428091251 2410.3473089226427 
5230.485524602388 8151439.139507163 5432.177884734441 
5228.09285422489 12039784.65810252 11221.617305651884 
5227.388511960744 35189022.5553842 16098.050911500944 
5227.482797454023 27395727.658935376 14558.219455117862 
5249.015467627378 3533578.7718937756 2172.23077331497 
5227.288010964681 31878381.934249796 21760.205591724265 
5227.074167831679 90293776.88360333 33705.713008979845 
