31559.280024549775 224814.87691844278 48.32227349975121 
5227.226940146484 53141231.98643766 24298.20930324063 
5227.58220045837 23955498.593182877 12847.542407034081 
5227.330481347879 39834259.07720709 17618.005848373992 
39386.112290746874 620673.1134718488 3.106118043424315 
5228.998826310674 10778388.18743641 6962.322878423616 
5227.875514889581 141403075.46582285 10761.806773454928 
31602.20404175988 321189.56993111357 5.234912901152484 
5228.6022353500675 12420837.727618225 7653.448626889351 
5241.997630610155 4216048.535375554 2665.8256788895756 
5229.021341714508 48087378.879837565 6458.654265022745 
5228.058157081035 15988056.398603078 8816.485660505594 
5231.288802674701 7549854.46515873 4586.523573482578 
5228.661979501325 11017891.301556021 6818.544201158196 
5311.146080571614 2775754.3105933852 1564.7456479310792 
5537.994720509539 1471320.8680539886 821.6884235382033 
5392.974424632242 4690742.510220137 1581.2351558744856 
5276.354774386194 3949751.3480922114 2218.0964049173117 
5457.739863983036 1821382.8474072039 1018.8186891989296 
5229.956767028302 6310710.362519417 4997.826997347617 
5302.760927151571 3515004.9655320887 1736.2610178538334 
5232.758483156938 3349997.4230794436 3172.5035126736248 
5231.836759602651 4452782.993170964 4293.378392961022 
5299.323570389223 3484184.365187798 1906.8741137899187 
5970.675973286033 865568.0836922725 485.35619256406005 
5776.68130832387 855542.3766660659 527.6682992014888 
5259.571660967038 10942826.074715195 2413.564227414822 
6183.655848426784 761243.5731034984 406.6196903844642 
21129.137243117697 241371.77748998313 22.733454487747803 
5279.345797595686 10267568.826250423 2615.679571947684 
19833.921732922157 259623.10625793049 23.69843142246606 
15427.043203665062 261729.41169646493 62.31598905551197 
6946.930343470979 673978.6223384007 282.8985560643243 
12121.422144049346 285810.8255465643 69.72932057321884 
30985.253941613944 276916.78634642024 5.425208672922011 
6566.618066835901 651659.0372708791 332.4865912108713 
10492.970766037917 338227.70548753726 114.4572525914442 
13976.025851380182 368198.23733513406 58.7019132325828 
30015.20758012985 440478.6653096442 3.1307524579862154 
14803.066287005055 263865.8473659358 46.70853410021881 
13373.171265243403 295700.5241848164 61.54353842376999 
9950.89855373335 350859.42331939575 117.34761634717346 
16916.514394482194 294482.3068490789 33.36778321127497 
28368.62832663603 277378.2794629531 6.807959645143635 
16063.054131626017 281883.8352325941 45.24929215125793 
30426.3068786783 266973.3488728402 6.574881056510924 
8111.808958259416 553945.5754616815 244.5497688533601 
23619.632873252325 257641.37031450903 14.967286435462297 
8420.525480159073 527868.9073195894 169.8769737491022 
27410.926903038948 244927.88642832605 14.354486061030606 
7708.471746207679 595222.2192359314 199.40875965267338 
25925.985496016136 268736.87029925955 12.157972458212978 
26626.611312154833 260505.58119483036 13.254859394669092 
23173.880211969456 295037.361119954 14.971293092668471 
8762.464952118484 515232.4223157597 215.41704586908548 
14414.461221801746 353748.34249992075 57.533206610352885 
22718.11665119348 240366.92104011076 17.062370455206388 
16397.491313268616 266774.0843680181 42.87578074930095 
7122.971532423767 644499.5729703686 341.1568202346301 
9312.946323585466 382557.93524954043 194.1183704887852 
7419.802839006961 564491.9869651904 248.56345101759766 
29634.249489764712 226265.96097097333 37.1544274087613 
24119.96099653873 275260.3272908345 13.776498486975202 
11518.840744205869 297596.0896750424 92.52161520858004 
25265.86558892015 291334.8956068753 12.161328498565634 
28086.328839318317 307705.10332074814 8.426169776204166 
29060.79773474544 361797.65355110605 6.215113892183286 
10877.755728024873 306063.8285836256 119.35282337887429 
9522.183302051582 348223.98909063375 144.6235596553321 
8883.053657478175 423229.1256763696 150.02055382089884 
24766.158432086064 309042.85604412085 12.120044336752002 
17364.52232954614 268311.69367241306 42.516713789922434 
17680.676205277938 282229.73764127004 30.264127328992338 
18108.999211707443 246744.8190214231 46.82884867289566 
11876.790588710192 319227.3194959221 83.32838989312012 
11172.455229126172 301122.485277754 86.19593848823217 
26507.475579712474 261888.27772948172 13.671185689771036 
22289.155230963275 237309.3351611368 44.33370477501458 
18673.044122590385 270500.8538207296 27.778876964959338 
27565.67651150827 246106.3751306362 11.82788025322116 
25600.326991438746 232128.15740068778 30.095858499550765 
22033.87652927739 250917.64235559455 21.110365318289674 
19207.962331499748 243606.206647077 24.339083385002546 
24479.470015177667 237398.90833744896 27.391174883800005 
19727.169670799794 266195.9959419112 17.710521936090057 
5231.502248010565 5954778.729700225 4191.944886977177 
5241.619983242217 5340141.653388239 3051.870415643351 
5248.671308884479 4866606.93068801 2535.510375112652 
79765.45856815942 1430602.797684525 1.1658258949549403 
5227.937227580776 16982580.802854903 9443.338300075578 
13016.698709748336 540028.7210242162 55.55027650800768 
5228.535276439434 11520720.58701064 8551.507709690444 
5228.948861395408 10142917.565487135 7972.824056956764 
5262.429222138904 4052090.3618207797 3156.2682472175334 
5299.956457427538 3777258.824536706 1573.5269844711854 
5460.901515793757 2073908.9432687496 1397.153866230172 
5229.165403722756 9393835.48239497 6572.367435427403 
5229.947677036733 37390608.33135886 6548.141677485243 
5641.542244692425 1083622.3982058023 761.1387833716739 
5227.624546071644 44401500.012953684 21287.152297270906 
