32523.389680935314 488872.46247882023 18.597640267026627 
5227.124672392572 389534354.644401 37005.87036445785 
17674.097162160586 262242.58376018633 32.13776006458306 
34116.73020155756 477587.46621414274 19.247829841549354 
5227.527560050235 106529239.09507805 12978.192992164239 
5227.197662494196 84887238.86791378 28856.161004193797 
21229.666263292766 416254.51565375936 24.042364947348116 
32483.814181855218 519512.7573142038 19.68115199605355 
5227.237979017373 93845756.53939925 25179.91965157561 
5227.246173057791 65282648.856362976 20022.58638947948 
5227.738152650991 11413398.303776368 9982.62761893163 
5227.437663372913 38992744.89076057 17558.357478067217 
5227.266825356957 38076625.04976727 18621.91860999327 
5227.211408776736 45754042.552679166 25607.52910931262 
5227.434755822021 26179620.161800385 15245.51280962509 
5227.597903062747 16989708.96639982 12119.71418874275 
5228.653052064376 9856942.931165764 6814.959595015946 
19714.58164182322 280103.538347704 31.626724558621333 
5227.476954138391 23950264.03269111 14146.131745894982 
18336.63174408851 294425.6858313605 27.00127775869348 
5227.5791399883365 23744249.11195869 13325.541962864232 
12813.28211821806 278502.0038818476 78.0604067580426 
5232.828157749673 4872018.358014208 3510.744073362035 
5231.662516908981 28661538.704621907 5103.2264617779665 
13661.589995708919 279748.93401709903 74.61135176622717 
16692.771860964935 267739.93628677767 46.71932774746202 
5228.916275384606 7777043.495379491 6201.5715765993955 
14502.961067399658 272798.9930835343 67.09877652215542 
11876.247591717847 296983.6673213839 51.81826283709621 
15082.634245829106 279416.7463469755 52.163241036267436 
15761.500096937072 267034.8286024382 64.13117511999494 
5229.33408806614 9482421.30674284 5635.316547775947 
10414.645021871711 334866.61328341457 119.02405135457592 
13289.244161047682 284865.9796026824 73.66991537534221 
5245.61175644345 8266603.914121718 2438.6690181727886 
10943.450892421219 366118.74239477783 109.40243923038233 
5246.098356014711 3236973.892427941 2022.0499632564556 
5241.888875078779 5620027.692615939 2639.1861560003194 
14717.112093849359 294484.64595750184 43.56024398513422 
9439.518849838278 398536.69129978324 125.46278503910868 
5231.224204510725 6308879.234250108 5155.672573915511 
7075.090798982341 619774.6440079208 246.05918751189432 
7482.356514010812 538885.7486963697 293.25082525586197 
9736.562595346973 387909.3136630509 138.71087259489235 
10068.158939950341 347362.2093145675 204.0711270014159 
5229.532467304798 6996478.064293311 5108.811663107774 
16494.274340338176 268430.0777097812 54.033971848115286 
16042.60876376411 284931.81620759645 46.26314624509707 
6606.44714796631 686722.1900349491 349.0776025320772 
16231.631040428965 305736.8081762725 31.269605794520174 
5234.920566426129 7999412.000650196 3090.0713888872583 
5265.069045653503 2240812.9244262455 1690.3143556667737 
8017.371996571865 486848.86090554344 252.86479327772633 
5799.795707481532 1146827.5387677194 563.0128462807276 
5243.950573682524 4659142.699038662 3041.801681752205 
6260.787139742988 879011.80378441 430.20214943185294 
7696.031255148581 603241.5853798649 196.27476761256827 
6828.099463416282 771422.3316514245 273.1061868363489 
5296.635441117476 2075499.169732098 1231.4767588821448 
5287.757470212906 1769624.595391361 1481.1767338164482 
6060.3837024087115 994187.061635441 601.0134092659399 
5349.4386994901815 3350145.7715834025 917.8760841371057 
9922.454258212962 451794.61127459863 117.26131626582229 
8882.045147381008 421344.29147649504 147.20282008690725 
5285.761183471264 3803672.802672087 1629.5339524854319 
9167.738210497251 411085.2635151323 163.13356730928496 
6434.949498766131 1037838.6866378981 420.28536824055897 
8535.822504021457 549491.1013117345 193.80937224432213 
9146.893889760053 417021.94733581855 242.1910593565003 
8114.732007380339 462497.0797779859 245.19235665845474 
6941.659980912666 674816.5963761932 235.2314790793306 
5403.848153319846 1328508.3279828986 760.3644049340643 
11528.030331387154 309843.83258367964 99.12138962753532 
5542.526742094813 939856.5604592331 670.4042312438684 
8350.071496220367 580339.3657668784 242.81588417528434 
5499.546748210207 1300853.020585782 761.0143333560637 
8290.428481013332 586115.7481596221 238.79604301783007 
11622.426979359228 301507.0265724152 76.17125383601822 
5319.537900729941 1494523.5690851484 1087.9785400638411 
6093.6927673997 1519856.6405838216 478.7694569304284 
11228.096343570725 323420.4417230227 115.63736525866776 
6479.910668930594 762972.7447606508 459.18432955559115 
5646.252964550388 1001414.7086873301 642.2401508032053 
5369.750993701671 2818058.3379747057 1009.3482643489858 
11084.838908699085 345739.7564517079 99.65354591859379 
5700.862502403715 1645985.0497037822 558.4564253266468 
7565.479988413931 673370.2190550927 210.01715248148216 
8639.519157669414 527515.2722880313 196.90678611864206 
11377.294392886004 313069.5592082733 72.80754347798911 
11366.621747840833 314171.55357934267 99.93684113884379 
11153.469588019747 332215.761613299 153.2605766099504 
8755.703575341595 484251.6793657623 202.34375145051283 
7641.150872777798 606780.0172830127 258.52189895161257 
8677.58283623693 472250.6210505171 217.81239780889624 
11754.202688054324 308882.00695954764 74.91238126541111 
8822.86483812671 470806.0122114733 148.25768607206135 
6083.297182333883 1874944.9821948945 500.3685744802367 
11756.730239847862 352918.768482155 64.57798235742513 
5366.865166811779 1611834.5111888936 1036.3083684857893 
5382.978089400077 2023332.4055401012 1010.5802220711115 
