34116.72790397807 480296.24692631327 20.211316310041113 
32523.025787042563 491759.58590422414 18.608813656624502 
5227.1280092299 105848662185.91371 761791.1564694311 
18061.853988629147 257586.54091667227 53.298912086541705 
5227.139551984205 56954867.273573056 30938.087730835454 
32483.599394760437 526462.674091775 19.838112484923002 
20889.375902495223 258720.3187084546 27.557897037912156 
5227.369801401916 51778823.020745896 24095.997040373466 
5227.276325551527 35955324.89592679 18074.43307491325 
14251.541743297135 270372.2821516272 53.20349372683272 
19295.75737012026 259424.9317598657 32.35269153283656 
5228.220915631473 12124720.200408893 8396.111826656557 
11530.324073302883 320869.615024845 132.9552611362976 
12812.852120304773 278495.0843965759 80.13698348471554 
10517.829023564911 325112.52965024335 85.90749189569406 
5228.578770610721 9154338.886996236 6813.810378899635 
5228.023175950657 17205441.111600198 11487.7529766706 
18333.242479613833 294653.51782976097 26.88246652919075 
17244.487234154487 267890.95809129206 39.63597892304657 
5227.54484909942 22083408.800796557 14355.46176424516 
15081.727730482924 279610.09959809476 52.67994434656518 
13291.153335146642 284103.0035630751 72.98400680308322 
15760.08830426653 267242.69188521197 64.37275781729912 
16233.03624541276 305413.27272356325 31.28649972727096 
12159.592381803111 298270.7902022682 81.65275161210731 
9431.725299991966 398513.488447907 125.43166787939423 
15496.164285656501 291655.48189492256 42.087637525782185 
8877.628589340467 422470.1017928809 147.19781781169087 
16685.105283922363 263955.7425048805 46.34049996817037 
13667.640789527795 279180.2036709704 72.20956322055522 
5229.36882615768 6307988.664582014 5019.148475591453 
19717.029079344393 279478.2347637215 31.650114211445537 
5227.918739064422 16347486.8881455 13153.020855113333 
8018.503084643752 486259.1020192262 253.85473152452423 
17657.03940636236 262948.34445779736 35.759243109836945 
9719.560819016544 394863.1553010188 106.06108451141867 
15085.625365197657 281313.0177199749 51.08790171669901 
17627.537943331976 259524.15885312675 40.91301243527471 
16490.626236654625 269003.4848077793 54.50516240348455 
13643.486170534396 300604.04289441917 53.24004991464743 
6606.4801357521355 684063.2265664518 349.028510266806 
7697.06328710954 594346.953040503 195.73559305794817 
5793.7129398899215 1040890.9523346673 580.9736457961554 
5227.431810646345 23574861.927051157 14254.9428995548 
5231.8816790791525 8645847.742544906 4715.735802793175 
6256.357351815857 806389.9689515309 422.3119956085957 
5227.547678089186 19222746.101473857 11361.960740756504 
10413.565549373685 336106.13964528544 118.51866715453666 
8244.137047088661 493380.78123935807 242.18517842205216 
9994.456428581183 385683.6406441871 171.99659351684934 
7074.052254789101 615518.4222738729 243.7634291807953 
6827.69230524753 767563.5076109028 269.38978718404803 
5232.804593142851 4100610.4896418406 3524.5581361936634 
10166.700845560905 345927.14750408544 151.80028556130293 
6060.196459383481 997066.8654278214 601.5326465872741 
5543.55041373608 1059434.9454397962 679.9997148576344 
12081.966051442687 297793.2371605774 91.44999113973779 
7478.781837775102 541657.8006620446 287.09691121313676 
11855.511660774004 320728.6404063065 94.59680235022887 
8534.38247436055 548170.6879821862 197.5936669807066 
9571.137314556228 383622.73452787305 179.44839483384132 
5385.81439225956 1475341.1054336003 787.3619313108156 
18265.590675738815 272171.7708834983 32.39006911871272 
11754.886071686098 352795.32357697916 64.55723735725141 
6942.967354953502 668190.4312490665 232.56206593379704 
6084.484322373619 1743100.0323891076 503.94673672591125 
5241.809099240088 7711490.707668982 2695.27479705989 
5234.67642504463 5252656.301335422 3182.6527091419175 
5249.559166682073 3334106.5576868253 1864.7338874575282 
8188.029882145097 584555.2526005954 226.74995329354283 
8640.202089957145 522687.8793818468 193.4033669391649 
5265.056261060295 2272892.3371936334 1668.0094539807912 
6479.317563901113 768454.8456481778 460.97018582905605 
8751.970950578272 486709.25587007374 210.89080355407086 
5349.367464266887 6531608.738477053 970.924862442484 
5644.696043889213 905222.3378859003 651.409204687564 
5693.037485864775 1975114.203014057 581.4943270278507 
10080.53447131431 338102.8416634739 196.33704544498943 
7568.602526750592 656539.3662624178 217.14971557342113 
5287.764029665087 1897679.4285480464 1491.231665293248 
5296.668424012882 2147162.8789541004 1234.4971152842872 
5243.554497248935 5484295.895763733 2215.0711034125816 
5319.48234538443 1430521.2795577534 1085.8705194785016 
5232.619281991189 8380600.39507771 4853.919386127666 
5243.545838770552 4044620.647286728 2311.407193046763 
7641.039717041145 601978.3448721924 258.2265213500036 
8824.12888723668 469050.19928115833 150.77080206960255 
5243.1584686150745 6210793.043974279 2541.636056907424 
8536.16708792113 549876.0375680416 194.83818005855693 
19767.578062648172 312386.379417208 20.38794007152933 
5227.232292405836 46630771.34847177 21397.317866149708 
5228.083350280083 25161245.87840104 10668.003176259243 
7093.1591098675835 616111.7659557184 223.45713471434436 
5227.270374578155 42974424.8817145 23087.876789948765 
5227.306735468185 30873208.048004687 16514.486519264938 
16315.06019749901 270240.1692299084 42.64245241826515 
7964.041313820681 564937.3406735423 232.99973577394812 
18392.053075651093 260536.82223127704 46.4393764310204 
5227.485055945958 34082744.2458098 25569.184649910203 
20877.98963410903 321970.65761316835 25.18803480666682 
