8104.828798770735 843704.2406412659 275.431115974255 
5312.511361372002 1948716.5194969338 1270.5863150395942 
5432.312998117619 1572444.1900616912 948.7295440214486 
5372.374890536381 2862917.8292891476 1070.3131983849778 
5319.961547638915 2928615.227625184 1262.8658031547502 
5249.21917121044 3203825.8872461068 2447.4119621068544 
5375.240742698049 1918913.1048355273 1162.4886385753766 
5229.537230632365 27307003.871867977 7097.421438956271 
5263.967599340639 2730273.745211515 1957.3299615033748 
5624.280007618951 1323236.022978465 806.4853763665301 
5262.438356129645 2852049.7453196123 2191.0271717884707 
6056.506788249802 2483715.698295444 512.923030175699 
5227.494582472378 26408365.105259147 18655.46301855084 
5241.150277647296 5399488.1529137315 3242.980569714384 
5242.845145208017 7508744.015896496 2839.079569882171 
5231.0190339514265 14413970.722718151 5790.553035223211 
5243.745751602156 3602986.4881663304 2533.906134219521 
5229.321576405549 18655653.93053552 6850.142347728817 
5236.057496784474 4934783.781819676 3945.4153428675645 
5227.387430696478 32244078.03985341 19220.704825122088 
5235.88748536112 6952608.719704404 4484.911700530413 
5236.959772309729 4803295.439143111 3723.0716503581402 
5232.820743177396 9209738.745503033 5139.786307906266 
5245.4464631462015 23997715.33146065 2462.4458498971685 
5230.595188071141 7630489.5390343135 6188.448673390617 
5267.810120776375 3369945.6721679047 1799.1906589412065 
5283.963906003009 2218187.630248949 1290.0374329073309 
5373.7592542996 2027915.1241906756 1221.5810956515165 
5231.74051146418 9708958.527376307 5602.4554154152975 
6407.031724988077 1655816.3623271093 515.6058924960017 
5229.479527893329 26015020.211298816 6222.195325910867 
5233.161364486046 11738010.161524348 4438.959212327463 
5227.040083120673 237443599.69123098 79983.58683484256 
5239.007223611439 4375485.0125231845 3307.8265454425436 
10860.25653710163 693565.1185898567 183.9587798523724 
5227.292887693246 44977216.50841432 21637.672042250815 
5228.030926881111 24613351.375835534 11342.291112119972 
5228.60736786147 9243741.164528433 7796.833017707261 
5228.786673746788 9202295.717863888 7697.68660879427 
5230.34325551604 28359328.334187273 6006.971944784783 
5227.215027103548 45363439.707327455 32456.8641071361 
5227.18380681032 66325088.0283885 50591.408818487675 
5227.225967284371 48573638.11807501 30271.58779847694 
5228.075826513721 18398580.127945047 13004.148947921809 
5227.752332701977 15395483.721433101 12664.061897077416 
5528.137665363266 6086381.313646312 800.92557007128 
7307.842184407992 1063474.1843896115 302.33546832197004 
5227.313849635986 45188018.48343562 22754.823945681823 
5227.314100732407 33123894.45228423 21752.49390356563 
5228.139068597328 32428680.98630397 9795.802070392407 
7499.3627720077175 738822.0802308777 440.3784412951143 
5857.165290660969 1856046.6231519557 647.976909275943 
6688.64476440878 1518635.470209456 484.1099216663266 
9367.654373817732 801835.9177944436 243.30071957250536 
5615.542341037155 2263799.585467876 790.1013089954226 
5331.94605680029 2212776.7960241707 1118.1339240880177 
5547.652370111802 2059456.6064743388 775.5576658190644 
5227.862354712164 26110003.0431194 12398.881154195024 
5227.730085180544 32424179.4175603 13501.712880628642 
5227.37006767816 31724168.319668867 20848.4394717065 
5227.378161072145 30641198.535777867 19708.324049889805 
5227.687907654997 29922282.966091864 14844.264398478317 
5230.222708778376 7847665.312475707 6240.736874127682 
5227.292209531395 44650908.082583115 24650.66787926321 
5227.070265485981 122783928.03907597 56813.873329023365 
5228.135653736021 20125105.41197811 10133.98195509693 
5227.094293587834 92106300.95148699 38075.79876238545 
5227.370890206257 53553397.93386004 20286.821805855147 
5227.215127230286 53677943.36678696 22981.95834480907 
5344.492686284088 2839763.836975488 1193.5040178554405 
6211.178587560474 1752816.9921276723 779.2965785567724 
5227.689253176992 35011801.07041513 14435.939936627587 
5240.184130668391 7719812.136961956 3272.980708285323 
5259.869226017532 3311510.3387523363 1908.105706792033 
5227.413164751964 24717431.89579529 17691.079078676503 
5227.258664631903 43590708.4879836 24137.525163730435 
5227.551977498261 22573181.452779647 15876.95345177561 
5228.3348706519455 11316092.150036141 8550.29426284714 
5227.578707462194 26515880.271790233 15235.907171008455 
5227.287816819664 43735799.279451914 34963.28222750127 
5227.018327438937 194808395.3584584 78390.37146884999 
10760.455569202368 853342.7073350097 217.6092117046356 
10882.672647238558 667277.2725273891 184.35626579055176 
5227.086703948377 89947722.26106723 59160.23368147157 
5235.279342589282 14818963.014066245 4406.23091249977 
5232.478403872474 6626884.316460378 5371.700900375084 
5227.1256361241385 123250731.16168264 33264.34015322535 
6518.057353105703 1387686.4198097596 615.2075413264755 
5228.031681233256 18987840.66236545 10281.818287057118 
5228.288676133008 11509519.084630303 8794.128928623773 
5228.176397105769 16281966.42208789 9759.9716519039 
5227.062546806775 218331897.0953054 86516.50837442763 
13887.919599317696 776254.0635113905 207.6074427247754 
5227.071365429846 132674448.66509806 61903.1956563264 
8521.545905250723 900900.9360808168 303.18068662558903 
7480.99693595333 9499426.150531584 416.5816504596918 
5227.145708610348 114379399.21173236 52424.00960881624 
5227.2245885457505 76003113.26354793 28268.648543243533 
5227.098058092063 153834837.1103814 60123.967665469594 
5227.10666566793 98700916.56877215 39113.57375608604 
