32521.877898643215 482896.67542943935 19.311274132868938 
5227.030232782844 194240773.97860155 57675.14752637336 
14821.551853493089 282710.6243544624 62.54311290798214 
5227.115849513148 77203464.63370904 29943.51665322759 
25279.449432713882 295683.39740347234 48.61403697375028 
30962.47927085646 445057.90720774507 32.274710517437 
5227.220687133973 44538852.594303 23293.406173624146 
5227.218423383462 38870051.12242983 24795.93501804849 
5227.360740783484 34837681.340089455 18465.896548773417 
5227.558819663806 34413924.58400557 21349.33020987405 
5227.490830573933 24464036.854183376 14081.532875422303 
5227.199143550317 41822733.60780965 22286.726586988094 
5227.5034780752085 16351482.481502637 15402.458948101597 
5227.84626528809 25870360.056877702 9270.33693513737 
5227.746493816906 15736616.084311742 15686.780351642461 
5227.897205728202 15070298.781575989 11257.903334829645 
5227.862841799778 10836939.640249878 12447.490132642868 
5227.8468273364515 19228529.363000255 11959.842303442918 
7072.163808022609 625040.1892463122 245.26390761268598 
5227.630783900321 23448966.112819355 11196.681115609917 
12363.13709495174 340007.3558736142 68.41330598707658 
5238.673690692707 5097197.610783081 2510.4833734915824 
13777.93107949791 296932.3803534969 72.88394169670866 
13200.041765500468 313575.4115459932 81.8899327150739 
5235.83877960702 3841921.6462242235 3267.1780676554754 
7640.0459569064005 598051.5037253432 343.72790442930034 
13577.968602853209 286546.4682562617 73.51850466335375 
10206.394311911617 341221.12022393354 116.60147679880735 
5253.3067725951605 14103630.686673105 1863.3650851504938 
5279.852730915866 1659443.3891249583 1260.350838685996 
10525.336422457109 384259.2679492297 89.63774966135631 
11554.357216456712 324752.9158854387 94.57126177718587 
9442.425858411832 399046.7959282416 125.68289941315996 
14227.601666031787 286239.68710274773 72.06495648078028 
6857.125127922495 666960.575100484 267.42900303469855 
5228.268511487781 12503266.669374362 7997.714282605568 
12960.095379183955 336213.2012518045 73.81178900655571 
5229.141962758002 9384169.471477669 5669.239505341846 
11232.681933293103 313737.239248257 112.36995653668352 
9729.468173550069 371862.64792550734 190.62999027280134 
5228.850263687475 22646971.935933128 6525.592237528097 
5231.5402269190745 5802841.857647718 4338.824518229788 
5232.8845183073045 4524290.080737943 4022.8123100454195 
8567.135734282932 503981.6650265509 198.81602862373705 
12031.93769940171 300385.6080810253 104.5935719307842 
5229.919609828958 6759494.687607607 5214.963689398208 
8841.24695004097 461630.2203103584 189.17739748749563 
5230.111685172066 6461296.964716796 4917.844460422459 
8332.56911724106 533352.2339864407 230.89841647417938 
9170.346348247018 608157.9040661091 148.7072858100715 
5228.972275420215 8816191.200692844 6861.580375487507 
6237.850183109727 790207.826753066 460.56400820459646 
14621.978128346473 285986.48921512906 66.1281186312124 
5253.609385425584 5092138.557127104 1753.3708329922742 
5246.358984632505 3223434.8080631956 2379.8463677012915 
11753.560314083818 352217.0438514732 63.431913782194414 
6603.593404042201 688337.6967355332 349.6224923371056 
5228.198443567927 11515008.339483472 7561.444748528502 
7901.485711538398 517106.4586899869 340.8629504212528 
5228.193639373254 9921973.794586178 8867.111627004973 
5807.868415071788 1111858.615871529 577.0177466672058 
5229.791604391598 6792364.929913513 6134.870585989511 
14434.410847391275 287520.6322004193 59.94167885811448 
12708.14309795818 321043.84348406165 101.56065104905569 
6403.893928950338 723311.6411134673 437.3832414462725 
5228.302511062029 9597066.670698285 8568.10389535796 
5227.666641933188 16829375.69493442 11592.767253002048 
10737.090398504386 360143.0559486984 113.95670537675177 
5950.322917014641 1190352.1622415273 488.9372703243599 
6063.764535748771 979936.5111536983 596.1232874155435 
5647.467757617028 899159.31065085 646.6102946012332 
5229.60064821469 9148398.004617974 6099.080602788894 
9956.657648135108 383059.0461490894 133.04720061533527 
5231.434684870304 6852049.074249921 4573.015821333852 
5233.947055027345 7516195.741898938 3755.670904618926 
10854.880931639425 381936.83719493466 85.26280714920749 
8748.424563043887 556372.400211629 160.5956076135312 
7657.617781446806 552836.9421649304 278.091154465573 
5228.513011548366 15326093.341695387 7214.346886804502 
11931.750901306334 345552.13639856095 79.70957003613537 
9243.992568140618 608642.0745480667 139.7711868022945 
5233.839560420353 8401820.590988914 3550.413933895245 
5546.112039998088 959176.8412846006 661.4930675077824 
8016.724635823448 555407.2959499075 185.60551263805473 
5419.158409101868 1321235.8901967518 896.0892200357875 
6527.81394698107 777753.7363690927 426.88837363940786 
5442.446107391053 1085031.7604355682 752.2332954609043 
12720.409169154975 333848.89036058297 78.9640095197112 
5299.010929396861 1523510.1206797047 1123.9711853429965 
5243.728672287449 3202767.2250426994 2296.35621067362 
5340.40418138568 1656557.6296758018 963.5234961891605 
9906.668343184083 398071.7884302227 154.81839265509072 
5256.645353512423 3151638.8503389084 1923.7119581514846 
11032.745150003333 326479.84835786483 84.64328680013263 
5228.919148209554 10458984.059386086 7162.556870211058 
5228.359549105828 11675972.271890331 7843.221420217941 
14274.086390947139 289553.1527852665 67.82779258091455 
11085.344850935098 352385.5560056385 78.21953942106039 
5227.913460602208 10107851.682469884 8586.868854241531 
8170.377551555079 475400.08760404383 268.6524574406189 
