8632.22554547226 614960.7339497656 310.88911275008553 
5559.293501181582 3288113.5298895435 855.959689871514 
7890.430668833376 695364.7892618661 294.04455428208524 
5434.5465154757685 2313412.8605511743 960.3839306666007 
6409.693815657155 1291620.1375756853 417.288093831599 
5339.366900383249 1667661.1986680515 1035.9804699571093 
5246.086946728255 2667714.4085669555 2198.208862080853 
5237.745089319257 8177580.192791039 3407.212408341146 
5617.559726954789 1839297.0850279948 730.5632184126105 
5271.402722078785 2874735.7855019784 1681.0286708323476 
5259.824427222139 3309331.257661166 1902.6916507644535 
5243.926190860015 4199968.384638328 2543.308499610457 
5284.1456312224645 1985047.9342040708 1273.8878350069042 
5331.453585317825 2400273.0116125597 1117.098949440413 
5319.594871754978 3032170.0626107533 1256.3910168313596 
5312.42071727317 2013085.1141001664 1269.9095117130603 
5627.993269386256 1320960.5474651558 821.3636594877469 
5230.824829903429 6926702.503078338 5514.581986825913 
5238.452148926796 6660843.653457057 2939.4308273333063 
5228.891254571208 7983582.694821517 8484.287820743106 
5923.161833642659 1301468.2021953189 661.7964882924759 
8438.42811236113 685325.9378025191 235.7847677150066 
5406.531006078175 1927871.327023454 963.1331154197275 
5233.983746496327 3899369.0116378535 3869.7193208694184 
5228.132960281542 12955589.724421676 9505.415092426638 
5243.5636772233765 6524002.301807107 2627.3800929116624 
5240.877960096831 2965168.0942055257 2696.506049357268 
5269.6821146484235 2896704.347787096 1517.5939393428662 
5232.475438334147 6234133.714334048 3869.801888764401 
11133.453375263362 486997.46387347544 134.428022973234 
5231.987792539609 6677311.951248807 4963.465586412859 
5323.850457702678 2329282.705084793 1185.485187621392 
5227.1417491599395 79178701.00584957 35321.36669453521 
5787.840906015754 1292194.5468902066 669.2137778463969 
9799.456295360767 528057.2228532588 241.61553628909002 
8085.841978159446 788136.7806375377 254.24484005188873 
5229.273928520033 8500943.335458554 6642.918138347527 
5260.662106634674 3049350.814955813 1924.0207710994664 
5227.021424486833 91453847.25405893 47843.298941019544 
5227.3838200434375 22613059.74799166 16250.40723762331 
6584.743084718598 890019.8713405775 276.1344212844243 
8654.76861415115 648832.869185637 275.7876504797947 
5229.0853463730855 8329494.570765378 6602.157104588804 
5232.212228444942 5775453.714008703 4643.765188128618 
5227.34868071424 46628963.51446007 17518.619715516645 
5227.8946159233565 18274666.902215444 11341.163074536471 
9726.083127539609 904127.873546124 178.13302141735926 
5231.160194634413 10061150.886002831 4817.927247764395 
5227.301977485562 37158683.65463634 19392.02896341545 
5233.963850082147 5744510.366692211 4631.931212825366 
9154.574264427516 648603.4427512593 208.55984244609465 
5227.564118312104 28210728.794361256 13294.3720528247 
5228.024264158117 15083191.134152979 10228.346470464137 
5227.764029648769 19315858.776836604 12234.36033976849 
5228.696211832801 11056507.243978502 7723.008284144447 
5229.336925191479 10871629.368819496 6056.835486161192 
10401.165962211848 588123.8387716534 201.8606942288373 
5227.171656142898 62564407.740855284 37940.61458723896 
5227.253909975224 43628679.061404444 19596.5118572175 
5230.091399035847 7839797.821938237 5220.552786117592 
5227.122449929919 82434155.69296567 36552.83841042032 
5227.152397037066 77299356.8331923 35819.79284126997 
5227.0697762730415 105237415.70876923 44366.12557484697 
5227.307189851286 33995905.23647954 19457.732039960207 
5228.564406423662 12591299.298262803 8593.236954507804 
5228.974805034271 8608806.665938353 7559.359130067905 
5227.919582502725 17062681.510905143 12178.165196661921 
5227.080994218575 73496311.40145932 39272.93531013745 
5227.111813429143 66425341.7126682 39527.49436430853 
5228.00575138605 15245959.435944265 11998.39432858394 
5234.7139624718875 4566843.027227606 3656.1799471480726 
9175.450097331688 577891.948853138 232.53380504199782 
5227.541216656344 29019986.726639505 15074.810190218941 
5227.172049239192 88599975.52167651 31666.61544725675 
5227.1167137841385 91909325.70086466 34877.84942522471 
5228.073295531422 16544474.693718513 10721.135540041723 
5586.196838372172 1187689.1978821119 869.5206570615443 
5227.236407861771 45613082.09985809 22860.81108093916 
5227.20087872691 47677033.865145735 27434.919954893234 
5227.655247849965 20031674.990626715 14016.474063201 
5239.117934660605 4764235.059684317 3534.368294537551 
6031.207679667402 1902694.5720465276 641.6357324364973 
5227.200056080356 76347748.3263039 28988.640397990574 
5227.855856923236 21648746.819913782 11017.894594342035 
9797.253113433257 786854.4109427956 190.56939669963077 
16829.192379458877 1132410.8566837346 148.1755440506547 
5227.0382630859995 169056702.20613444 62386.040492374435 
5227.0308827499675 252985683.920627 52819.24376024361 
5227.093866839847 316274030.2029973 40704.09557730661 
9219.036188846163 642144.9444252072 265.60453829280357 
11764.554329536397 795185.3674057988 176.512372001892 
7661.617279005391 1526667.1438957935 333.27289380216735 
5227.2105181284605 52029594.32456848 26463.760589585134 
5227.0391454131095 152256213.91650343 50679.81922885811 
5227.045357562187 139800055.44479644 58125.21227852777 
5227.067867882681 112455381.82791556 60650.00148197107 
5227.197057873163 112354024.02954872 33724.28579277311 
11335.19472415052 659414.9794439323 176.56129513689754 
10126.665428503482 671995.3928136069 215.59103208113095 
5227.195789085861 78723244.59144631 36515.430985534505 
