31553.785379240755 225621.76255569 49.74889605120108 
5227.231854269786 47663008.479993746 25108.31187772148 
79764.84968985891 1430515.6690017045 1.1658799607203452 
31601.61679489285 321231.6443941104 5.2338928399836995 
5227.333080344981 32620912.21554389 17587.01621884028 
5227.557659773709 23753325.248053253 12171.126790825456 
5227.459912641733 33446113.911633115 16771.60225840568 
5227.356984112612 36018855.93153249 16433.10388029059 
5227.975551501325 14044001.829082878 8855.858812055592 
5228.473534783235 12885763.420879357 7388.117437952571 
5227.845731905188 19472381.141346473 9878.18285660942 
5230.991614126491 7292712.393117052 4386.17976427617 
5227.627874735435 19431216.096533954 10712.97799365352 
5227.9057031987495 19371298.73363485 9805.587203753465 
5227.603014617084 18972270.32952193 11181.691190112508 
5229.186713226136 9978154.902196057 6858.69333383905 
5232.768656086279 3690113.1678672773 3227.2049491045973 
5229.310906260528 10483204.909895023 5637.05187617348 
5228.659618801434 11498068.239230951 6861.269958164488 
5227.973309417708 18697348.534084253 9421.621777441798 
5440.389717161247 3161547.293231138 2513.3327775815023 
5299.898521033905 4422645.184404031 1585.19419528863 
5231.210119829873 4789152.010902559 4882.964349102096 
5299.287683456184 4048774.5955491266 1916.5766548501813 
5230.701431870814 6383585.907455144 5949.438068711796 
5486.90338162134 1768679.6652853761 1004.3921090436553 
5228.890643139375 10620557.979131967 6449.700640532414 
5229.071332705475 10950693.866994318 6073.827770339297 
24471.91434205833 236555.5023643229 27.394048804480438 
5502.144379594869 1390318.5056576147 747.2724053518039 
21130.36225638303 241221.72955988144 22.718190754914666 
5231.764601441375 5807405.196037727 4833.0785674928575 
5259.534445246681 5473545.433116768 2377.1793454519557 
25926.94007213391 268702.0674242992 12.172389855786424 
5228.814767525161 11236688.700542543 6686.589385025375 
5303.129185647609 3709401.9904080164 1733.2350244744284 
5227.656508087697 19022338.99037729 11178.845277616358 
5239.26812023949 6217222.346615536 2978.674985519059 
5241.335441730143 4556232.860652902 2718.294123551921 
5229.942497945553 7989538.43421429 4865.24485657198 
5248.587059691312 5085752.410900239 2565.0433828697296 
14403.06835998443 334806.71245010657 55.98818208288436 
5241.184104663351 6269854.38820412 3112.9026666021073 
19834.502786993788 259431.7654162227 23.737459415478696 
29058.398647640293 361738.80632510927 6.285336136308556 
15427.114242707179 261659.2341126377 62.315332245277425 
6181.203387855424 764025.568481433 395.4889542131994 
23620.439490890487 257634.99310061205 14.967286435462297 
13376.012323365327 295107.3193718989 61.26007819004093 
12120.127088689422 286858.04101719084 70.79450211071558 
5721.9927533582195 1156398.041810017 735.7467740255204 
22035.11275172077 250850.92424349504 21.108158513430944 
30985.66936365968 276847.0460674208 5.426714202157115 
13016.743388383355 532613.8559970291 55.40036489908378 
5476.43886096942 1676017.208558524 872.2109981416747 
5970.474820124288 866791.6329636723 483.5445411397365 
9951.08316480014 351121.63388423214 119.39668462959828 
10495.821813070406 336898.6592759886 111.67728503612783 
14803.478865600631 263842.6419923981 46.7156214339498 
5276.499567225192 5015672.684018561 2398.550641590737 
5740.759401234578 1049886.070023337 549.7052951582872 
18109.114470148514 246623.01731556197 46.81961130909163 
29633.91826021843 226459.75762491664 36.24989212766987 
28368.06761118158 277525.4137125036 8.81033303109998 
16058.03893111415 281648.3015569993 45.307356073247725 
16903.21014749623 285242.0159585453 34.88359189904642 
6566.067197093708 655371.445258967 334.13396490095255 
6947.185690022678 673511.3001904951 282.9060761301227 
30417.420840773884 266805.195814736 6.574624055338726 
30028.039775555095 440548.7124538688 3.0976644724384705 
22718.11921141503 240388.47618184338 17.062370455206388 
7708.302835699895 595231.0867100036 199.41944843610392 
18671.84067094519 270485.9646583595 27.837016386006773 
16398.373953675895 266980.5633400872 41.87902260356569 
8111.515255741383 553598.6460633571 244.46058930699428 
5538.917402282926 1495747.3275095723 820.3043207706344 
28079.9326646222 307139.8972474561 8.423412456410013 
9314.777755822473 381788.67339584505 193.62838830066684 
8420.499499126465 527855.529446214 169.86764763975376 
27120.453957312184 252271.58549164882 11.15715396348539 
17350.77498472929 267003.9366220751 38.068891935757144 
11518.63546620836 297511.30655082216 92.47021155339822 
17681.4685670631 281995.3985692563 30.259829985859763 
19208.416274545434 243648.05258124013 24.28654861444869 
7419.802839006961 564491.9869651904 248.56345101759766 
9524.585931648084 352568.9433362909 147.11524931495816 
7122.97677544819 646467.7218613622 341.49395800425077 
8761.913852192502 514849.30694692495 215.2826094508207 
8883.364088868946 423146.36539861833 149.9375980347142 
26507.430691700778 261886.76253937877 13.671185689771036 
10877.500834417373 305897.6280780455 119.32569316610227 
22290.299631625094 237360.23098537495 44.352195413933586 
11172.431266698952 301114.4366347892 86.18535760792184 
27565.381934456647 246129.7925508873 11.811898566484041 
11876.790588710192 319227.3194959221 83.32838989312012 
19726.712750592134 266182.53735957044 17.71595038232446 
26626.667216552833 260513.78340217893 13.272868670343287 
5776.215256227286 855914.5806596051 528.1199946077439 
18970.176132070475 258132.50581795635 40.5250918214795 
5641.493491511499 1092384.1804553461 761.9013574056152 
