5227.0440380116415 96378764.85734981 53778.591189437284 
11087.728150112362 414339.07700273494 128.68906453312218 
12160.397019198792 459951.29294248484 102.50485581003971 
5227.200684101347 53568297.881145254 32194.607279483567 
5227.287169094955 55312046.549237475 19321.650312228998 
5227.539414577834 34651072.64954595 15241.842110622927 
8441.626764616676 681892.1453195645 235.2121384747773 
7978.302282768708 708387.4033595897 254.82723898369483 
5227.384810125921 32871371.19324765 18625.351804693324 
7575.439035769575 850645.1557272882 314.61433700685853 
9871.847090374571 561416.3615813586 177.09118066116497 
10112.281960717351 558576.2998946363 266.6413501024435 
7932.032263678144 697972.1780315008 291.1295352695845 
5227.586050672318 32120609.640721954 14101.776220424015 
5847.618646136797 1607720.3493406381 663.6305081589122 
5227.418743551574 39903575.76152969 15671.92308332865 
5229.655645355217 8893509.508703172 6139.760038158575 
5228.62183568438 15693165.872717198 8726.845287578784 
5227.617835369394 26020049.379570883 12772.49552286466 
7371.564933914935 779094.2932196682 231.9752537112255 
5227.672431572488 19842914.485433877 13165.023537707615 
8631.788351793233 616958.9104933417 309.679906266876 
5523.242624059435 1404965.2210983343 903.9356796318626 
5229.1986276025555 11959818.104621027 7114.36654773187 
5786.700492069058 1480028.7959528763 681.5685775252964 
5230.080665995212 9291060.541912097 5185.717640346246 
7443.81450861826 955972.5026810524 254.2162861004328 
5243.578334371588 6556636.750107581 2636.995495183877 
5237.121192167393 7186669.973917031 3527.566474873 
6203.209829374575 1483677.699299852 501.06595424927116 
5245.821835220031 2644756.7460264945 2062.79073533106 
7420.713801871176 926432.0313045746 379.5387454573258 
5231.073003276133 10591338.204978395 5034.211518398976 
5238.451702286429 4639582.245737082 2947.328578454663 
5232.540457247027 11282716.265121436 4248.480097749881 
5240.937107248038 3267332.5051100114 2741.072735057321 
6328.94620847105 1538594.4817597605 442.13841004866686 
5254.353041749095 3664277.1145020113 1953.435012105806 
5565.185126550056 2980513.440255001 803.4036721826762 
5234.467224220375 6153647.213390263 3690.698926776746 
5628.498166063006 1348367.5382458079 823.8208330063582 
5331.324908723153 3297168.1143247816 1149.152099365266 
5234.049632298909 4141838.3606461557 3931.74513956903 
5284.7009551365345 1937539.7429293687 1287.443175925076 
5657.537204612309 977054.4226266481 704.6188670890841 
5306.690995158967 1789335.9898159623 1182.9346463502088 
5227.862192186345 20036897.433825392 11147.69033126704 
5227.650020217314 22100198.990964483 13123.413572985908 
5270.862872884217 2373959.4795012088 1453.6425843257837 
5270.147514014577 3306291.7564512184 1527.272381354542 
5231.4261412948135 5746476.9167076 4651.6197292152065 
5339.202593408548 1724373.8884165606 1045.52295974548 
5323.666774100202 2120156.5390615845 1193.4595906336103 
5234.034208745785 4666324.338642347 3799.2191668726277 
5907.355036547873 997352.6966155538 663.1863362753758 
5228.961516368923 10644786.107173081 7354.959635449064 
8434.451231347033 618752.7780358385 255.90905585523257 
5227.244504034784 49072542.30036892 27040.255187204904 
5227.332862025151 35257274.58369739 17329.63081328536 
5227.056587921536 85472573.40897684 45752.43586204497 
5229.3443604327595 9394669.853980437 7251.867622996364 
5227.151781211357 57337686.880401045 31481.126384654275 
5227.275300366795 35272875.43592175 21077.381049798012 
5227.279586407247 41109212.21204746 25415.505111734034 
5227.478685203563 30914396.0149809 15362.044198875887 
6976.690986003655 1137648.2137116666 387.27067716774854 
7171.783056578726 876591.6454707463 388.19360754667065 
5227.140501745617 70204504.11342292 27908.422761426926 
5568.02097800098 2258955.8010714017 914.3161709143262 
5910.428795292769 1033422.4736510039 507.27307601237686 
5229.061148707382 9472336.966463476 8357.889744990101 
9862.430502534276 499098.5424536489 128.45106448074236 
5227.186832708821 98340633.44591543 35669.52753704101 
5231.076466405175 6625396.976791633 4942.690138212512 
7279.79537327497 903084.2506031428 384.35985562477396 
5227.079431740011 92863147.32551868 36126.8556908421 
6478.203026585986 899832.3342308556 524.701499703924 
5227.121273221666 51796230.819591284 43255.6773353419 
11205.691112246257 359666.8115022564 115.46419543152066 
6665.1143047607475 1238499.6456300188 478.0385474755674 
5228.813977148924 36927736.449978925 9586.671126239364 
5227.057298871733 114145765.26159173 47043.68946414523 
12629.793560911121 601875.8321732947 119.62055871189142 
15620.68273288764 465346.4989957741 148.47960920831008 
5227.153353712684 88800614.28755903 44544.43693192069 
5227.198226617903 56276687.498374656 32140.778316645617 
5256.048299876325 5031896.045021761 2976.0047822702827 
5231.587492393696 19409173.74545377 7774.372757565159 
5227.105106232736 96394961.72481379 45495.90242971533 
11405.049102285684 477965.5774595333 131.97654827978315 
5227.263822788139 48140841.504233636 30800.752837292734 
5227.274035979868 51798646.593152836 27072.64163822769 
5227.1739657392545 112579458.43041103 31815.87680765368 
7318.7055413777325 1217792.7661101378 385.03324236248216 
5227.301543244298 39109077.921720676 22669.067545619484 
5227.585079067928 32677451.92013591 17660.22206166526 
5227.52943977135 35267913.86169513 19679.21151209923 
10234.911913618205 578136.6115326313 190.57027665355628 
8429.34490115831 909323.450817112 350.59776232343387 
5227.5852237727995 39306197.28380957 15855.735116146987 
