27883.838260115423 252992.6368053755 49.89849079301155 
34763.75527535483 345491.5858606372 17.806598328659973 
5227.033143925053 253183439.50524342 96283.48748226408 
5227.264559576937 57186312.08817137 18766.940676032606 
5227.05634120439 295446553.9118702 70070.38486255246 
5227.161891568776 127658383.21540722 46567.37317733736 
5227.113622085208 644122958.5083011 86057.40049035777 
23833.472585324547 319728.05901320494 19.974399335257615 
32527.20178746477 486312.2740454151 18.439773285214788 
5227.079031823824 184089112.48643744 57722.1795915807 
5227.336972764776 59508357.283907846 29239.226647141266 
5227.176210521252 105918969.89606093 41737.83137873772 
5227.134017376224 104913655.35063587 35033.03441711268 
5227.242132228025 89264417.53802812 23543.318290464886 
20999.806931580977 284810.6208609687 21.968548254984515 
5227.162098284582 66801657.11274174 33911.368969044066 
5227.299693014133 62910094.8671487 24321.5512632736 
5227.157564461886 89143220.10654555 32223.621413948193 
5227.36518266908 34500271.182514414 15674.872988129484 
5227.50202605198 29608687.853059266 16015.17096323202 
11295.796687705008 310473.8763020219 92.23266288871035 
5227.758038892177 24074658.041881863 13921.713806739055 
19767.501769318733 312445.574361308 20.40230572141419 
20456.713131229724 258371.47035729556 39.33920529645422 
14249.244934954377 270399.5009759789 54.15801680873952 
18455.414577875446 280064.1348062325 30.53190303875845 
15496.224444434674 293866.9536094857 43.059254440076 
5227.515668351115 21511769.4799663 15791.100073073349 
5232.897959190011 3921566.3697820143 3429.5556407808504 
5228.0845438914985 22021222.386997253 9796.217846463545 
5229.399065169014 6800711.51855053 5122.507003410809 
5228.31606968533 13824205.004688434 7653.876494196639 
10518.44461907704 327611.09774753184 87.79176082879889 
5228.554404630255 10838246.874360446 7018.954868857742 
17654.681974005583 262844.7626825527 35.995714825424514 
19263.835895637338 259853.1034563446 36.73479574600512 
14888.994777059648 263802.36394550983 63.343926748280694 
11755.510646508777 352975.84733263246 63.608032455470635 
5227.688370947987 23578430.656393822 12789.808558580495 
5227.936723350535 24949146.739052743 11220.595121393257 
5228.004553192661 28055635.663553353 11967.935298170674 
5243.4933452249 5210320.548867682 2199.9744453219364 
12622.987707607346 289121.1721989203 67.31233132304742 
18203.788796258083 274622.0991340723 31.56946058536937 
6255.602550888932 802419.5591198257 424.7447080712006 
8536.289400462887 550110.3467360134 194.88782556788658 
12811.717402798617 278472.68972029205 80.05232234608422 
5231.521617790413 12646806.471047882 4783.195629321163 
15043.419254004424 279471.77134156565 46.742995018846194 
17338.237602014124 256713.2312448061 45.309869895469 
13879.976024648382 282400.32058837864 67.27372077181164 
8177.9636774161145 498134.6104144237 197.1745808933808 
7083.943468810638 620897.1450305064 220.27664942300856 
9311.439506685329 383764.74366365897 200.4571658555591 
12118.909232045873 291485.6160496123 86.18799472080114 
20892.515376561092 259573.01700254017 28.459422410241803 
15971.720420221249 284780.7476094801 45.87828249333613 
5849.682963184327 842605.1721596076 484.7958475675642 
19296.65277076094 259267.50286557685 32.5062901490831 
8878.236466452247 422494.9625833072 147.0610564374503 
7957.502818065459 486833.9486267102 264.49897074159566 
5543.995230792249 8438425.530923042 748.8977118877774 
5228.146889970575 12734094.668996425 8896.253196401243 
13272.152235389352 286994.825235265 74.30960962866826 
7698.264159221573 590030.4756043664 195.20882061095134 
17049.451353767538 297305.23594098823 33.78488653159074 
7478.997543191698 610689.3266261322 237.32580752888327 
5228.475190148761 9870959.729166638 8917.00290260425 
5265.1219715306715 2363422.694778441 1708.4990900847727 
13290.698468351184 284189.8812096917 72.80583074086744 
13644.307050426052 300137.985051887 53.079380121496335 
12080.055070429753 297830.69165575044 90.46779972288138 
9880.812507956187 368039.7066508008 126.51952902060867 
8823.883478631042 468714.6794885756 149.82070271671017 
10413.015375378247 336143.0430080134 119.43231749463615 
6566.77683927547 650940.9764328033 333.4680310169161 
16491.427249490822 268744.6843507832 54.259011968428226 
10172.713993741618 342487.449157987 141.47959598391574 
6478.631156065566 771167.6486921797 463.1024585601555 
9721.661648577221 395676.8931210873 108.70000315412322 
9570.647931256863 383367.9991719709 178.57488846792486 
5644.246399641427 884610.492523068 656.2815956739742 
10079.514676226363 340991.30426867405 200.45865801990493 
5385.819539511436 1456061.4864985966 787.6081125460043 
5786.941836763313 1016527.6266136798 595.9871915898061 
16231.513451181143 305717.3970511793 31.295126779160114 
16653.804337013247 274101.1471902885 39.178766496525405 
5287.820334271423 1876875.5205368102 1490.850856896828 
16891.283757691224 267433.3580989841 39.17811857083291 
6786.073356198528 744083.3070164153 287.3847558533951 
6941.251347247441 660387.6499502708 230.85867962190787 
9424.283264627307 398015.33179890725 125.45596628104569 
16314.949507692574 270272.08900432364 42.660744339520534 
16029.483554446146 271310.69048038847 48.20079292440616 
18331.44918381118 294941.71854657977 27.861371393622477 
5319.422827843027 1426813.1920571623 1083.3097391875103 
16773.397100157003 264913.88560992514 39.54006112200232 
13659.5091097189 280657.2856052106 76.05010648993036 
5349.161317082992 4133554.410365718 972.8390419563225 
7485.829695724087 551369.6643654081 303.2592358078276 
