20296.09245054685 451642.1980103976 22.265535731319442 
5227.099662088458 115064120.68616107 43774.11622286069 
14672.107909502089 309309.33424227464 107.85678118391007 
5227.163363983105 71127329.74179648 27478.51216842019 
5227.367960780049 48377510.10798904 20961.622514998144 
16584.089044057455 315797.9164947811 36.83174854324425 
5227.618215009744 37076653.34169026 13362.848146610664 
19102.87831394666 334908.13762009435 30.44635309627233 
5233.9987276880875 13926281.068703845 3645.145831407243 
5227.732787585092 14326358.797008771 13398.328875744475 
15388.939188336513 330538.3933109988 89.75023079547245 
12497.836962954603 428028.71960685845 72.51229024146065 
14072.616295905244 314327.57380044495 121.49080725369458 
20105.64852190679 331735.40581056016 25.594119306146094 
5227.827159167658 15482357.77561519 11477.81698056214 
11244.013562389722 350328.3240115544 75.0070804298196 
5227.999485809778 23728711.957299825 9468.381498585832 
11778.214689697565 338922.76761796797 95.630764112316 
5228.132677846044 20175284.948790807 9204.263637537764 
5228.562954735446 9513144.79475294 6930.84948885906 
14176.349356192999 428463.8617434184 61.551826036111045 
11931.581626830719 346295.5285019352 79.01159853314361 
12349.917219655106 347846.00678923 73.97652523092545 
5228.728733071903 9058051.721557038 8126.271269175374 
9611.182363675489 529460.8179800068 119.70222864394799 
5227.805263760372 15225276.158838768 11527.019364595459 
5229.505144590996 12918233.64792196 6325.007499982578 
9960.993003796211 383883.52293235814 133.03760247305263 
5229.643328520146 7918272.117898051 5652.139035208898 
5228.92934316625 12408803.9352398 6491.95752489232 
6977.225967777852 691434.7155534027 248.92494542902986 
10630.807533359251 328292.7315123133 157.04052869884657 
5251.987343907519 3898589.77565568 2096.2508948238415 
5241.272368800797 3846309.496694253 3062.7314858159075 
6236.7534704944765 879253.2022102333 462.7963367679728 
7313.707622803086 637034.3296802659 396.9828157017157 
5308.898596093272 1457905.4622683118 1283.0983171355379 
10946.762321328706 343724.9473736748 109.24978264457809 
9075.185006379157 400444.2728116264 255.68633412984957 
5943.344296449723 1205920.6409087835 495.7274005420917 
6548.187979264108 700036.5305022268 411.473779917784 
5232.49070056551 13025700.207212983 4506.639553344303 
7554.945908449274 856594.5787117865 241.6951148598994 
11070.55077791912 356034.6293631261 82.620100150271 
9279.561306263913 425228.77548222407 147.3684148461903 
5444.990516776562 1068061.8588972639 741.9363264419105 
5248.057281003686 3273618.076106624 2583.8192734054073 
7960.977113943392 773899.648298494 218.57370834144646 
5227.615344683056 19973738.759719014 12933.026438328901 
7657.975790043373 680920.0104936793 227.7494201779527 
5372.342714921809 1115920.7861535926 948.8902300700023 
5238.7309440752715 5073848.781760554 2614.2585359534223 
5232.3029317883775 8860087.444384864 4611.099998575287 
5545.598905025215 944666.6725412302 663.0463706184717 
5236.914672715315 9140823.214624295 3496.251297089261 
5256.33770821131 2283331.6901003197 2231.9844788121236 
5650.285452806138 905061.5264276377 635.9322255584458 
8320.992189690802 459313.41556441225 272.77795402543165 
8457.372239430271 445499.40886384965 199.94094058141457 
8749.885222879615 555920.0633849802 160.075234551161 
8090.008372675918 512280.0293708115 267.2888705461289 
9444.989627679766 400415.24926011136 125.77893945159903 
5228.129721388272 9674313.248574542 8729.75349780547 
6397.8316009031 1266668.6793181873 443.5807262143971 
8203.133846501203 473659.3076868823 219.63655504278518 
5231.328995834192 4672055.359294866 4840.303301642417 
5227.709707773428 20831916.680759057 11675.897334456888 
10058.097699100224 388186.20463395375 124.15339996042742 
5230.158829407141 10756664.38235564 5521.754925346409 
10525.381658698465 383493.22326615336 89.6585957718976 
8912.820174178294 403285.13817907555 163.97698013657325 
5230.316456210661 8124927.313658712 5102.923465049705 
6721.326880912184 686751.7054694948 399.7400347120142 
5230.824402614009 5420006.682833084 5477.863029823525 
10341.16991148996 380620.1550984551 122.53689034181119 
5299.7932357495865 1560442.3296539055 1115.492422249096 
8633.36199734021 422088.8388962634 192.05781510180057 
5282.270387620611 1857183.9840349932 1277.2646751140358 
8564.357798944788 452633.5152943358 181.21985299960974 
5902.003234496249 851488.2453702358 544.6315466771655 
5230.188347681245 13363569.508094154 5444.385356173269 
5228.545775596497 8350541.74346787 9781.838997013412 
9365.371833197816 409197.4765221696 131.97887612151612 
6340.439140624347 681644.320262507 469.0662127342845 
5775.729995237732 1318920.4884609873 524.1018997937283 
5784.65131473314 852786.1969150023 592.6325178774708 
5255.697903461483 2661200.66805207 2173.25935410621 
8866.086706248252 424415.6281443677 166.87053002845428 
6890.690945299625 693855.7239499853 304.1292557746916 
6840.840492327881 725144.8013156194 348.3368072693629 
10183.913151348132 423490.16054747533 114.80463687809264 
5232.410355459904 5529053.48916267 3910.849690578709 
6483.716039899147 771006.2926212251 453.87879566558195 
7318.468416167387 630615.9633773068 345.2206714000606 
5229.620211560858 8287018.0465916265 5823.518296092109 
5228.177128082562 9642010.677605264 7642.26950406635 
18198.108567060746 395452.9028103539 51.57682530007875 
5227.666419536605 24629308.550480485 13025.641809996008 
5232.029018454323 25095145.96064352 5129.377501036051 
10382.935577037917 384916.4174531661 160.7804916190628 
