32519.000504407522 482296.53392595134 19.27423534053785 
5227.093021952531 2735687657.700641 145120.48284971036 
13059.119642025507 266884.31925657106 65.87661209640737 
5227.21561243703 229204857.26688093 24198.26116014058 
5227.093144916601 76808935.81235257 39599.81241843156 
25284.97347185195 294084.95503035566 48.817258371204055 
30134.92040362602 450749.085282261 33.300994283531324 
22103.862380681243 275686.05841684004 56.827505139903955 
17005.53892161785 298766.77260840894 52.79403364063102 
13652.338394793751 269545.8810813964 61.75537015394753 
19789.23544746435 421130.3454783614 42.13947877960723 
30912.825911555738 447908.4387837595 31.61568923149597 
17602.651312460228 394001.2588289971 51.364293145666345 
19181.124875573187 428013.61211780575 49.93721178842476 
5227.120399350217 79044133.82634051 29300.350703612843 
5227.109207681106 71258323.85855393 34841.22583403576 
5227.099442118435 69656804.53264782 35494.36668431223 
5227.190595212878 59261600.33247955 27631.720668476763 
5227.301410518965 44278788.68539911 20288.87031813517 
5227.189275754951 81839783.5943911 32137.03186980173 
5227.903201904565 15101129.311844148 9226.501710033284 
7072.5233014078085 623467.3297242748 246.5681376121355 
5227.486836452166 27642235.981472716 15701.263805516912 
11752.171228072963 351087.2477393702 62.48796569646201 
19426.635805823204 595877.1342058767 49.27385965161614 
5227.492137985861 26920121.046855614 17152.02624623674 
12711.403125941162 333569.6721844871 78.0019265241069 
7565.050402428655 679554.3710602451 210.97484236417935 
5227.217928688283 54937071.79353589 23213.572953154275 
5227.659332378022 14994743.740298389 11557.015892870108 
11309.238314629805 302506.4813550584 83.58268761229853 
10853.482404254502 382494.05548968585 85.27156724272051 
12361.504918262988 340337.58701169497 67.37028263089906 
5227.249707162807 35336907.74791348 21744.31159347335 
6062.805722569123 989102.761523695 597.2157630705436 
5227.302427385337 51699966.481793046 21413.465203697586 
9582.615658302782 361115.63266175945 137.7155898626793 
12033.210411794336 297231.4556780137 104.0602934390213 
5228.18763999851 10375235.911814304 7509.900609393254 
5227.568677412211 24404662.38954033 13544.150156051697 
6604.32347757857 687868.641736832 347.3434840932414 
8334.531087578096 525992.6449323801 225.07368556535982 
10245.258350815713 333089.2735742469 123.56766126652076 
10524.543283051557 385171.3088344509 88.68031743892716 
6236.836283277692 815787.0645115856 464.0163902141269 
9874.15696913094 383202.8705259637 139.64635202250253 
12483.953781503014 339449.6456822339 74.9056700868376 
8180.780731012589 477190.90841981664 253.52896750311203 
5227.591922708464 23660468.20014263 12140.557722856593 
8998.855585348892 631732.2047664202 142.04537239342264 
9441.901152907767 398904.80696429714 125.70700747028998 
10475.487852849956 322696.13588478987 103.80574390950129 
5808.120166432192 1149785.7004932433 578.4917780918839 
8014.26075687662 558576.369745917 188.8742737319653 
5227.503287848729 25186495.040170647 13394.035681059448 
9242.704926294122 608083.0086884984 142.02427297557918 
11931.236174714508 345820.8330208373 79.71223590328552 
7900.289671067543 518838.19705213135 338.81537135333247 
8567.712988998945 503544.36430316395 198.48055472943517 
6826.15232013944 780270.0671790325 275.87980146621675 
7745.2316078593385 544609.9585259996 215.36783691406646 
5385.1632235966445 1672003.631333957 870.2617932928292 
5647.300768286708 902813.7000764275 647.3030799146917 
8838.797385074935 466863.7452428218 190.818235396987 
5227.43298695066 27140445.55390098 16842.030968714134 
9157.201861005375 403017.522654173 150.76008305982785 
8746.506680920393 555973.2176440759 160.07031474638475 
19193.062920494576 447910.1985037371 48.99238982737071 
11031.301883879278 326708.893908745 84.55703911145974 
11230.149206955122 313273.83095922833 112.16947710414485 
5228.843936223689 18656283.886996333 6417.377430560125 
6440.348937555652 1180202.05149467 399.8752737444174 
5228.8221575780735 11214053.590564284 6976.608404717146 
6403.6208240686665 741306.5588583731 430.43907372181 
6862.447279956052 679590.8993535924 240.7699635282407 
5500.578794315632 1146391.5773350727 744.6904380925125 
11085.221137042035 352230.1474881168 78.20021335511116 
5279.892095017986 1412219.7553203527 1196.272432694968 
5233.734539901478 6160252.53667307 3628.317924883718 
5252.21195931317 2767782.361546724 1761.5517271004467 
5232.827562281546 8421268.250957716 4166.169938950356 
7638.617079617416 601564.7830123784 340.9317562638183 
8609.19831183698 477918.23287314596 236.92144420760144 
10090.033846429807 397931.50364899647 104.98956808863313 
10039.117254810159 352052.9340413628 138.1053653812007 
5318.315722066917 1559332.0011962429 1080.6843871681394 
9918.600975623562 453347.96104005375 118.71569580232898 
5789.559050683988 1036152.3529684652 587.8566522509898 
5545.456083860698 925440.4265938901 655.1051596322295 
5229.778629400237 8923465.96249902 5755.640194689828 
5231.510511842605 5603672.013346262 4555.064103104218 
5236.911738972729 4219413.248362292 3010.1031834959404 
5238.502173297013 3863633.068114508 2513.5008492015827 
5230.703754475015 8028845.894126081 4836.539937697179 
5227.325355386363 33004311.68381221 16902.174220793713 
5243.684204368078 3501468.2191725383 2321.70270482601 
5236.365096745165 4286436.851706939 3121.6722178744417 
5227.650787718704 16774061.753475303 11978.612954759856 
5247.086411528391 4295861.3579980405 2159.0501420960895 
5230.105974243432 6822937.505776148 5200.277848954059 
