5941.29592984387 1173563.8630714533 603.7441697582593 
5424.7884604911305 2683884.747191245 1177.6814349085403 
6569.578426208653 1161370.4325504887 547.2378159228401 
9524.558658579299 1598069.4405432632 334.88867914913544 
5430.548877389849 1731622.8193068465 1071.9529194117495 
5408.962278442824 3058434.395321198 1362.9782215841733 
5302.366199126518 3890914.28922158 2417.5465646863177 
5236.595488224215 6833107.469662831 4852.658390828709 
5240.132429633511 8866230.392354934 4489.687405976329 
5283.686847060914 3772605.411152975 2693.3476405769643 
5230.298486926827 12254321.731622385 9175.157152065805 
5245.662204508151 3999276.346358337 3483.3617651949025 
7324.369494564486 907412.9746457094 477.27088224350115 
5243.788174579773 31640873.50163217 4082.9564941921667 
5312.036380444659 2120936.8554264084 1449.0013326049516 
5231.287610808797 11626409.905577382 7944.650812953171 
5228.293939816504 30079691.15523223 13401.58810383336 
5228.678804884108 23690185.161451936 10289.121959898446 
5273.99984521498 3805946.6666949578 2442.347686241092 
5232.12024295069 14537522.880430983 6233.051976921637 
5292.870997160757 5211118.382620065 2100.384112666045 
5228.842914468054 18001287.547935687 10105.37247222247 
5227.8510076108105 41333841.39001737 17236.423865794262 
5231.353563964726 8739955.627212204 6860.679625109027 
5227.5909716726865 41350121.80623036 21381.235689712757 
5230.2497563670995 18687636.52269794 7569.839504109003 
5233.967823368727 7797373.337997127 5309.557294339887 
5227.87487019703 37131539.18498444 14082.568056496848 
10820.214993049045 823823.8386269966 466.752051727531 
5230.122414243454 21839502.08538049 8140.331074918893 
5229.078548948824 12750245.856523404 9610.970953755785 
5233.996331251273 7588645.908355046 5552.8829872270535 
6545.47968155044 2847014.8892224375 578.7354343638099 
5227.470767025538 71902279.10165766 27996.68349297751 
5227.570147866835 68073255.59392376 23056.116518812665 
5286.60090527791 5236601.28316644 2400.544317435052 
5227.821185506954 38000000.140791796 20521.316779967085 
5227.832011292425 55031035.59961631 18338.73163636034 
5244.47109415984 7999706.952490522 3415.935365243212 
5228.5289435560435 21722774.014398433 10337.18539332777 
5227.504261096318 41501603.00654678 24326.378393901803 
5291.768675733164 7884952.622525115 2224.4899430539595 
5518.942358622139 1252240.8475091967 839.1542376135887 
5293.927654763318 3094739.98012792 2492.845017288178 
5227.552741059262 110883451.48027042 21239.423987324633 
5227.346935195423 295350329.96452 39269.20906101233 
5252.496740319609 3791983.9531793315 3205.0058745462456 
22839.437660519696 2399985.733738802 310.8379329752111 
5228.366361713285 19451220.251156922 16096.302505910926 
5230.659835166144 11146672.277744604 7256.159122959169 
5227.344284687977 85102163.58957882 31603.92654251581 
5235.160854152587 13486828.113063069 4589.189942287692 
5232.141613982896 7932999.032205757 6710.589921113664 
5227.374707984504 55450972.212999985 23184.434613945177 
5227.28831555316 139567458.98571265 43164.89853439992 
5228.876755212478 14097698.501899516 8795.041842648156 
5295.764015683908 4947480.036984593 2116.3390480287567 
7294.6692768336425 1010666.4078587582 361.22465889476473 
31055.913204350654 11901994.823204327 370.0332811951015 
5227.357380405827 286920365.5798257 52064.25273612821 
5227.3017636687 150635624.78026247 70125.41964465461 
7518.4943399944 1010640.8948418605 470.63257813325276 
29367.35753320992 3404915.760360013 357.2475001030945 
9080.79558685071 1213796.8158494807 447.7431961537626 
5227.386733180359 62741317.01707486 34866.74081937115 
5227.421919726615 75145204.88084346 25003.193790538022 
5227.42680603298 55201471.711635716 28023.07685154093 
5227.562451727921 50442546.38567056 25710.98329895374 
5228.076275329063 34981711.610841565 16221.922024453073 
5227.753719034876 58330404.812919766 21531.704077480783 
5231.404560177321 18855313.884698216 8818.407007552541 
5227.894539090638 52803884.781253226 18133.407647385386 
5228.635864267318 29305002.236291647 13629.126462368558 
5227.909733604848 69743118.07538462 18471.339393200557 
5432.579528480053 7475184.841431776 1818.543652180688 
5228.371255426372 26785438.035096828 14924.438910765699 
5227.725570646587 67822625.08878012 23187.621442962012 
5232.355305593463 33271907.904198743 7416.740130339246 
5228.665270442005 31828420.7787864 12491.442147874932 
5229.071404806969 23766416.64855718 9528.528037846747 
8447.696847337387 1708992.959954705 435.36518377663305 
6919.321173459626 2739921.9951914405 655.235982112598 
6030.041354071834 3549855.3709143996 1056.883224317773 
7562.488657222174 1016600.343973609 466.37441186120685 
5228.772274431875 27614836.46982572 12938.207244535071 
5240.844523150433 7659314.06845842 4289.502244478123 
5228.03965898812 34363430.4921582 16826.17143701097 
5286.18563968114 6120037.515179584 3783.1325413246923 
5227.74886660905 54726268.673333764 21791.665430653105 
5227.510987339343 60171098.2888657 25068.157904634296 
8612.810260888566 2081583.837861509 375.2479685205727 
6351.529928650791 1890429.052539631 682.7556895727831 
5229.142586192329 16192227.855066175 9888.59937131676 
7317.828662367385 3183711.832746372 441.1708673610333 
5227.5985643175345 52194824.26707839 23575.185892290414 
5235.379806455413 8329648.439530622 5726.15978802762 
5227.472147545946 62901276.931482226 24596.626879889067 
5229.604660808186 23973299.62290315 9627.08955906509 
5232.4027736388525 10846397.338289065 6809.8644416545285 
6090.431075135738 3424603.810338181 2661.958774269994 
