32521.918604493043 482789.11841381626 19.327090427720663 
5227.032454572749 198582772.74051347 58448.612448197804 
14822.319889536906 281772.9724288803 62.537630862424 
5227.118996760965 514153804.7142471 36219.57890583261 
25281.685252455623 294545.7378430811 48.4686440219673 
5227.325324076301 41529770.38728587 20807.25976329397 
16285.870505148625 320735.6990230695 43.05635264709859 
5227.219718452408 38760073.46407752 24482.364919187065 
31539.86560021159 422460.36009978654 20.73935025822606 
5227.19340152885 63038707.19477511 24831.823091140253 
5227.380719791478 41429032.88347161 18722.03089233607 
5227.491028695113 24163527.719061203 14048.30748068029 
5227.646095155353 21269750.69672276 11153.384595822956 
5227.915829888124 10090812.74667834 8571.848936627479 
5227.846877237083 16482117.998939682 9930.9994658717 
5228.946808663623 7713993.464389968 6674.305008746951 
5228.191245236065 11498569.531358665 7554.012597411085 
5227.655522167524 17579777.051077243 12237.756687528652 
5227.851346367417 14497997.177884938 9095.968405411826 
5229.143327722587 7679486.243200861 5705.211070481345 
12362.983971297957 340002.8136548005 68.43410969449013 
5227.760018547229 16838892.33557873 12593.737886195759 
12960.968624942943 335741.3532780131 73.60485216797443 
5227.219457928175 42827708.80336261 22581.849325715455 
5227.493212430673 18817004.018292487 16376.523074047293 
7076.351638395756 623334.2540370076 243.95955343132545 
5227.860474129075 13372704.636440907 10933.51858430882 
5253.181201570383 12712030.559562668 1857.454532404134 
5228.6035860286975 10471427.066968236 7692.616405824098 
5238.476755852987 8668173.347996179 2571.089908032383 
13780.40233607218 289402.2569986491 71.93791588863505 
14273.220758868103 289364.7406233578 68.7143056610035 
5279.937776863361 2138187.678240683 1267.8471731525758 
13201.904307504063 312620.43307465926 81.59077692775182 
7636.908487283183 596477.5179741974 340.66268305307653 
13578.606806278458 286462.19057684764 73.5218316327813 
10205.951388952657 340719.02290094324 116.5378106658355 
5246.427512847388 3259422.642405657 2245.097923472028 
5256.666355531176 3164192.1758449776 1927.0787505535843 
5232.897213365327 4066916.5473552723 3931.807325113355 
10526.972954127888 383421.3532683097 89.62894243615266 
9728.26420084562 373371.51064200193 193.6153435366108 
5235.897764433046 6791744.286273906 3157.274932426152 
6858.223107062917 664706.6675882092 267.4690396568007 
9440.702780236486 399613.1016397677 125.85202905451902 
5229.7996406847615 5811838.243703523 5501.752375172045 
9955.413898903855 383203.39693053195 132.99633981078534 
5233.652324988735 4735224.494310638 3741.981465003899 
12032.715068424768 299240.81572688883 103.05359132179949 
8565.62466460549 504400.4664483342 198.8845538929119 
5231.429291054467 6875943.882863257 4602.755762259588 
5227.840992207408 10669658.263984602 12363.852545276057 
9077.623353862633 397476.3184055251 251.61936612054734 
6215.337801009856 843455.9366833254 515.3892344893178 
5230.116177483174 6286300.590468386 4872.977296953084 
8018.91914907639 553701.1875066545 184.16114563982512 
14621.205907173824 285802.84845979215 66.01124876976934 
6602.621702104042 688098.3842065281 346.4771074157678 
5253.602424657652 4965650.935016832 1746.5415032562669 
9241.3501967666 605449.8492068165 141.95448497223794 
11753.564706109551 352202.4987406126 63.443612546353364 
5243.735364450256 3831539.1965015735 2321.6716956142714 
5807.815799373707 1117164.4711777128 580.7337678442258 
7899.2531951984565 519738.6293865075 341.54528792424605 
6403.3014633137145 723675.7910412769 437.469273810017 
14433.756852306495 287376.64074797893 58.92051092253497 
11241.174428532828 315118.68201471557 108.89427151497185 
8289.969801486946 495862.9719368494 297.18508974328506 
8841.592980612179 461160.26991955703 189.11908025034438 
5950.0538573665235 1184960.9395234836 490.86146027409694 
10736.811455638877 361483.1311446149 114.76320159220226 
11553.358690482679 324130.56436189974 93.5608457735021 
5647.722682675226 898565.2665691866 646.1944665233406 
6063.426820970148 980641.3886409436 595.1037753758271 
5229.93150267226 10858037.684823263 5187.9892939688025 
5340.278474631187 1671906.6206258428 964.4110809779296 
5299.154167337745 1579882.0518190009 1115.5954241717957 
5233.806551560953 7103932.93393877 3541.925637475346 
11426.282114204732 352430.9639078904 80.73434528789375 
8331.77662385089 533125.0218111107 229.74558317574832 
8748.904889398485 557229.657363112 160.76084641243284 
10856.62724418422 381209.63867767405 85.25958934410166 
5419.158409101868 1321235.8901967518 896.0892200357875 
5442.286397086531 1079359.5418479429 752.3191248016001 
5546.485164263095 988975.9624221739 664.041810386879 
11931.691963019528 345944.7880167813 79.66362942301055 
7657.875496621463 553199.337979384 278.09519570746403 
6527.81394698107 777753.7363690927 426.88837363940786 
5235.149597185579 6869640.39708629 3419.144989183245 
5232.583190346442 4245638.418200538 4128.301265329012 
5227.5883356438535 21125761.97545717 13761.699088588553 
5231.549114124409 6428176.586126033 4302.123928208142 
11032.485692731336 326442.88295207813 84.68861755629776 
5229.384470232901 6566133.700200653 5716.906116144644 
11085.344850935098 352385.5560056385 78.21953942106039 
5228.23775163158 10851746.010813534 8107.933989639648 
5228.667486188975 9725763.634777673 7346.547112744756 
5227.748982203046 15528948.676364921 12619.225209470818 
5228.199259169232 9865599.09996064 8821.5849023982 
5227.089424813907 268089273.56892952 79890.67153897962 
