29128.68543600054 211631.34150298088 16.591765273989992 
49485.10056807678 456215.10907362914 0 
5227.102539781861 137233513.20596847 50728.129148255925 
5227.171613102997 125668010.06792484 43797.59140104526 
5227.264157970371 62558306.88743379 27968.705114731103 
5227.360305170493 47791632.83208994 19246.95568873159 
5227.273936576206 61899581.38868611 30784.159793780527 
5227.550913824349 26942651.753449105 14379.331889177844 
5227.493766754377 38699757.64450117 15843.978781489139 
36425.69519644493 238454.7231106573 10.44681116058133 
44998.98273401876 469639.8283414018 1.0057723672423469 
41571.14631450168 550743.7326530057 1.002456959246211 
5227.689100199268 18996789.000363506 11213.046610830868 
5228.193426886003 11687809.315740367 9277.868910381629 
20997.613028618784 240119.53591546632 32.60746858157254 
17460.046337145588 256892.29689075728 22.222565558459706 
42201.9494610705 500459.89630312944 1.0011897917147423 
5228.805457938735 21829417.59874645 7183.647214253138 
5227.515638400062 24984912.011633627 16915.8475442481 
5228.8674344260635 16143179.334685544 7955.6096962285455 
33661.219505947854 253571.83689322675 3.1929180583502124 
5227.653376435159 23815644.002764113 15738.412742134036 
5227.972489423101 13467575.125383167 10983.747932608121 
14316.449869938766 253342.5641450224 40.78813758130278 
16388.07559497759 244544.5743524232 30.947178674504478 
5235.216190519477 8029591.768598674 4233.234465055355 
30803.396002832444 246528.90676014934 10.705070852914059 
5229.188399551986 13119819.760975001 6625.531738278389 
5235.725619230927 8022211.724483451 3632.4123988849688 
32385.384336174408 439464.61025349423 2.022801569001199 
13019.752319375419 266758.8363384911 46.06943643737807 
5228.963276965347 14752279.788328253 6170.99171739477 
5227.549957107414 23977081.09948261 16168.047525495751 
31700.062724639112 247352.20661076013 9.002937399442068 
14094.130575073234 257414.0742292237 36.06181302493097 
33123.27732055396 240125.3391824898 8.972411370594127 
5240.721303178013 3128067.8313478944 2780.9230876714546 
22282.461995234265 264333.9824080786 15.56940711958408 
5229.698914047161 14449725.340307334 5593.78141004906 
5236.5595367281685 5010290.43347961 3237.9225247838112 
5229.97844362452 7963224.319054076 4796.717794966706 
5229.519045367815 6094520.552459948 5639.578855257968 
5243.868790990458 7884609.23237283 2225.0748236644404 
22981.997848410312 238929.90414452637 18.305550993193247 
16550.193324946573 251358.42670034748 28.970819815807847 
27592.32991139739 232554.712843092 17.85067433674448 
28178.78599121076 231816.07722922857 14.07031205717428 
23803.97365095448 233802.20929836115 32.45279873153423 
5264.211206943547 2457685.6538520735 1423.6306404676116 
26608.01110268903 233952.27401097264 13.685978211900718 
28572.978297076792 257205.7949775145 5.40496689780089 
24334.65888748627 241420.37586469675 12.708376853332352 
17379.02284765838 270960.834893079 22.50622519277323 
9520.256697463392 341896.0805680734 135.8423650232113 
31068.805228248286 246717.94037247778 10.593301063110658 
9103.541197776754 386681.29030421854 166.49147053997856 
5328.631127494619 2011623.8970006786 1223.6832956540334 
24733.232407854804 248154.21724180237 8.662323325898612 
5230.472303676646 7263332.4582186965 4608.538577463856 
23354.180042896674 242459.83560755927 16.34594999980247 
26103.302915290296 251170.44000076433 8.066096066288782 
9947.240478209376 357997.75315805466 117.58119403960777 
5465.901181881149 1540510.2840656457 818.9789723377899 
25167.650196116996 233459.87151088688 18.57896629335522 
10293.062607685344 318908.0381133621 102.96192597332333 
5248.876435852781 4559815.883154661 1796.3974111424461 
8069.025503388089 564119.8876101249 224.20927004420375 
12058.268685193394 272985.9283829659 73.14140374228161 
11167.617095943428 300748.03308039927 86.48746632154767 
5244.701805652183 3587025.9443708127 1948.6438033449547 
7709.392666981663 600240.1907193783 199.170014087337 
21788.483065263423 229612.35596818817 31.833690332950525 
5638.554515056434 1159527.9730799815 642.7330463657452 
6924.790689339016 856449.4994755009 292.4374386247344 
7424.828965605014 563000.2178656905 242.95425370110507 
25507.342833641073 223586.59732125842 33.2531242714796 
12560.394082946064 266730.1067676539 51.50761001163865 
6179.880044471921 765790.9321879802 402.9402602295889 
25800.92852535533 215086.30961980647 19.085035518351685 
5678.848806549289 882691.0623869845 496.1413411408684 
11803.30554095081 301581.6316931041 72.97871946682926 
5971.460646132786 862532.5268695867 486.10459735692007 
8700.716099389578 531894.4350832086 191.67599378877455 
6564.590582340943 652314.1973580373 330.1656921454221 
5237.3633300619 4049179.0405418836 3188.690629690364 
27058.985011735764 368445.5847337569 2.237397610423068 
27145.91031112197 290757.54184299166 6.497241451027515 
8421.587471468692 538448.4106426825 172.9153344859614 
7124.775987332587 645172.5212692455 338.5623234776825 
6435.107643267567 701462.4748766375 442.1739273005833 
10694.828070250624 340344.307217753 95.9856426633918 
21173.431306379793 275321.1233839552 21.182471572669165 
5507.782325249619 1470854.271146878 788.2172492221572 
12682.181479978051 297646.4256993888 49.47559221832415 
5238.155149526592 4679668.884832909 3063.2244285630545 
5283.847914024087 2024131.6478660214 1324.3045692563362 
21478.63283766601 237394.75413103137 27.781063055907804 
5231.32284821422 7350925.931089691 4432.060035900255 
10687.195493404484 302799.69822558 97.95340879403263 
11479.911327174694 463087.52660446346 68.05457020358448 
