5939.854848060874 1233103.3376555631 627.602279594173 
7294.693211250185 2787930.778530566 452.03325451845666 
5433.451244813668 2299184.638920557 1245.1054659397894 
7620.694241705978 1009629.7107652054 479.0645264781332 
5756.695986539808 1820035.1655834601 884.8805224200897 
7522.454766407567 1147754.377469618 488.41667132970673 
6654.3590819394485 1089273.9072791724 521.0972622494729 
5229.589053951228 16262104.07296149 10056.971231116275 
5313.097174996356 3919892.9617832527 1838.1125531088492 
5377.054601921996 2148979.1027953643 1543.9382576751464 
5274.613263033425 4150170.9049419463 3548.8773647480543 
5229.51754835403 17091092.48939469 10885.578091365336 
5227.601092054841 95692781.62461418 28368.188588005185 
5320.851789064367 2737864.118588591 1589.2867557656275 
5229.263394258727 17032036.389525633 14419.15764914705 
9495.08179884675 1374354.4978945572 343.3734216084846 
5455.528050420529 1612868.9124205639 1015.5758017370057 
5275.517481640066 5460019.255607956 3146.693177016651 
5234.005821519711 14433125.394002391 7473.771661930799 
7626.037638184358 985861.5699902476 597.7262072969202 
5244.25166041771 5382536.969198603 3835.882277699645 
7840.173533809571 1538329.3280494267 412.1292952855186 
5402.460821005604 3009350.5845067524 1319.383677339262 
5284.1726881969 10964491.227140704 2584.465877322143 
10249.041536929206 1037357.7777726606 423.9924824397733 
5227.495523539617 80757360.95932823 30974.500904450837 
5230.840652433501 16061947.002636567 9244.154623186754 
5230.998252034919 20070634.443048187 8987.88487006826 
5302.307588832997 3728140.074838339 2517.4946312769434 
5228.703723412447 37351801.88258653 13627.221393232252 
5894.7147989274035 1568674.7803063313 925.2995619489814 
5258.870092438805 5788790.994898917 2990.8717890816065 
5236.6128639919525 7768262.845975841 5088.210905709708 
5240.203614836425 8292309.471356124 4388.395018833435 
5234.039161521636 9652313.201216355 6944.134652189055 
5227.454428237033 703681583.3309639 34764.64489331147 
5229.2174611178825 23637732.4467045 12509.35243506268 
9974.356350079228 882521.492510281 480.68371389896413 
5228.979431534817 43591261.80566138 12155.38973194519 
5228.399033169328 46548704.18330616 15318.831968748791 
5228.806358316027 19111994.481248565 18156.916624163336 
5228.228386082225 36004370.377010316 16844.694739684313 
5229.687406842185 11691001.255347904 10234.269941442142 
5229.273520875051 33273065.601778273 11159.585412314085 
5282.543641734522 3526242.950637299 2760.1344414716364 
5228.916534163817 26343912.948422767 14250.88127538962 
7076.814773545405 1178843.6272384534 541.8835196807221 
5228.665222856786 31125551.515204348 17081.870365316558 
5408.389566961002 2841066.7948987475 1346.387573503859 
5258.641158717029 6384325.925215063 3295.9522920067143 
5228.292057264939 32438475.586993 17214.090341826184 
5227.732901985974 49122404.307475075 18135.83214531917 
5227.59766197112 103020925.64143088 30984.877897116803 
5227.670056910971 81863977.50902586 29049.791092703417 
5227.509779103863 57645978.559938826 31639.221061641743 
5229.121757997073 30207372.529604547 12113.170682264696 
5228.352033053913 31361700.93598338 18165.825799882172 
7993.605360653062 948696.3316485325 589.6042640297627 
7625.629055315543 960861.2706170593 593.3497905825118 
5230.185412969448 12827843.963315934 9361.837165922556 
5228.730167348453 25130252.040253475 18232.674649744356 
5231.521076631722 11601679.085345395 8462.995628093435 
29859.19146816139 2215323.910823298 329.46040878520836 
5228.999575867164 33542925.723876838 13292.704759598324 
5227.94288867919 49888717.65654135 18080.619009906663 
5228.205977392641 51172786.239545435 16913.22156740285 
8204.519621743395 1894824.1211548587 404.6103674648788 
5229.424943460036 28975155.972754445 11411.656120035417 
5232.060553475692 10572077.84161262 6715.187601234717 
5228.218330188746 62863752.15351647 15752.91433873861 
5229.283893888077 24546996.700550202 12085.830733270124 
8852.717692347338 967583.9969097823 558.2017250980336 
5228.006075328085 41631766.26722456 18881.87579373984 
5228.31349629017 46113310.245485224 15714.162564826624 
5228.403120743228 32659625.38154323 14114.051520304742 
5227.964251528288 42820065.171147995 18709.17834668708 
5229.119876107889 46329147.4887889 12712.90826598402 
5227.680894495101 57854015.00708845 24530.694328753114 
5230.097200411446 24554848.47750181 8175.582313701652 
7641.408563966702 1050565.1500364763 481.3903224635318 
10209.394100026531 1944452.5562116932 364.5783482900226 
5227.526343961474 139867541.2690104 55868.214203441275 
5227.773023575112 78305975.72959632 23736.932033004414 
5227.8694497872875 383462661.3792391 21666.05987312108 
5227.807596102554 139699865.81102604 25991.188486313724 
5227.553853739251 82500261.41916022 31836.240278022105 
8023.620493475577 1590677.8320138827 420.62949114809504 
9842.911766230842 1601143.016191558 429.1556724336415 
5761.944430445484 2771742.4617787115 1436.2630125633036 
6348.821638484205 1690529.550524235 683.9065987483389 
5227.76665480384 95029932.09158921 27564.55222388729 
7254.990083231589 1272882.4300349392 529.4265933512122 
6169.32013185101 2663355.9733017613 901.9754153005123 
6949.012981308205 2320986.3534214394 526.6496062145409 
5379.4247161687135 4351383.977011786 2190.3009596802885 
5227.872962917807 65530239.9057605 21740.91155733008 
5228.429785520872 44200582.45743293 14120.067562999438 
5227.817051503887 95076752.75713602 24649.17549159865 
5229.364574784816 35036095.536493234 12323.678444829218 
5237.934249495484 22991994.273364153 6589.025148569908 
