32534.892145115467 485315.916907386 18.390797651487865 
22490.107244557345 272731.00648003805 50.429772110850266 
5229.326686680616 8869721.354377558 4983.986006773135 
18367.085765167125 292348.0102055731 25.582297325950076 
17756.302954985404 486809.66242917045 32.068673869733864 
5227.514015660617 23236421.89255782 11983.416041651046 
5227.72335591149 11735627.762026353 11505.734028133966 
5227.802057626627 15244041.598211473 9747.61555946024 
5237.31203308745 7216456.572655773 3762.9099504393434 
5228.196194928891 13658144.128494892 8116.341954812856 
11756.89739179484 352583.09599154524 64.52983050324262 
5245.40316295216 5563066.061828706 2294.178335107524 
5254.554591818059 2490583.818209487 1872.8645294878422 
5236.4543283281455 5536210.393516405 4108.636021283945 
13300.027061006329 279029.37163679616 68.14477777710607 
12812.273942321111 278151.9413219819 78.94487645841326 
9920.696230838403 452236.5822566582 117.58353155886364 
7075.30846827339 626745.7178441051 238.89640958854724 
7564.581254846131 709138.9502267626 214.1139968702601 
5397.304443399942 1551114.091556459 818.9331840240781 
5317.65552550755 1485468.1424454232 1087.9467967694911 
17915.617989730632 315110.3076659252 34.20481135041362 
9442.372179090818 398720.8974215541 125.69098432463429 
8689.068875282239 736901.7042386387 187.30742021390807 
10071.099950985077 347771.73430374183 200.8875149757046 
11364.23545591696 322758.8091015713 107.60719168297095 
5296.4112781265785 2098344.0267868135 1237.9518124270478 
5235.290413623452 11820825.947308227 4464.7691480546855 
5295.377549310445 2483195.3503212077 1589.2351377946002 
5783.644112124761 1172671.3256965894 597.429511372418 
6826.575023646629 781534.4019508867 275.72692088918024 
5232.844232120209 6622624.918705627 5710.027393506187 
8016.2902604801575 486925.8693808017 254.03515455278108 
12405.735993216425 328997.0874438951 56.352193378991316 
5235.618639528237 6291967.953557462 4435.480834296852 
5265.1249328419335 2371734.216509278 1694.4366409947013 
6605.443511739751 685217.8596200551 350.1180207649778 
6260.967200208735 850135.7224112628 433.74033737559307 
6441.680109441283 1709793.1896053832 417.5165534792339 
6058.423703758393 993786.7520162981 602.2697930429522 
5500.490307128168 1395960.4570764797 756.8698399744172 
6942.3169098175385 683953.3899741765 237.83290872279878 
5542.270726227781 919532.1670275753 662.3291795536715 
11230.388441889336 329426.4898302208 117.8096377418123 
5681.77682850567 1585436.3473518335 577.9303282176174 
5231.69795754807 7326160.683080949 4655.763773913171 
6449.538386974235 795124.7534790649 458.20410375735673 
9167.56048698786 410822.92180967145 164.24587700281472 
7698.489349618725 619722.5116444378 198.44322001587906 
6093.468479181378 1523932.698767024 478.9790882698709 
5645.8780354485525 1018536.9915617174 650.5578331842363 
8822.580772293302 472547.5403187033 145.80534791180173 
10236.724464295912 372500.0408815939 185.11588285541302 
5227.252073427788 68584868.6152196 27416.516636286153 
17180.014339815996 318452.8067384613 34.703777083213964 
5319.645069904598 1468718.1613861036 1084.1903334982285 
5227.503502260613 21459333.927978247 12709.542661496112 
8794.251120354615 507031.8921969447 231.01773031027412 
8255.712600170067 440843.6492519471 192.98034142403395 
14503.203250254093 273368.73873410205 65.88065317318075 
10415.266696862149 334241.0353229108 115.0326122117048 
10193.363519491164 379918.4876600654 156.93571996100385 
11350.270005232433 316679.61411858996 74.34660671355762 
7573.0332262988295 479466.3361038607 277.3597580977157 
5367.071011525973 1471902.6607449257 1037.6054546780847 
5227.165092951512 108841220.39719664 37837.5748580818 
5227.531009591539 20724894.750215467 11707.455391893163 
5227.2642187532 67139648.00290987 23121.972656229656 
5244.565936561619 5595694.708561538 2844.8391448616594 
5228.808182349571 7584305.11210694 6025.663054743772 
5227.483658895477 20588898.37229439 15472.642162228185 
5227.401270486367 23142120.92585104 15196.761353125989 
5290.117075069146 3004350.3691633865 1495.0687705295863 
5251.270016982625 4268801.0762190875 2784.431700717085 
13647.427055894446 345483.0798210312 60.34484055681793 
5227.269348802401 54580567.61847992 21168.71973924757 
5234.9790013144275 4372987.755925866 4745.683157205315 
5227.29020704524 32590074.71039498 19016.001698181324 
5227.313472841532 117654738.86056381 18121.8146687039 
5315.284551120134 2258144.5745611764 1093.0251168434584 
5229.5363847226245 8383378.976912375 5983.345141646406 
5242.353274393098 4524390.286843658 3079.469777211196 
8881.852982097304 421971.4230499198 147.62462029723122 
5227.925194571523 14140779.103606898 9483.719717593242 
5227.44136380049 28164035.975204322 14089.904236967732 
5242.068761976185 4364518.471507697 3185.6741397923906 
5251.32973536454 3825294.678364726 2830.934658731977 
5227.252191280224 55794526.25570498 27035.727782858845 
5227.349444281274 34040301.69987866 16236.742603911202 
5227.464119215338 24861461.149826635 14656.723953216338 
5239.529804151316 8569420.779081248 3597.8798356917123 
5243.889911520938 4091028.8851056886 2980.639660605028 
5227.309178314709 40495152.35157717 19045.125342820593 
5227.286937631727 47493961.88565257 22189.35942891346 
5227.4730332511 26689942.460166566 14542.296270873594 
5228.565804313186 7728055.773121998 6687.348833141999 
5227.7267269282975 55665537.4141232 11395.260214813768 
5227.422153610539 31724283.625619058 14423.78994093873 
21222.53185856703 417145.86623130646 26.383955827625645 
18309.204324374485 326374.72480069427 50.938987518188206 
