29096.982115359588 211412.80370846565 16.448806052806297 
42201.86024251982 500796.0447087338 1.0009142124192847 
49487.5681856195 456072.6622594119 1.0196973976371488 
5227.1214792209275 159270452.71948504 54755.825702085225 
5227.188156695934 60919980.63418646 31118.312299537705 
5227.534093182259 19338398.328680385 13626.476049075587 
44999.37697072014 469193.9188141225 1.0056545209029444 
33653.891820366625 253389.84629988665 4.201649595460799 
5227.2229970533335 100648190.1038054 28613.45899022541 
5227.305052207539 30269817.557961073 25507.709088833042 
5227.290929316468 36408701.34870736 22967.27433119772 
5227.253599598102 44329621.31382554 22996.284906996898 
20995.70078150215 239328.0846770322 30.455196089319557 
41571.090471599025 550600.8205569738 1.0027927797875984 
5228.10078707554 58098511.35781512 8390.702477375513 
17519.803876936785 255199.05165447484 35.018922050775416 
5227.701734176483 19179708.866890848 11047.54159169714 
14129.836992588904 256483.3549961135 28.78071326275642 
5227.366351994917 38950954.16328084 32118.260661283497 
17292.248670408037 273389.7588003651 25.564191008538586 
5227.293367473597 36660189.51816582 20125.712773755273 
5228.147946524656 25162637.40410544 10941.07543415324 
30805.86309995419 246545.20058315888 10.702648413769468 
5228.7617324431285 25544649.978661235 7150.06925806948 
5264.062039243691 2428563.5970480912 1457.6793771234024 
5229.465315012124 7713820.783554793 6016.270994308529 
5232.205446458292 30796370.953032445 3952.574716466797 
5228.195443453747 9633016.3716292 7501.875322765551 
32370.990726378306 347720.7235598998 5.379037540353652 
5230.010078867901 6169478.947956571 4554.208717082278 
5227.455736985616 31753741.89220814 20416.73507909828 
5228.636365907444 10991756.294843292 7251.1973609299 
31075.895303012214 246664.86939393383 10.593183410497534 
32104.879272543214 359914.09335112985 3.0381951762620227 
5248.801710508278 6018966.910902687 1775.795212992567 
26105.62272740594 251141.57007326675 8.066138513379851 
5240.473613887525 3144042.4483470665 2744.3753207372815 
5229.117967921027 8012405.083825182 5728.0959474491365 
22987.06486573873 238818.16523731395 18.231736938738855 
27059.787810253605 368531.23205156694 2.2266115147913847 
13608.457524889716 267055.23112259904 70.59155931776357 
13026.551380129387 275631.09314495325 48.561332355666735 
24776.878445268292 272171.8633806133 10.188450570272733 
27560.082700077972 234265.04736908825 16.84620175614502 
5466.2151002264145 1615197.5333450828 863.7235848652683 
25477.216340971692 218568.55780758185 34.34627814805742 
10292.518231273389 318977.74905995803 103.95841515748005 
12558.769033886874 266662.60245270876 51.44252883897509 
5329.167212403711 2038960.2843474308 1230.1728976299005 
28242.038460748594 240590.99656388635 13.418098636829983 
5233.129326396123 4787970.199531527 3445.773339850686 
10877.206483002936 306399.48385368043 121.49365064391623 
22285.108241261758 264176.0759791934 15.573445269074199 
24444.804576163908 317809.81818225776 13.524168812556537 
12090.87138538259 264088.9267234244 60.8611219863323 
21477.384137621502 237376.06560278 27.53031620318978 
23356.03089573274 242459.1163818609 15.356674370776464 
9946.54776414712 355073.7821916922 119.47493842974416 
5233.521919659171 4286601.697515489 3960.9349576853915 
8110.1280944930195 553526.2604182436 246.6479271336754 
7706.665444352843 601004.9105259756 200.61700212651874 
5243.80387788711 43797378.35863619 2462.5558839598248 
5638.05436572686 1129997.3643010017 634.9528247211362 
14065.420748182616 258983.83180467552 38.69363005425282 
11803.689874875025 297282.7700363408 72.4555475043326 
6921.552138594743 834121.8615890377 288.9299347232924 
28177.143564999773 231924.6764418473 14.01998763333022 
23923.05898613055 272214.18402792246 13.62438456890651 
11407.454475150482 301606.0257465344 83.47533389332649 
21787.069664420625 229662.91399250584 31.8066643860431 
7424.974166241265 562187.551509139 241.86187236085306 
5972.061506399484 875613.5417928642 494.5501735733608 
8421.719889290927 537181.994442586 171.5649703140283 
7126.422896280367 642883.1019902409 334.08859261779696 
9104.697942858575 385269.18049223075 163.57162014450904 
6176.445566059997 912919.462355159 456.6430744176618 
23774.637234185662 229606.13058297234 31.189380463487986 
11167.85807898635 299680.8762023512 84.98519435783163 
6435.371467432319 698442.5353899216 440.99195203815725 
6564.0142057507765 651025.5501530557 329.9082436317745 
9519.945123553025 341287.59043111245 136.7254190633786 
27153.327353251254 289556.0352499731 6.497193338799919 
22114.60915616989 231164.24891179567 27.87489122226733 
8699.412956946555 532587.62797336 193.87829807727988 
5283.720856267556 2262763.641253543 1329.9150019793806 
5237.945912174934 4264821.411172458 3055.4995523803436 
25768.898603180118 215149.7396122158 18.958750814182988 
8884.330604372364 422593.0813073947 152.03848775746343 
9448.02091824686 353733.0696485312 156.40263253333103 
5256.101976752261 3413912.3704284998 1859.241603137146 
5235.762700199422 4932057.505501095 3340.0005480497807 
5678.486522801652 891336.3071256845 494.2878493056153 
25938.043025420888 248120.89046759275 12.86650534704835 
11468.755958338432 458363.2387280819 67.21137724839978 
32383.99778357635 439369.99396120355 2.0213132006851118 
20473.798153237483 356323.23719578754 21.42087993836978 
25166.234369465117 233367.17261454873 18.574719374937146 
16238.241337652795 287098.97082496923 25.446027853847415 
5227.458141344575 30878506.000828836 20331.197509370944 
5227.209237274303 124520324.9732672 31851.163907191414 
