12053.177379341265 106259.87969803605 0 
8010.950912046841 181801214.28976798 7544.968676589508 
8010.957137415418 208198328.4847994 4197.310392969295 
8010.96453940287 25809197.588378936 4343.533725012382 
10641.008728585897 217181.62922602816 37.44478888283709 
8358.686934581314 254388.22224028368 37.483049426185715 
8010.958381722406 22019378.74884905 4976.5831294773925 
11271.851106212856 111434.28001604757 0 
8011.028060896287 6405978.363515875 3150.0438857379127 
8011.124000588384 5227975.644956051 2819.6426269263684 
11044.662328396364 159660.321986318 2.571800460558402 
10800.247237650668 159819.60821335713 7.725781472514321 
8013.605342452961 14353976.298869124 1269.8654944504522 
8013.8299546892495 10835129.747978797 1167.1807233499524 
8011.2059389846645 5080708.715607015 2604.083861808949 
8012.883862074916 6830853.02885045 1475.2824456898622 
11182.366643001533 147823.53638739517 6.321962821211387 
8324.642053004027 259603.94566013152 29.386297622137324 
10734.192633463606 237371.770921283 24.182404932423424 
8134.94197421714 387738.83889617084 105.72870848518912 
8269.220107367706 243397.04163724097 42.57977090231085 
8026.268586129972 1536595.2097897395 453.9266638773528 
8216.968816262612 546418.6782795981 59.904687705235965 
8011.93831030955 2964367.2583726887 1810.7250227121206 
8011.5462410224045 3827367.254746187 2165.064823941613 
8027.831897252487 372545.6060394503 373.40865231306793 
8068.751574481817 351429.0768092615 159.2653637880665 
10792.58756808898 138413.93407128708 19.534439104647817 
10676.491992409246 471546.1344025134 20.15065455997805 
8019.0185665851495 628234.8535392396 563.3775820384379 
8252.174056386164 517384.6263437311 79.95137592185522 
11078.994065430064 158674.23691055283 1.8310054820979982 
10703.154374433556 427573.5881943662 18.762689071326015 
8011.569051575507 4014562.816183758 2013.7668014865135 
8201.286638066282 2165724.249472024 80.80191336664839 
8087.87565821787 414070.3987443894 87.44481321143603 
8011.330309896191 4994784.741796319 2300.0918249342267 
8011.231447125081 4814012.740336789 2575.6770150851335 
8011.934337166212 3392547.0210421444 1880.3276974714486 
8018.452939605235 1218772.690772498 648.06499715769 
8030.87669763582 677451.3583079446 336.60025415169406 
11107.784585924726 157254.71411852416 11.461062845691284 
8011.387000040109 3873534.4211870437 2346.7862618203612 
8012.156102738305 3053817.6335703027 1687.307897670435 
8040.562725252264 629754.3251844546 267.73648306084647 
8012.1270980186255 4890466.853950723 1751.785313142168 
8011.715106886126 3673437.1329084793 2059.89969716297 
8160.808659621764 287380.852626211 91.87767121813562 
8081.381356766401 327288.58005632274 129.02286416568325 
8012.987032098899 5542850.465963119 1435.3539738383843 
8022.830635346705 560680.5333339764 496.1848119626699 
8016.918875280919 1306934.3859441187 824.2985628944042 
8017.785981621873 1758022.7008726983 690.3870272890396 
8051.566837672733 1802907.008023554 232.71353445133727 
8033.331490566969 400400.1893351174 291.47234157355956 
8013.201419144407 2415917.621927936 1336.3712501194914 
8011.330248910667 4142899.366590949 2447.1764536448454 
8013.822465791001 4243103.966279694 1200.260068940095 
8011.239206791615 5082150.230595643 2511.34753176615 
11141.328865002793 156641.30729499142 2.571800460558402 
8017.103300680371 1367262.201841271 789.0051970394245 
8012.408078384664 2936979.912737148 1633.6127483593427 
8015.278724354375 2008446.2369631901 934.9266528412381 
8013.967298591304 1938992.043871075 1136.6384043442865 
11169.50037671058 159820.72618958476 1.2164515493120123 
8011.4867327905395 5265330.545282023 2231.586044670117 
8013.651850212558 4577228.691468083 1240.3526512109422 
8011.744033138266 3580004.7677490357 1954.0960330613257 
8015.8581481447945 2314526.7103485707 870.4846704579991 
8056.452856665344 608938.7004679221 207.2258515797118 
8022.227104330147 1018040.9285247738 533.510103562729 
8015.005081214915 5341482.416342961 891.5942922774716 
8013.082714095011 3131276.2395205274 1375.1167809980902 
8013.417060159347 2179050.3236752683 1293.7969871200103 
8011.320139309259 5059062.005269679 2388.536294807709 
8011.285005983464 4542349.197446998 2415.952203517361 
8012.177625584226 2716362.6091136634 1723.5549795390477 
8011.2597778045965 5169002.12874549 2494.1289815622918 
8011.487717635813 3728697.3146452764 2241.0172744277897 
8011.563045497311 3744978.8593534213 2106.82930405831 
8014.96204150747 1494037.3207867793 1091.6765249811153 
8012.515452022028 2800441.972390424 1552.1082868787166 
8017.621043142615 977714.7824103313 748.3741775079576 
8015.300920789768 1840979.2171985582 968.5772105628266 
8017.911377984026 1052039.8677273714 730.4537259114566 
8011.853300418887 4216248.877950188 1906.049952965579 
8013.119002769897 3005897.221175866 1401.439443685189 
8158.757428418519 301836.7065431286 97.74005992630006 
11124.858691566402 157842.0974166648 1.8310054820979982 
8015.050801716911 2114571.197066566 1021.3528141227994 
8012.661318454582 2733534.116868307 1583.7915814628263 
8014.979197353137 2482626.9271593415 996.0446060688432 
8012.668175807053 2790250.470102808 1517.9448692699857 
8014.880504652462 2477880.1218257025 1050.402095299 
8018.7509409523645 796566.532903765 651.6236877476568 
8011.645425437539 3459719.073226938 2099.6980870173556 
8012.507265083475 3725326.9019962335 1608.4885626970076 
8011.754597094165 3310907.9674535305 1942.2402045488063 
8014.695215478436 3294822.8894321574 1074.2547421918525 
8012.915931732936 2585247.2576507027 1453.08102499392 
