17492.307737351173 145488.70505119485 0 
14698.033579876672 131764.9787610557 4.3340156214312735 
8012.9811157437 168675029.24952298 2215.382886649896 
8012.787835817369 42641876.86475198 2546.9500997047726 
8012.903820035215 20409762.82473493 2881.8976479266944 
14892.175699457272 138377.9287839719 4.29168118533569 
10749.957226177383 325472.3443443999 37.36913292726247 
8391.730798154469 292418.7961645541 42.46260458635483 
13247.958868789681 149206.8907550982 0 
8012.981346094162 17309431.713779565 2713.618429875188 
11143.67244469608 217648.59805101808 47.43144379802563 
8012.96856503981 18669761.99099786 2360.748328445853 
8014.476474154977 11141435.034240471 1385.6576096041154 
12290.419865588448 196912.55003098157 14.65379622369212 
11747.45498366655 210184.4073103095 33.297065879412784 
8014.495684136292 2279080.3573006606 1172.419143239893 
8014.133616257263 5413424.43133586 1393.065849900866 
8013.048832770787 5160931.1284062825 1767.1731844555004 
12564.632225717112 354729.16709592915 12.660686106454794 
11891.531859255447 159908.3031550847 15.198522221445746 
8016.022952202753 7336301.204492683 1014.3285543055883 
8016.11183272155 1878140.8688396807 855.4587045377867 
8017.260522803266 931252.2154252289 753.6936180113289 
8016.650910300058 1834439.0384573762 949.6661403082337 
8019.767191702136 1698059.8103415186 689.3100099538175 
13031.20605204944 169014.38394044287 6.095344315538786 
12846.683176500175 171004.6550061314 11.299278160619846 
8015.574255987479 3320375.0858210037 1051.7344658706875 
12690.195875155769 189355.065165098 8.171222466892662 
8027.169634048991 585149.3967532197 413.0086068866111 
8019.732468848031 3278801.2193051414 725.5817135462607 
8033.592091872935 374107.91356813576 296.5006331032555 
8027.003576475473 833535.3187884823 469.1276775926809 
13172.527812240058 158931.8328186652 6.749236327334284 
8020.022088093723 908160.9955112546 632.2510965453112 
8016.778875500595 1055678.2015434508 916.8838984063668 
8017.069527470694 1313087.3081612897 887.3498797516304 
8032.492624655052 732919.9689415429 343.2758462425888 
12738.67021557383 202713.81856597768 6.173407574911026 
13044.170477420801 141919.7877039176 10.397329683966655 
11788.269347110525 201622.39659377644 51.55251324314694 
8244.656593540818 875687.8562946307 64.4851891732662 
8015.5693901777195 4678113.674234324 1088.8395592676582 
8023.568343707775 1576439.4355202883 594.9371118609396 
11860.750420566883 182151.2857378958 31.35941806565237 
12838.559650740977 186604.06970752202 9.436497922776685 
8336.554933786101 338355.5039289885 64.5157956410777 
8066.570370909962 441953.2588129487 145.68747447399258 
8134.94197421714 387738.83889617084 105.72870848518912 
8081.381356766401 327288.58005632274 129.02286416568325 
8021.772494455499 1618398.7202026434 565.3744153071585 
8025.009439038092 1285739.3822082838 514.9532740793111 
8025.046617669399 1173085.9562428538 500.36498873509015 
8057.30145354118 512870.6052805026 194.6130219799588 
8024.979445819688 1320119.39320968 538.5956796251683 
8031.95647516869 1070188.4073543977 389.6790420459933 
8065.483080715988 683332.5149511984 166.80826315714583 
8063.909781384864 307301.96868780395 216.07401627240068 
8015.192462064078 4707951.208792336 1143.0624738813435 
8051.487504097483 542362.8534616156 228.0809537777584 
8015.376825214102 3712887.214307757 1096.0651540235326 
8032.48310477017 1003843.0800312258 363.06966684432996 
8025.6186749267345 687058.915351796 477.4733814865818 
8015.210748703295 6819560.8857171275 1114.5171945338047 
13200.661776273726 146949.9498357842 6.472415993353851 
8235.550330756469 369601.2626472389 76.42590392199934 
8216.553932212242 258735.11495211069 91.42121313533951 
8040.562725252264 629754.3251844546 267.73648306084647 
8063.964660512944 561492.8180730292 180.94222912659734 
8044.951885317854 760336.1381243457 250.32030924682368 
8183.579154594969 298507.50489658816 97.768965891058 
8161.774232712706 332511.7339953544 120.1397146134774 
8014.9069609214475 2817953.7497173506 1159.6898199338493 
8028.728003237737 554308.9941681417 398.57477337461296 
8057.0922276809 426091.1356211497 246.19355548494968 
8032.445671486857 2172177.9270377206 356.49066461992265 
8016.034554015689 2668331.3809030247 1114.4410728654825 
8024.034614182139 4353119.426339702 556.6894307539977 
8364.720341352653 410862.6809098616 55.52813915497987 
8057.246256669862 340940.4991313513 279.12841286356 
8022.140239400071 937947.5602942002 626.4204324617164 
8020.520797085981 1107934.5640353004 609.3954806323356 
8210.818104570251 357733.44374487025 95.48340369807406 
8235.523873791308 374320.54586936283 64.85685030468565 
8024.360769435634 1045013.4343962758 613.3355841347964 
8016.480855270617 1862734.5452349926 1147.024466867571 
8170.506705227182 331454.6256326518 105.61949981093876 
8080.857939950016 533060.3388010708 115.67195039598225 
8014.644449465939 5308329.514683305 1166.263449359308 
8076.424005161385 479184.714992283 127.09603712943213 
8024.865683964332 1822122.2812413103 550.2163176438177 
8354.7697945413 464977.0546611668 53.83569239212179 
8015.264745379216 3621083.2919223234 1112.9803151753881 
12637.947528442033 203318.92054442532 12.465172226377916 
8013.299581697434 2961756.0339606404 1508.1634425080397 
11673.697240297399 275724.68629894924 15.1803765085169 
8017.709972501154 856177.5193774073 740.150591615906 
8022.117028688746 887127.8116478499 686.1390083046182 
8012.616222909855 27611828.029886663 3322.786021900881 
13085.246515807705 174845.42976011225 19.18380055370554 
