18017.847916140185 129503.16790785998 0 
8118.405584195076 5111760.744056813 843.9817795503479 
8118.303888371713 6788502.42423657 762.496492953991 
8118.094493693952 5616491.821215734 831.5977671707013 
13176.482995512244 147390.24287134196 1.0205950324473818 
15241.133560616297 150524.9986671183 1.00032286824512 
17040.603018785347 130189.08023889916 0 
18005.714945529013 130128.14300777213 0 
8125.234605140559 6287993.985748044 603.4281563782645 
10675.45288823997 244961.30694664794 14.582078308933175 
8119.6853945817875 4633344.94400532 676.394762127784 
8124.337510998296 6566590.386949329 640.7699531922349 
8118.584320800699 5913647.439248335 709.74551031199 
11206.378930257431 225573.91320875147 21.418063838763377 
8121.380232881684 3414031.8958351007 801.4438789740904 
8139.076421996001 2931645.2233201675 507.47217851654557 
10022.061807319817 336784.330565423 106.47309655445957 
8435.272408904988 942309.0310206988 232.0200058177257 
8118.451842024014 5311482.05611892 763.6566021022629 
16346.148737207492 131303.46746551193 0 
8130.337985241201 4914096.832639083 558.6642527930285 
8516.97713264854 766562.3505471824 171.92822373744323 
8118.411949155345 6226284.772916236 755.9435137227745 
8238.600136885798 1328255.5337678543 253.59012039724962 
17001.248288459992 131071.30124992444 0 
15718.2646729512 136501.57085693255 0 
8121.314238328765 3792071.758251775 726.6076901392264 
9733.123712793225 349743.0111650415 25.508487881337455 
8124.570568944566 5767092.95349654 621.4184690636342 
12198.089662954051 194004.42728525185 3.085100452144502 
9397.99198510971 400296.67190653656 62.429968364774595 
16250.248921203598 136416.31416442554 0 
8733.490247211055 505845.3839691543 127.49170050655229 
12592.089071064755 172979.81008727424 6.464958371377431 
8153.503411192521 2225277.084598169 486.53878303735735 
8581.174160116083 631085.8027685235 150.97920440863373 
8222.62633541704 1363152.912794735 315.3345744553907 
11418.284824038248 204331.13386193008 22.2248565126012 
8121.756614329784 4110823.6806297544 697.3864865101993 
8339.303294230194 1028259.9044151143 211.26044957090528 
8680.529989301653 584706.0407643393 142.96450733349076 
10458.883539390314 279214.1418379379 75.44338929519101 
8126.299570102241 3257061.9090024773 567.0389231618932 
9219.35156932559 448541.5814178466 39.184532886248306 
8441.883311673691 1209247.484023368 205.17173225996157 
8318.983140476106 1113939.336463155 220.90424346553837 
13084.726239292615 148065.75951705498 3.3986603118966796 
10202.42468948034 312514.2229153088 89.29187966177665 
8131.53153401995 2523700.017898128 542.8246410613539 
9631.914040352502 388579.74368691695 41.3702194257274 
8210.676172583038 1518660.3686337257 328.8447963556058 
12685.365225605039 162222.93719633075 3.2414781246290634 
8144.739795727246 2361224.1940754773 517.3332080078167 
9126.118070240584 457205.74152610556 48.924054375132116 
8919.130820909197 461835.0118229891 57.396844615946584 
8120.537020920954 4384355.541160908 822.9959446944432 
8156.495590650531 3136541.0678411704 465.8915448321957 
8126.4815249251205 3045911.1393864662 644.7266010328088 
8209.910911867042 1591010.052077564 351.0446444093096 
8172.645582135286 2051957.5776860472 424.0640296871731 
11677.976076792638 198105.3386451438 12.332194560849157 
8125.560441013242 3243676.7368396427 656.3574169844183 
8124.960214793687 5386209.513425998 631.5646877032594 
15557.942777327587 138897.79506789258 0 
8121.029302743473 4208387.544456863 824.3169135986059 
8315.171079865844 1549649.887954275 244.74035661870812 
11983.69034857345 180545.5185317958 11.524084561064992 
8157.742918433822 2274083.076019371 430.2801581697306 
8193.773308514552 2728957.554813497 387.2476600913343 
8124.076104196494 3575113.6832429497 668.143873262348 
8157.119638269757 2443362.456151724 441.9681208698707 
8782.575426346357 552974.3108592085 101.91580623762448 
8216.855209874662 1745991.378685648 299.29614885378464 
8122.004285920479 3670967.890739626 726.804477367671 
8161.539203697776 2140759.1591005474 449.91427185377995 
8118.68760955181 4486106.247532884 708.486898979369 
8195.274641912976 2195417.9450323638 372.0652630381716 
8149.5129696423965 2690474.0625271727 466.47807575740353 
8201.79449285442 1792117.884252682 360.99840240353706 
8125.334579445679 3985508.5115375863 604.3473974745467 
8234.307232251052 1969583.4311931748 277.84225994517044 
8204.304554835871 1690145.4482083358 405.16562814182953 
8563.246682981016 673901.0453774397 186.62024214969466 
8124.991957768487 3538440.9110933803 704.2700055729398 
8849.793344475798 521515.4350397017 85.93609154780214 
8132.714454042238 2513812.6786056682 529.1203639894338 
8176.595672242247 2128894.803685466 396.8155457267419 
8229.501381408627 1486885.2255915466 282.679121697353 
11850.914782762991 188215.2735991943 12.671727022351376 
8118.606282912428 5014355.353367224 742.0322949004888 
8128.621005202651 2635817.9117675824 560.6266635082789 
8121.205839994064 4017036.46674631 808.0625544505779 
8171.6884706065175 2484552.6933752326 409.6624586871591 
8446.348022444628 726539.2066521465 193.1275831981048 
8486.847129089196 724544.0156818009 178.37055733714652 
15283.495957596104 145461.60279592316 0 
8121.927254211723 3270758.954827265 802.2057149432952 
8198.554165812195 1909962.9179891602 383.14351359652466 
8118.558993761369 5175857.654637521 829.7614313032395 
8124.97108116965 6226459.932470241 607.2491204722726 
