18188.99471759733 366682.9011925201 20.83131875572555 
8251.65286224187 5047500.81518645 696.1754137854473 
8250.595427198936 6201996.442213419 643.9589136780421 
10200.04609828443 572879.2364404934 65.66739351965735 
17114.976086522074 411366.70478751836 38.72355192043449 
8259.502659017944 5316561.19961074 527.9604653730339 
8271.966685658386 4870968.245084824 546.770171657011 
8401.958640994193 3035272.4535189345 351.04870752907084 
8256.709661480068 4158146.080615769 680.370135020009 
8509.400425556261 1919536.2127803816 318.9632964957765 
10019.332586898443 591882.4480382092 66.76204861401999 
9267.324803794789 825366.3652357273 127.38076873257607 
8274.763440448556 3173949.1449730042 559.8914225365696 
8271.534863961206 3719595.6243839134 646.8851765715416 
8388.47739916053 3559052.3673489485 365.27816339551475 
8271.198197019276 3982821.476372021 653.6417816697166 
8681.258615022552 907699.3769321016 219.5874006040542 
8274.0312854213 3845436.7781979693 504.22513391360803 
8534.735693117538 2670503.733833358 282.96113633108433 
9308.421314756752 791685.845836584 106.57367093680064 
8310.203702539598 1964872.1857455284 433.6042897172038 
8270.702461462875 3986063.302032468 609.9356992708234 
8478.837521405716 1476342.3492917852 421.1871503035923 
8648.080587202196 998502.3512548057 239.21458839347616 
8269.39306359865 4143742.8329524267 584.4796604563305 
8272.189513315465 4048158.2692286363 578.9091304188125 
8250.950623634466 5149008.48676945 638.4275281843192 
8863.142242804015 1248233.5079325498 172.13519868226365 
8251.65286224187 5047500.81518645 696.1754137854473 
8296.255904102549 2062982.7411685607 463.14080277279425 
8580.080661283919 1372556.8373734308 264.3226480606604 
8268.822716791125 3968485.9689481463 683.1627489173595 
8548.558467364193 1631880.4729843647 416.5458408878068 
8318.356403193433 2441876.6386004873 411.5205403274209 
9133.069379836596 633256.8122696945 151.691925735812 
9334.220628958494 661766.0186935014 98.31083720912922 
9552.458541340091 572534.5506454243 134.05099156884899 
8924.295505813458 1020796.1747045238 163.4025171272365 
8345.594104539003 1838480.564314511 398.69530848695985 
9019.30341083997 860705.4528663964 209.29244152065382 
9834.661358139192 527863.0620357752 94.57914608436373 
8343.737158131578 1807961.2153553516 446.4868082921876 
8499.677421795968 2898516.2687044204 311.2360782893082 
8289.576857064245 2976388.147969418 421.23280218011803 
9651.457634424325 530236.2722310653 150.5025922712192 
8281.334297710684 2758007.498208433 485.12911369790766 
8362.657050669972 1921621.7503167947 384.2466759207391 
8501.545270788374 2849067.597249126 308.5968541218462 
8621.152812491855 1080996.6819963702 252.3970763567387 
8677.103632445836 1340909.8730937266 193.70283126443434 
8776.484085110513 1170901.425719784 203.04201042853506 
8540.364059489035 2274615.6410266687 295.3546881968316 
8289.660094924984 2224386.1994118067 517.6832878348949 
9455.416386652496 615389.3336898405 182.9316843581011 
8348.67613880122 2820503.9203789076 372.520346396793 
9821.483308725483 558599.3767403188 128.69037214852085 
8303.244816869654 2561729.8476230744 404.26902405789946 
8338.076279211446 3019130.1756000686 389.9781754237821 
8686.716189146697 955285.0923463018 211.14012198571396 
8506.433228050146 2289305.460861695 358.4009914866832 
8866.571338531301 1390563.5130089347 143.0711999553423 
8514.156813982243 1665386.5698385672 365.98812941770217 
8283.021552360948 2590614.6257235752 477.7608289785631 
9084.842334339708 769972.5633109726 191.99418231808522 
8634.618908915792 975402.9490160573 243.1726663960451 
9645.072865848928 563425.5532130804 89.04331643321038 
8299.817294715538 2246168.712194537 443.3083065813755 
8618.5923788654 1355580.9634764313 261.9780451891529 
8288.717278627984 2377777.889184992 531.3001562999578 
8910.518110350095 1088791.906921483 140.39140252939183 
8380.199895629146 1795801.9135648482 406.23780081779387 
8295.928645199121 2105758.102861787 469.40558306569346 
8373.462104658787 2024197.958667918 371.5790613527136 
8289.479404835725 2372488.159813718 538.7445476612999 
8840.664622157625 1052933.0257348646 185.09230028379181 
8532.86024320806 2709461.9619865427 287.6496930321774 
8501.742017651273 2364704.563613442 362.95070155145794 
8807.653297540524 1196400.320135232 180.88772489667008 
8899.82784139218 1042489.2042448629 179.8451616215137 
8290.299850044927 2197424.473644508 467.87555575052 
8292.916858853087 2613762.4565490535 460.8357017445278 
16946.9909810556 406930.70708302857 39.27412821960049 
8291.426110367975 2174538.7728814343 514.3275834127991 
8273.938665494254 4746419.274347093 505.99225245173534 
8879.001837596896 965410.8481181621 186.82432819643998 
8254.84829985209 4249030.416419854 553.5279251039899 
8324.228541876546 2320775.457124003 415.5458254007183 
10276.90197710527 474057.68877278117 54.44353125372025 
8276.876087108223 3014103.9010401582 468.18026133637824 
8255.94172726097 6204260.561636833 550.0726730761903 
17057.448518800316 511620.09817777615 46.67706348473574 
8256.854488743684 4489292.7509468375 694.0005664646787 
16500.683509303053 479240.8636459015 79.68157888153118 
8279.312975771365 7717529.36745743 478.4159305086865 
8259.69873366574 5095315.466562722 598.6376474962328 
15034.723720560112 511826.1361797922 83.86900717896374 
16474.242967569364 494412.8336396861 102.20925537362977 
8806.50028872256 2756419.238747292 290.803435467918 
9761.550390118804 1036745.8891376362 187.92317718891093 
8262.057023902144 4407662.067627582 634.7808637270009 
