9915.408960575403 419244.9647843735 127.56704384057649 
5227.06843473018 63206002.002004206 40667.839388764325 
8713.291262006831 462444.46801398095 168.67261544910173 
6792.022131472135 731152.4036990122 282.59089882873036 
5227.160933311291 58810687.189823404 27909.406871967687 
5227.194922392515 46427393.76169546 27957.659314179582 
6295.840216412758 1042469.5596540137 414.6856065115678 
5227.207595292616 76774674.56477416 24142.053827528798 
7181.504204280744 521532.70441649307 187.70637353196855 
5227.322031266524 39763298.51454813 18780.591190069463 
5227.251332613106 34377359.13954218 23551.56073338069 
6198.16231067037 977403.2965319725 533.4342748782192 
6895.181617723401 672269.7283213226 333.54226291637974 
6050.300150732269 978545.4910269332 571.4216540266486 
5474.5117907893855 2035714.2398286574 897.0614535007101 
5227.925519353824 20360089.037881605 10899.460411105489 
5621.960735146729 2193168.8697869675 852.253579031207 
5754.508810224509 2218932.251408835 723.837270991377 
5227.526137288265 24087388.46146197 15927.476493803892 
5229.435308598921 12419888.98722112 7186.9850325481275 
5427.8689606526395 3389401.199207612 1049.2557696718877 
5230.569155096735 8894553.723057015 6022.032145592007 
5228.233373207446 17114154.52822665 9656.382752977468 
5347.9502923169475 2044908.784105334 1096.4701260611994 
5228.715031210792 14018968.178578103 8320.653609893787 
5227.170377898265 52730758.972693816 30322.124126555827 
5229.924999756468 10463537.057137683 6750.397049926925 
5228.0027579062335 18843061.79297505 10452.07926727922 
5260.784139590844 8145814.87310755 3507.4300819271007 
5951.43580549441 1097629.8747356383 619.6349593777621 
5227.694719322316 29222601.499097206 13612.298801797062 
5878.444555540073 1383865.7252973448 754.6474421578187 
5230.916366025984 6618648.095133428 5081.100846090851 
6317.58851546129 894165.2283523569 438.8712434754141 
5228.337918708818 16609510.11061403 8948.916962336016 
5228.108536338728 20372284.097077712 9961.748551474395 
5227.717061390387 24418129.333875787 13318.015686579833 
5688.530269255083 1410156.8229976774 879.7257192564002 
5262.473426814223 4418552.368845026 2202.431889194189 
5300.454560923627 1849911.7743549054 1554.542447367238 
5228.899480585737 12213012.09162747 7547.379465449332 
5241.638412801191 5392490.105965638 3824.7234158690276 
5240.528890398409 7097188.373108449 4073.166042568938 
5283.301170314798 3863065.215420573 1378.5974010891914 
5227.479021873322 32697455.17828726 17476.66424784345 
5663.500163924823 1632281.976209481 786.808972122996 
5228.516405710221 14463268.048719829 9007.213004809797 
5230.191929496747 10738570.010973042 6243.7647021916855 
5228.622180281242 14105472.885854661 8394.277750494586 
5228.068620311064 18423707.22315657 10867.310114853652 
5628.642821424667 1802577.2614993975 1163.637627515448 
5230.997607625101 7181252.5909151845 4669.518437650728 
5230.187861535421 10496911.182239892 6401.602945201646 
5262.021401803468 3636733.564345588 2252.899329227209 
5275.069528757746 3240100.6547987345 1986.739164628244 
5227.599730182894 20003425.389386386 16148.994503187407 
5227.783843149779 19882395.98890233 12375.054227258534 
5898.683568639215 1117278.8885354726 545.6149272547352 
6316.567847458784 926584.787181347 411.32935183609356 
9696.758703399255 446412.87205664284 119.59737249075381 
6999.71602699197 618885.4172395631 220.60379075835579 
5227.097474825249 60872862.64924396 35579.10890179319 
5279.12581395537 3350281.317867834 1458.3479353353882 
5242.9729983889665 5957586.220447142 3477.708912537313 
9220.967800770497 445711.463641405 121.95209084842648 
5227.870904155606 19136810.612616017 11366.281758814963 
5227.325293829412 30330255.49171099 20747.124981817164 
8851.586780823021 562092.6006734483 150.7261895641327 
5864.967501896093 2028314.0467573127 667.1818840695478 
5227.122971897506 85699046.25974551 30318.742713983385 
5227.114731618436 61545535.05691742 30463.484607153576 
5227.1516798936345 44065494.66386019 30639.443249862652 
5227.133938596846 88355887.01228583 30839.83753784313 
5336.14008581094 3211151.5627985415 1464.1135353214177 
5227.5146373860125 23329688.721466407 16196.717763295843 
5227.726063832484 20422998.289323695 14487.537378749888 
5227.228118359607 44566147.717285305 27401.887280768115 
8346.78203777022 508481.5242738527 193.48494007790336 
5228.2769679709545 13718742.12633948 9066.366896719206 
5227.041814880299 61832996.16925587 42117.00287000211 
5227.609205024382 19094510.241466537 14823.159056649332 
5758.462872503753 2415998.9363976712 704.8375691300882 
7603.026884320745 610501.9549838401 160.7883924187708 
5227.155079274355 54435692.86154272 30842.86954918492 
5227.373433061437 41775638.45683717 18515.25179627069 
5227.124057720127 48391440.60876595 31795.27292090301 
5410.082731331438 2005989.3434669324 1135.1359253704384 
5227.232417471006 50139573.574750304 22944.802866744798 
5235.768929023785 7440909.864682692 4337.769283073121 
5227.543623871838 18424928.70145232 14474.223636050596 
5227.205177803612 74845616.91535893 26446.75256949799 
5264.346583777131 3525539.9619786823 1998.13230912316 
8071.082010770984 462965.84227572987 203.28292927530615 
5227.350528776869 24169662.122218393 20775.957993607524 
5227.432642656868 34873530.18123321 17966.808512645002 
5227.273880522187 38069217.95837284 20553.78208367876 
5227.84585808818 18486874.003177103 13807.861378479905 
5227.160092937423 68035666.61558524 27464.790987158944 
9724.808901163404 595820.9298059918 104.66669739281338 
9733.909092983582 446537.6672900429 133.69670340895 
