5422.5167711286085 4110566.633766641 1556.7244541474354 
6515.471862024748 2031924.2542958898 575.7773061412645 
6628.497717807642 1185251.509503411 669.8244793844963 
6863.811570646143 1138235.2600041805 652.030607658623 
5269.446060062326 4855498.967207708 2890.8607307243014 
9561.498428423385 756721.0290902391 285.01285748800626 
5940.141372957896 1437450.2554916423 747.8845180700723 
5682.330119179878 3066032.5757851647 1036.9470477239352 
6037.214073198256 8046407.250084466 703.1922237184255 
6113.353864150812 1385617.3971194255 640.3557872865448 
5431.586493511091 2833568.9177102353 1201.9798282279605 
5931.142639035232 1551545.7430736215 799.2825782919988 
9768.672635641413 662213.1252391537 249.492590531929 
7381.968647099712 5063232.039901028 499.25052909396805 
5290.198009518037 4420707.333040264 2779.1365713016176 
5228.7849320239975 87509683.03750628 17828.842054163775 
6967.103944526111 1677246.7289381532 499.532570921112 
5734.560380084449 9135617.14802669 937.7989971428954 
5300.392179805351 5967487.569225442 2462.3853573655233 
5840.039128648234 1905256.0482662052 927.7557171049938 
5736.570426495163 3225466.0512646344 957.2974899653369 
5228.528541158325 86270741.61565231 20273.096408475045 
5242.399916680421 9374470.012421649 4724.977400440327 
5231.258676580339 48128017.94876177 14610.07825668525 
5697.6519049495855 2400707.415759117 1031.5033931140606 
5752.3265340743965 2203844.3084702995 1047.9644522555043 
5256.409753760687 6389319.300503282 3734.937912449589 
5766.040556917462 2310705.261806875 977.0508679022352 
5228.718893465676 91438863.79191518 19119.47102289695 
16178.79272846126 1226277.0678896564 159.0988692167566 
5731.523643298909 2206120.642967473 1385.664149344911 
5294.647044736187 4055545.1479285015 2953.052446001924 
7390.321079817002 1286608.1723184227 520.109858567518 
7721.665326367209 1292794.5704868664 424.89546480742524 
5269.504161759541 4371973.0316945715 3671.1477489854324 
5238.0894263476075 11645343.672723895 6919.9476394480935 
5489.064496018017 2086094.4203870823 1234.503772306514 
5233.684632382718 65860313.29527504 12048.390702514425 
5229.340432035796 59135757.415226504 15324.452775003421 
5545.857748753327 2891016.343802762 1136.651234200716 
6223.440193250173 1260106.888724465 710.798412164673 
6696.202601853797 1530067.2461798405 595.6692312864193 
8224.048707799011 1233228.0742649122 402.3239848466195 
16110.306555658695 1182158.3472368028 217.10093857509497 
5228.732996658548 87183204.42726243 19103.28424654265 
7439.204273576159 1210675.7484558069 526.4129498974879 
5231.1391661838825 58470437.166602254 12465.0278298211 
5228.371839360959 114262801.77745047 42583.50080125207 
5232.873790331571 33787647.97833604 12321.695425270173 
5234.117444645515 33767291.687907256 11575.128625103634 
5229.314872487265 105442524.45295142 15839.478107625084 
5276.296336375859 4158970.7458992223 3700.019579476724 
5239.818646130949 14647806.056685252 6376.698575279793 
6049.8924964769 3995398.058466268 800.2029260446587 
12151.576900144797 1742125.0590285845 227.42281795786894 
8928.494887369323 874123.7174428218 463.4703041233775 
5229.369955876524 69050909.61589214 15242.47618929367 
5234.599282574099 55478677.35273332 11421.634921849216 
7574.118535141042 2010377.109325504 416.0112538163535 
9514.64272854621 4858309.244338375 350.0694797790121 
5637.001064850879 2810663.750063567 1074.4840262328096 
5231.547222259659 48554750.50208181 13723.397871324767 
5305.746953465548 3076874.7085110047 1569.0337757366424 
5229.156837223978 52247623.21303591 16403.04134887784 
5234.707706713612 17543560.985143617 7586.517075549492 
5230.812714202918 40297000.2951419 14056.885351741577 
5229.891134948062 66955197.27939705 14797.919758446384 
9792.639077876733 717653.363426538 329.88852815662443 
5228.570695758118 149999135.47236305 22041.651129114485 
5228.598347053024 113491413.96134764 22305.844665679553 
5228.652710535143 189863014.5102412 21290.91981363784 
14673.148417431717 1287475.341003663 223.44738601105837 
12375.06541766457 2310656.8179798955 211.90904633474176 
5229.891741994689 72003941.00884727 17983.053251572215 
5228.717984813418 155010896.67741498 19913.27711182358 
10751.139874270093 1279033.0919312565 270.0528814950382 
5229.16797495947 103226206.94280395 19551.290451966815 
5236.017298050833 30613718.68213096 11096.07465822667 
5243.750033467903 9565705.624847108 5399.499005886854 
5238.400641003701 22102923.183590967 8517.498524484381 
5234.286642422435 49297796.3260324 11898.342367695777 
5229.315804891407 58349681.20032141 19344.655423964996 
5231.312175151906 60589878.79481108 16450.54004373176 
5229.407709960523 112902808.50898232 16597.128585554005 
9100.22717664874 3210457.838754272 435.2333718470293 
5238.3890967267225 24496495.545123454 7415.040671628029 
5231.504230735332 41973999.90851965 14654.454063308218 
9907.286639673966 1648427.7173454105 326.92468194720664 
5233.6413063666505 44853135.15032926 13385.099759775303 
8620.094835654752 2234271.739225925 489.7563514951087 
5238.91535489185 16456363.068619892 7744.150846214129 
7735.4260561289975 1481234.3594230334 526.3511811585229 
5232.909693646656 63684497.65854692 13809.466789775259 
7408.035853843912 1382583.1745444597 825.5037046569716 
8257.331710959543 14067325.476188364 411.7383081575423 
5235.889052035482 34926048.40545407 8210.088363441828 
9660.428611326617 918740.581859922 348.24680236146406 
6499.825359473102 1986903.5472612078 662.4812499831919 
5306.713198632033 3716891.45780075 3286.4322478687322 
6855.984042898026 7951197.507876022 577.3601256489624 
