9206.249669966248 416103.86943475856 114.88758290328425 
9390.015552088767 394861.1509660955 145.6779525887562 
9406.439526338454 428509.6838599984 104.72494665634456 
5227.0529789970215 201411811.36807084 41643.23883905822 
5227.020369481134 192309825.9726871 45844.23211641741 
5227.029601114103 96965704.00725183 54080.56542585956 
5227.047609219007 120759739.92325348 50827.117017156634 
8399.503309570811 411758.91718416824 163.98684150475256 
5227.087190699577 70158207.97767176 38189.09505548035 
8913.760508711737 457652.02814687905 129.59832468949685 
5227.059509880141 63800481.86879435 42974.999689052456 
5227.066458538273 85663279.48025063 35264.8961126181 
7886.091603763632 577140.694751787 219.0625840280339 
7949.074266664068 475407.85986100545 127.98177343811768 
5688.2346438783015 1376014.1171685248 874.2157167928182 
5227.114816945882 105337521.32514562 32073.635608605557 
5227.347755398521 21321778.98109819 18873.629542914307 
7151.5626450048885 516818.2583108873 269.3699239428491 
5227.277359628214 42051741.823642895 22345.866280096252 
5227.19371933186 54145152.951903224 25858.104274233152 
5227.099737618744 86013499.75622936 33314.33413730685 
5227.08939905459 59061040.0949353 34707.581161479866 
9199.1009336746 411156.1982161916 113.68308777206082 
5227.134965826571 48360922.1156758 31449.709262024804 
5227.117813292594 61674689.937402874 29030.837020857532 
5227.108158815139 48016306.323439315 33905.538953261355 
5227.404249785738 25915514.340230644 16467.73740856487 
5227.093765966272 79182470.7141549 32475.408072989256 
5227.250652089365 44680785.75610429 24625.682127452917 
5485.2935541084535 1632457.025896163 731.9317206401491 
6923.4821849648815 541370.2253579102 203.55621439804008 
5227.216696150156 49873545.840428114 23526.999290375243 
5227.67593336158 38587002.0826581 14343.532365553885 
6203.2683607680465 978596.084587642 544.3562236502769 
6279.213285587677 888780.8680213506 417.12087030396185 
5227.452933582845 29092127.49970108 15732.313064780185 
5853.392500934304 5341503.842508649 701.113176875726 
6624.999644147862 626617.085996371 280.0190201986677 
5330.410614968495 1727639.254722569 926.6021943075274 
5227.266381501613 32570051.03117012 27387.615743434355 
5227.135746668229 36958995.75036286 28442.806749041258 
7705.574205021817 448245.36662994645 176.76358446424115 
6451.817594750481 616526.4206366749 329.39295326617065 
5227.712463841636 27230350.187791925 13435.090845650659 
6053.2812709532 987615.8928376803 580.2637066304944 
5227.862574098636 17854362.143153924 11631.845965337263 
5227.254836204401 49842646.29763869 23504.67271982656 
5227.223326809033 49348410.688627526 26776.186305729512 
5227.290739662947 22160407.0776008 20093.142263141086 
5227.337319859768 35553247.743108764 19969.239842235565 
7856.665677527958 475404.1796020639 162.1109690038899 
6827.705367388231 554556.5566271105 236.0976432927879 
7508.199549234211 489974.61772849504 160.60766288262363 
5228.825096941449 14372311.862768907 8182.460085720702 
5227.822589007517 17581943.252460726 11972.244811714754 
6430.437107413788 672491.2811441321 421.723404303387 
5229.802470346194 10784378.563386844 6759.132721795075 
6715.270014566974 559397.3349307971 312.15279219347474 
5229.119628019367 11551995.921672747 7468.557070706391 
7282.207302403564 513642.19395306805 252.37752555524781 
5227.422669703698 23955251.796821352 16082.045682723245 
5228.345883678011 13399207.443494285 9163.789084592776 
8799.3013716314 443082.33255464287 107.16372494256396 
9473.735073290261 408575.9706553641 123.02615338865161 
5260.41886893284 2582444.865612012 1904.0229998338314 
5246.488313078188 4819854.821584159 2866.7764876373776 
5227.877046480625 17562809.534048576 10651.454807713195 
5242.866255283861 7108246.5629653325 3613.572934389724 
5230.546298230012 8899684.277219113 6116.636671468085 
5442.223232352275 1616385.8041136952 859.957577664422 
7521.284306425164 468387.5490545502 212.49130075659386 
7602.293401324423 469750.28173548327 196.40301902398681 
5299.102882185973 3267760.287650521 1400.2917809454711 
7590.250412429166 488376.26063881535 162.0660272070808 
5228.3159701230115 16408664.166591015 10237.828356357455 
7376.268117851314 490171.9401287887 195.60087598310702 
5283.220960463446 3840481.6037342437 1377.1626681275384 
5232.754080471657 6296090.422616535 4324.845829219498 
5227.265523521924 43665040.17597223 23287.189769473105 
5918.844290061713 1031578.5497702394 604.8499737851496 
5258.284343692779 4974378.919396468 2393.4885873981734 
5230.7683959926635 12478438.629880005 5464.388870744011 
7463.396326696342 519597.43628381984 230.7870434532792 
5231.006139872396 8171172.656443214 4798.383135868604 
5228.643012976028 13618645.566098837 8663.1699193939 
5997.707431814246 1027893.2788836764 505.8092341323515 
5227.694746661018 28863649.817671217 13829.17721205746 
5228.105384429947 17580352.956836376 10110.77236143958 
5227.272361802487 30933301.611146737 19995.632191312885 
5237.045058114994 5920159.031252864 3883.379259850567 
7560.332456282061 456421.62201923406 200.99331395584863 
5230.934561133383 8122286.814319335 5306.971840482916 
5229.494013122112 11209071.155333837 6344.467525136713 
6672.008375549502 579466.8755956726 324.9829698278479 
6010.475586839895 994992.7267817891 615.0826711998176 
5227.711457670813 25734719.471263386 13637.559350916907 
5450.081029447519 1510032.725183406 792.735980120693 
5885.541987700312 1368595.9832940686 766.7332269344654 
6872.085986345667 542728.2277909333 237.95976407283422 
6428.419757906299 680130.4364855031 430.0811195378592 
