5226.995998135551 231437749.81772846 80409.63874218611 
20556.693288108694 305652.8049855177 60.24935829347224 
14671.073294270751 323631.69001986785 41.14898634781091 
5227.012024965172 54016212.792433545 40742.21618973598 
5227.298583400337 147571497.2895641 19641.853704041627 
13415.097003180668 322192.51628103934 57.35952313197273 
12743.33779346361 315187.6546860065 50.95256365768558 
5227.147761317041 58463384.9142918 26555.618188738055 
11171.510779510723 353832.67281826225 50.56758378176497 
5227.192660006096 38954081.545084 24054.524891494322 
12495.164534856478 329220.0910542442 55.127239199103016 
10285.770060501654 389266.4074688242 52.11024634862534 
5227.47376867075 29755089.955196083 16001.031338691962 
5227.094255175845 30442878.21142625 26525.301921959926 
11719.888917942926 345068.5722601751 44.30816389015975 
5227.969647453415 30371467.364524744 12211.930262129576 
9640.087005709986 380266.9399442411 56.01311152806501 
5227.279041088708 48297264.25670006 20073.39161791529 
5227.263095275017 21346295.581514776 22172.043402490443 
10089.757743515376 342496.33243721 53.578935109399445 
5227.610467648936 18725667.534047384 13702.768501415572 
6584.653812391255 553899.6181863232 322.75626846878686 
5227.168025446454 35478498.917975076 24575.336164831107 
5227.303199512433 35410523.94919084 17580.326261497445 
5856.810871076044 1420913.2139062907 467.7075983170074 
9305.781375381233 368635.10196073836 71.41667620187819 
5227.534901267851 22161755.665817842 13616.939386542068 
9478.125274617729 455287.6293005554 81.1825081934542 
6336.226159510094 753068.6206732286 376.3347161284732 
7922.160893762225 390981.31232212787 137.11304955691415 
10463.125910423618 365631.7309555597 50.37962178070151 
8833.244189046163 352040.4781546746 120.61562681430695 
6294.272299420434 642057.8246056153 400.10299102114215 
5228.183057554681 12965629.83415863 11107.115903151454 
6790.670829999243 1620111.393593244 912.5713661968097 
8197.95610121396 402068.19083973626 98.67970575737111 
8701.234244183965 376043.48654052836 120.95989495771741 
7408.600086223108 432463.9621688183 202.54629130964318 
5228.058835929256 20880368.970096394 10245.340885300384 
5227.8313519559915 21773674.390781812 12663.29624337429 
7602.68277084329 472819.29133532924 160.8156361868648 
5228.239090946648 19294609.247214064 10986.590492018202 
5227.692570211371 17405161.072558798 13341.114305141695 
11340.236967785902 319995.3645697865 46.873839876395394 
5231.7114806749605 10215545.13086851 5448.862992233367 
5228.855186145947 12190076.296111055 7048.477934403703 
5473.9346468163285 8409359.351450417 753.8039313631358 
5232.947861604022 7241356.505364702 4428.551507411569 
5228.388916206538 17193449.770326924 8984.44821974805 
5233.552673254102 8326551.716286335 3845.8236756473407 
7876.683875053982 402013.3705958833 117.2625351162873 
5239.6942574652385 4976492.343325267 3444.9507430959156 
5633.802540525326 987121.2802750133 625.9666012818543 
5433.439882442429 1432243.2095310958 1333.7605942945384 
7270.543850282063 489469.4785662437 192.4637532322379 
5228.737525229625 14693711.239519933 8065.929952704691 
5247.897751163029 3899664.9402873456 2683.4947827647516 
5335.87468565358 2054668.0703980795 879.4217001048024 
5228.314816309835 15759618.137927653 9582.230851114862 
5249.080122465815 3414017.2978871 2003.7661747064753 
5241.905169845198 4380453.506442275 3041.8687747816602 
5229.604366873929 7794385.410109106 5570.470582186785 
7681.788030275714 412878.8569530419 141.3227987282692 
5229.298298084794 9878569.84977495 6426.051034610799 
5228.287462394792 22256719.7852975 9752.212088528659 
5714.9864201879645 2795988.0467267414 554.1559122367247 
5270.192684520454 2600091.4540612544 1575.4145245249697 
5228.514309378881 13553804.057984648 8204.281851821775 
5790.119397470175 802033.1561056037 495.5629874224122 
6916.783031853018 519006.14053040196 281.39818385916874 
10455.202659511888 323539.6752159904 62.4806031236261 
5228.456112477509 14760019.114127012 8592.714850373462 
5228.476360006769 14209725.201662185 8864.50186273579 
5240.219034726532 5308540.826066507 2807.0308121786334 
5259.014006216146 3103657.0984981293 1809.3395558524319 
7308.096496557713 455815.1142042233 183.4860704123371 
5232.3385442066865 7392551.881108793 4221.827114142573 
5229.466698888597 10382638.178063143 5989.990601046937 
5229.293832061729 10709357.308912914 6203.262095030326 
5298.899708216254 1703182.4924396651 1228.395326651759 
8418.703679572425 388033.53023403994 108.82917686533433 
5322.4405153569405 2000616.0774511995 1027.0370713622133 
8353.976436981182 381244.80205608753 172.3875092558587 
5229.5921852939055 8916125.308614152 6292.900018533384 
8770.541701116961 374220.22534791287 85.77752815677364 
5657.734387602078 922180.8270307009 559.9626260750814 
7654.689860668639 405969.4010147816 158.26402350142584 
5232.793109046572 9674013.968389753 4427.815724329714 
7096.244529014607 470407.18943683465 249.02705124787192 
8312.136248399698 391670.65960568626 121.3554805618248 
6897.107089066601 552451.8989817101 212.18222423732914 
5227.056693732714 43741918.14091705 32104.295627451706 
5228.7978939023715 12962405.476696257 8164.603523617285 
9582.165270472457 347360.51339904196 88.46619258813409 
5227.387782161661 25706859.294825748 20778.942549968036 
5236.317399902677 6537177.82025638 4441.004668253657 
23511.355875451853 296226.3471385649 39.876412866526856 
5227.055777176827 314572176.2069246 55425.73343448803 
12168.40731217864 350133.9165872479 58.55807715880856 
12138.911657149389 349627.3653435908 85.7695024861271 
