6122.785802536084 4555983.1840993175 943.0499365371018 
6138.533467433279 2129637.2491474203 922.8693108332002 
6194.502318677836 1839032.2398587912 863.4082527466799 
6157.021486589548 3434790.8282591165 856.3888287542734 
7267.520027737485 1350840.7372524217 499.3037567475208 
17416.352915286316 1180469.8715989017 202.45058909001625 
11817.268937704896 740193.0441673355 258.3052067616898 
13214.408667810463 982984.3022386826 235.98840652045797 
5601.394712642815 4405521.483467078 1481.1592389000698 
6198.373631936844 1896302.4813490866 780.0503357693303 
11343.363913973715 919089.8170786188 298.8305502160647 
7140.699170489367 1183737.794286466 634.8001928671212 
8114.175267201371 1123768.7890589582 440.1433587548391 
6955.185605518733 5400817.664321458 619.8050779822139 
5597.1262508324035 4812009.886754101 1435.8738689391316 
5830.081856795282 2818051.990821499 1123.868022299357 
5648.190512589189 3333074.444549026 1249.359596825065 
6131.5765700549955 3835915.1051068213 860.3493365582833 
5962.954404550979 2136249.3515544385 1096.3903048513175 
6014.253649757384 2420464.7747276966 969.1082080716244 
10748.83471873788 893966.0692489785 341.5860457934065 
5842.148027360925 2463452.6101306053 1155.9162858083205 
11597.081329737195 898901.461299793 328.9895351714763 
5484.851513215629 4795602.113458548 2106.6703405596445 
5470.203843453522 4818704.323093568 1896.9110345007225 
9253.318547338364 1135737.7510065534 418.49298679803775 
5892.282137115997 3108400.970014643 1118.371180063852 
7009.4533402132365 1971000.6172873387 576.1173100388422 
9400.775765823633 1042689.1070521709 351.96228130138235 
5477.224357710464 5485208.417369506 1731.144309648819 
5374.087665718732 27475670.316634666 5696.872021961559 
6040.667592569812 2306544.19158543 981.3580749326998 
5433.656123128866 5925137.133686552 2007.4798720844024 
5399.434970314478 6911599.431026176 3029.102003644398 
5418.881236649575 6035082.437200003 2018.6067762391795 
7153.405609379347 1795870.6098993372 632.6058626986671 
5344.578275787057 47989548.3974335 9442.797460802843 
5367.19973197998 37221805.114294104 6949.09586393569 
5569.4231742633265 3568254.2968082326 1572.9277970843182 
5510.989112529737 4506598.10330666 1968.813178557441 
6846.801466168566 1487826.5733646585 671.3952912690336 
7155.423947242726 1152633.9395068618 514.732843771133 
6649.034929588527 1853031.7706790762 686.7161761074603 
9522.445219319807 1056540.6060155602 334.75994355564 
11170.040588803617 1238026.5266421915 321.73905326098566 
7799.494958760062 1090868.196947745 514.5211181318672 
6838.393694571502 1120180.4849858824 682.7046169376265 
5543.379824650554 3470837.2485369123 1651.7665417884475 
5903.578010368204 2281992.541837692 1060.3380336243777 
8136.718070411714 1032603.4713566315 439.82739644251814 
7737.058592746921 1180786.4374561445 481.9305472018066 
6713.597069332531 2100439.907310632 679.221537656971 
5497.242262374792 4596250.248516835 1733.5265265608805 
5528.845518635452 4042901.031613807 2381.2416901129814 
5492.115852308734 4803424.955157341 1866.147112907159 
5572.054733612335 4040737.9448506134 1485.9398847256357 
5923.613976927108 2015928.3242365269 1382.527713952081 
6779.820938422618 2552205.8902744865 652.5388547561339 
5445.791815218865 5479113.65908809 1736.4925044097429 
6156.442397517021 1827203.3365927322 1020.7668173036633 
5582.201341037291 3943605.827359341 1546.4363273123677 
5658.959816828185 3310936.2898412626 1651.7597818547997 
5685.70313931971 2025374.244202415 1165.887132641193 
6357.070767644119 1815448.7672672325 720.8958350862326 
5925.736887540249 9414932.264626741 1043.209834282504 
10093.70612969159 1350295.0550425744 332.930576568168 
6511.893526763208 1254143.1910714859 703.1641439118913 
5379.019439202953 16896045.095626216 3504.0029179447733 
5553.554864570881 4666815.913644403 1556.2942067871027 
6977.188159728022 4833760.361467534 553.863146391562 
5499.4660890972045 5709670.316500201 1650.1027490612908 
6205.002326816602 1457150.627365751 802.1500477126034 
6502.703382425592 1572500.7291743904 787.2605124021427 
5444.51738388315 6169225.851599449 1848.8660023445636 
5377.611695788295 24243319.65648609 3993.919439443239 
5352.838987438762 38836548.34204569 8786.720645297351 
5401.501321473556 7211100.667660269 1890.746837109758 
5409.795213657943 6035510.003027862 1921.3555928972337 
12977.845547000605 1017239.0048946828 226.63630462614736 
5531.573795149805 5505336.461927076 1529.3541246475954 
5679.881424591057 2337559.1682647276 1289.1105891995835 
5364.475512112036 38258240.959144175 8064.230284383742 
5381.870015953946 13178263.23555783 3457.4809320867225 
14778.665550256377 847360.2673623567 275.3175298011958 
5370.393194570795 51632798.39725544 7632.3067956162195 
5381.315206995742 34405054.5245002 9038.383295957354 
14269.381355616795 1050816.2109026997 256.39845553786375 
5371.318920461503 43876077.12160142 8117.9378599557995 
5377.0935358954175 50312390.66633334 6265.856452865139 
5389.342736322527 21005417.296728224 3893.016763265883 
5375.467704978461 35905791.0170132 7006.084058161251 
5382.625507306661 13906677.151656644 4484.708609181306 
5405.976109323931 19996913.110340133 3375.435142514936 
9073.141085922825 2994084.817410308 600.3129678578464 
8090.852824170178 1453909.1401701816 625.9358378896582 
9970.716380704562 1683503.2129616162 377.3089585430964 
5397.196533381227 14832648.157149639 4236.078851304309 
7056.450332764205 1664062.9937326259 683.7212278929703 
13012.155019304793 1125318.530155558 322.2158563711441 
6613.002078737496 2215565.4880966535 817.3865521292414 
