9817.74252723324 395255.5480035139 73.72168421904496 
5252.957616887963 11302820.743274854 3776.113503938526 
8405.468937922136 341898.4667507028 121.57092804763778 
5256.297195816327 13894769.226678694 3462.9867461625317 
5267.045587675686 9367223.037748035 2451.465613530233 
9402.45670435684 541202.1434171661 86.01513959288417 
8782.50395402068 364190.1345646425 96.41201749671103 
5267.875066394771 4739758.912518675 3351.647271558442 
5257.774455999755 6554661.552566457 2943.2480404856324 
5257.398130490192 9085593.100659652 3576.6110301804947 
5269.636180076435 8899596.860213893 2280.5300220907575 
5273.146307245586 4488395.766704848 3093.3057621359167 
5410.734215426144 7832949.726517599 1172.805987185161 
5261.361425053722 6051379.772321768 2675.2385241900724 
9052.792839091017 348893.2404089492 107.81736040029833 
7149.387693922602 523011.1269894791 210.89124835234938 
7717.9674514567 572183.9079841078 133.46949329486444 
5259.1117567169 6854645.198089015 2668.5166122919672 
6198.107210473378 1296331.227684972 499.80723208470965 
8446.569998122495 470618.1073432324 110.23678208961228 
5264.164861488978 7689626.8813857455 2458.777616868942 
6081.405165173595 613911.3148538354 526.6118516546369 
6319.238502749085 704177.4092906269 433.1866121375001 
7980.449453463681 401480.30649057287 150.06605503453895 
5274.963362362632 4413113.851625546 2964.0011172840696 
7581.0296036538475 408019.9137330859 136.8443184243044 
5948.597850138634 913165.0482152884 588.5424955275913 
6522.2931324204 956027.8859818502 426.03372132022764 
6926.17683980686 552935.3604622405 230.24378461280946 
8988.396773389231 382070.4194302049 89.21029251163624 
6644.59415734614 660460.4018725476 362.540269850478 
6450.420109794637 906688.687836333 431.6911886257443 
5304.98201798234 5799300.457516597 1736.3284450281756 
5362.638864198903 4113834.700736734 1295.7539948382475 
5895.8291587510985 1166411.1535122995 627.4576620970657 
5786.9260470539875 1112480.9434754855 759.4623929512984 
6770.782921655788 653202.5690049804 368.0924818317048 
7256.528988189404 437534.6874221442 274.1813626004522 
5263.110179081432 6680333.527251386 2553.846828755043 
5346.961677338106 2517685.228080589 2035.7727099009742 
5619.072846951444 6099285.361038813 928.0657194939845 
5515.365951458762 2019760.1092992832 1617.576741048902 
8196.376273284133 388643.77081587835 126.869882149873 
8295.534473218431 422689.0841637351 123.81920991280549 
5917.062550017468 1009110.4310676762 691.641888429078 
5268.653599939007 5022801.567872403 2407.2603734657123 
7351.996827382965 578481.7305495901 157.39976495139663 
5723.428758800311 1094214.8677812913 823.6588040192506 
5827.995305831269 1108588.4403403308 715.4786439268539 
5267.284297747455 5439502.530913822 2487.3729411378176 
5281.300119572469 3742830.8072190387 2194.4612681706103 
5426.282754480151 2113416.493406794 1562.9341516508807 
5274.855713507812 5123889.8728672 1976.6102208962964 
5434.678113759532 5254885.893503031 1135.291347001781 
5705.5098138833 1549884.6359637594 1029.1551135587047 
5273.768629068552 5599393.281322891 2249.3742320824385 
8088.052842116222 399565.85615880665 136.39010249415068 
5272.823451115452 4884998.402602419 2597.77763924482 
5516.788979143388 1769405.5870564226 1946.298620364459 
5309.475620369037 3186795.910496505 2129.2558741015287 
5307.882274763568 3564503.9737256877 1907.342664958399 
7432.081049067035 423807.45739897626 153.85345779431546 
5338.809339154318 2827801.5074859615 1498.1672578558425 
5480.121745592225 1905730.1328260875 1785.9225090556715 
8024.07246312828 393466.3243766895 255.98050557838656 
5690.631895307007 2848329.686066306 895.899654641245 
5411.176047232961 3924674.0410847077 1248.9666802381184 
5651.277872046032 1427078.4142001588 1151.86351979625 
5448.410866530355 2921847.2997444016 1164.2800137989152 
5298.026779027949 3366465.4998304998 2350.472252161961 
5589.961253552477 1618955.9984540874 1082.0268371448446 
6830.531017342779 606881.0382370693 441.8489765072424 
5608.838974818664 1647998.689689541 971.7146555612535 
5415.285625139739 2651972.8792999606 1608.412071990969 
5558.79200972565 1919571.498729196 1473.9579326314029 
5292.3778517105075 3553911.5767256427 2326.001172845406 
5464.237714581613 2723471.8403280904 1102.2004755786418 
5266.92779688353 5489141.363168608 2618.4801121087644 
6898.295630718996 525421.9498103901 314.0742594610749 
5471.273971629261 2413327.815335299 1380.0326293141293 
5700.215043207392 1974612.5023205988 841.282410650418 
5302.14776902387 3230071.2701443667 2088.1208607044764 
5328.456662866524 3202643.6240410777 1865.8610085157916 
5333.401467451962 2850579.4712542472 1818.587700255683 
5720.865782788509 1376046.0726702649 1002.2142769283781 
5408.520664776122 3279924.325452492 1426.7957760988177 
5276.776622881988 4543428.729984983 2120.149807268691 
5393.100204010871 5703100.593733674 1242.3088492404813 
5289.092222329645 3837290.6269293167 1746.2645604448967 
5518.624732616826 2181512.433577813 1204.4654705435685 
5545.139709820391 2375236.066398728 932.2094235147147 
6861.546781888333 636265.8249644934 346.13494103069473 
7306.20823056979 474756.69515632844 227.9762873831683 
5496.5022750659755 2240805.225855574 1304.3224028499098 
6807.740238166112 683969.5000974716 330.0120845916076 
7428.1217987771015 458964.5846782151 225.08076536994494 
5452.108839364575 2444064.2878472162 1417.8300189403922 
5320.618674489107 3418392.2796178935 1319.8489224194245 
5286.459307073488 4519645.005006944 2173.7728286889424 
5421.476112684095 3410669.400895436 1336.6920285507688 
