8309.471140101881 490.5811372983803 0 
8009.975967721973 334633446.9743651 9477.421810203854 
8009.997819062939 12497195.996506456 5054.859925529353 
8009.975952367993 878708.9912168434 9181.355407264005 
8009.988339940074 1647071.6328199692 6319.847685258613 
8009.976323708177 1418827.4641759773 8044.5190156081735 
8009.978269782334 2796736.436603517 6988.050018589375 
8009.975955026985 4130680.107540626 7978.234745801383 
8009.989808065535 1415364.5964677837 5476.878097832439 
8287.395586020877 498.3486494577726 0 
8306.784628565178 496.48685918383615 0 
8281.699337984504 509.46672056742506 0 
8266.78605731366 518.3604814041284 0 
8108.2126631803585 1056.6744164698341 0 
8009.98258645477 2001189.6313739992 6636.870584452288 
8133.882313656324 859.9679795729039 0 
8257.722495849848 533.5940582480805 0 
8225.704953001768 574.4630391254431 0 
8245.62877220577 534.4673165514789 0 
8139.297878064695 826.2542905537948 0 
8115.741448510597 998.1393923910796 0 
8010.07006255116 1225162.4993847327 2539.670622838269 
8232.83035631998 559.5670875359094 0 
8072.0975245375075 1613.1096578700879 0 
8010.032712324057 2566410.9637134853 3808.930842533576 
8218.415562565437 577.2434933541354 0 
8010.000892526725 913657.1151977901 4812.805082924369 
8039.661578056538 4105.28519539208 13.155479316483301 
8124.558052726296 922.2371445073586 0 
8031.457937872676 5549.992380294759 20.891620299932733 
8077.395371972772 1480.1200019474845 0 
8010.019013058092 5801308.258975638 4143.012623618152 
8147.934956198785 789.4683574429254 0 
8049.306872955268 4731.245142579522 12.908411906102044 
8100.065830562606 1160.153475679979 0 
8197.541856298518 621.3785389283921 0 
8019.283058474634 18744.743474416628 68.58475326948819 
8010.03855117284 1989697.0889776174 3602.0726634837056 
8010.0646398191875 1412046.7645709394 2779.8390808199756 
8064.46537913409 1811.5249868483957 0 
8025.19170420469 6929.985446292596 32.83091749179706 
8014.338844302738 58740.87283674211 197.90987576078723 
8009.978534262034 943356.9583298503 6816.518996186023 
8010.095603119295 7529739.047014263 2152.8101841674675 
8010.047871810844 9813997.83136326 3244.62511490832 
8156.234261106572 750.2920752633643 0 
8010.158822829946 678020.7085416025 1714.898986842886 
8238.75093350638 549.3249770830499 0 
8010.392610301054 503981.2983665522 1301.7753527414334 
8162.051448048553 735.7589217330019 0 
8192.783805721738 629.4039314093914 0 
8213.080662873528 591.3295470817974 0 
8010.4849117955 418517.5521975023 958.3752335773976 
8178.766365716911 671.6623173651566 0 
8090.546905265027 1245.6537330704637 0 
8204.473964709887 609.9203749039629 0 
8010.211155619054 1891836.6308103171 1543.1805596827671 
8056.784693944181 2060.663849608425 0 
8171.272142172832 694.5945043857727 0 
8096.452446281141 1218.665140744842 0 
8010.67340532708 386724.3377037121 835.3408440993746 
8166.823764802248 721.8778292612359 0 
8011.090821851565 151190.87407532998 670.6221230313964 
8010.121786791332 709970.5726512908 1966.8662568204782 
8010.05165671743 1666455.420156659 3030.8021919608423 
8121.561292974687 945.4533055727485 0 
8207.88854791261 598.0037811370967 0 
8084.164996279762 1358.4893506875942 0 
8036.954858049104 7072.893145326213 20.3496561049961 
8012.509726629909 180580.76566035397 466.6800222431119 
8010.883792458109 300409.803394843 1157.7330078913928 
8151.171634508448 776.8724933836902 0 
8010.009820915752 2300091.829237352 4324.6298009943175 
8010.002881550305 2205154.878762474 4506.856478098858 
8186.9841673342235 649.8861431516879 0 
8051.03841494619 2703.4400580298307 0 
8010.083748397284 1132861.9250782516 2366.7429509858293 
8012.021957758928 298062.0767949123 581.7079961847962 
8060.820961811891 1865.1393196080696 0 
8012.328645918355 2168276.075053411 364.8711939400038 
8176.516257453885 684.9248115040693 0 
8010.039355360199 1891903.4270794876 3448.8341055415403 
8009.991480634524 1131731.317174727 5230.997275203719 
8013.8227476767515 51151.90939389949 246.00210962704756 
8021.305380387542 14269.998817041822 55.32122405024107 
8243.626406646432 545.0655230092283 0 
8260.336377990765 521.9062014317533 0 
8010.005785593381 746670.2094740666 4396.430250151444 
8264.322152563793 520.6639285977845 0 
8086.001934776972 1311.2816248187196 0 
8010.021220307584 663712.0769175054 3998.540431950959 
8010.083638011984 6601469.451444266 2281.3088868749633 
8010.001625326583 1545245.5150627838 4653.5884010509735 
8009.991050910333 1565647.9149483612 5235.661851969858 
8010.101939173056 859894.9214517396 2001.949525970405 
8010.059947724027 2040913.3011887586 2893.7874808876973 
8186.992427176025 649.9161927257533 0 
8010.175014692844 843151.7818351936 1624.3425300580316 
8010.044218926447 1889795.7969656968 3368.3177950114887 
8010.30594873078 615661.9562520263 1211.2681967947199 
