8081.844845089652 1644.8899635639784 0 
8009.9820679676795 39129676.14365801 6467.003375347339 
8009.975677379228 5864755.191923321 12077.956071940593 
8009.975687835857 14194136.642105198 11952.583871408828 
8009.990649168627 7740783.903451214 5168.179293863655 
8009.976181216027 889458.4702848685 10250.799934823077 
8009.97711939927 12312844.22284936 8527.013570262758 
8009.977934551574 2297623.9493642477 7935.83083096173 
8009.97611454572 53617884.104572326 11659.636408591217 
8009.992828859275 869371.910527593 9438.924009396484 
8009.976540021842 2159471.9854328036 8916.520204012968 
8074.920296419575 1785.6452980097602 0 
8042.402628410138 7944.118970743889 13.24271192030959 
8072.099989112493 1841.7859093474997 0 
8009.976557302499 5800738.767265083 8641.715414389073 
8018.904725053348 24472.692876011875 108.44598951327704 
8069.990409062306 2067.3290475684043 0 
8015.551755791432 43022.831934017806 252.5149513953183 
8012.690069651084 124677.53210945729 286.539186524032 
8063.59172292873 2190.4834115606063 0 
8048.751391749126 4716.042650869522 6.803505401034742 
8016.636851027689 72167.74509103125 215.0773149951158 
8066.295231878759 2152.900253686714 0 
8035.482145025357 7393.529553469863 21.538658165394725 
8046.9949998591765 3791.985842791027 9.140392486077719 
8038.624759971583 5380.171812633883 16.93746941280741 
8026.318429823378 10014.114221949565 44.567109713716874 
8010.215388362171 1332755.519896376 1793.1034546646795 
8067.549821164517 2071.3413141729025 0 
8078.739538568886 1692.753189408687 0 
8028.390942415187 6768.339534268547 36.60460667998524 
8051.169917045475 3638.1754636311093 10.457376857258662 
8009.987248570053 1906506.7317955438 5772.249829161507 
8010.000254930702 1067640.1066606902 4279.0600095682075 
8010.843811993787 3321984.085688654 752.4019868043329 
8009.977893621406 2242004.528430479 7763.030345430137 
8032.982969621815 6094.223219319074 25.86273142907192 
8009.982619705303 5522744.825401419 6518.300694217887 
8009.979262660325 2037717.2076938176 7318.277471099655 
8010.408740867119 2952392.591962068 952.2339374027865 
8055.112195994771 3302.807368789633 6.76781927774605 
8044.844260436659 4053.2438797964937 13.421869657647642 
8010.068194169544 1155858.118234676 2542.7829387643146 
8038.5380684442125 5041.799182369038 26.453460167049922 
8010.064010799053 1839625.688586079 2797.7143282638617 
8009.988020084113 1685702.9349108872 6167.335029474818 
8081.142132332582 1661.290479174583 0 
8009.996819377679 1677568.0639516946 4701.56789363727 
8009.975704893319 1290592.8403601677 11577.925080050742 
8010.215689163568 498470.6420009024 1351.0830391220754 
8011.407864527711 754969.8186956968 568.0855245184074 
8009.996510193597 1442224.758460157 4795.169842680556 
8009.978742269143 1827611.9819677495 7614.803203819716 
8021.245898549634 34688.2901469373 88.24866562355453 
8029.867207040265 22729.508113542553 28.54361170203885 
8053.347746318045 3318.2447654997436 10.004790455916865 
8010.012088621733 784458.1188261901 8418.509151356642 
8062.08622398853 2302.855087398682 1.0020370247114725 
8009.980738284726 1384152.7868392388 6920.03011452451 
8009.984322726012 1282084.4334327502 9295.800854174506 
8060.810294585433 2396.6529308988447 0 
8022.87011426679 20233.700203409353 62.782015998904875 
8058.2646647004 2755.1899545811593 1.0002403991314968 
8077.406400967188 1767.80650668245 0 
8024.686137046195 9069.93585065883 48.81064909148111 
8010.037147839719 829254.9559058886 3948.593335145643 
8059.342291852458 2600.9695031924525 0 
8034.640806564958 5331.103430418928 24.80561588264321 
8020.287766614614 2015196.6627606323 96.69860281039786 
8010.035315641098 1860675.3735844563 3734.1531141018418 
8009.980770372466 1426729.2915669424 7133.0686383666525 
8043.854602212266 5821.577218882037 13.301362391962003 
8010.002007353178 857869.7758086983 5951.481376578462 
8009.981064099916 1307629.3730403385 6720.854341551023 
8009.989188038513 1400085.650601605 5427.98580018989 
8009.976686105802 3791762.8587427135 8790.359085918099 
8010.078042167554 1028470.0402809951 2331.658150399227 
8009.993887824186 1052827.749744422 5159.535561363133 
8009.985925001418 4168971.3461642745 6522.106697294437 
8010.342067991839 1034912.8372811452 1098.3873122681216 
8010.053428633979 1636219.5495262004 3058.0087321891365 
8052.276238724341 3496.6572455152464 8.119592269169637 
8010.956612611889 258301.4684421652 816.5654693406557 
8010.00636582388 1004216.4050952947 4132.401014593286 
8009.97694559223 2603136.237560206 8726.194211236314 
8010.096362206746 1857135.8901035043 2198.3716988079836 
8011.756510623585 56101.70186522615 2004.1359022091442 
8023.814582362294 9922.002426230923 54.12534659936396 
8010.0386574121985 411003.3496028116 3543.7531625651804 
8010.057043615781 1057048.3591895523 3321.576723069782 
8031.343291946951 5735.31896873479 26.12635988969449 
8056.691062615098 3131.3266525598187 3.565642795466844 
8010.5830985762 398475.769513811 1267.4350057252234 
8011.622178449558 97618.91957216989 398.0030782676214 
8009.989394592156 1607926.597999299 5383.925296548236 
8012.133886556536 86315.68888701845 352.9592917108306 
8010.048975945166 1675372.8683410757 3150.7531059377434 
8009.977222927294 6108339.55135665 8406.522952550153 
8010.113367929158 935297.3058806622 1941.694652850969 
8056.519268134616 10000.303178742428 6.145744169009893 
