8726.679393592576 5754.755842515816 17.32505552874014 
8018.680735342795 245441.38273309413 611.7197094774604 
8055.449678590327 255341.20324722608 60.69212504300465 
8623.512015499371 6713.99130033528 5.586880492543942 
8010.689956426437 550367.5808548707 959.8470420366232 
8019.638507784489 241325.7072454644 583.6722974371215 
8010.651537150776 2008937.3492596662 988.9933796159274 
8026.096311975689 394492.32568024716 444.3751032824562 
8049.281806364582 32781.35524629406 194.3813918706672 
8010.714352651887 166569.19058168336 628.1093418591339 
8189.900373956849 33153.053978817195 31.37291367182088 
8027.112646884495 166802.36342381433 382.35395875079246 
8084.359080051212 461643.6202585075 52.286620716846926 
8227.137033291398 12173.436624190617 18.250462263131663 
8068.626225873104 152451.10318530546 75.69605891334086 
8108.112430525604 34795.45340059789 26.454097951589848 
8033.687622141172 89385.8741253191 410.630036235005 
8342.828906866516 8206.504546832459 4.761864189632906 
8043.6386550129055 56954.52831600859 310.0371894034978 
8010.579207474864 2550419.749621732 1806.7700634305913 
8940.108711050805 4210.216375749808 20.260990581873656 
8285.546367167479 20802.532966901654 17.686783047367754 
8010.632954361009 2777007.4718117937 637.9234586721893 
8010.609369217053 1203699.7134487326 1295.7709432812617 
8051.538014810027 22471.698649488793 127.09529057623958 
8191.986397068669 105495.8803990099 25.808226566866704 
8018.986838624474 13872531.910269512 589.5456286035904 
9086.355364465297 2881.7481940921243 14.435566629369507 
8185.178853264195 227986.92325911496 18.682861343955608 
8012.493444302934 276844.96404955763 610.8331576278201 
8010.606400504934 3460640.0297956057 768.8863319895648 
8062.650408585428 37898.013270507465 101.39472072348678 
8084.98355666606 135310.62868298253 38.361932890243935 
8021.072480954475 209149.75307433645 502.7831864540135 
8039.203003629355 328327.97317210626 357.47682531643966 
8067.232817600769 290372.61577735044 59.51487588506589 
8049.427517953609 17546638.293849673 236.0124607761919 
8050.309674227285 295154.0292476135 299.7622216265616 
8015.202934306642 194591.48936650658 641.4524987387995 
8011.933425384452 998532.5013716941 911.3338673955802 
8013.64482174403 232608.42903460225 647.0360869621144 
8012.420058086254 227125.65315935737 730.8652650215171 
8010.733812324081 460007.8497404364 981.3389868212065 
8012.302542903297 232124.360662789 775.9138003819193 
8010.913492943939 1166475.3176904765 962.4262065726937 
8037.717754176881 1582391.5372038241 384.933101078919 
8030.541480192481 182674.05935385847 626.3643504678498 
8175.268803650866 101447.15243923961 28.717742756192656 
8185.068098474241 70213.21454093853 30.75730435075399 
8035.763566611144 9867621.216572199 475.66754667050685 
8036.230460980928 97746.14647760229 425.7441647701598 
8363.386257573886 122586.63454764368 9.279344941970292 
8635.88787488391 36975.867129489314 7.541598466633904 
8620.862366600808 13206.017125907405 43.87437059319015 
8048.0398802009695 2641844.3441768177 311.23754056764625 
8320.053181528016 21831.39685762101 26.115531765027768 
8010.877175631752 4732877.826600641 658.4614983242225 
8010.700760762884 1847130.3626780803 1405.0678965777672 
8053.103594839947 417094.4344607488 129.0279897370341 
8056.084649585526 24032.634708135716 132.53874622762714 
8055.628591505032 97620.87182373843 132.3680983965899 
8052.642194928634 130525.30848335178 168.24853599452968 
8052.593776730455 7088764.537631311 237.93114638320878 
8054.990124018672 84423.39625222268 403.95638206333535 
8246.629471599126 334078.58086474956 24.36720994414459 
8012.5244232345185 349820.17985235644 614.5299055540747 
8017.447026644197 314096.7292923218 628.0988425663825 
8098.988993989896 366479.059657716 80.18226151157128 
8138.614172139021 243521.0919642369 95.66248570564048 
8027.239364131289 232379.479321549 567.5277078443074 
8030.985888156313 220832.11802414118 586.7505229692686 
8025.282464702306 278706.28563381877 521.5350649179056 
8034.564218473339 237335.3359562801 554.4638246076559 
8041.969717573879 385667.84723766847 403.42935041051476 
10162.32352328937 42956.50756753866 21.69153263807359 
8885.91599997006 210205.9804187668 12.919706169475093 
8010.702765490878 185744610.04692468 1564.020927250228 
8091.470504504494 24328.05290530715 133.37317660130907 
8012.255154490507 18809289.26444046 860.4489637201298 
9406.630616494458 32487.758957347385 37.979911455149214 
8010.763030548459 1930961.3726646614 1208.9020232998046 
9181.091738899477 75227.83229100207 83.8518157825909 
8463.810219178416 608118.8701541233 24.115643140854907 
8012.345400216982 557633.7245819055 1063.1442918702164 
8063.726688546982 60167.43760799666 157.17642378015665 
8063.327891293691 137128.72738354106 366.43140062287046 
8037.749535852247 5052852.499089919 427.5132691214636 
8328.84488185315 80086.05517419425 27.199997016668647 
8010.993337834011 670815.5655297595 1113.9831549079117 
8012.433130390727 351505.2033247649 758.7923216244045 
8227.600540518099 77742.56834577912 118.63687402104917 
8151.646367895633 655110.942289111 87.92413187916142 
8423.049546817481 51048.39270987435 129.1367048968685 
8027.6146138795475 339187.93280347926 529.9306920410953 
8044.325618649083 309277.07890266046 628.8901761165367 
8045.003304924947 343583.4225045045 481.58330128666637 
8014.922272987953 248279.8112519248 734.1008420581526 
8059.2155253601195 82909.14151663418 391.9806822127879 
8057.544984432491 12301812.868769934 627.0994869755081 
8427.572431610328 31356.883805755788 108.79958222706392 
