8234.255703978264 585.0791576804277 0 
8009.976040495627 132859892.73223369 9113.134244488883 
8009.975602620291 6385891.667350936 13744.696114663388 
8009.988991157232 62609738.01039446 5862.026924110333 
8010.024154290323 32136076.82497229 4490.18276957373 
8009.97567974767 1760465.6081810237 11113.096845127524 
8010.027720720182 9954631.412419263 4243.211907683259 
8009.978929525962 1503738.9964343742 6996.896084496371 
8009.976111058655 1156822.5150390565 8933.85733038583 
8009.976757463412 951932.5195882869 9296.07114000082 
8010.002660764743 1144004.7536136117 5016.064920706189 
8009.980791073209 1461947.526370462 6527.746708961317 
8225.738175301534 596.5423198302632 0 
8010.033152403414 4130837.431417059 3904.8358911298556 
8010.26689775507 526722.2104031644 1425.182470528299 
8151.056952056885 776.7387800426243 0 
8213.234962793855 611.8410678961735 0 
8157.351791340965 754.3224323177564 0 
8010.128962284498 562744.8141253608 6025.131734071729 
8010.751482337271 285993.17360862845 1013.9932063066447 
8064.633131754574 1875.1091593642766 0 
8173.7777382734275 698.9664184288721 0 
8181.880048762013 672.6044577575988 0 
8060.104643186092 1914.8066162156954 0 
8095.391522978971 1220.2893048563376 0 
8142.621853046218 819.0195493708908 0 
8147.1044962870565 804.425005095057 0 
8079.513556352056 1442.3334728910374 0 
8010.047309739124 2146136.2652422385 3238.443169166723 
8091.091370256889 1247.3138819410744 0 
8028.559346025629 6781.5858869085105 25.84739026230292 
8178.167209550036 697.0569179994399 0 
8203.126322914932 627.772677303338 0 
8011.417077510632 325914.24959353375 792.0346079775661 
8055.919732159003 2274.336319897167 0 
8192.21338018536 644.1994863896904 0 
8069.335213422315 1696.8038898972004 0 
8010.226350784376 1055018.6401972724 1702.8948726685453 
8099.668554591632 1165.5283012094442 0 
8196.463990359907 641.0129005213173 0 
8049.438984004867 3413.537748913977 1.026144064487429 
8121.567571285195 953.7703948834343 0 
8169.001474057853 711.0250564435103 0 
8011.698947587823 168357.83113580506 400.0939962577511 
8220.25409210656 610.376353073532 0 
8113.796019166688 1028.0275393396314 0 
8207.71521381654 623.5219532887884 0 
8073.892824559834 1542.5071388135289 0 
8010.117189303924 968496.0926189587 2254.21794901251 
8019.454499818245 16029.9915699772 71.48496044481965 
8044.745286016407 3166.307215351806 4.957798814535467 
8138.52832206403 843.5528353447157 0 
8186.882861890717 665.3456239426221 0 
8199.790550955271 636.9212493066195 0 
8132.79745178313 873.134343344462 0 
8052.233306953578 2382.504312934581 0 
8129.168706444634 883.8376588769455 0 
8038.9602983239 3692.9992691995762 5.749150432905624 
8087.2118195310995 1296.0101572643393 0 
8160.88483129063 735.4451896552257 0 
8023.535790493079 8865.463385426812 43.095068597790515 
8110.4103959115955 1041.7348684321478 0 
8016.114385336969 81196.47732766558 166.63041348666715 
8010.055677976208 1823951.5977113931 3449.9943939960804 
8042.55956668026 3610.966981280436 11.306993040283437 
8010.197319116183 3418186.667911756 1879.1146172357508 
8036.348686433703 4269.601573022268 11.241703549568108 
8103.091812619616 1112.801435623539 0 
8135.676122885847 862.9304187983656 0 
8163.556524505731 726.3405079603771 0 
8010.146240880651 319632.63272120134 4220.19104605626 
8013.113879373103 55509.4945757903 255.8374805473099 
8210.27690326592 615.7177857843258 0 
8220.431216650484 607.8520593543612 0 
8166.532262737874 720.5858232429246 0 
8010.0355820625355 2443606.5306535363 3595.5166340880037 
8082.273247676032 1363.1698579304245 0 
8010.039335515178 2093854.9016862465 3776.7187280497856 
8188.684742664673 660.530594310833 0 
8009.996524818613 1278803.777045412 4786.570008616012 
8010.05651396305 1685232.2027551131 2964.1106081556154 
8033.274561886295 5976.484365109205 19.349006825526963 
8010.124916035304 884915.8939555184 2056.3180347632933 
8107.718657690311 1066.4674676008392 0 
8017.328165938435 34715.50818374014 144.89138262081337 
8084.866007536601 1349.0124699520154 0 
8031.3417982033025 6104.5553995265245 22.44474059218787 
8125.8012968152325 918.4906280106297 0 
8117.599272296493 975.1676904306837 0 
8010.055097197874 1953312.7157145753 3047.5886067740144 
8105.431682619239 1103.78729210131 0 
8010.105387217634 1196877.149469456 2479.738418047116 
8022.746583711528 16077.86016908257 46.533921493416344 
8072.3895297669715 1560.1179293141704 0 
8010.060757228806 1769045.6017523657 2763.8918416199003 
8118.519435866339 971.3415199813579 0 
8010.061224471443 1186516.4671650457 2707.4491349495684 
8010.068899172896 1113806.9912208563 2524.7462469635416 
8010.039951244827 1271646.986138215 4681.726929186616 
8010.932356404774 225738.93081504587 904.7018130206591 
