8235.970850363701 579.3384738576052 0 
8009.97555397185 70791077.6573288 24821.926086828378 
8009.977255997091 25495218.808513716 9389.773660319566 
8009.975577209484 5184426.958782176 13213.760805401225 
8009.980929426392 9053193.7752259 6652.014698647384 
8009.977949633128 1059874.8193337522 9952.439659467502 
8009.987673544966 6417849.304577356 5961.349318552053 
8219.368153858839 601.3576846705215 0 
8140.684956618621 819.1232386444716 0 
8009.979361015782 1902574.679902522 8013.526631628249 
8157.324006982856 758.2999925255426 0 
8022.686751749357 12995.783370938741 45.79928069300658 
8207.526611587973 607.2334273553685 0 
8011.279470480256 319272.29622819216 880.5053536520568 
8132.564457286047 873.0821256173094 0 
8036.349555631057 4871.182220955064 11.241899214049411 
8060.074892820913 1911.952966364228 0 
8010.040943592405 3573301.483242292 3142.892137823895 
8010.004712280163 3027154.446111976 4946.860045606289 
8053.577249638505 2345.686757089625 0 
8017.32956135816 34728.78600576139 144.945276680851 
8163.548897046481 726.3739162993869 0 
8225.728337755805 596.4942554722561 0 
8010.020187298741 2110740.4429581347 4180.208071079244 
8095.313053051821 1209.1271125743376 0 
8192.219562391372 644.0797308583677 0 
8009.979765067206 1247470.89752066 7357.013519248445 
8010.060963928306 1188041.1675648608 2709.0326528238784 
8077.93635695794 1498.8941612625904 0 
8146.632326283672 799.1633186808035 0 
8009.975951515656 4190162.5641969177 9832.732328977403 
8151.018056780827 776.0861281947729 0 
8091.086684794228 1246.2229675419412 0 
8082.285601507928 1363.440298259192 0 
8121.571678838214 953.7359031347027 0 
8173.768473444108 698.842231485645 0 
8029.367749651602 6394.918401931015 22.565736934682214 
8231.65713759428 588.8337816446191 0 
8196.437119999317 641.2111510601025 0 
8125.558540069829 907.3578610356428 0 
8183.081379735015 669.4853502134073 0 
8203.16432085472 627.685322279313 0 
8099.673540204836 1168.0955273218303 0 
8039.610831410296 3476.7970486288536 6.545979130605197 
8043.729423266368 3200.2136065712434 4.956049724028679 
8073.8848392367545 1542.682593723751 0 
8168.957325971955 711.2839706474263 0 
8046.912394334979 3093.9653323912385 4.997511892066697 
8129.1643338751255 883.9446481535499 0 
8028.559020318477 6910.419541789725 25.849556525535338 
8009.992322075912 1559563.5672873901 5323.24996869706 
8115.069652901595 987.9645132538508 0 
8199.830283392828 636.9048059391315 0 
8050.788529433 2824.441769981226 0 
8009.984149087255 823579.3363854315 6598.496357516722 
8117.599071510133 974.672951231535 0 
8010.105936071766 885682.599310317 2226.9771469086986 
8063.811904288272 1833.6441676683044 0 
8009.97598229824 2654744.7798163937 9733.459522650679 
8015.374928758414 82685.49907887116 235.58840644945843 
8179.376626514844 684.3329044737687 0 
8010.209634042572 838268.1589033606 1769.4191677982772 
8228.131062138493 591.7970106557977 0 
8011.624667507636 251000.46824430153 762.4627257665023 
8011.69946576421 169660.18288940372 399.72671691117125 
8102.770650361683 1114.7889338885573 0 
8176.905410327477 688.5579384936576 0 
8066.493898342865 1736.6747089675312 0 
8012.806073033034 95712.27364154709 306.2297602729599 
8166.558678278399 720.4320083589404 0 
8107.838411006426 1094.1197733158244 0 
8187.866880634316 662.9079757304845 0 
8010.037580434153 2274694.9603710826 3367.258187287447 
8087.22310584144 1296.9733964506645 0 
8105.441241390561 1103.7204679216284 0 
8010.134158648769 733915.3142619084 2071.279564066246 
8086.009274056782 1341.9142353143354 0 
8010.2386326580345 623539.0208399125 1461.9155157793516 
8010.035018751856 1815791.797823961 3621.802379324772 
8186.883592864538 665.2410769871119 0 
8070.616560325988 1642.033595752449 0 
8009.988914672778 1600355.5082236067 5613.010314192528 
8207.334855279907 625.2209788501042 0 
8110.801067833205 1021.2907012791776 0 
8069.358194415233 1704.9787911141882 0 
8009.994722746246 1028147.3642546847 5712.088141502973 
8010.258358513918 600992.4220161767 1285.1960755756884 
8009.978757589261 3102810.5330674266 7867.3648733621385 
8010.372106729317 419706.21385900275 1133.7590230025553 
8009.979398667275 1757151.3531383341 7542.212928345565 
8010.03332371193 2436620.9792021504 3865.8115448411268 
8010.426400204696 376683.7956975547 982.8776876368373 
8010.029182596694 1363334.4804211159 4985.175441620456 
8009.980490181573 1176076.8684437326 7669.756405069291 
8110.795313170077 1023.971223130457 0 
8010.0208556400885 2422751.807272669 3925.0235990955516 
8149.054573998376 793.1929200302222 0 
8010.013700155186 2291710.314905226 4117.154744417898 
8149.19029880374 782.7413378684877 0 
8009.978792569189 1662220.369431845 9935.379510928591 
