8438.637148372245 1847.8822366693612 23.59949502783745 
8123.30181799875 2115.6850033671203 0 
8010.011789576873 9403257.365015827 8295.063959514917 
8010.008373203821 9595797.274367014 7521.31598061096 
8010.017767161912 9200964.731064249 5184.20380522981 
8010.02111592551 5365140.753334236 5182.7401730927295 
8010.021619436992 3369651.9663038542 6920.440640844997 
8010.028035238747 4895216.399198485 4692.987560659031 
8010.017403525036 4361939.924085505 7136.162951704888 
8010.022084762793 3462764.716447807 4832.148091525903 
8010.032017901767 27254480.0170362 4026.4669450926153 
8079.245136436539 2363.5313449393693 0 
8010.048075992474 4096965.4929596544 3283.635526796467 
8010.05003442233 1731182.9114900695 3174.866946347815 
8010.047021407513 2693669.5469724946 3312.4160216395107 
8010.036479034968 2456253.8036840283 3661.2511575864933 
8010.233534963788 5132382.261644795 1215.377497813689 
8010.015296014165 3454567.412453249 7307.540542612753 
8010.097575747508 1439634.0075562277 2097.4825678276065 
8010.041007249401 2300079.4855145253 3408.4324938635764 
8010.096944775568 2044550.9510677166 2073.408420015539 
8010.053846890092 1276713.7351503968 2953.002487967575 
8072.17610543284 5072.212080972592 0 
8010.065101849977 1250221.4636717394 2852.206370657615 
8010.032671454188 2160369.985012255 3789.7043950554344 
8010.071050354591 1087323.0218966042 2657.8816275693143 
8062.974975789055 6083.880405035235 5.445266341367475 
8018.721227094706 25244.74958500868 172.39640640059818 
8010.039571499118 315066119.7684526 10784.62140586611 
8010.065733656475 1114783.0612799036 2578.697648979464 
8043.217978856373 5908.46788964077 43.392117531890285 
8010.311296351136 400877.38476692303 1144.779347910674 
8022.235367448161 11697.47569570799 75.2149379261482 
8010.0729654411425 2286643.744025087 2478.682014374437 
8010.064096397739 1135791.6252619966 2614.9119289430882 
8037.14039989372 6117.478397890065 27.005807904313038 
8010.18471459813 533893.4408770635 1409.5631674649853 
8010.074498107568 1184168.9969572262 2456.636000841035 
8050.2964772864425 4307.53104195375 17.197972604893007 
8010.062431311192 1610278.4541329977 2907.3672345070813 
8056.68534725741 3859.8065605769425 15.579854597728971 
8010.170941424985 791470.9234887536 1480.9534597993452 
8010.919162051172 114564.46951060607 456.12707543341855 
8010.272878546954 411368.96652349655 1071.094175476248 
8010.121676333576 880427.5701774372 1788.2893805740332 
8010.078299805223 1033934.926673347 2358.9534195020688 
8016.393489956058 59289.075183015026 229.42063504741498 
8060.278713434716 3693.528911067125 21.34062793434753 
8010.597575290428 172471.01846327758 636.6506905341746 
8010.074503176341 1120494.6585130857 2443.1595983369994 
8053.659045620645 4170.908363629836 24.633831361002283 
8011.56441497314 157618.2977833284 404.2018391826236 
8010.3025609421875 464103.88402128796 1001.9401827335817 
8010.161530512916 557896.3586766699 1529.2340629108705 
8010.385894274059 284990.93309594813 834.828017891328 
8010.819711890392 134510.82188825752 500.85375456860055 
8024.448429280983 10153.742298659981 65.20841605832292 
8010.5039970440375 208102.42182708182 682.196299159175 
8013.230475094742 83108.7500052878 280.6212495379634 
8017.718203409052 38996.10091590082 253.1684741176343 
8010.032788207584 2044898.1511173667 3779.393704087787 
8010.106678689305 919798.5279420705 2020.08420708706 
8010.044677215283 2157616.166403895 3342.4273369295975 
8010.07552884697 1085695.423577898 2493.81592867309 
8010.719996468237 450481.8088313006 545.0901230598499 
8010.192379989903 506670.4949159011 1375.8936842690923 
8010.28462357518 633796.9746709281 1044.908138190171 
8012.37704884758 144861.76976691172 301.8083295137055 
8010.133747288973 707714.2589241719 1708.451587010386 
8010.107795728333 822928.0760399564 1959.4708174445514 
8010.637582185291 161752.72764614454 584.9783030811584 
8010.20777038778 697481.8566451138 1336.9987805096766 
8010.362154998123 323485.10951784195 888.5282304741417 
8015.402818488412 60009.5889631694 239.03051004448315 
8010.105516103913 1317764.1865503278 1990.6770941272428 
8021.4734270317 115791.74836353862 73.86185582662299 
8010.139644513214 677147.637042087 1670.4061137313067 
8035.827897345936 6488.083171708064 35.393166323246106 
8010.114214050153 787314.2352875043 1895.6431057936422 
8011.663891228225 89027.66715490592 361.228087041136 
8011.67240604332 78722.61239675598 340.29319346213913 
8046.661541827649 4587.722007981927 25.358862379452127 
8027.38970101839 9149.087935143018 59.00665354642528 
8010.115153202403 987385.6929062833 1841.6479142016517 
8010.343564937403 354559.0397185893 933.9874108087151 
8010.126935410098 707245.2724295169 1742.455423203506 
8010.109524675148 749678.7922151124 1941.8741632727501 
8010.086433582626 950747.2920304141 2192.6056391201446 
8010.150001202501 573925.8946997693 1641.5839834533924 
8010.375103019042 7394456.512984766 943.1791208776633 
8010.530829013391 196509.2077916574 754.8820947803744 
8028.2807524171585 7274.33456055454 48.904492478460796 
8010.258732101723 995484.8560515635 1282.3835040553818 
8010.08086753759 1254014.6945390904 2327.6060500936587 
8010.142961159225 654529.431111151 1628.6439682791404 
8010.0907399796415 922160.6805724858 2150.3940067836065 
8032.874855084397 6253.596816473538 37.09587663685221 
8010.472334450006 255577.46754382728 721.1935647009178 
8010.1467872094745 664904.8337273952 1587.978163603788 
8010.3096755261995 2623407.184901212 989.9572147799543 
