8078.311786141505 1797.1113277765924 0 
8010.2551032664705 73178025.81353831 1345.3069168424993 
8009.976352299636 1262314.7742705974 12039.047281648143 
8010.03404809286 1799856.1261019062 3734.1121561350265 
8069.704708056624 2122.235113166974 0 
8056.82961197692 3232.9759849201664 5.092090696613478 
8063.895612260174 4940.889768197895 3.5631325724464036 
8009.976501510213 1698773.5931396731 10829.814946152328 
8009.976716293433 1225738.1733459665 11798.965545271867 
8013.206273659226 91255.19297139412 285.4596410912947 
8009.977560725885 2484988.518440237 8996.206793568566 
8066.606076407223 2999.0784411842033 0 
8016.484832112666 33611.04556964569 190.99179360170862 
8034.0672511019575 7476.402219903903 44.238883109874706 
8009.994820082592 953667.0594082692 4847.864916048593 
8009.9767760832165 2278761.134066932 10578.787633517835 
8037.451385704882 6742.8454204911695 38.59585435797378 
8009.979033267057 2044431.2138839052 8526.014963287758 
8009.988256156368 1060766.5536856535 10073.064557094542 
8029.797699362101 13658.955847601253 34.37054890716018 
8010.049177518605 681065.6962607068 6472.7636562114385 
8023.083350313019 13418.042820313782 65.88733271407484 
8048.851176162854 4543.91368545194 21.68626498321722 
8052.370998825867 4850.2104100040215 12.51535394851936 
8009.986400120421 1696682.7139243959 6007.5995988766845 
8010.619435152912 242137.55401389836 789.8616117053003 
8009.976764287323 2369924.2434576456 9416.4816494493 
8018.4162510486785 37530.41701945343 167.72795097928147 
8009.992660695928 1291553.7535112288 5361.120533694741 
8025.995927159875 9829.462131961429 64.5133476259288 
8046.3790496773 5076.676561704181 21.64476811398953 
8032.5753103340485 9278.140043581514 39.80201160454811 
8019.966628917991 96653.77321568139 95.34185024122526 
8025.1372630972 9880.524798205019 63.231742706374504 
8009.984184885203 1201156.7141936896 6950.290958413846 
8010.011696950332 724524.9562312318 4583.037967923888 
8043.125552759506 13514.168455433786 20.08510300574571 
8028.169397708477 10380.437178974453 62.62470551830465 
8009.9857040780835 1379901.827257615 6660.875580703869 
8064.909978183564 2436.075246859286 2.0740850866919915 
8009.979707374082 1927790.304512675 8288.609046174588 
8039.7530411090365 4830.723553974215 24.936898854670336 
8010.028093895796 2537817.9581608213 4161.588288518936 
8054.7554852711855 3663.6024190477538 12.022604838269197 
8010.071976494519 5911765.844945552 2620.8710034279607 
8009.980852640438 1802428.2662921674 7444.619277123648 
8021.558999531802 12509.028076702376 78.65622596479534 
8038.259304287469 7018.393989700039 29.689436564900966 
8010.166687965665 1174335.712396385 1608.1108257626543 
8009.9836211878555 1998075.0568923242 7157.792113990516 
8010.30534656393 352485.28423338087 973.5046816674242 
8010.940004112947 300573.4839763806 537.1149845193061 
8041.294172335705 5052.8876448898045 23.957089149742497 
8010.288983850263 467959.8560293494 1129.7765129588925 
8009.980301645923 2014889.541529709 7763.976534843557 
8010.141005486871 2205134.8627463286 1767.1585163161835 
8010.078988226059 1149067.774637256 2323.623449921817 
8009.99276996447 1235970.118174118 5525.608247244076 
8012.212931775699 208601.636456563 412.28522588769926 
8010.066285795361 746269.0395549048 4355.519857410433 
8017.386547652327 30234.085022969237 182.2080431200343 
8054.916306969988 3579.5911421271812 12.054678142357915 
8051.439781281373 10628.474513662328 14.536521221143543 
8011.821904942301 387035.758416918 357.24378523819155 
8010.034117497762 2053532.8884223788 3754.0758658172153 
8010.049270704784 1603255.424606515 3080.207405769726 
8010.0398730777415 4495812.236090242 3449.56405862091 
8010.112504072435 1040460.6022920605 1961.7174251195754 
8010.0611542155 2217163.301400043 2747.534598078193 
8010.058907219629 1469564.5795198546 2863.006747421954 
8010.036733024024 1774815.393501927 3662.3399604152473 
8010.0436247276675 1624939.8284752949 3188.1768536685363 
8044.710887713817 4791.399615712638 21.78181625694487 
8020.808060598874 268042.5518947018 90.25517254052426 
8028.730648592842 7685.682925470271 49.13672751792806 
8009.981752528258 1491879.970964363 7320.901120055362 
8045.883159734857 4577.19114199048 24.227656773325123 
8010.987234937411 329502.1405137208 461.24553313482414 
8044.129510700273 7366.524406089729 17.43100029106463 
8010.053015727515 810738.6018644003 3975.5689758245258 
8010.033803730297 4494267.3042750405 3898.846303270056 
8009.97688720529 2209777.554876627 9664.71815442767 
8040.854845856371 6948.6469042904 23.920602361097533 
8009.9791605532955 2202780.3484171447 8080.45970487978 
8009.979382331375 2169888.812218406 8018.02123856642 
8009.976447240409 14527187.781325553 9923.123408526884 
8032.751347096727 8075.2718749450105 40.14736868416093 
8049.969734389763 15437.089660554942 16.985583198573966 
8050.3105710711825 10498.974786452342 14.99727140806247 
8009.981408313224 10988262.50221748 7887.330772243119 
8009.980667058766 1893454.5309407006 9550.539466153645 
8010.111274454986 451011.30884106207 5883.995403070616 
8010.202859691644 546957.5426088378 1391.8020319148625 
8010.001644743543 848485.4399009182 5758.345376232147 
8010.150611486681 870044.3215842089 2182.6782953384413 
8010.151558711825 820894.8127480362 2086.9246358968558 
8009.999855570919 933229.7945205736 9823.777481245075 
8010.041517629452 1734490.6006708264 3335.964573830677 
8009.9924270997035 1739605.8649987353 5392.270008784017 
8010.027966876651 2369178.924334962 4228.655791604595 
