8438.724912783591 1879.7702247393515 23.933838036762932 
8110.353785582489 2550.217765040113 1.0189311932667207 
8010.3562302482605 481657.30692287075 981.956087495091 
8010.604912734365 854329.5462487915 609.5775097417261 
8010.387499128586 567294.9474445867 847.0889948819757 
8083.3140303496475 444729.37861040444 10.297402142439552 
8010.383601203539 528869.9227955757 865.355754535968 
8010.402286303166 333684.1389546986 811.447867592831 
8028.130469142921 7906.726363793365 58.925268163379506 
8025.29598578025 47949.28061558405 127.26517502175125 
8016.55923047861 87586.5453172801 276.46683670647326 
8010.390925431566 534927.670349946 837.4304850064965 
8010.936673184391 299855.11042957107 463.84321727157555 
8020.8136715209275 43632.07619823358 231.973946176083 
8010.394420082159 281771.66272429994 859.4856350717806 
8017.477036494337 72196.60530132323 203.33313379383685 
8010.518351051478 200649.5711600357 665.6669491440653 
8011.234296044878 104940.86899934946 379.4639335977157 
8096.935453364359 6583.721276291517 1.7540541040510975 
8011.743921997676 88334.52046275717 360.0017423998216 
8011.986022855904 67203.45417775422 306.63004677884044 
8020.973670632605 153880.56434073046 179.12501271322978 
8010.545079510872 180749.21851337352 642.1813034844483 
8011.030531347244 94321.52579388939 436.28934781087844 
8010.414077393138 256698.85257148943 792.1472754368945 
8011.881668518742 78459.27590616372 331.43521241020744 
8011.804796590281 81834.91700084085 334.6407703916009 
8010.40325262495 265599.63334203453 806.3517560946823 
8010.407717326645 248890.43197810976 816.6501456216516 
8024.723617261776 29457.57568391315 134.15706833590903 
8010.728059973205 315802.87677496695 523.9195596012474 
8017.570615536389 53711.003571989546 215.55656089823023 
8010.4094740858845 324704.59433587606 801.7103390653233 
8010.459922140544 279435.579356932 736.6716724015424 
8021.274809651904 45137.143635777946 171.94977796285093 
8011.030255543163 101222.70825594489 452.428012488655 
8073.97975918156 17556.539686129287 13.428092260944927 
8011.136245089501 90410.00561508507 395.7673101227288 
8012.228988709188 66868.157225437 294.2563294108451 
8010.568719718643 176294.0493852973 631.057411852099 
8033.828848465271 56593.78272042971 41.31173666083606 
8055.133458290551 4353.173807935977 22.63741182609176 
8010.414185096937 245967.343610246 780.6208703121154 
8010.488733441386 232166.33852455605 697.7825833590439 
8011.131358270282 89738.75329196063 411.80292070894654 
8051.7332169170095 8447.255703735093 32.64145648522819 
8010.520378013699 188194.34893637753 682.8264938787936 
8072.098552812826 16401.39945546543 15.541238375705792 
8010.444278775407 223559.80526648797 738.5820797194476 
8063.6024326609095 6659.812095974454 18.60001252090543 
8017.49060038991 51520.74938515413 224.33423923110388 
8010.429399147633 235595.27086260842 759.4479392035222 
8046.035945846428 10594.01451752806 15.726579255743927 
8010.470421736976 222261.32493056692 714.7706017331783 
8010.438058679094 235198.5791461212 748.2619075875632 
8012.1402873088355 62545.066162457195 294.3197981302742 
8010.834989812912 117768.82386402435 509.38689390707526 
8010.500557922709 207190.51285276195 676.3261932823054 
8010.6050042004445 168544.4492490412 604.8726860552248 
8010.4757828838665 209592.43453539367 709.6576178144162 
8090.513335368186 4464.2543235054 2.3002544319847793 
8010.945052116172 113703.25926353624 442.5336196005825 
8010.422558590524 236731.54463907325 772.6830192401333 
8010.61009069993 161130.85586444064 585.8587645288083 
8010.826948339265 136896.09441448448 476.1498229888542 
8010.774453860732 126731.52157321644 496.4316751943778 
8040.5317494467945 5548.996631149463 35.88041232037155 
8010.763713609002 129929.5514649805 513.27197360093 
8024.094827923239 148815.21963763336 139.67396865360047 
8010.6074742474475 163710.28525973912 597.9409875340227 
8062.829729064227 3681.339508108489 32.80939237793023 
8084.920534125599 24752.56582991528 5.984465902343128 
8010.689799171831 141072.55166374837 548.0299401289145 
8044.312377569718 14644.671618852837 17.540678692461707 
8010.585623615349 186206.5848365163 617.5637701843143 
8010.817788082561 124315.4633623672 491.7817409899448 
8011.086957450176 92806.18670648524 407.1359970252471 
8027.644412344374 18796.235538642548 52.37880093681869 
8023.626935771365 126461.17602411509 152.11666026994874 
8010.571368764819 181975.23475702692 623.2816731803907 
8010.834167776435 120470.6893995818 482.24214818285026 
8010.725357280336 136259.5599580092 539.6871448301988 
8010.639153792596 162816.59695525028 569.4622882461136 
8088.256117889059 2968.616592755507 3.5788184793164115 
8035.468282405069 6979.8483841436455 39.26103595704393 
8010.491191275536 205936.94256708072 685.7443358837087 
8010.724117565241 145962.85622628167 527.1692156193312 
8010.717933893644 221163.50715954322 526.4964676760019 
8038.403154781462 15457.977623941502 33.19413334461598 
8010.705611601194 165395.89920960867 537.1100339229998 
8010.8836567359085 111958.27072271406 480.8032982765488 
8010.6502840306475 157919.96992139446 576.4220060475257 
8010.696728111152 201646.47013040108 546.9936926164521 
8010.670628902741 165121.3037385409 557.7555193995859 
8010.651115802209 158903.59641935484 561.7312112499978 
8023.242940801834 24289.317409943644 160.93203344096895 
8010.649207742506 149279.13485843106 579.9278958339468 
8010.735797645001 146899.76730410242 520.4717562995238 
8021.35321267429 26334.275697966063 163.52522835255195 
8010.482887961927 207803.5145338207 706.2140427851061 
