8078.31175068312 1796.258105864597 0 
8010.255168053016 73055111.46791533 1341.5922245036777 
8009.97636562994 1258370.7495013378 12028.314856497376 
8009.981034659533 16648849.262165062 7094.524834227436 
8009.986023957193 729909340.5336516 16216.44675528386 
8069.705704215641 2122.213397230494 0 
8056.82961197692 3232.9759849201664 5.092090696613478 
8063.8956176484435 4940.641486039215 3.5630263786705836 
8010.039885446908 4496044.560759954 3449.631551285482 
8009.976727947113 1271196.568996537 11850.340592390921 
8009.976530628426 1788528.7269282148 10834.471266782606 
8009.988145899666 11757518.609540822 10203.11259710065 
8038.141218475108 5264.738886167996 26.503718766804738 
8051.436764419475 10537.685200298914 14.522608064596543 
8034.066541686678 247038.83795884467 57.86860870867393 
8046.668019729921 4385.21783410381 16.93214576951739 
8066.6061228226445 2998.9873314317056 0 
8009.976523885085 1922681.9835025517 10685.348191908692 
8009.979036576666 2045066.11215516 8529.350832504839 
8013.206273659226 91255.19297139412 285.4596410912947 
8029.797699362101 13658.955847601253 34.37054890716018 
8009.9946685509785 2428145.035983662 5196.206322834612 
8009.9778238798435 2497907.795368526 9051.56612007161 
8015.144581880116 81239.29447805687 319.71675066608395 
8009.976512320073 1980597.4602062614 9612.558498363618 
8052.3676814537985 4852.0827121843695 12.516256687858139 
8032.575915228752 7925.663804258631 39.84038493279309 
8019.964460170802 77886.5203720258 95.43032686647565 
8016.484832112666 33611.04556964569 190.99179360170862 
8011.8219099611 89690.83539051237 348.5731919603009 
8009.988264885221 1190996.777991793 9453.651859186171 
8064.910143494424 2436.0472224404543 2.0739769918789754 
8039.755192534443 22591.412936029956 28.87392565464622 
8028.16781893094 10388.022844738061 62.62132269827849 
8009.979717121827 1909318.8743706858 8261.433955491282 
8010.049177518605 681065.6962607068 6472.7636562114385 
8054.757092220253 3649.7898039134966 12.012519694690997 
8010.0341429084465 1799194.8743729282 3732.8476739178645 
8009.976988221342 2437404.955657321 9117.041330823522 
8009.984125812154 25832868.864084084 6981.257079102349 
8009.980563752905 1803039.3397748116 7519.931902918111 
8010.028096561685 2537870.6607586993 4161.6206666533335 
8010.033803730297 4494267.3042750405 3898.846303270056 
8010.145980645189 3340989.6077190805 1737.6106649064068 
8021.560358051999 12514.733106235506 78.65544864520797 
8010.061081760865 1281333.9718989478 2723.502231171233 
8010.30534656393 352485.28423338087 973.5046816674242 
8043.127850579501 2054037.9960236412 59.51475470009527 
8010.071693033226 1173677.8352014879 2466.9977601625624 
8023.0839832070105 47520.03402296664 68.92082240558128 
8010.078983212008 1211804.1843826298 2325.212566059969 
8025.1372630972 9880.524798205019 63.231742706374504 
8010.288983850263 467959.8560293494 1129.7765129588925 
8026.065569916385 10844.672150022088 61.14423135283236 
8010.15168448791 2331339.556152016 2163.2729792666355 
8009.981752288275 1491893.7271812342 7320.765897552232 
8011.183412467235 152560.24059833417 675.9141610761927 
8009.994874460595 951365.7225905326 4846.107553365687 
8010.0118616554255 782744.808262908 4586.834737026813 
8054.916306969988 3579.5911421271812 12.054678142357915 
8023.748232708868 11421.16568354291 63.308696053745685 
8010.001644743543 848485.4399009182 5758.345376232147 
8009.986413144582 1696682.655148847 6008.8543116670835 
8010.1665785371215 1180707.1332463834 1610.4083862217876 
8010.058907219629 1469564.5795198546 2863.006747421954 
8009.994878778616 2134331.0849631336 5629.396572920456 
8017.386547652327 30234.085022969237 182.2080431200343 
8009.979383369473 2169830.093480872 8018.031309432094 
8010.0202170817565 4495377.479563902 4330.670819790984 
8041.802934847076 4846.843871516322 23.746780136854497 
8018.415766446045 45440.522457345025 170.1875272052945 
8044.710887713817 4791.399615712638 21.78181625694487 
8009.992311316838 1194442.6305717845 5526.779487532952 
8020.808060598874 268042.5518947018 90.25517254052426 
8028.730648592842 7685.682925470271 49.13672751792806 
8010.619435152912 242137.55401389836 789.8616117053003 
8045.883159734857 4577.19114199048 24.227656773325123 
8010.202859691644 546957.5426088378 1391.8020319148625 
8010.052883842072 560019.171251525 3968.347266976503 
8009.995690275924 1018839.2307223696 4834.994545139684 
8010.0436247276675 1624939.8284752949 3188.1768536685363 
8044.11727640642 7347.427556011119 17.43895969974913 
8009.980299379138 2010692.2924623415 7763.073870384708 
8010.051704261639 2909169.3417504723 3049.4425496266076 
8010.04160482899 1736767.5099986023 3336.010910804332 
8010.042434418958 1394557.935160824 4486.7611496534855 
8010.111274454986 451011.30884106207 5883.995403070616 
8009.979161557596 2203784.653849113 8080.470470526399 
8040.857100014402 199157.72919861728 36.831198024085694 
8032.750419503299 7946.598477129577 40.14561078130218 
8018.26181935652 45943.33495891908 164.86722259325956 
8009.985704839836 1397218.813359129 6663.394739793352 
8009.980322295854 3962885.682589808 7833.750001530766 
8010.987234937411 329502.1405137208 461.24553313482414 
8009.9836211878555 1998075.0568923242 7157.792113990516 
8009.984769438557 2096812.235905009 6644.451891606214 
8010.127352269173 920862.9602292462 1830.775365084052 
8010.797290188847 191864.4432824275 549.9505693607837 
8025.996065366431 9830.94557134792 64.53811918922052 
8041.294855211413 5046.434434231749 24.022285781185325 
