8009.975708064324 1503240.2437998205 54075.23853468866 
8228.314086779146 618.551619223486 0 
8011.207348894932 42030784.22398251 6343.995808963926 
8011.816220300902 181035835.4758657 643.2840918283199 
8009.975868931406 2602108.853292129 15331.966985808434 
8011.271090895023 4968535.00655832 6345.326893240879 
8011.826418274979 1308603.3480786462 6184.515564946661 
8009.977219350299 1407062.9335496933 9850.058371895557 
8226.68614009085 634.5868474723424 0 
8206.803484148712 644.194747072418 0 
8198.453007362148 677.7612650268727 0 
8185.3739416646395 683.6379509084954 0 
8011.756070485366 2444096.5774359 6537.986255411862 
8165.258093398894 736.3036536186329 0 
8011.604563264431 3409098.747103244 8560.933046308695 
8011.676603083621 2815557.369112424 8397.907962226536 
8173.336750475444 725.2853555248245 0 
8022.009522664295 154531.79206944245 57.81527941170363 
8011.774657712287 4606338.873787481 6251.615858869853 
8009.978139519086 1071796.9866851703 9820.701024084668 
8067.840751424703 1708.8631790635068 0 
8160.736568402866 736.9610325186627 0 
8143.878956954488 811.8029501427715 0 
8011.550992338387 1240732.6576695724 9533.102449829708 
8156.667048628023 767.5523728764015 0 
8180.66277984645 716.4432751034271 0 
8153.197722949751 789.9721446269698 0 
8038.732672240323 4365.355523950519 14.794263072150741 
8025.618149425262 6781.456418141935 33.05994119125853 
8048.437372085595 3050.650549947025 0 
8147.3269969238 810.3078976330527 0 
8011.077046492251 14059222.648627622 9790.172290086733 
8131.865164847495 874.9728626551916 0 
8118.032942112333 981.2027527228555 0 
8096.829597961436 1202.5974690157896 0 
8060.318788628956 2012.446225688591 0 
8082.2628381527875 1363.1703082414883 0 
8089.271181053421 1261.8854902863463 0 
8176.960859673264 718.0889637340545 0 
8134.536238218037 868.5165825274223 0 
8041.802740820634 3874.1694183351383 10.450287738315506 
8141.275003782916 837.9069438733355 0 
8045.056858099923 3735.466941901068 5.231169257474956 
8053.046876253625 2391.592115511543 0 
8064.335159673732 1791.917619038126 0 
8182.920439589541 709.2155822546982 0 
8029.060972131675 6927.500843233088 29.090835618375557 
8013.43990308915 43268.925555763904 214.70152837846587 
8070.49455757692 1598.8604825813857 0 
8129.113250993057 893.0153836660486 0 
8138.9676721150645 840.4785321038628 0 
8086.156837458271 1304.253030945563 0 
8136.823686640221 856.6750993949369 0 
8091.138936223462 1246.9649028050067 0 
8202.620249576763 663.1454337544982 0 
8205.20442177873 658.4256573874728 0 
8016.595782400778 32241.50994999356 129.14446819766965 
8200.929410405917 670.6410812545685 0 
8123.688541919217 953.272482677383 0 
8159.185356814667 765.2312064027742 0 
8063.1029185180505 1836.5410950791215 0 
8073.967620293844 1539.1496262934527 0 
8084.837430524685 1348.4532722296024 0 
8015.803412088297 46550.626911957865 169.4973830166951 
8055.508831531769 2342.790894716389 0 
8150.807815157959 797.5162752055242 0 
8023.433191121794 9780.908319351034 38.096161057988745 
8125.673584269055 925.2625486578844 0 
8175.695677343442 723.0889716701585 0 
8036.111187035885 4824.333158670125 14.220901605182098 
8121.1728971529365 963.0484998784095 0 
8149.412509739164 803.8889282920973 0 
8072.366810237851 1558.8894010110303 0 
8057.9923663307945 2201.4012725870025 0 
8127.363287731471 914.8104834634706 0 
8103.1074069428 1116.7368806645807 0 
8108.961043086094 1052.4235034743547 0 
8076.350692458567 1476.948637242087 0 
8012.117937984314 105826.7143438631 372.8436169843377 
8098.785232834608 1178.0453004773854 0 
8116.037026261431 997.9054017228194 0 
8106.363438517386 1089.6556942354057 0 
8035.239125881519 8919.544130145692 16.726823370151493 
8043.631210080612 3287.83033634316 7.38808737568122 
8104.560257199911 1097.1939457105016 0 
8093.655773337595 1207.7383561428787 0 
8019.446309591264 16042.909274610249 71.48432256966174 
8113.253827522917 1016.0023150833149 0 
8077.3739014192715 1458.2603225193968 0 
8101.127113197876 1134.6376836947593 0 
8079.834000875731 1417.748574881088 0 
8114.7403408347645 999.2018438627559 0 
8019.494364492884 15711.88735749977 69.2253665740976 
8111.261376370895 1049.6823870998642 0 
8107.847092190551 1060.9464829375718 0 
8031.54763671186 6446.083184629262 24.213992053329573 
8030.255622649132 7045.480673601071 26.2231800723496 
8093.588149496038 1228.4360859433498 0 
8121.535040007874 956.351124361722 0 
8056.8576565513795 2207.725047324906 0 
