8438.734966668306 1846.0672792830442 23.6759620494274 
8110.367676353523 2500.7028372822015 1.019813169411714 
8010.3874965663 2827136.0783137367 853.253812994729 
8010.343788959308 1005027.7475074916 976.8941544539571 
8010.849634047415 1934977.7592656845 491.7197504000781 
8026.678579143398 1646665.4629472939 127.91984401843277 
8010.38063434178 1193373.6097213272 871.3374638609972 
8010.414218210688 739170.0033227656 791.5591548562276 
8010.8662857223035 456724.8938175279 469.5738833137841 
8027.23635177138 349818.0106342454 85.22948202821327 
8010.357115298171 333168.4604196265 908.8793261769489 
8096.933478186459 6591.835618313003 1.7540541040510975 
8027.274773188052 30600.069377194297 113.57869576591443 
8010.387768246099 313095.9063339593 832.2843643529676 
8020.184315790795 20439.486785862366 144.72310737581716 
8011.696416724395 93286.98922480473 366.35155344338494 
8017.569330288539 53591.925500699166 215.55635338343748 
8011.1923264593715 86295.15273361406 397.17726289281535 
8028.127172618329 7928.238246600195 58.939982821338646 
8010.416186336055 243096.17069795833 777.8976950442002 
8019.594134873751 30577.841082225823 173.52442717730642 
8010.355636012527 296167.84482673986 895.6825842798 
8016.55923047861 87586.5453172801 276.46683670647326 
8084.369375074433 62302.43376347273 10.549789321667527 
8010.488118237449 217915.54424967495 694.1922541514086 
8019.338358802196 34082.84702930637 177.96208345042723 
8010.500884812736 214248.43260375372 677.8488748146319 
8011.744010236824 87670.90604618729 359.7992666084007 
8012.140400660215 64975.55486587495 295.67159746884505 
8010.361325622549 284287.78148348496 883.2482330670823 
8010.858248447392 119533.39021685318 502.21964336302494 
8016.922457574385 77893.64783282678 259.12160613468075 
8010.585425119636 186790.19164604315 617.6155476973018 
8010.432297687685 233950.52439977147 760.3760396061261 
8018.519889138802 49381.83893189452 290.52704829061787 
8073.992807781251 4745.927956002916 11.372958542847845 
8055.452815581801 3998.223728873294 22.701554192876216 
8011.031854738601 93976.62946022901 436.00690574419036 
8016.494985374589 98936.89642231044 235.64368453656053 
8011.804187370133 83865.17891936337 336.5753602929627 
8063.6024326609095 6659.812095974454 18.60001252090543 
8072.097902799749 19696.304193699933 14.853207879534175 
8033.8310958158945 59492.49710716373 42.48804587379138 
8010.394420082159 281771.66272429994 859.4856350717806 
8011.9863129334 69703.54987219708 308.02730585439826 
8062.244610121601 10565.21467030822 20.965189352335166 
8010.545776188868 182005.82977140756 643.122362079045 
8010.883740104907 112389.53890661644 480.82856481261103 
8011.029855947869 101187.60093132131 452.54338992124343 
8010.6050042004445 168544.4492490412 604.8726860552248 
8017.474820405108 55293.41260851413 197.3800569109933 
8016.749963948665 81205.49528151385 232.87651727534862 
8010.787798317358 147097.52399689253 516.484137610888 
8021.417359867473 26412.65824218566 138.15592216086318 
8010.403045416015 265512.6149162126 806.3526210772882 
8090.518520183897 4466.769834552475 2.3002544319847793 
8010.53310909997 185811.19453063732 649.8168981206514 
8051.728481113816 8270.038509326792 32.53894051525666 
8018.026795723585 49401.87898177912 196.13955294614235 
8011.08353147295 112972.0513042944 417.4533778247207 
8028.295266217654 7335.730948112026 48.87613263184572 
8011.9564411941665 68896.11771412054 317.24018716036505 
8010.968307330611 104632.04842398962 463.5934449882134 
8046.035945846428 10594.01451752806 15.726579255743927 
8011.084728278533 88296.0980293256 401.9391568759838 
8010.650415683434 157904.92938818506 576.4455727656226 
8010.443553123501 223728.19531016838 739.0588809488933 
8010.482803458652 211388.03523361293 705.066423477351 
8038.184294773833 19037.223428266898 43.70345610663055 
8010.407755388547 416873.88697966747 833.5541331311946 
8010.946841104834 113703.51986592202 442.4287534591445 
8011.860474323322 86043.3608941233 327.17355255344694 
8010.476838841208 231765.84112206814 711.5971866791299 
8010.570911071023 177116.8854892883 631.0386565121506 
8035.743633705136 32166.03357554111 38.469117489928706 
8011.057399004294 139062.4592321946 415.1123950260915 
8010.470298909255 267368.0405364386 720.5480411223092 
8017.745209474764 50396.932556384745 247.1857447481041 
8044.312377569718 14644.671618852837 17.540678692461707 
8024.7262431127865 30441.60456265429 134.68501672075456 
8040.536708585782 5549.036693247294 35.87838652044029 
8010.4143023323795 586777.4410226808 834.4426419945944 
8010.597260492301 173698.253202488 661.4552073606638 
8088.256117889059 2968.616592755507 3.5788184793164115 
8010.72152848831 135419.5553273888 529.6434226584605 
8084.918535706573 24255.11914262809 5.919996262432257 
8051.671374267983 7353.702993694119 35.797798746824284 
8010.815610978716 133001.21914549283 493.8988534440192 
8017.153569116349 74289.46387929929 250.51304492147347 
8010.519506331316 196784.37402730485 666.995024868732 
8010.408477787729 2709387.113235 823.1834322682657 
8010.68878060712 150461.81547027855 543.1346507075401 
8010.736910592189 140572.59864936784 522.1572227799549 
8010.675871357157 194429.5525262207 555.5068024793769 
8010.678323658942 151501.68750003213 567.4861567155192 
8010.438058679094 235198.5791461212 748.2619075875632 
8010.705611601194 165395.89920960867 537.1100339229998 
8010.461322072893 264609.173004123 731.207015450475 
8010.568327928821 185923.43912654906 632.89387572134 
8010.4766360083695 208209.86801472327 748.789075438274 
