8438.697213051077 1855.0661593694667 23.665734365300114 
8123.298921154267 2117.3016808338043 0 
8010.097711087674 3637867.510219925 2403.407954085775 
8010.113288146493 16818385.068914343 2029.595050493925 
8010.100768747559 15974756.775028918 2311.0251053109837 
8010.156286848483 1775999.2310982435 1603.7453681971576 
8072.1583295024775 5281.8495054818095 0 
8010.10124662115 1045337.3491912432 2214.7809333588043 
8010.117631093568 847798.2186198015 1939.4380608783115 
8010.123102116046 848037.9852744077 1863.8855885536789 
8010.103835784837 952645.5404999618 2066.6782226768614 
8010.123450403338 733527.7018836942 1779.8959147278615 
8023.709368573334 282981.0568786382 80.94712389600902 
8062.972352655423 6186.392880590555 5.444580620232937 
8010.1623253687285 834763.3596546515 1538.060395416598 
8010.098889413019 1313733.150067193 2325.9855323903143 
8055.444189047586 3993.065643021073 22.671187536978298 
8010.46715605505 217641.83135689865 709.4448198433623 
8011.185327082729 82783.61843595811 398.4591921431766 
8020.254021764797 20268.502598437273 140.43933575869696 
8010.099447287184 1643169.5452317302 2302.7746193324347 
8010.466895059333 269523.32447546616 775.2409306328891 
8015.863539234327 47318.131675268465 199.31291071163903 
8010.375265847908 276184.04809581843 840.7986832436659 
8010.158529826895 801563.2685503955 1602.0881856771912 
8039.735787521864 29618.695774742042 36.50964947107242 
8070.014150745952 3754.633531462169 13.633282079932858 
8010.13231228348 753338.842123288 1723.1975483555525 
8010.240825408313 449075.4166673521 1167.7295503557484 
8017.718193501735 38996.72904322283 253.17857441279784 
8010.800686517165 414130.66674562264 552.7168057532972 
8047.57830494985 5020.562236391388 28.054332880727568 
8037.080322131192 5431.389626440139 41.554975606342886 
8010.224758269881 432095.06717453245 1198.1285028231302 
8026.606034107266 10981.638163176576 63.425053008422516 
8010.0988252880425 1213844.5520106987 2331.994368184978 
8015.444020964504 61672.346161399386 231.54264186544228 
8010.1630108766385 583519.326003147 1518.157586347471 
8010.136647899451 683903.2544858373 1682.4189145977844 
8010.275370672887 357142.1653446115 1055.6815548880174 
8010.235852142186 426446.7502662668 1226.7518576007753 
8010.403556218653 280857.59196298715 799.4503659747085 
8010.214287249108 789458.3819179934 1252.058996344868 
8010.214252662127 1715827.923622773 1274.7304056276105 
8030.523111247178 5884.682290825702 38.20478900027831 
8013.223841893783 88596.49266624439 280.85129768818354 
8011.694412393978 92146.3756692309 354.66441204941555 
8010.358900851566 284230.3003753138 871.5166341487242 
8010.265947560494 563938.3179137019 1076.4403512557349 
8018.501995360437 26602.229244027112 170.72619555181146 
8010.310472013856 331536.5277985077 957.7571131504053 
8010.251670909265 399110.09548667795 1103.6136789048721 
8010.187657267453 1222254.2452757915 1395.9621622148552 
8010.582771880118 1131555.5638136517 639.232683348153 
8010.998602654611 95338.75512362336 433.50575353211 
8049.101696639108 5622.537274608465 25.56785185507591 
8010.769845215356 164537.4745989691 507.43361539590626 
8010.169492932229 575949.5626540103 1488.2279057081723 
8010.286054329788 351888.14094570244 1020.1523656282911 
8010.595492753279 166353.71821400183 611.4373534623548 
8010.128550216583 977056.7294309766 1755.8703220812463 
8028.292051041808 7271.546115623865 48.83407546139796 
8010.247280117469 426947.8940572601 1133.0509276105638 
8010.33979135476 301257.0999919443 900.8644576896231 
8010.188476792873 503611.6902922692 1377.1112382476704 
8010.671205359041 157129.8213029321 595.7734764563832 
8010.154812185992 884393.7094280743 1623.6733890418636 
8010.886954911453 115293.8617344379 482.12093110589535 
8010.330567770423 324998.428266178 987.5667159653176 
8010.20259911289 470979.82427289255 1345.1603468190287 
8010.129781607746 700675.7539365491 1742.8237049753584 
8011.847673982976 73159.71408889875 326.0415883453692 
8010.115829984582 927788.1872038479 2035.2681662753348 
8010.150999839133 984754.5462141801 1641.133834737955 
8010.518202385644 189547.57934597525 663.5806582351422 
8020.071335151927 40861.895041457734 164.11868026622093 
8010.510206844252 194888.01419833736 690.9545673149262 
8012.144612457758 62396.51421396714 294.145109912553 
8010.104717370456 924980.8522676128 2063.6165010042237 
8010.176086190239 1115660.6607053413 1472.3317699726829 
8011.917864837986 68356.57465104558 316.6107297949896 
8011.832807638753 454871.7486959625 352.1628040156959 
8010.248405286202 409851.4126646705 1124.5425966345485 
8010.1472036647765 869317.7460685915 1655.1169611991354 
8010.295888370849 740866.8302402338 1025.4408166196129 
8010.196338936512 494182.8447350682 1323.488225361832 
8010.176453195889 638089.7110545151 1465.1306757228147 
8010.418537431606 240556.66169324398 784.6429842992371 
8010.336807819558 389378.55514405295 941.1151647860509 
8010.696354171799 272301.46702533716 570.0800232519658 
8010.149005510188 849167.8401812292 1670.6582640767936 
8010.187157966411 644177.2461013527 1422.5978863202656 
8010.334775942971 393094.25460956607 928.1950033787831 
8010.187876564683 552316.7805512223 1413.1820695876065 
8010.361448033408 279389.06206415594 889.8468708022783 
8010.788052403042 134548.64916202423 497.0032019126813 
8010.178216548537 944558.9336702338 1440.4459324618224 
8010.892613722926 110623.0929011819 458.37319926855184 
8010.218350104584 483638.5347650395 1294.4061904813864 
8010.530498169245 185662.25592566276 655.7498917869933 
