19181.036246080035 16127.842761611591 0 
5259.028430522869 9804844.446901517 4245.058156750768 
5260.321570534797 44230527.814875424 3323.4906194488995 
21537.79916558404 9593.02970959409 95.60176906121555 
5262.091232591102 12946101.070336083 3101.7413921167463 
5260.014676684015 6521854.713438848 3459.7119079804042 
5267.718734981252 12936731.360291708 2294.3232155445617 
5297.223435935414 1863100.6861546328 1742.876423473749 
5263.873457091513 3396055.35570532 2578.68897695776 
5262.363840089043 10294865.758399662 3225.1422010722335 
20436.658187778616 11058.085867120037 62.875537203708234 
5260.956272784346 7850226.124832808 3324.081157350607 
5262.443581301159 5245508.406629445 2554.7879084308984 
5266.141928293644 5048114.382681956 2390.4075279725375 
6092.049996492182 588146.1923290063 310.11217572656386 
6710.599491647365 398382.2529181961 368.30924092853115 
5332.167372182728 1102230.0200619847 923.2482676524271 
17876.650568602992 11726.788695324212 58.227465969798644 
13524.650495465288 30835.72225804501 9.286496975995998 
5262.682751491156 4644967.023907253 3345.279236574172 
14713.430210813898 26795.73149029603 29.33267007390392 
18709.04705807994 19367.18031986568 21.36021961612148 
5299.673330425155 3723137.170031338 1273.3383951742271 
5299.866125523484 1781962.3538727374 1517.9371415870771 
13072.414213967399 35555.53699636359 10.007273296066568 
5331.787661937695 1356831.3103141433 1057.1726534944994 
14124.02658378842 26073.354173222535 49.34625821529527 
17060.032658421937 20801.67928502091 4.487844246040078 
5288.368784212207 2081995.8391579574 1382.8493447746048 
17209.937535014553 14294.166983905832 61.680400770727296 
5786.855694202578 814630.4147219284 433.5857720791354 
17733.96215306036 41598.13051455687 0 
11642.621253697143 53132.86353984373 26.957999304229435 
10771.652689078252 68769.68329928 31.710168335411577 
19733.195558351876 14159.951993074377 51.62943044327539 
13991.922886136766 27018.842153416226 16.163097142263908 
5405.306646490227 644975.7007718526 683.6285259117959 
9085.237495959816 96952.44359271711 74.91093005905701 
5333.103724888784 752170.9935320701 810.8091350078564 
5539.128882248878 4707695.641136859 471.57296801761794 
8023.066433422222 157258.38612776797 180.49721231921555 
9504.867669892374 89042.37534112409 110.81974457530298 
16513.075509063958 23579.088787826313 2.0030189066332564 
11298.321152984006 56373.85720239593 60.86321250610011 
11103.003692529237 63687.20763967148 54.00677054047122 
5483.496566505454 738489.8787063295 613.2341917268478 
10011.42791375214 67984.4281933395 52.54983909207789 
16182.334005660377 16033.196440709302 48.287389490629764 
5304.461027087084 10225890.338600973 1200.9403971881275 
7257.652201623825 196190.97259066638 232.00585170637893 
5310.051343445591 1343809.393908025 1149.4567240420538 
14994.050798888497 22499.81478239619 63.42218126550372 
10416.020409768274 50735.273149565684 66.06289404584876 
15423.172406028305 22510.894754877332 28.30736546112621 
7014.029950614335 294653.3305892067 272.8537146244611 
5301.579569818568 2619878.367631096 1329.9889155915766 
12750.745983360459 31975.36466465621 39.782442659254514 
5284.022151634456 2989213.5527119194 1572.0542592085908 
11948.472026154648 42550.75192629485 24.239425615949635 
5474.747246821247 2042239.1004679254 569.8830815022254 
5274.244576230775 2277922.4966159794 1674.373668039332 
5321.212190439253 1163647.9187493224 1092.1641543427427 
15688.565573491262 48725.22812402616 6.12271586750295 
15202.174847648277 22027.284447675156 43.454303911734044 
5386.395103051759 914507.7212815769 738.7147889688562 
7437.776419793653 287101.1557644654 181.55613594398312 
9654.079307833306 84872.98042418988 83.77228656664386 
20035.476978680043 10082.617673839455 118.95254304116537 
5536.698901181164 534481.606805642 528.953314891791 
8356.617104683706 354937.06896345323 146.61355283289984 
8720.788019004436 264644.36174969247 90.5086744076814 
8934.347890908086 115640.91473566132 97.8546439767323 
20199.08095254506 11254.956361805425 95.56868275290037 
5286.921798410088 2909372.665453226 1596.469393939333 
5306.066686079009 2456858.524201395 1234.9338739527502 
8574.507149413874 118858.06140519308 114.52585985576337 
7829.958680567093 171778.7132162565 150.01310694194373 
5281.600058254247 2255582.950273419 1644.0176297512592 
9894.11752187794 87729.64447982608 34.80997075479091 
12264.725458065446 62776.647440882116 17.69504264793641 
10460.698138278132 73703.8156413329 17.45660084755464 
12107.213906678624 41305.77515330935 108.7878221971807 
5365.869397465234 900676.9420903043 773.6512911069052 
5302.305586894487 1645794.689650524 1357.550060968755 
5866.687905045319 761057.2010951523 485.37259666348007 
15986.441766000971 18410.376974565756 77.5714316483958 
7153.296062683836 203255.35938088357 218.1154678448063 
16488.6352918768 21791.397342847857 36.701969022812406 
12466.043350232667 38975.28194817605 29.054040292764252 
5895.1139172386975 435904.2926386121 390.54850355814403 
6855.981130955784 366763.3139618186 395.1989882613576 
8372.64731608906 167168.44916814094 133.61326371262624 
6810.886952501043 436896.0153353577 308.77508351520936 
6965.8344333983 319574.78871383565 208.00872049012486 
19828.75883378614 12354.963899840539 21.156303631753147 
19032.974905322397 18317.31502701335 22.217365614088738 
15865.973500560916 20252.881842890594 38.519446652448096 
7673.430930597355 226103.19214892894 155.38602985128202 
18880.97349424184 38061.246825198265 1.1117754935157191 
7593.290597911604 197583.72940591635 168.43268920299082 
