8187.777123086689 64351.37995842444 0 
8014.9201739951295 19820727.728096515 1157.0943439635585 
8014.948217110106 5483058.880487918 1306.981838709298 
8172.270061691155 28627.548085856713 4.808045260272237 
8015.047621607308 12780884.230467381 1170.711365485075 
8015.182443714695 9292924.455548821 821.2127211369268 
8014.94712104409 12608914.858383128 1182.6463007558946 
8015.064674763035 9427007.255066484 915.0126371496626 
8015.425429382212 2356853.9937594794 922.1379562698587 
8015.254582180629 4322409.400757377 1006.0798780684978 
8015.1502907287495 5094383.064775483 1045.5746904735693 
8015.329337283822 3686133.6992151076 1116.6367802219197 
8015.336522813044 3573691.195498379 764.8853494058685 
8015.491778783302 1568823.9931034637 766.4376687219424 
8015.497224653649 1523630.5818140972 723.5129947185392 
8139.308246005047 69897.92428192083 0 
8018.227686804998 616546.4232348098 485.7449583352202 
8151.222435167474 68010.02558755624 1.0318336575136118 
8016.43140742359 1135935.9781022712 664.8703514976696 
8159.822935528467 30117.072198421687 7.098781590838354 
8165.355281386634 65327.42987900766 0 
8094.710062383056 74058.85517100092 88.3560770879435 
8133.477956352583 72002.9687492593 0 
8020.525872102422 538626.6142905467 378.9316779079576 
8018.166201140848 848681.4764609579 537.8676070257402 
8156.480794190416 67016.5412601648 0 
8084.883049243004 81745.11482376416 30.078296662622385 
8107.065339469498 78462.54695470266 14.952436889874473 
8018.843871490088 700745.0731669776 465.80192894492495 
8088.713611688218 82269.21867897674 25.923008238181033 
8120.136864973596 55865.78236969562 60.13258161852835 
8125.1578215756135 72537.17493633358 6.246058722387541 
8100.277198064456 82967.13068103131 18.790803229993337 
8081.298488004008 89959.60558838841 33.90437534781327 
8112.951968366368 72451.73897436036 13.011922888625 
8169.421774148841 29909.083638253735 3.1955599055253883 
8116.060009244109 81831.08316884734 11.204048079546574 
8145.215648603231 69715.3594989654 2.0724788546470396 
8019.758137527542 680221.8031338459 440.85120889776954 
8054.809713742492 126282.07559842637 68.33623821916281 
8092.337157891732 85687.92857670867 23.676050991257213 
8020.89859419819 483125.6187627412 401.02349968125753 
8028.773094664442 293015.8485938569 343.17166131288894 
8078.273022737698 87654.00192782302 34.195632046339206 
8021.99383824388 493391.45104263944 328.8906914275783 
8030.921153373644 216818.22046746995 207.74033328280586 
8101.481455464626 80559.39189847308 18.233382852298586 
8109.178554907325 78151.99576055279 12.919469416399924 
8028.071303050092 338306.3485389128 241.99071064570487 
8075.419135814967 91192.07813210422 38.71304667764328 
8146.051802525819 68421.71616694318 0 
8059.396290639266 122952.94213609248 90.13881185077372 
8032.817456700879 206364.03982865624 193.8011529697382 
8053.260096232831 138904.29907055484 112.18295406778245 
8023.626117620356 404450.0935208808 303.3626298276412 
8029.636397414806 252357.72550691184 228.7961934674507 
8130.336740314233 69918.47287970646 3.125111631441386 
8037.035179283499 170524.8434390109 168.49189404259263 
8127.968213048849 69698.72718599119 5.21776691552723 
8065.0849357852985 105617.97505680598 49.06543778407347 
8017.431227220031 1377959.2535587382 554.979150552548 
8016.9528644292695 940619.2823956972 648.3453918846449 
8017.264155078112 779288.7629494256 576.5221624481652 
8034.41143601669 210007.1987509856 179.71597496072957 
8066.799008766391 105227.3944932985 49.022791691729964 
8024.3493373691035 430776.3379920521 281.64789418096825 
8016.6355577591985 1447355.3495274745 620.3378249928494 
8047.145990546718 204516.6028670275 104.08375463524305 
8016.891786297736 1396087.563354131 596.4836893126708 
8026.001118676548 328946.6341401974 315.46600481379807 
8026.817551972806 486971.59940461896 269.7392143578558 
8015.5761789370545 1203583.2042895444 664.8491191832293 
8042.604741624435 149302.0263975012 144.67493814435636 
8119.218498232134 66294.42483287037 65.90083133993937 
8028.43039247829 327859.5950718642 259.7171883481081 
8017.425754075511 1042498.3332387952 568.8145992116291 
8041.402867374887 156829.30425030988 152.79325038195563 
8033.052647541632 197160.27495505635 215.6858486678494 
8016.445209162624 1193474.6170946665 631.4127845629517 
8020.0704995616325 599459.8997094224 414.2597944415609 
8035.783200212593 258109.00400862345 175.52734930526248 
8019.805249506172 559436.5728348576 425.57686663396436 
8017.049022070986 954485.4622253204 606.0687176463354 
8072.88051616516 100427.39469812029 39.683802787593635 
8070.028940813287 96983.37135580703 40.47755190132342 
8059.953686757834 121020.0033731764 71.54947600361918 
8024.874627977108 388673.77627085557 340.5925973607327 
8045.325749205635 246329.53684254648 127.27647735129311 
8062.919981385952 108054.47223297828 63.879040245248945 
8038.209337046435 161718.09943617854 150.19607540677765 
8040.500934025949 157502.8446612549 149.11629841580327 
8048.180988599846 185647.64863614758 108.7322826020843 
8061.870753212906 110389.84733961774 47.99239345650412 
8017.817752741148 865825.7616257276 543.9550774773907 
8026.253784249817 336449.46681082045 292.59152574396666 
8049.797909674605 170632.4163383518 125.69023380557702 
8044.41915430863 162572.50264437476 134.579925593127 
8051.329149502658 137480.4842486449 126.97516044965501 
8049.903631241426 143017.06418695708 93.9041651506146 
8101.42923769466 70940.3109323452 80.39572573804979 
