8103.821887922073 390115.72708839475 162.93616321053744 
8156.224404224121 415934.764543617 130.66325145076357 
8070.651158829856 1273844.0846478152 267.83012261315463 
9134.563915463881 564578.0261717786 100.49370349412436 
8137.6500435503895 776864.5654620681 152.9236546948667 
9480.881617509427 220147.25993977493 110.2882418072501 
9171.224843460273 495514.96257099655 67.58686535672291 
9278.184734228758 517298.81779409654 56.79502878139405 
10501.475099984136 211296.8312505618 8.38564546510657 
9166.356216591576 473362.88477697526 67.636668572418 
8199.945398852837 351929.85333048995 112.57704524209615 
8084.903116321931 461987.66751668765 153.80546384038354 
9994.83654518683 519245.33280025853 54.96071768832255 
9581.980696529577 361257.1741801416 107.12353894685158 
8081.770887025909 604731.9884591582 195.92574231650983 
8943.483736484077 1281963.7878062723 90.02311157730323 
8070.820561673921 1350666.5237048469 262.7557406378834 
8074.211613368275 889358.2879899361 239.82320996985501 
8076.107317274927 1371289.9395772945 201.97055016727083 
8083.103330457949 1219218.6730116578 176.2531281754456 
8073.150650788678 1824333.620907635 238.5793438699585 
10988.836835897553 139783.8492727613 2.239404550815472 
8871.837819830562 719919.3062029366 101.29692900010562 
8195.903642068773 353216.89396237687 114.87669934040397 
8067.836613918831 1195738.4730731025 275.4681459779846 
8072.330208672363 1155405.4972650786 250.63882817387147 
9981.95401147313 334631.7500578895 56.54027758526202 
8886.500013947832 2430985.581686367 94.56250449058203 
8074.119130592504 704020.549217031 240.70388054821206 
8078.90543084627 902131.5149232041 236.9989515073113 
8071.232808046092 1539329.721381715 253.5383654993823 
9274.938348636515 539982.4808076537 64.47268508194661 
10704.397546506187 155599.62878953913 0 
10220.746426686102 193760.09168319413 9.579060609270787 
8076.071129943475 1923029.0956126912 229.8439083054982 
8069.946931721148 1127236.6159072341 296.64435087053664 
9150.733804481424 804453.9124301347 85.83221545552314 
10522.309107023484 191511.4826638563 3.253363876897892 
8065.635075236871 2482913.4111165255 298.3637593626771 
8951.986464837788 629230.2800030147 98.11556925856148 
9880.059982077395 571671.9371597848 56.0100832070854 
10369.26788033215 164047.55311754037 16.28069113980407 
10131.650168974596 196710.55818656486 17.70717511439117 
8472.708019447688 1519796.786271848 99.06109348981389 
8072.050156928402 933440.860028814 257.1527718723766 
10013.53668486138 265654.7216592829 33.97605631949352 
10401.350891691634 191391.53306661273 12.190201859219513 
8073.012203688633 952159.2924938186 239.21640416110515 
8066.160668602903 2042617.4458124773 304.9889019197992 
8064.167744312021 2040690.4795988665 312.27370497393713 
10192.045258684033 177188.5320254038 32.0281246971918 
10136.469242548606 184665.7075313516 32.775462256049295 
8070.1982233337585 1670040.7227338357 246.22711188320983 
9642.604933729632 205814.41790057722 70.76780070145318 
9093.487498802366 611056.127819085 108.78749469292994 
10540.196795682637 141193.2196739677 4.700185283485544 
8067.897438711012 1777389.0970175278 350.79460918084953 
18250.153101720243 322709.8416183176 3.0316029474960016 
8065.830260488227 7661233.317821356 307.3103828876065 
8064.8857156869335 2389539.6781252613 337.0563499772744 
10665.931701043106 146005.1741373371 6.8609487896842 
11288.583287742558 163685.5331002818 4.6772424755012185 
8071.398511306774 5004838.678740573 252.92219855507562 
8065.084063019925 4014601.48707064 328.02799390930386 
8069.471809275472 3677306.069092586 287.4570154976956 
8066.186749077447 2978080.0783359883 311.8321129177233 
8079.729080464564 3184310.512652106 232.21450472541042 
8070.540617299455 3835667.3418668685 274.93509804693963 
8601.863450549787 2038735.8341171306 129.42425448810192 
10028.163134493807 234719.62843511405 92.11247178094493 
8083.416989732124 1225561.520279999 192.42470229114954 
8128.511775302099 1147100.5353958842 159.14477259258618 
9453.51979742816 386196.4079927112 141.36021721525742 
8076.9101098123665 1450518.041706347 241.89176098222208 
8967.237380221344 1583751.1105209938 114.97824085542905 
10283.721972052945 213823.4816779584 51.53605300113943 
8712.495276316791 632794.3114438555 118.40740105223715 
8082.533538875916 2237253.6907419567 209.72333352001792 
8084.976091728712 762584.9399827982 220.172432924999 
9508.545157982044 253563.49835088255 111.83077203470246 
10395.937828720897 214238.93924601126 25.615495098248058 
8070.696187965874 2447310.5124982055 260.8161510519963 
8073.64809617072 2579828.202184165 255.22645487356368 
8151.5338661209935 913675.1904879431 164.96853400203707 
9713.763992161554 453966.40843438974 71.17763824263713 
9705.493650393204 532935.6147812793 60.75114113695066 
8068.668648898626 2096071.8565523932 337.48508537137883 
8083.602377831556 1223745.291389814 179.39315332248964 
8073.046876947478 1752477.2784366547 294.6622385157916 
8086.328233775463 708362.930931727 173.7515241074044 
10541.950425255494 173301.97432569618 40.03741732705792 
8156.392568141389 416344.7743934089 130.90044100118197 
9147.30262098121 390283.0979839421 211.3610208978904 
9238.33011105159 902173.3286696314 71.37127452099794 
9645.76552071151 298849.00583454 80.28989967616916 
10484.550329027834 210415.8319621571 32.157098173004165 
8073.970633084153 1869792.7663462209 256.02373219672194 
10517.677609677645 203422.30876734236 11.871528077935631 
8083.060461134475 1728685.586353561 233.72100699625847 
9202.152154463924 556780.8180441053 91.65704370815928 
