41542.37624171533 224030.35667216836 1.1030669599981613 
8087.091905841137 766840.4568387736 66.00901396046112 
9099.949431423182 373551.5396938433 34.16318183259516 
8010.676304854719 614833.5396452753 1137.8622232780513 
8160.064196115877 765419.1209251143 53.2368159500066 
31359.511229533968 285601.2663341459 18.22065101291747 
97539.3256399527 86312.62400305667 1.1202892730133223 
8010.757127696053 121666901.6693828 1676.7358893037579 
8011.492880154059 3044128.598334347 713.156738303059 
53915.99997356249 160600.13322966584 0 
8022.040642326394 329178.8046199442 176.6785246894815 
41111.539248996865 172544.50556753806 1.9535435321443806 
17703.320651051425 122405.26389920882 14.054413463426947 
10588.671966792022 612739.2834799823 43.41596445986396 
8011.094370973739 1570258.7565828834 806.4091368313116 
8094.386707862301 218784.46858388901 55.71534747802726 
8017.231859528354 348682.1243455918 273.6424693920032 
8010.453081786705 2178120.3463437175 1247.6053850731355 
8010.977489014029 1610325.6235331474 917.1526780197005 
87002.63955968671 93145.13340039241 1.0134465801392438 
8011.1879605928625 888242.4798690975 895.286491380823 
8011.662518765153 446141.6360154264 562.1496513581493 
8010.0745337222315 186712610.75618914 241056.6420799361 
8051.95975631856 5129420.148542542 148.5911749841765 
8010.568190457896 2650212.2535798443 1114.6653851765814 
40621.87181606328 54051.8413335442 9.825036926058372 
8010.180413167438 11202036.70313266 8800.38501553342 
8010.134923092899 227464024.91409737 6768.041946873704 
8010.377903793712 10178507.07755642 1729.486276883358 
8015.2064562511905 2255168.3575884206 390.1093515421592 
8012.458527943771 884651.1831602146 367.1447342602364 
8015.810107872126 592255.3924091357 362.60299421500775 
8010.238959417509 3008848.8146875976 2281.127557204952 
8902.882818935657 168653.2519749919 85.6752212790355 
8010.647159343565 1356126.3376295844 1371.776212544955 
8011.50185606412 1234921.0849915752 828.6483935625276 
8010.225369856157 15778576.721340088 4780.987209262664 
12209.04937175745 210373.9801425444 84.76246612368189 
8010.495169484389 504361.5995978262 1298.5339278189947 
8011.500701927861 3031145.8653661897 543.1287291206473 
121437.07983653438 86742.88643888477 0 
8011.53497575765 1551508.4588144887 475.65932189438274 
8010.541693834166 1448512.885158702 1878.9432987237349 
8011.459423833849 4092595.5394878453 807.9269785927195 
8011.713898844193 703297.128565279 718.8391439948141 
8010.414815728887 5906127.1170763625 1615.8615471146504 
8091.133861716187 702824.7896389732 71.60049190817736 
40202.210939639925 57147.300064491305 7.794227007872667 
8022.249587296374 117069.38948595835 607.151945524308 
8010.728503615681 543633.7615247738 1026.393454089745 
8010.255281742103 1216315.805602427 1994.170312359759 
8010.313260075368 10994648.48472301 1934.5242826396225 
76953.12142590266 172713.70756236633 0 
40193.86370119113 81596.1105792674 8.384229451894688 
96933.77901892352 95853.42272403381 4.034138268871534 
8010.16126876934 14348910.872572944 86822.58280553012 
8010.306443315092 68681308.09207998 3730.003432917917 
8010.457860370063 5733320.890093764 5557.630148256002 
8010.558045219431 4085095.890766843 1470.5765093866435 
47730.593596329054 149496.6881019772 3.7706561453017144 
93377.84350384283 113884.43453051177 6.918288631879475 
31573.349379220977 186761.11145899654 18.088141679135887 
19617.583172646748 143361.88431485888 40.73062733659151 
40634.99297952211 205456.8847558127 0 
8010.35178013873 6037778.575511019 3570.1109908396493 
46393.01726869411 163939.63517604355 5.368929012000704 
13143.787623181648 211571.41919995495 99.19593874504888 
8010.520968835382 7377521.5008605495 1893.503271223216 
8010.461181238204 12219856.912747618 1917.2977092102105 
8010.418647784396 5079241.728019493 1741.5029861734326 
8010.248874237992 5711841.504116941 5379.547763191502 
12344.849418252958 127534.60716033325 116.22867786061835 
8010.296361128673 3688194.514258586 3887.914156961879 
9317.297369564858 521009.4104128458 47.850231597469104 
10462.684984621255 606347.3963151709 37.97528165936073 
8010.649696899894 4880984.970953228 1246.2213735783441 
8010.513278512804 2543886.111482366 1332.1996355486806 
8029.073416749985 310018.91949950013 145.00304162521124 
8083.993215625646 893559.3029489736 70.45249371304917 
8024.135248348377 375447.88495181326 202.65742534179753 
8010.479816861001 2557756.100979884 1549.4574928438128 
10275.051347172597 462029.8156762324 47.057374825293664 
13033.842695581738 206632.2115238626 165.43037656658157 
8011.207255292861 4435692.229299107 882.6006294154568 
8011.031036866225 4812345.1609419435 1026.8906905746323 
8011.791983409669 1051706.6261223112 914.7154927671764 
8012.031225143195 866144.8943508691 496.1465344215355 
8017.314178900572 294742.83559211757 286.7661799163338 
8011.448203219404 1315197.3202181747 921.3331984271542 
8014.703116502047 606799.0042992457 856.0894938313141 
8011.940961648852 1140143.6597602968 681.5330131772878 
8011.060521998479 174426652.12494636 2056.5767752141696 
8010.5176808065235 862348.8880713249 1418.892086540435 
8010.784882393659 7385357.540306685 1356.2087394001067 
8011.701397787048 11306761.574217498 1388.1787896844767 
8011.2500960053 1450313.6316512392 883.1649589410688 
8010.868344622688 1433888.9484341312 1108.8895077807754 
8018.9473827197135 433484.08124738105 222.36621761972032 
8010.831487577094 1354388.7479682933 1241.7554922308022 
8109.662030142655 3991009.4635163546 135.72569792606055 
