8010.237295937705 2402780.6390500697 4408.34288207712 
18748.251590273845 182186.55103291917 24.478995113624894 
8014.305028041812 1811780.58857783 305.96225991517474 
8010.592396722461 653185.5333768284 1166.8462864674327 
209412.25502489504 53872.87552561928 0 
8043.239203218232 156117.21560685796 75.56241216453863 
8010.161759793385 7911039.324560827 3338.2174053777803 
8010.496240213686 1712954.966468755 1576.628064434769 
24510.233665773034 80121.26349336549 3.3513200418251707 
8015.428975744322 205624.96205454116 240.50928508337014 
8012.218804459789 231789.9134549347 479.84800187431955 
8030.684908168425 130543.8638541309 109.06442994273638 
22539.701688447447 96422.24627903638 6.26997843767309 
8010.093588044103 21242351.32395206 12582.75865532367 
8010.806343119857 398431.52993448946 1296.044602933073 
8026.803594802945 118065.02006711253 124.67139434410906 
8011.997231695568 966137.0388982485 965.926616851616 
8010.47032326708 943974.6611196909 1922.9043673637275 
8013.831969397858 1012425.3694309667 329.19614804420763 
8012.7297776979485 349649.7595308777 465.5641532950344 
8010.610867343621 446082.9443846494 1378.6849138895536 
8012.136878611686 494675.5944673765 359.32349495299354 
8010.479899760004 1987724.9066084458 1939.778967478315 
8010.593878458985 1606283710.7061522 30523.201833431325 
8032.87588974725 329202.724949895 113.02919998074263 
193208.97815162447 66741.86764850399 1.132992766006276 
154464.83368950026 44572.30040672381 112.11702934110914 
8014.711982997069 2733884.4118439923 3339.352243507818 
8011.522589936178 183055.24481703472 548.8443795154872 
8010.392771512738 1673250.3368146047 2754.532951840822 
8011.1707783936745 584616.1221675499 700.2160084540902 
20362.840054608274 119879.64126533583 65.40257425219028 
8015.196121066503 283208.6123119921 309.2308359187501 
8069.496355148997 2033325.7496700587 104.21205358488265 
8010.150178294303 3126732.441285687 4838.83177353935 
8010.128698178411 13096819.680713117 7324.024848565989 
157607.6126018408 32598.004474185425 72.37046625886853 
8021.5969294709175 6900673.174701691 242.4729763323158 
8010.55793037229 457578.06080506055 1421.183810232958 
8021.45404047089 61705.41830212917 159.98985752608428 
8010.099812151335 15728894.919877421 13734.22677638898 
8010.180188422373 3652378.7678803927 3062.751917445006 
8010.1055461783635 5443632.30690399 9147.466580790535 
8010.111287477659 31718440.261540443 5638.383242942034 
19354.760359248867 292476.21160573774 46.942230001985685 
8010.901635684359 4149993.8886521906 1218.5787003061828 
8010.621291269754 1569596.5867885859 1317.389996049327 
8010.827390918097 7293729.911266677 1301.860979751009 
8010.90531269649 799830.2048664613 1279.9461579137155 
8010.62634421877 1337146.152795125 1298.268429675798 
18518.8101318535 313947.9042822906 82.72568573626984 
8010.333645159395 197011144.88881186 5028.329252299847 
69078.2342143238 122687.38459507853 3.9141902711925525 
134664.88805671444 87226.21846105883 5.284908420385807 
8016.3013819901835 363271.62617783085 258.42674105483695 
8020.658583911007 227024.35203472883 258.65053825469647 
8012.710878682154 384791.93319725886 525.6169979470652 
23426.554833516235 62371.73180918899 3.16020274857318 
31965.71702495425 123337.21576601031 17.782666390598706 
39567.473272742725 186066.37689164834 11.821274788453765 
27225.61512697883 205848.73827752212 38.03499630781335 
133418.54258040566 143471.92048109527 34.74510164674244 
8033.230774092331 316631.83665178856 140.3152851682042 
8010.447866090994 1765721.0093009719 2649.3222770105144 
8013.114352688079 1029404.835758951 490.4469044486429 
8014.9551439952975 1065560.549185893 376.3132692455213 
8012.407908275596 1324600.6822963615 490.9928012973262 
8012.82434755668 2350234.347136774 478.083991928313 
8010.496361669467 2980527.8006121274 2555.4965628747655 
8010.471306955795 4662610.197942775 2486.9701698246304 
207752.90687159184 105653.04021483488 1.6120732224254597 
8011.6081434828375 353859.6864093309 643.5894697745163 
8011.9615072570605 946751.4591340114 585.1929646651362 
8011.275164435361 10041605.37142007 862.2454250505733 
8011.367078785186 1794150.0032136461 1155.7416691893395 
8011.37750886284 796451.5060318306 1335.4104547102131 
8011.551615404647 639298.2674947395 967.0486643843393 
8024.41841138145 518254.6717105486 160.10715829748858 
8015.13098318626 20195023.712107886 3361.774975775489 
8010.585802663182 2626930.8761030817 2335.472674897485 
8023.826969593912 1965916.3392258305 213.85631428117267 
8037.038973937894 115609.28621592242 179.06746642634016 
8036.897428184247 63580.18378492244 209.33716481493747 
193667.2233031378 72321.89243605275 154.10742157694744 
8014.986850022613 2171126923511.513 1470427.5134854314 
8010.267756709349 2346620.898262221 3106.377386920481 
8010.319354467909 4224108.576432184 3690.2448443840053 
8010.238041354001 5392350.98314393 4114.164928446435 
8010.206605365871 52368951.05835813 5089.831727748354 
8010.294176766896 5367724.008875539 7259.974668373006 
8010.097082103601 42171358.527299196 20302.917043468107 
8010.149033884666 32174262.46649563 18405.853986879985 
8010.116766171869 9405312.321049912 8205.573488566055 
8010.117050946985 31345911.40406016 9108.517417821662 
926481.9635374751 593391.7903419879 3.3475966774581947 
8040.6610374677675 134150.98955896695 274.28109277653033 
8010.157778160493 88444539.61381948 15055.242290458868 
160383.22342612862 1070435.077109119 14.66956945445483 
8015.35803929443 1205692771846.4705 1094331.3729939978 
8010.189405072083 35595649.170685366 11814.497513294975 
