8037.360090649626 610833.0744278526 156.00322742043716 
8015.59443627327 407031.3698094676 176.1608113790751 
177863.5337071103 112320.5299595206 8.113602112787921 
8413.520516307188 475672.2417102785 44.82682366800298 
64507.4206026684 484427.3803124998 17.303360011955327 
110450.73388567344 92781.25648168338 2.267552460771962 
137134.64465453243 55399.88684731237 1.0602238023040031 
8013.794557370022 972580.6964689011 328.20700850545916 
8509.7412892341 210214.6870256564 53.06913376286064 
8011.025603477166 29435327.791953713 2080.6716911697695 
8010.8016176625615 828659.1784468385 1139.0574649237415 
8011.536210079386 681922.5479171426 1280.1018436551633 
8010.781993390505 1882544.3315480445 938.0372680479475 
69203.26434665929 214263.4751103645 8.254768765751427 
109571.16281939234 104681.9096056596 2.582502423373317 
8012.247982428053 862890.5836426066 560.6190705209546 
8202.733508660262 687326.5576287297 60.23256844963977 
104212.13992569521 103300.93934149614 2.285475427199589 
8010.563098501369 830834.2209106225 1664.7783916975488 
8010.60170563338 2318753.3603984173 1415.5574566137343 
8010.597718103078 2429046.5119630196 1538.962565312894 
8013.001732477876 365625.32026086695 544.6811468525768 
8012.2433567589105 892399.1553938908 512.8115404604865 
8010.484403209543 2386224.8595447545 1555.8117968407105 
8014.627669326225 917160.1517252635 580.6329614624594 
73877.86264581417 310848.06168504263 6.244995016691736 
8014.694953463059 529380.6818725555 397.1136105479831 
8011.2721787547025 680839.116867723 616.4406324065337 
86688.23829341102 168594.8099543288 4.526073825659418 
93220.70690229516 78479.50943899188 6.311388160401666 
86788.39733535663 142135.18964116945 10.791720113240508 
210471.33817042716 84622.48533888624 1.1193873916167976 
8013.769072124528 326274.34302044683 484.82842105308646 
8014.105262141991 483313.891975244 432.4484387924956 
8012.922471275773 645128.552585276 1064.1139505021822 
8010.462560376411 61370476.20567678 1877.4375883670732 
8043.81800545421 266117.519718111 91.01689655259929 
8010.898380835658 875129.3393197485 552.2711196465692 
8015.260711420035 2100602.649767389 178.69357589272892 
8015.580314244033 97129.33647167783 174.73129732480325 
8041.042671010226 1328638.1561219604 174.3441624937662 
1092017.9677675336 54935.747529398606 3.89657590492334 
157626.61299350273 102583.86193661838 5.645804559326499 
42793.1616061445 139041.81627981795 21.795856993092794 
43098.748303901266 493612.83430178976 14.885063532920338 
24825.984961196864 181498.17137169148 38.99425721311956 
22076.524045027767 438204.99358839344 24.99037682842266 
8683.632419351816 161218740.96570626 2609.451344657549 
10427.059651673966 257040.96799201015 27.425050711339868 
36762.42911867532 178828.77491650856 95.34661004584906 
8010.717662394476 90159426.4665228 4738.208845938284 
8011.105369234916 3334910.1897725957 1104.5680269845348 
86334.41319794358 582482.0597694573 31.37076501333426 
73271.56867206201 277966.1630859214 11.572495254311708 
8322.749806902453 720011.1297057669 43.73887842496772 
126397.20852363518 130525.67972612077 3.058785190221137 
156203.97196153094 163331.2602817392 2.8602227767266055 
8010.335062963741 1903559.0838729597 2811.536629214674 
8010.772142619622 10441917.802908689 1495.3818746620914 
8011.281329998261 28693079.65067443 1618.5378243080534 
8013.690241117508 1026385.1689171218 537.1994608443057 
8010.856764357688 3468923.4389222655 1604.4361257150606 
8010.7232924878945 3527856.9378310936 2404.349402853388 
8011.595110463372 703185.496761505 697.5179499817651 
106771.41853333365 115984.13685002275 7.308787409127852 
4188095.689446512 167148.93999082578 1.3285904058932592 
312250.55517844966 140556.34110963804 2.3284354032846606 
8014.955354205756 354749.2539593269 508.9163196088812 
8014.270145134553 36494788.025930405 680.3096436769578 
8014.476266702066 1966130.4628960383 491.9054436708975 
8014.7690810110635 665230.6123146025 560.3096910874606 
8044.439458426179 11344095.807197047 206.69959999612232 
8232.688822814554 3382915.788287252 101.64735238874849 
8058.2176721768565 1085256.2246508012 131.92840275617903 
8253.421848556975 642054.772209568 151.7116360824229 
8010.992221157488 2594913.7239258783 1463.5664898383015 
8011.946412415937 986050.5513297153 640.5874021067056 
8011.13104632975 210334.94092058926 590.1912059984579 
8011.01107807911 861063.8993214911 805.2462374772624 
8013.133960286088 2691661.455503454 1657.691214882921 
8019.1566367022915 1032875.8130233901 192.73247308959452 
13156.762238944757 118367.40549316898 167.54166014358196 
8021.731147781125 245429.45100054925 173.7480686353736 
8244.194703262874 243267.28412369656 183.41138925847682 
8015.800387443561 697635.1164590403 351.4345539302609 
8041.431615269261 234144.57031803307 291.8521458006992 
160445.74277316258 150563.02582839533 5.258373082194849 
8010.604678583408 3888000.3541793376 3928.247631576572 
8010.774204823856 3707567.9689221415 1211.757940456077 
8010.525162521775 6461164.274345182 3334.9678774897243 
141329.5415539262 148663.6051313075 8.082383875723409 
8010.825479874593 38778972.826215506 1534.9778283758405 
61729.2463449536 317011.1016727488 22.234529927407866 
8011.2035482499305 15029707.89200253 735.5695504273108 
43019.186134922544 153465.9752563218 52.60848180957271 
21772.17697731072 431125.64445149445 37.27789607929476 
8010.680628639866 1222033.579377986 2128.820247019221 
8011.0888810129045 2065248.691347988 964.1851382534921 
8014.364176585397 1120541.534759561 1506.322628350222 
8011.566141903133 6762248.819551297 768.0708333208745 
