133015.394822307 299368.4043151613 3.1182292051306932 
12581.71501880127 167957.26227117993 21.417957853179367 
8018.645530253292 133759.4353550829 200.6474573285612 
8052.038637734669 2863069.1735180556 98.70596460862151 
82233.70047530842 266107.264008595 5.747819003255057 
501039.3697516576 266239.3853134668 5.608605484236455 
24641.199653234857 125164.0495914351 14.468349204975596 
8012.558044668847 15540862.381193724 5474.818541556683 
8019.852319094304 343707.62544475717 143.2997655532702 
10188785.461532652 146273.75892261163 9.336182473232693 
8013.697328864243 216990.13599699363 304.8862457153123 
44798.48965557891 27867.123798593093 48.313903472851564 
8017.26495492715 10466725.183199048 466.3235298860788 
15169.328723091603 356597.5533574318 41.54534468851625 
8396.58060685832 540748.4925577453 111.28749713694309 
8507.250021639096 512344.618428498 57.291082601526426 
11544.624219644575 265359.5677694826 60.131000989145384 
8010.8978456551695 1189146.251608606 930.2689710684634 
8013.934899685532 195716.74814722504 252.79301900807587 
21332.793018892608 236462.91355989192 17.989086025509128 
8011.96541109544 3164237.092042573 547.894053638221 
8012.315585652739 1326304.3237925037 618.6106799326443 
8020.400641751264 499442.8493419561 210.81288776685778 
8010.524683399296 6368555.944510658 3860.8580172209995 
8051.551795265992 189627.76624025486 109.36716457000622 
81420.01419410532 180805.7673761378 7.471002139676664 
8012.181858431031 664195.3771154388 663.4393121732268 
8011.599703799637 163526059.40721387 3554.928362234508 
8011.403546194412 539329.106580049 617.2140629469386 
8011.875332806425 7260542.054489563 622.2805729118116 
8011.359177695041 1641407.7640346196 809.8047457888063 
8010.384163514707 6496838.431773671 2406.3360010315982 
8015.55941057378 414339.5345235677 290.16568497655516 
8012.219312672394 969673.3898272242 511.2085542880152 
8010.6083027280065 2058652.313011859 1953.1095141600688 
8016.0080511467695 157715.2405448742 322.0921532739571 
33235.260289421654 104256.44436498533 9.972244702860177 
8018.590551912975 89403.94466118705 205.5990782900851 
14475.81697567791 340501.43442826567 45.74934852759927 
19197.972464330152 217522.8856574961 30.835771788836404 
8013.103012534655 274400.6249394143 475.2807376272833 
8013.047160497448 12012459.123752348 357.95587320842174 
8013.318580729243 1682806.4023832441 415.29452155747146 
8013.203192222931 997479.4196406152 413.08013213870197 
8013.159596622069 420964.9492181033 514.5414457314826 
8013.091563572213 1503136.3131565116 380.4335272618693 
8013.278322960836 510652.35859567596 393.0416714514161 
8018.1475146764815 66934766.310626425 447.76991650676206 
8011.042223014312 1797204.5032213966 1229.391069433844 
8010.75304824626 1771370.6483951085 2256.772464944464 
8014.528814398869 1147306.3047106387 310.5726954759278 
8014.137558489114 274657.11336799274 346.2950831109509 
24905.973568524176 263448.99411849654 31.084349513738484 
8012.494214251799 936076.3673002466 611.2998644846446 
8914.567713669194 80733944.18826978 304.2584715795975 
8061.605419873516 862762.5166152345 173.3408433981158 
8054.266774567039 707028.7648785146 172.28187289925873 
13082.593119438367 1249435.9775175052 114.5155890740677 
8010.90254029054 1165164.663402131 1517.4440888656268 
8011.197011192453 6021742.469254126 1236.7434569780028 
8011.196689155706 2355582.4658018597 2090.5012595216085 
8011.833184419756 796095.7780392282 754.3950071734994 
8012.800218922706 735492.6315895899 455.4718971171449 
8012.691227810915 504299.76261873695 764.4073588922486 
8011.645219683203 10662434.242681744 710.5300659562316 
8011.486540904281 11675841.744226415 721.541565452152 
8011.8118677382245 1326392.1036760102 730.3700716435051 
8010.370294151548 8844185.704254527 2676.069171133178 
8010.471448872421 385801288.8714323 25458.81427019198 
8010.746800852199 18006872.533386905 2645.585309461819 
8010.544158577308 69436120.50586082 4689.125379961377 
346942.9029939173 110738.24971790944 14.715667244637512 
33398.43089773234 250412.25400080936 27.22129503583575 
110859.64476221715 335993.36308657174 26.246589012981264 
101446.1853586903 3888832.5213502366 11.455692716248533 
44060.164740896216 122180.52599776404 12.107860404867306 
60926.697713676 139371.95206747297 11.850472405858152 
192558.04900653267 503135.9838839736 428.7629059740279 
8022.9769027285365 401018.981543181 250.4776325085724 
8397.806358643045 256640.05572817058 261.16543296948976 
8040.0684043197925 318967.4899430393 269.9330760684959 
8010.592058531605 189387646.79843843 2635.286811993842 
8010.237942323271 20898169.44004733 2779.3718876725657 
8011.452348808936 10315711.021800945 7542.7426656108455 
925732.3998430469 114528.04143953462 18.99349041807681 
46711.56644769889 134207.92311596047 10.653488318475222 
85281.00098806227 213792.8262057262 14.097972542493633 
8010.891597639975 2403486.344936378 3083.2893748541164 
8010.887409837296 32510501.27155267 1661.9457357070528 
8011.916405072083 8930979.316892795 1388.2836179028086 
8010.797124235621 45263845.98062434 4650.172450442598 
8011.676564611958 2109592.8612695527 1964.239328209812 
8010.926016099021 1344069.4489228318 2363.774078838682 
8013.636040335436 560141.755819123 959.1519182052812 
8013.140595034373 2257510.4708677763 539.3007389416365 
8011.927134598653 1052321.1760845813 815.7862062519882 
8011.011271992307 2307422.1578921783 1522.7349525359136 
15664.143750680078 432939.3135192897 73.4022734224638 
64985.150151963775 139172.66581143215 19.84685911951367 
8011.976509267246 7111425.159306863 1426.4945910039667 
