8176.621215664662 2351528.8651264794 150.21708815395556 
12768.613167274034 169460.765588861 20.91104482798055 
15203.072211042883 107214.36590211347 19.881941584882973 
33763.22708230639 99894.40783159732 15.864713883413453 
29598.8224464916 99620.31049481209 31.11889106891146 
8018.286001695595 4378044.656318783 421.96697163909226 
8959.624429219757 717917.4000853433 55.088840048626594 
8011.226213684464 2098745.8109510345 929.7507291436356 
19599.06913219713 562325.7395655443 18.848382328926526 
8037.743494301805 6096887.464125149 163.98398858862745 
8012.502994403412 2598324.5464088563 664.6940379550508 
8011.381030551452 2582634.5491212793 1253.242840202872 
10640.141761947303 173484.62743354877 18.245984417532515 
8010.36464474199 7710364.558869447 2017.2540703872269 
301683.5905206105 94941.82577255 21.110898165543247 
48232.309983271276 117282.35582361418 5.365538632093999 
10623.427778058478 186873.54390300048 38.36577707732369 
8102.412992465737 203143.92514191094 1194.7404612617597 
8393.344356541334 302709.9391154876 321.71258424662614 
8010.659855299831 5580039.047413408 1526.1357755263027 
8019.181382784102 3251073.2493448844 857.21355135202 
8012.062833437636 4975935.720709847 685.9541762607674 
8010.660574772531 2708774.1109786667 1653.464753576289 
8011.279573120713 925751.1563412808 840.0369166152605 
8010.509886323324 763246.1260598722 1907.387716178042 
8011.209847524514 381091.02943316364 1023.6651104423818 
8014.45068170037 774710.2145963657 953.6989215548809 
9453.091953592988 392384.346506435 63.32413574617534 
8037.047452683378 902525.3807005371 609.2901250078019 
10164.430835102765 329864.9311613226 202.79792267831823 
8018.36511247596 993981.6908732716 688.4237928017614 
8010.743174934086 699751.3760510511 2217.505640403698 
8028.638970271977 6236771.045813506 377.22843242589533 
8010.203471453276 11705140.799346987 2898.429461861378 
8010.362057661407 5698110.116961876 2295.0306157348678 
8010.191098540393 4612384.054928979 4245.563819194648 
8010.132303725338 8480533.084281819 6832.985515894382 
8011.024045668841 830316.3717331865 1025.021097147329 
22339.53695664394 124561.83129210987 20.12817763599275 
34113.505720233035 100365.16851480634 16.101636935129466 
8022.755543790307 7731083.915677989 627.4747899752899 
8066.845344551919 3520277.369138569 236.43595985031277 
8624.580715743046 665591.7931023459 259.50139497726286 
9267.133631825716 1353480.3572650957 133.03931190688462 
8039.5870203575305 5186162.190338288 393.11397548627895 
8042.384826533127 1391088.1926083057 478.0769055613449 
8112.070196288287 1058206.7824657 312.26299547565674 
8046.643897278103 4194616.522504667 317.679156107508 
9090.693222397 600035.8831531372 183.6244247678226 
8010.999455826274 7753306.60881871 1443.201499835988 
12573.363048549636 179913.00900168874 21.774559754763345 
8010.50531833111 2013343.6888233584 2341.484228452913 
8010.395537365801 4190614.703967567 4725.419597005178 
330110.3297910857 222087.19125409768 3.7924924593292664 
48864.370942851325 187244.02634407842 5.969663838820505 
48619.47851168859 337476.9645750764 10.977166709279075 
316854.17448168475 114842.00194702228 11.431863783361951 
9440.556393364683 345748.7236345061 368.46212697371544 
8010.760589555568 2589601.212040576 1491.0990950978826 
8010.9135623408565 4888795.9948676815 1705.4745698979132 
8011.718261354136 1729245.455457593 902.6078512017382 
8014.082571359682 13881082.220458345 1613.9087278929842 
8011.9129215292305 1329040.8215179658 855.236128083353 
8010.810483815078 35112188.07463958 2020.0364056788555 
8010.675301906629 2993359.4131205534 5748.498479925434 
8010.641182480855 3502099.071593451 3444.307739253358 
8013.389885178535 714115.2410579851 1183.3636298842075 
9509.654076409299 657306.4786507984 129.08308735980688 
9677.27672600652 596750.8077214174 97.08578548754724 
8093.219352177344 1028693.9941011677 818.3021759379915 
8010.251183428863 38925090.33254384 3076.90408817805 
8010.3490327612235 38323236.76486192 3648.319989562501 
8010.4296726543325 30129142.319989335 2695.5146701110225 
8010.194936718101 7664247.172423804 4654.845008558463 
8010.183572715843 26667849.249141976 8331.129332933036 
8011.060702216662 1411963.558132817 1505.601071093039 
8011.067392817092 1038870.1898051888 1574.7033337627329 
8011.359148014378 1474899.1068981257 1043.7468833604323 
8011.381195970608 1808221.9588180587 1046.480562404594 
8011.069208718864 3893130.153779669 1505.383206524697 
8011.117814155248 2818840.927244512 1451.328527021915 
64469.19615563314 163108.97435990075 18.133092680990828 
255284.47527249696 611092.2701513546 9.16000771811357 
8010.186105507652 4230925163.8539176 15070.890874749173 
8010.538621501761 134409263.29035243 2548.5901661574308 
8011.08452393813 4980394.010237601 6357.506949528328 
57490.406308223755 306056.771907868 11.23073900740513 
18359.210924768377 299855.7018807414 27.744710437731698 
8010.415274648282 169535495.96610102 5878.449157949264 
8010.6101199151735 3864857.3300529094 4237.214749070964 
8011.072951273942 7496151.901626803 3772.000296799413 
8010.397435570059 40819809.69742268 8133.190590182573 
8010.564970129007 53152261.77209281 3820.5577702319274 
8010.65669437199 44867702.619746 2247.786580940246 
8010.629658652438 21591634.56227154 2848.023415232805 
8012.252474785564 16089140.328309488 1676.0480327125852 
8483.872027389296 1407020.2691770655 762.6836229989051 
8013.459449528467 41190151.11714853 1814.1837711559656 
8010.680681662698 3130739.3174193325 4184.303580640571 
8010.7756234572325 23759124.69916445 1819.284981721307 
