55800.23776698122 80115.21926245558 2.296285606127819 
269928.7389141 205590.9175875975 0 
10607.870590731512 622553.8873188663 59.01814825911817 
35131.193824190035 127942.1240428684 6.557319086551878 
8010.599032353751 10176568.255609142 1454.3970035443206 
8024.026114498148 108367.4516865088 116.42398281345868 
8010.4215071990675 440710909.3021887 2837.393929594259 
8016.9894429911 1225004.4716175313 204.80909818594748 
512776.4318738688 96782.3925529313 0 
8014.034507265572 352438957.1516729 1792.0403175978108 
8014.242081805536 1734072.2246368045 346.28206750019433 
8011.244132286389 16651844.06472376 1099.814425913643 
8010.158656133852 4576957.203518763 6943.696666269463 
8016.034510026896 2466294530.268307 4064.893938408601 
8012.868918193886 680415.5123192951 400.52455332282034 
13971.832458937486 217657.0211435973 46.68651657479334 
8010.219843100244 5642919.860723564 3714.562253770236 
10658.271444775812 453561.4197781781 76.30712585852338 
10772.856383578366 616976.0573529357 63.97502239008486 
11303.706334015676 406506.04217515816 58.557794586195655 
8012.592194810457 278801.8317595152 457.598294026373 
8011.725054625093 619599.2692605207 525.2428901111685 
31846.44852412286 229298.14621342166 33.16058513995006 
8010.816995998994 5915156.981504134 1059.3344303627075 
30703.068907706172 309596.589634584 26.02965071491537 
8015.995533828916 213853.62523026753 244.41876043822646 
8013.595224953308 3738220.82667218 317.2136296928946 
8361.004803441761 69649.00702566649 80.24016329981698 
8010.622540438367 1940813.5527595396 1547.8648798357376 
8011.526201797475 587450.6249046199 673.3567465002117 
8010.356415302311 8404459.124598589 1796.7172232950045 
8010.267173400903 2653558.4658603645 3834.85858869991 
52272.425589613085 107148.65953900739 5.142679227088728 
8016.565384261234 184872.07837516326 504.4103848016366 
8012.970655369669 1045029.0502049449 408.93167687035526 
8010.353221465828 2300565.4924991108 2269.222321087376 
8010.412599370879 1847945.9757044395 2521.681718630301 
8010.846339011587 113010097.99523976 3368.3341912231645 
8010.900808447348 1804575.1612324202 1092.7276159736127 
8010.830194975247 3194787.6166324727 2114.666984387593 
8012.477530891388 465637.36494978133 467.183626876854 
8010.294284972989 2565683.5409178226 2179.0762586984793 
55672.413148218926 76237.14039376397 3.1170198836572482 
8010.213951933882 5957150.75627714 6329.300503456651 
8011.346448954667 1178614.1933896677 677.4508186643454 
8010.952625719943 322107.34518754424 908.8324260221466 
8010.658039686081 1430531.4810464857 2616.369139495917 
8042.491218893705 240250.83959132724 86.1025931087585 
8017.6918127903045 307302.3229701108 211.13025825862758 
8015.92119077737 460570.6497934228 208.7860230086469 
8010.474967939022 1483928.6579582382 2096.5899033031546 
134268.84263857637 84116.56264177979 2.548488262886282 
512957.49221954716 208798.99847373686 0 
8010.2547517303865 435818978.8227247 4876.522589146764 
8010.287790518962 1386506.3917347696 2037.341851265445 
8010.379107375686 3086921.2313994532 3533.4689522193958 
177227.27021842718 181244.8496822599 1.96368682547776 
8010.257698453673 24920655.544608757 3929.6560702970496 
8010.7725951717275 7570249.613809765 1268.2113267415784 
8010.327985409326 16792135.86258033 3021.724325598864 
8010.598682651142 3932474.0451129703 1916.2276885786796 
79565.77372878093 100427.1070146528 3.8181458888372366 
8010.389056402975 3577614.294097917 3434.2765540282626 
8010.4942174150165 5529366.0928358 2865.254126934166 
53661.56850980984 117314.58134059238 18.66253249752372 
32541.482215497137 407369.9784418117 49.47867200447079 
8018.809742926654 6906649.099509281 286.0956333256857 
42912.31861305226 167257.29638959604 16.076770430250022 
8010.429289613381 2518733.3406176246 2906.5301868333327 
17879.610997977947 1194505.4897981586 87.32548877361506 
8010.983653833275 2550354.143112286 959.6477023312813 
8011.114988021422 1002642.963662447 913.561770029824 
8011.053012763257 921158.8161369881 1104.3396169168348 
8011.800910931052 512647.745674036 743.2192804281327 
8011.648001293914 579797.2717902827 611.1020674059552 
40852.01336947069 217045.64746955174 20.875334552024235 
8012.563613326905 2268089.5137982713 564.7429279466686 
8010.838242827202 1727080.513935841 1054.3675761945567 
8014.28212958148 1748039.68368604 411.41711999727613 
8013.523368999859 2122485.6445435584 444.4170263812732 
8013.008005911067 755549.8775786835 518.1445338316469 
17522.844396445817 125157.58692885339 134.21667248821382 
8012.148313840375 1113412.7268163827 563.7313278764144 
8019.547651164157 687531.6701632204 221.72536032978135 
8011.539033166323 805117.6229621373 673.9275781401888 
15709.61809742501 377817.51554146386 102.80189923471707 
9768.627854708251 529205.5430002885 107.35923406329995 
8010.95464681659 1388199.1859546043 1005.0142237059147 
12482.075439547722 509381.13955574384 87.38097184803195 
8018.113749132393 960069.7458804657 327.65976681853414 
8349.374155866342 122656.74822881437 178.17304238763703 
8165.950653977823 424063.9172632463 251.23795543650257 
8016.394528317244 1305971.8155478141 291.5928540700073 
8021.814695150219 530922.5870122802 275.98322142521016 
8011.580060065923 147469448.2329259 3860.9600306276443 
8179.040377196414 1193014.5865362298 188.32287521767222 
8014.5415611563785 392053.12568187667 365.561593181163 
8013.286043639387 2235430.7991356906 1041.0297508937988 
8318.31937953913 1071297.6508924498 89.74892292396986 
8016.058306668823 852882.9278942579 357.7772875866272 
