8250.112188724386 477341.3162603128 59.74823000356038 
8011.945294696739 1746330.7738321575 482.9566712363551 
17805.34195823816 70922.01924888935 7.556005313425656 
8010.391810382652 4725898.496642245 2129.1507063585377 
403925.32105617225 160064.58912268668 1.358986585792993 
8010.287337085513 12366685.710417168 2967.826146332729 
8010.991860597826 485910.7119965181 753.2299096562903 
353562.9156222721 176254.6010269493 0 
9051.958699390494 393023.917088683 46.120900156985826 
75676.8092424131 124280.00705334022 2.705759002202097 
8011.9033832019595 482175.6162347137 760.7473674973696 
50065.24436066634 137414.07781132447 1.5114568380241478 
8011.831132461114 403474.35464470944 605.8064812520277 
8010.338159553528 14748194.225193854 1947.102956723727 
8279.097838415038 76195.1289417993 67.46739031560551 
8205.666366688954 187570.32219956705 126.82607004065311 
8010.306891840332 12387185.09864172 3278.252559126371 
8010.812715307329 830432.6042838958 890.5429619321716 
8017.845527754406 185066.64248655905 164.044225809291 
8010.112774604487 12915506.833018178 4704.354390307049 
8010.310169016112 7459065.247204898 2158.0389870757035 
8014.3395941130075 714668.3766884963 472.86406277279394 
8010.718940279675 699363855.1454346 16716.434038896205 
8010.4248448974795 44557411.139902845 5727.479270050249 
8010.476181405207 7076828.667167241 2071.2763424761015 
8011.831790262715 2532149.56014493 639.5255610853383 
8010.86264919314 2211442.1418721303 1086.43176286491 
8018.961040615715 570844.4579269947 267.36723674011404 
8021.4626140854 108236.32490635147 228.96880027721687 
8032.253213474779 207256.13900757604 127.57160729753656 
8011.03043019651 78502273.6717702 1481.942338848106 
8016.43528599748 871092.7357580089 367.6139709475115 
8016.054410938607 892577.8819531807 275.19099512492414 
8016.020750297336 213111.98381839413 535.4631552960818 
8010.914347452015 948406.8140155132 877.5331597384661 
8010.300662429922 50363043.3344051 4177.216404057104 
8013.844634240823 887464.7182118362 366.6075112019452 
42928.19065223183 221153.77441453276 6.563321708554752 
65268.0715871804 93752.81166253614 6.254596183703287 
8010.114240591685 19918701.288054075 5770.839411020344 
8010.300697668769 4834939.025970599 2761.6767078658104 
49288.83983214619 227087.44351779524 0 
8012.055020021209 1251954.5538564292 604.6752980792443 
15479.235290863116 129133.98973394875 43.87831936669794 
8016.165590113723 751492.9005572239 380.15355231583965 
13098.120151644005 269527.39527885505 51.291647373925684 
17426.95081134045 220804.58414315028 29.319593111274106 
11707.973525192003 292202.4357165878 27.21262780032504 
8939.221427653276 302660.1879783131 50.29541415821617 
8015.447207025218 1124362.7051266467 356.9038368230391 
8203.666433976887 1224370.6266352003 75.08259024844392 
8509.793163083117 420423.92449350323 49.255451702254675 
8010.3494575109835 2781070.0135589633 1749.4223983409763 
8011.568527281346 650359.8878855873 700.3736837328223 
8012.239081696337 395678.5424173555 499.5269180239581 
8012.067552905992 433249.7926390543 502.12814717446986 
8011.814436480604 2839515.53928035 503.4058572556914 
8015.2183152093185 353354.8028575046 466.7423689692258 
8017.455963795563 453005.4857863512 443.8606476178075 
8011.34947795235 1081545.6619894104 640.1071308323898 
8192.361366742483 170109.90450364642 90.13567555022769 
8017.729638630731 679370.3215200406 394.6811352497807 
8010.613625908745 1197366.8214065018 1375.88219603618 
116979.0912893649 159771.44991118892 5.7464326946786075 
10640.573972424248 109273.18903777184 74.80634997902278 
8010.174133838484 16207585.038946986 4730.831462508078 
8010.288850001378 8588519.927195178 4872.851973254733 
8010.265301204399 46498847.42778235 4296.30113653837 
75384.60101358159 251168.0600071564 0 
18705.766506285545 146263.65159402203 15.835896826828339 
46550.309081959815 225198.18072626548 12.752905957783597 
8010.319746673508 3627351.3878032486 3928.3443731969155 
8010.422119121435 7255290.455072124 2732.422971881948 
8010.343055663579 3470443.246325171 2849.739692560232 
8010.709833660238 3031971.3343848325 1915.0796591679346 
66560.3425757511 282720.84087786253 0 
8016.3911547008165 371093.95909233514 320.24200353343537 
8010.8098342435005 2188743.742207902 1538.1854068499529 
55279.916176524945 186141.0017311487 3.6949427980540355 
8011.074187102509 855356.903706685 1548.7392149191244 
8011.583985564145 9307472.510057604 703.579469583596 
8010.712334997375 1753271.343319909 1277.3390880540155 
52391.64779760152 246093.1181254714 2.043947438002677 
8015.130401167622 2483978.462487898 413.45925799164723 
8010.88489062573 2845410.869624537 1073.6221294766415 
8012.164565250525 515700.2624832408 514.5772682098681 
8016.789731359089 5223160.890862739 339.8416745141993 
8012.330881018617 434181.8990142304 942.3014459059218 
8018.560418608709 960167.3390042073 192.89310691814376 
8202.445969079983 243513.42741841884 128.62896364698608 
8195.413964150766 21821768.75811157 399.1473968490755 
8011.181250557795 1878357.1207732195 820.2361571864604 
53309.47606818479 176872.32479629622 12.972612089892907 
8010.96617119827 1151498.6226268548 1116.1398510819897 
8012.144054585789 10551927.712633522 693.5443620157957 
8010.918826343623 1784513.8621708574 919.4714047601013 
8011.793809166596 431004.6001470559 1123.8373078871555 
8011.839220942173 2895144.2121860054 754.0746159969192 
8011.074019647568 1214804.8528088261 853.9223694615098 
8023.962133350993 167444.29968782977 628.7986823757349 
