8013.559224248195 203605.57122477423 256.1135381612958 
8011.4017450633255 332781.3527199032 770.4843388335689 
8011.261904637089 2254675.0598506704 581.2886322932269 
8023.980599735292 62127.74755486926 100.61357498063845 
16828.236639183644 116134.03870242371 5.700618971711063 
16910.539694373707 66999.1710794991 6.210912468843981 
8011.664406433224 335685.36715051 501.0635548971037 
8027.4248905870245 54338.67206034885 77.55703903182942 
8019.976641462071 129393.7053318823 224.06184231719604 
8011.4991052686055 338352.46084956365 485.50955598943926 
8010.990925083149 5555083531.716944 98296.20733870858 
8010.899918932366 2233039.8894434716 1551.3949619336415 
8010.644102788156 1332222.3734067369 1135.224901075245 
8010.620834958821 1032975.7761529996 967.373716164497 
8010.095966359908 3508611.998865581 13445.349296929915 
133663.1354725749 91848.52403352706 0 
8010.952802554792 3170959.934170427 1016.7355540368181 
8010.824065206958 2462059.493686462 1005.8305068452478 
8012.371636967158 238495.53545042255 294.45361530779525 
8012.23877679726 6187340.926559243 2108.966049935268 
8020.775405097177 3133665774.623689 11051.753301443481 
8211.089564410071 45887.71298599543 21.98745475238742 
8010.595200633176 1306884.2591045324 1280.2247727340277 
8010.428638501805 1126631.2293170367 1378.3318366482465 
8012.290076844583 444246.8079123446 367.8946196833839 
8010.083922277218 12337219010.513865 232303.05212702978 
8010.997900369537 704272.7431482124 913.4027381715762 
8020.248312527343 134731.39197299918 172.23459422178115 
8011.149503722421 398801.0932288759 854.2391188619563 
8015.6342740824275 444292.98916099506 190.42737885493494 
8010.962163313328 5209593443.696608 96283.58615370707 
8032.73159620757 50867.25659892178 44.95425618362915 
8010.3562177476115 654642.6352055838 1431.980804493752 
8019.170876666356 7092265.684126586 5287.835904227161 
8010.297818555232 11101995.154627355 2116.1172489954 
8019.829434650011 9289668.79746184 2508.376853724445 
8011.3022815062 800636.5156936739 885.9458099732506 
8013.896690162666 292134.7419239413 322.59640197514443 
8012.100349362203 874777.1533037475 507.1260316643585 
8025.934339131896 110524.87824595136 89.52138276593077 
8010.218705246094 12491453.495611057 3516.3515796468705 
8010.763030168988 3435246.58538699 942.1941582550392 
8010.634505667087 1218806.1240900892 1051.907676667343 
8010.249745858928 133990128.37233566 3413.9513329072356 
8010.147120821663 300973565.618347 72331.84462220431 
8010.224134587486 49614956.35752274 8264.327829671962 
8010.42560862396 3677774.9556559743 1430.467698125796 
8010.940341305401 423656.94616468926 674.7620518140053 
8028.645336979159 53905.062956800335 114.82779556871964 
8011.122078268635 54646025.226474695 10781.003767707425 
8010.431916782497 491351.00296967424 1573.6666916025201 
8010.671818801101 535811.0671756237 1284.6015488158882 
8012.352301612189 369683.9124109157 407.7082710646124 
8011.4219727862765 222405.97653772272 738.9622699533625 
8010.129332657907 50286821.8399081 16324.737410809463 
16568.36681391564 67716.36270161992 11.50908142354717 
8010.54808506174 1527174.9264624247 1258.615734942577 
8025.342383561832 145966.3835184897 164.68957012980485 
90664.89152421783 82686.94500011539 11.005694780078091 
8011.6023525013115 400126.53566778905 715.3485704177281 
8011.677987818113 828025.3838160816 502.4519511330574 
8011.6093302209265 589143.1268271087 577.6000095653419 
8011.647385217429 388564.46941777354 521.016754537131 
8010.90906741476 61437817.03338678 2114.728639404576 
8011.15556142449 1206996.6073131836 996.1053064224753 
8010.155936666209 474824827.3088919 82411.23124058667 
8010.1310459319375 1768596006.2372603 56211.96597429876 
6705446.827992911 309475.3754580643 1.0934001818980017 
6698307.22097373 2755723.415743587 1.0914464013409344 
759788.3124108146 674088.0834366414 1.4259213274098346 
144076.13460241552 100602.9512636404 3.167189780240565 
334347.24609676196 135612.35420530284 2.1672684127930646 
8012.563898285968 951142.5825617372 372.4161817104383 
8013.272196333288 247413.5152259789 586.0373004534931 
8013.243458730012 359387.62913134135 384.1332872106979 
8012.736264062501 262725.37469629117 436.95287951269546 
8011.587687750515 1097941.0566360631 639.632762537951 
8011.3472636249335 1025652.8983898845 669.7082764157643 
8018.376938660663 270251.1427214404 182.51729590873367 
8016.492812924902 1119983.9896939755 283.5023187418048 
8016.849686255247 438070.73926128075 211.05502273701714 
11627.75159611196 6694660.0230896175 1050.3741439670687 
8010.39668302714 904446.8288694653 1463.8280634333353 
8011.873248812687 2641171.7424196163 1666.2794870863167 
8011.13417522458 936113.9280509871 896.6665894558889 
8010.9277957171835 2132648.9175252235 961.0432670379838 
8033.168318577134 926746.3598422746 96.98120378831719 
8026.565982622484 453615.35252986866 134.9094477107533 
8010.229296482275 7010603.957133275 3722.475669664243 
8010.650505605747 1687072.458659111 1157.4329095961712 
8011.036033031523 5707673885.575257 95356.86655175615 
8010.360693218234 30421482.70549175 29029.696740682873 
8032.514877408736 87602.16742758239 235.72223340503058 
8030.374571892881 104870.20100020382 144.40245943599703 
8010.341687985456 5389756.058481357 2730.878780113618 
8011.420312752426 3346528.145027558 1276.517567325774 
8011.485672984812 463800.8867393354 946.0422634852464 
46527.74151790869 569680.7909868453 30.809039674533565 
8010.562414705124 1381251.5414681025 1194.1729332979605 
8011.082065355741 5902832967.12026 216868.33550717423 
