8495.320672665332 12450028.544733047 592.1853585995269 
9022.798046167212 3644625.317010769 774.835811872877 
14375.334810988483 917838.5249324166 116.63852362065217 
9039.06495267338 3811076.128372182 462.86890036475734 
10294.963437530547 1257905.3722858473 343.4705565789678 
9021.196062488045 4196856.719816533 817.4491542200795 
8303.483926221335 13810682.770231958 642.341771007121 
10392.323579538566 1548161.0982081383 284.9792295585155 
8330.187691833507 7546996.895343059 1238.3570674154237 
8229.40941149342 10508056.678931728 695.2626706973749 
8180.708021524864 23319669.765743967 980.6541606077824 
8324.45895016204 9642908.300363488 946.6185419578268 
9331.234555057083 1758800.738564459 510.76803026782073 
494964.40127390745 6722763.672893599 15.096173360303334 
15172.077830105472 1419708.407690439 108.49683021690304 
10035.552450026593 1572706.765370244 278.4534743459512 
9862.969582777512 1888210.7452291693 195.1274684517644 
448720.2290211264 6706596.152498117 16.504088029274612 
8554.3933153994 7219490.038700207 582.2217980638057 
8128.096182494223 14431408.026545428 1490.0918464269846 
8831.534105525514 5927419.396519559 486.46122602934844 
8162.414723083997 9444294.204752326 1299.4059891076859 
8623.478196750237 4437131.154249461 722.0138853784965 
8206.768607206202 12559682.750848137 819.043105976279 
8119.697525988981 10356926.971854515 1548.097524857093 
8255.227555358908 10151568.252269745 834.9969099211852 
8518.941264033178 6210565.065743691 693.4698612224753 
17605.714447253446 820480.8373437094 88.62543852670426 
8407.036893257251 6364255.447731666 750.1000947651186 
9120.215649546575 3400459.9388330914 512.5603849240146 
8992.786232723785 4319354.19904528 428.20671112728974 
1045024.5227736544 10353979.68781288 11.563963620909831 
8305.60222125126 9993588.015886743 825.6181733707639 
15454.951690269912 785602.043355906 106.81962933034612 
13736.461598115975 1293935.8038412645 110.88895641133823 
12461.004362128493 921006.4704608659 137.83180674337095 
8185.701488396952 13187033.203509266 901.304219683373 
8156.141419343346 13262174.470522752 1004.5902812026429 
17623.68675807266 965554.6770877875 80.85060642019877 
8086.021104996691 331167670.6489216 5510.111319340758 
16168.753668013354 668681.6414192826 118.87480600923053 
8443.51946630109 16242046.750288378 568.7291895587541 
8097.324914634751 57601183.077210166 3150.246295995205 
13722.953886259209 4388837.48165634 102.17715819898982 
17340.05832524504 930732.1651722499 101.16340154850252 
495457.3805817562 10847004.161941625 11.554380450085056 
13579.907054702662 933978.7684843981 133.26831698134936 
501575.19558774796 19905231.768199876 10.67135524824181 
10475.975173136103 1250133.244468268 258.6372646698867 
8095.726434392709 58717352.285081536 3151.1954398333105 
9796.342018907442 2762085.0036447393 367.46536036633677 
8589.831836262938 4993754.684847731 576.2921877345657 
12451.236104755773 697997.0837725229 142.73060001888194 
9796.202145270368 1557974.2614163137 460.33026400694683 
8565.406885190983 5126331.065657762 525.3459352138086 
8389.067682422083 6691236.100795078 688.4409809814626 
505285.0294509564 18665741.562137697 7.463304416599469 
8704.149463896181 4937874.515911516 602.0675547812066 
20724.19138727038 618997.7123850246 50.88018827479226 
11311.390801530648 857973.0297662311 147.43740001084814 
10349.526537502417 1328013.2512613428 314.6523391684799 
8093.321772584447 34783259.669453345 3622.231646154423 
17821.841563930193 645939.9342289045 63.93457005938464 
8094.132949666907 98514974.28398368 2677.6783376453377 
22644.101722485924 778055.8052238069 29.76273071752268 
503319.6561183516 10703948.901617032 14.990646275791724 
10557.453928931835 1632989.3616435986 231.7245945686712 
9631.833867210833 2649345.058140982 398.447640328534 
654884.7280079478 13485133.758036282 10.521995288948283 
15475.768555558636 780058.4359504237 105.60673200604442 
8331.59884170572 7387598.4526641285 602.102017579692 
8204.504540100676 10083705.900866363 1025.5488193524793 
8325.940610469816 9550945.646346051 1032.371259999074 
9119.250697041041 3475057.9295189735 802.7962207251107 
8101.094311912899 19708198.86224004 1901.4014749370326 
8991.254121518186 4580514.626659159 565.0274874361589 
8112.9866877066725 42903474.32991098 1805.317027019979 
8123.288952681743 14432871.591780916 1510.419711396125 
505950.0630715879 18598055.166952416 8.688760767105352 
8308.75647817394 12103291.768379994 662.1841335763057 
8142.998730907651 13090333.179229073 1145.8678895478747 
451834.1137365523 7558035.362324068 15.156332155157303 
8122.321362584795 14822868.124107584 1409.6275517169092 
9539.979484792299 4303354.766887985 397.1619975925906 
8635.468470296131 8132835.271948663 453.7815800909103 
504375.407125375 18699517.3335447 9.867986124550578 
8087.965330493763 248675566.5271739 3416.267823180433 
161613.90547367686 3381625.9410433737 25.254380361886255 
8113.18136340068 27432292.9729456 1681.709329155867 
8096.635657243362 68912966.10283916 2199.168202818288 
1186546.0360862403 15858832.25939045 8.198584477594189 
8133.498021490035 17008366.146518394 1239.1242540469932 
21267.966515067903 709703.150003288 75.82329479997864 
2489258.905534588 2131094.70603352 32.50654352489993 
8106.071650554546 38822121.26162146 4481.608638923664 
510465.8517506612 18797447.75978613 9.422400965475973 
8092.354299289911 253691164.25868216 3890.1928845188563 
8100.51091873081 112452394.61408713 4204.558085014099 
1122364.5392786472 9726039.9737172 30.024682308630545 
8106.994943836917 29098081.265215605 2886.3357652705095 
