10410.792171871604 12999601.95422531 750.1469457634182 
11175.335729187056 5486799.4471545685 628.155904991142 
11271.019267438993 8095195.831590501 1217.313044052641 
66264.76691135594 13887065.877937295 481.31091625765646 
10341.9187969021 8006851.543755885 921.5659946817477 
9746.794809006438 665004226.547159 4845.745974311651 
21931.818584975066 8649942.755964406 517.592851298594 
10131.061764296384 9058085.855887575 925.0716052281242 
10609.355682387271 7036817.235143095 828.6667945429078 
23349.950089321585 12244782.80357299 926.8162689910519 
9442.205804386293 17395686.14106032 1812.0676706800486 
39484.40733402848 11895800.478523869 400.3300439854372 
11876.707479636863 7229962.374668598 756.9805686866476 
11320.637054517063 11354644.592801493 844.5706200731387 
29335.470203764176 5211662.387164977 398.90186667476434 
42494.185915226284 3277170.460686331 129.95333906980918 
47212.763495898645 118010850.2591681 664.9615657766848 
59611.23304203537 10447626.82927727 446.5214439372397 
37489.55165256893 7315103.98504334 395.26430836178844 
42998.119282395215 4896251.154692326 286.7326060381808 
22498.11503470703 15812761.43362792 584.8162270254561 
11424.808460815348 8261634.830163093 924.2105598046969 
10292.490012324668 58977938.0205726 1691.2810146052043 
10223.535323491342 10267649.586398607 1041.8267071504633 
9200.058175979591 394389481.7652637 3541.29714437638 
29420.421908966877 124124276.5569932 2597.2811921168777 
35913.85846113645 8511459.552910045 419.5409092544813 
11374.261666561059 159370207.01996136 1497.61765283853 
11589.684283223332 314480676.57199955 1949.2602678610003 
41005.31137603363 8095671.686793111 325.52245959598207 
29867.403444218107 10601909.18370521 524.2030038405824 
9946.662606313135 65848934.95240037 1711.944515630198 
29774.648755204315 6072886.829721016 280.62521922654787 
11152.226767960712 24022463.055165872 1313.4397684998567 
12659.64553611149 17888063.413510256 640.2635853464976 
11215.062992729034 90741888.97015585 1179.1262548782936 
31010.81429612358 24452482.010580175 546.087321113021 
48447.01944584291 30087851.043566912 271.7284399878134 
10342.749951911936 8976782.241230544 1183.0589434896533 
25336.90494460332 8545305.87811236 430.6015975936273 
31890.600897001088 7708115.196446412 404.6248546569769 
10871.880859745062 45195996.77819724 1889.9659643635305 
28765.000428962165 7176723.802099877 414.0576735347013 
11637.705145370293 4217852.874572274 659.9387362574923 
9627.692697820643 39683001.11898448 2160.0936706846446 
12943.854699385818 3476414.514092645 483.1722116561439 
10428.357170611602 33459761.497775696 2436.040250204593 
43382.6627894962 20801010.107327197 767.0971909597217 
9173.958043991199 19155316.081167594 1330.7824205276497 
35913.79048114255 17702928.73923158 402.68717010427656 
36140.28430645941 17852712.79316083 254.91951359823918 
8965.585258726078 64682760.54811086 3384.9584749075902 
33635.22410120386 4034164.635797172 289.2965173859096 
10018.558057507611 110856050.57556832 2421.2136443322206 
10618.912034726283 7601361.523589883 668.5405931041312 
29618.050282057553 9999559.918626392 533.5908686716164 
12035.046043201823 15757333.87489809 1153.4406828865701 
21311.640756538494 29956682.843323372 996.6208147616203 
10290.864419270916 12938649.098972453 753.3240261131813 
11640.462622416422 6957620.748676237 679.2804463087292 
20357.426624052478 24996209.225729037 484.81792297711246 
10478.903841961226 90843200.9923605 1672.8563950152268 
29028.989634759986 4298046.113084849 333.4744872031325 
43877.20870092283 9645963.056070937 387.4817551934205 
41076.588393198996 5263802.008477353 288.12369339027055 
24884.997855667272 5665537.706239936 415.26227791117697 
30186.895919406033 15918080.680100346 640.2609812820697 
11699.61020522394 31536881.45044289 795.5934378753639 
28423.14519801841 7409493.162966755 564.9874026318904 
53946.686895823965 11357200.697643926 461.16425352431827 
10018.233821183898 34359525.12898142 1123.7516103870257 
12422.291668894726 6890043.56960564 641.1515791030274 
11501.465645888771 13820953.836482652 1050.1476960535933 
10903.986375988807 11588277.480340961 804.3980006661335 
13210.334059426357 8426471.321993215 594.8308711527634 
32210.200821235358 6551422.998094746 375.32036928264154 
10660.721026861558 21997892.470646203 1136.9211548238986 
10693.61480047819 18441648.83765138 1397.5837412515034 
9915.337722086082 40827182.68555728 3767.5703042950036 
8730.152864418542 176298720.6164302 1671.9199048991431 
10453.336951794245 10085690.968073038 814.5433866222612 
12205.170320106112 16392297.88790987 714.4923803025463 
33304.07544026008 3770390.318250087 256.1582805965476 
47098.72646818544 14122531.514318053 460.6537749166656 
10651.10265349763 30044368.09823335 1066.08362226579 
22946.4940040664 12835174.385445848 736.3900083732094 
26633.847731533646 106806225.56234615 805.4580235148271 
33659.44947549655 2832096.902839858 174.31570155229429 
9980.032512161823 19888789.95226168 1807.669092477563 
9412.869985885502 32744638.982758526 1287.5047182511755 
28397.800062288537 5538963.62331403 417.93683113110063 
11742.938724246147 30420983.34205294 692.4537958629603 
11942.265529980066 16142243.09506739 1320.165446913964 
10352.161449796673 9488511.375775585 1294.8194272129203 
8762.39411418217 54900174.60732278 5589.308768944729 
9392.641356761693 21440887.84624705 1286.885403607469 
47907.545048252825 5625084.909691201 335.5079586558242 
26327.657689582582 8426255.311158175 512.1520847497598 
28158.477071581332 4676123.350627061 341.5602036126571 
9456.31432000225 61011004.79272287 2152.626874458088 
