13032.613965666693 626597.4785791283 120.44638634246718 
8931.998532138452 806412.7685078996 122.58377661101973 
8429.735125622068 1856853.5786028455 257.45282929507005 
8102.976445920478 5289358.175601543 687.6606061334454 
8467.607839557397 1852767.2197431293 187.94953580107608 
8405.780982827862 1292433.0734013296 322.59540317948995 
8363.398849985217 2016695.519378262 265.41141626818387 
21486.734881930395 754633.0672513676 49.471612952247526 
9014.860161194658 1091753.622934906 97.74365469917231 
8098.156357587316 8348981.463391622 777.9771567693973 
8414.993969199313 2183620.12555716 244.384550174117 
8448.399182937384 1117145.49401702 211.15712301067907 
8178.951441463737 3436976.200898969 256.77951115465294 
8761.619153402113 786188.1842173031 129.71712580761928 
8225.563305753887 2963179.865509495 298.9718149799914 
8637.295939894204 862340.0769698353 163.34882584669424 
9484.491162318085 690220.3494411388 115.30053388032208 
8242.596041185427 1926159.6420544256 361.56751047321086 
8797.705046675972 1292623.426692214 74.11633800373126 
9088.060401836583 696214.5232080221 84.10419972316026 
8205.036903209042 2126067.5760571226 377.1302849833574 
8060.586671845289 10016211.917303909 1483.205973725691 
8069.426247467332 6976065.1078746375 928.2513566091222 
13151.831014504205 534208.9018438585 73.91449313995022 
8107.901559150319 8788425.50068867 435.59602359108897 
13173.275200715685 475120.1380113617 74.48526000493568 
12909.156466359645 651334.0604907409 119.3908729646522 
8344.866959200093 1663750.1491585255 266.475916079002 
8113.9319565488095 4975498.287222001 612.9626159521706 
8088.427027771559 10636349.179670513 723.6281508533859 
8119.142038585302 3184760.961228196 540.2894806209058 
8025.115986004703 77893526.45166987 4644.559230073004 
8262.663792433334 2404694.9473033585 277.2134724316258 
8125.659770563128 1469800.6072271937 379.92167587775987 
8547.978716191632 597993.7393064614 170.81881889892844 
8796.643803152194 526570.0610773722 123.58414148966037 
8047.2922310287595 13098355.008738315 2004.367797205993 
8435.138971268565 1415710.895860767 312.3306643620326 
8046.67933495838 13730364.624777349 2013.9762285082602 
8266.44516724103 3714942.272230223 250.00079320964295 
8506.113643204606 1310096.595485299 204.35041165349838 
8021.886410420719 130900728.56687438 4386.268906511183 
8047.4476453546395 11704636.53972538 1293.4308502807032 
8812.81762568492 934053.4941372615 102.45373366739301 
8034.449737380369 52552129.98776571 3479.614632241165 
8249.562691776648 2114843.3707812764 280.9659484748813 
8460.934642733171 1967676.4526526828 172.54753339231243 
13251.475790119897 478174.11392101465 74.67403345840468 
8044.6517400422035 59087066.07238147 4523.3793821082245 
8039.6428818720915 192119308.8757804 4411.605677065953 
8047.384665931317 157162661.71339422 3133.7706291849045 
8048.948275134493 42145930.593380384 1635.706382533263 
12953.772848463239 859360.9121911392 99.84542278780442 
10364.998440828716 733339.1314380617 142.01629787439094 
10277.70831501911 843046.493485483 135.3108216114945 
9027.719743570251 1032285.4644313958 109.3016827256038 
8110.935404321111 27448469.44796002 639.281648385676 
8113.3106992291705 15826833.915345795 700.1202088190072 
8050.153758348469 13539228.00800542 1364.657917826179 
8087.607140406042 10444272.543860884 1171.4200256622762 
8090.196913664447 7754732.599785518 967.9981373289032 
8099.189724423492 11830920.5826371 877.0776455346679 
8091.05695770749 15342676.976891253 779.2075103481314 
8121.346921509159 4044477.3340055826 554.9839673700518 
8082.610801428471 11566580.467097798 1261.4380790716648 
8076.328458175474 9793672.515088573 1291.277420956069 
8106.3140823190315 8047719.381905563 743.8287734131793 
8067.072553555507 13518857.751442555 1336.303279414377 
8587.410131867364 962470.2472167267 208.49685422110824 
8672.667769684336 1151136.0641349854 168.2503726063196 
8481.438652476929 1946091.588615796 224.4580060496335 
8174.372071198464 3283317.9960641162 413.5338431300747 
8241.37592515924 5421291.140907714 397.04413477580255 
8090.219822689233 15776893.736913772 951.0824289051777 
8136.381445956137 2177468.7808080297 499.7232188773031 
8776.329486039134 3862427.388326838 149.40367146596932 
8286.473422421606 6133227.45384042 342.20796383336113 
8416.49143447354 2391432.185157374 266.88294336915715 
8978.184017774998 549631.8681541937 157.18676180793526 
8162.816954211121 2206453.233005815 437.9625781702856 
8145.275294419285 3982128.018630447 476.7919096637511 
8353.844435231837 1677122.0719004353 297.88744058265456 
8258.021145858707 2933826.5477428483 351.93741713109426 
8546.217003386511 2792910.047981424 215.80371089135605 
8431.642230615427 3499137.7536656577 252.70293616734637 
8294.651680577936 5048652.705990966 338.7720659573831 
8879.912983562837 1852134.6046017054 140.67539498714038 
8930.579144407207 1862336.2963774076 124.1491628450495 
8553.079024506784 1014415.8411554055 181.6382404927399 
8946.72047048865 1387294.1598951432 122.75394141425237 
8718.923548007571 1003706.0193435089 170.817778198495 
8736.817839908892 764846.4428925093 211.9871755935419 
8442.169637921854 1824775.8336963851 272.15114912388856 
8323.304920927296 3242034.6298253215 279.5359550151834 
8826.82769807004 1025992.3911331713 145.41871653935968 
8301.650734937177 2197407.7075301846 313.54820493517514 
8855.375129462773 915696.7915236664 144.03699738115975 
8326.805061267434 2738447.2075797636 297.7894123003816 
8324.680172893968 2043939.7585867636 379.5682450408413 
8345.90424226409 2227155.251993872 313.3031893049688 
