8132.320027200249 5751471.06095555 648.5110536510884 
13032.613965666693 626597.4785791283 120.44638634246718 
8931.998532138452 806412.7685078996 122.58377661101973 
8132.400451923821 5154736.176693941 774.4929783959485 
8429.735125622068 1856853.5786028455 257.45282929507005 
8345.90424226409 2227155.251993872 313.3031893049688 
8338.856944276973 2621433.264354702 364.4907114630207 
8324.680172893968 2043939.7585867636 379.5682450408413 
8102.976445920478 5289358.175601543 687.6606061334454 
8323.304920927296 3242034.6298253215 279.5359550151834 
8054.1404568442995 256953917.7648305 6317.756281686182 
8162.816954211121 2206453.233005815 437.9625781702856 
8467.607839557397 1852767.2197431293 187.94953580107608 
8405.780982827862 1292433.0734013296 322.59540317948995 
8136.560304631526 2591458.8824258465 504.5109333310386 
8363.398849985217 2016695.519378262 265.41141626818387 
8110.935404321111 27448469.44796002 639.281648385676 
8067.072553555507 13518857.751442555 1336.303279414377 
21486.734881930395 754633.0672513676 49.471612952247526 
9014.860161194658 1091753.622934906 97.74365469917231 
8442.169637921854 1824775.8336963851 272.15114912388856 
8098.156357587316 8348981.463391622 777.9771567693973 
8414.993969199313 2183620.12555716 244.384550174117 
8054.226232852165 47058677.170246825 3422.890921133853 
9027.719743570251 1032285.4644313958 109.3016827256038 
8076.328458175474 9793672.515088573 1291.277420956069 
8174.372071198464 3283317.9960641162 413.5338431300747 
8612.099913971615 1118619.7529532968 192.77113224554927 
8573.911357364681 1608581.4159860548 182.0825714745679 
8448.399182937384 1117145.49401702 211.15712301067907 
8930.579144407207 1862336.2963774076 124.1491628450495 
8258.021145858707 2933826.5477428483 351.93741713109426 
8178.951441463737 3436976.200898969 256.77951115465294 
8097.148900271536 11671959.650670169 1153.711743944843 
8292.004094509564 2113698.515247102 614.0006966736792 
8761.619153402113 786188.1842173031 129.71712580761928 
8121.507330510519 11152640.471349195 567.9677362857652 
8045.201524551361 618114669.7957491 7012.8550443808135 
13251.475790119897 478174.11392101465 74.67403345840468 
12873.577784992838 707407.2623570943 162.2379459528768 
8225.563305753887 2963179.865509495 298.9718149799914 
8091.05695770749 15342676.976891253 779.2075103481314 
8637.295939894204 862340.0769698353 163.34882584669424 
8134.239771922468 5800055.444582629 569.7286524213084 
8145.275294419285 3982128.018630447 476.7919096637511 
8058.001724703837 3491690187.485462 14774.753742744235 
8054.302569269094 1852473099.685585 15568.187937409592 
15299.093396754128 654721.0775232345 175.976255869708 
16719.74890171895 701804.067964817 83.0624611409329 
8060.716605761412 122514932.50608031 6249.827162064432 
8093.784377213225 152951743.1080854 1330.3852925079664 
12384.734810803457 793109.7374881043 181.39706318837545 
10277.70831501911 843046.493485483 135.3108216114945 
13924.161901250416 688323.3790394804 113.4742294830663 
8069.373326157369 29628565.279150367 2116.5258672498344 
8946.72047048865 1387294.1598951432 122.75394141425237 
14824.980956347452 1210204.2940708585 109.7728930506516 
8069.535682978392 49929432.49176346 2039.8752232290758 
8098.4508033851935 20140175.90783387 1246.3676109922212 
8106.3140823190315 8047719.381905563 743.8287734131793 
8105.713123828777 13374015.436829362 1659.775959619733 
8074.4712984432945 15445344.330157276 1649.312733064292 
8855.375129462773 915696.7915236664 144.03699738115975 
8199.76044931741 2795820.1615039115 605.4300936915696 
8314.487251646178 5773088.460747259 335.1289958555207 
8416.49143447354 2391432.185157374 266.88294336915715 
8241.37592515924 5421291.140907714 397.04413477580255 
8070.666622435434 31035119.40985653 2080.2331401771507 
8126.228169775941 11499263.825141527 701.9055147383739 
8472.168065975975 1991043.0534220226 325.923356614697 
8590.110747821107 1448288.0250484878 237.33925436671274 
8145.286420342702 4750151.269112766 557.98696856464 
8627.379932852662 1278351.5205982155 296.8517203760398 
8513.228741504747 1833295.8820802073 281.3339301747052 
8232.882252367548 2315842.95524259 439.95820190096197 
8738.94990656629 1248190.7132917636 230.8842208913905 
8816.227189421264 1107383.4755903096 195.09310670059259 
8547.21418543872 1450027.8857379996 302.62269322376136 
8160.748074238945 5071724.235538721 491.1877381758516 
8338.040406522094 3156440.1308085695 365.85488831764167 
8776.329486039134 3862427.388326838 149.40367146596932 
8396.022921252144 2632133.255103077 326.9426250214624 
8669.89825716705 1711701.837031913 194.47011232205682 
8546.217003386511 2792910.047981424 215.80371089135605 
8481.438652476929 1946091.588615796 224.4580060496335 
8367.31594972525 2844612.039461292 354.7828504242516 
8184.974256319874 3423306.4929650966 478.0891314228576 
8703.832747024464 1667239.3980978997 167.17595989956826 
8603.210906878321 1342760.9124935167 272.08415903813705 
8157.337657269312 2879661.804233717 572.7842409667435 
8826.82769807004 1025992.3911331713 145.41871653935968 
8170.887264003601 5017611.730671416 443.02094850113724 
8328.524410119724 2276716.8948723106 385.7984861928664 
8131.0266308215005 5872388.328672377 715.0395003649634 
8121.615436886175 12829677.23649501 730.0629330446417 
8180.2318384388855 3438914.6060798788 399.94905990330994 
8704.624932990413 1261139.6045175313 180.28347271619347 
8369.596901186129 3169732.1847000723 288.5960056573226 
8671.932286787236 1313164.7474089004 267.37069443553753 
8763.814130006162 1097569.6442654843 230.67156403584542 
