8157.417837678735 81211.61409741204 15.045191097492541 
8190.206747365102 81849.07312223353 0 
8010.011242882735 58158715.13106988 22818.248579440733 
8010.011206636698 74503645.77575769 21520.76702846605 
8010.026027148604 94542734.05152579 14346.984658374571 
8010.034349398583 87404215.97717607 12483.47856478896 
8010.027165788299 75135736.69942822 14052.436484889262 
8010.067900452729 24079031.650080148 9175.564754752648 
8010.039795908682 28673120.956808195 10417.576410282283 
8010.234013018042 20666665.42785369 6882.093243150741 
8010.038032054868 33495986.56064823 12082.716041917774 
8173.549454236525 126257.12843322963 4.261744707993704 
8188.334656016083 87790.93710602997 0 
8010.026624890396 55418438.45242809 15184.98848283699 
8010.127112611297 14796972.96927321 7848.341767660385 
8010.031910474909 44244049.228996545 15735.657115513839 
8010.021763078494 40156667.348395556 16560.321535486386 
8140.397798856572 101472.33655082775 11.419807108876098 
8102.579308328959 111457.86387096898 44.72012396981337 
8010.023666081685 37649126.33297892 16695.882207821283 
8075.457845162107 126351.02579559798 92.30414735079019 
8010.027822854048 51186677.92802672 13588.011121118263 
8010.0207904021145 41295230.61891873 18379.119636920732 
8010.020980711542 59125646.22158083 17600.692697567287 
8094.89893219561 113063.93455068432 45.76663683207333 
8010.013311285073 46722076.090758964 22124.064183052862 
8010.020221600085 54412871.5010593 18868.663000610853 
8010.34855148022 10608016.794524956 5261.966004552127 
8010.0137863714535 43532351.31803009 20155.79775504883 
8011.102292148362 16686284.464890197 2646.0567943861074 
8068.415173376936 166993.9544520302 113.76262922700452 
8010.011395287123 68300945.98241037 22669.581367360224 
8119.75959488393 105008.18195936464 30.965770408623328 
8010.0178880361245 64903397.75049418 19091.070562467885 
8127.106663459434 88194.34569100697 19.479609729376886 
8089.8305308586 123110.22204148718 53.13700226519502 
8010.011976012103 65572756.248223916 21494.781371280857 
8010.481935226764 7272024.144566348 3980.5305495530984 
8010.757450950449 4428995.8112873165 2932.2613680991094 
8010.268685962904 12982092.47225256 6240.647286568291 
8010.013401714359 49457842.184049144 20867.651789054427 
8010.0141752507025 45918766.379363365 19531.83278511744 
8010.594436854577 6323744.9411355 3360.3430632594354 
8010.037440045951 62110643.13181391 11947.628980100495 
8163.206226489281 90249.48365043347 12.840847221442392 
8010.03746073923 69962279.69120038 11658.528388857707 
8041.645819190201 568761.2784309114 345.7059746054149 
8010.421768633195 9645327.52781845 4502.1130738189995 
8010.294813130733 41881770.202527285 5884.484538154915 
8108.742251566468 100485.439849027 39.201163310446944 
8010.061084925192 27220687.93489932 10575.902928226722 
8014.38628427362 12205647.12890945 1689.4551423365906 
8010.0207897942455 70116839.42460184 16665.811211689215 
8010.01262850211 49230220.167411104 22333.433076329544 
8052.897472030273 228961.0102703089 207.10141634669225 
8010.020758341876 45336798.958119236 17648.707300715374 
8012.100351259424 5992446.601141514 2575.2952080481286 
8010.389853780631 9243592.124603985 4915.234651345854 
8133.197993376878 99707.30921650637 17.65818511387343 
8083.506770472165 122793.18022540792 80.03434600903066 
8010.076950193592 23660493.973237954 10979.374794644562 
8024.072261957047 2299401.944549613 557.5187816035526 
8010.174715351351 35889678.96401967 7435.1020019604 
8168.122156424166 83932.36620644323 11.948284301872148 
8010.033077630253 60976998.39184838 13376.08350534322 
8063.431512381922 165648.10681264522 139.28581901038936 
8081.373719999157 124644.59267902978 124.61516610177756 
8057.423542035873 213461.6108288189 242.93217401234534 
8147.268185174943 89446.15235699232 18.68250019561501 
8010.231131067997 16336325.422723195 7300.6183697039705 
8010.0354795303465 27645908.008720525 13249.953837860348 
8010.012226734984 54861248.91008745 20539.998722480865 
8047.321651770212 262874.9898070782 236.4803185610083 
8012.100948050606 8094441.496954406 2075.7385379479597 
8015.399544522018 1545480.4368880044 885.5354975644213 
8010.03888876784 36809588.746898025 11049.551996595497 
8115.253103340151 101102.30638533802 35.920789041025074 
8038.09389467086 1012153.8489503711 305.91716888727166 
8154.546278259191 89512.54524260745 17.31494071584813 
8014.618268317671 2412235.1300649303 1386.360789456668 
8010.029171205266 57807808.8347244 13585.57132794297 
8018.119521213044 1510868.0447882044 870.1052779871259 
8014.085123321136 7508740.564843002 1981.4381478560679 
8031.014309547866 416846.4816707838 480.0651872452837 
8020.736177264583 1211134.0230275204 1152.7389231821612 
8060.336984167057 171204.7962237345 140.14789238705933 
8012.155877299807 3220529.360830209 2064.22447409662 
8010.300220286794 14359326.775112633 5964.461355909917 
8131.532323653366 85305.64067089303 21.664217016513067 
8150.418920059712 100908.63136901322 11.986371956150021 
8048.761045009569 307769.5598761125 216.7693651950821 
8035.847534104063 457233.9570992902 388.10809117907723 
8027.034000445195 858677.2008914594 750.8270424164634 
8033.359043764665 1165803.1187963148 453.4697731225957 
8022.248355114415 1095080.6484181713 1143.812413811969 
8171.648328636711 94279.81227808655 7.602402792597256 
8027.70876741163 783673.4955153975 779.898938939018 
8010.127699586268 27717492.33908012 7559.713997585954 
8010.03931547948 36832829.89445036 10791.987567118913 
8112.342872879104 102966.66385730094 36.248135391141126 
