8046.855003421006 6528079.889528588 926.2418457952317 
9639.483731289058 143999.90923141688 0 
8795.173908668417 208038.52363405208 11.435659981744593 
8048.409251350398 5119827.485361237 813.5940422133847 
8532.075887469367 186052.86465080178 12.405976747401487 
8054.455077926908 5974299.093217206 439.63314064364306 
8048.549707907559 5311286.8887097165 805.0860866403368 
8049.390393210364 4326214.135673082 714.0921538484963 
8046.996397818057 5466912.79165256 710.482767052098 
8053.546855625684 4019144.2669120394 465.35586629641466 
8052.845855947208 2934826.223795041 506.17783161926343 
8050.793040259392 2632312.042536079 642.7845582298148 
8080.9722931977 1120318.8065318821 304.09641440017197 
9517.618941572873 145111.21442108805 0 
8050.586455758496 4452514.299988154 698.0040227748414 
8058.726449064421 3791226.8464210313 383.2193301011542 
9004.976076802963 172831.1136438651 1.9406317936857835 
8085.517425802151 1052985.2472281219 265.45476746862835 
8136.295345947425 1393791.3810026997 228.84249661919938 
8879.089349618533 201609.1455695711 7.373061606553308 
9380.001101045244 155495.81201107692 4.237789746572219 
8177.080090206204 1876920.8652270266 174.280942675499 
8241.918235171848 435272.5475063885 108.52179177801898 
8052.37963148886 3149397.21037871 541.5184414909953 
8286.071510580574 408080.10002693965 83.40908759834127 
8051.776494638903 4576445.123217817 550.4442629206833 
8199.616927612029 809346.9127886761 149.38918027302265 
8052.133423292287 2270502.042283573 671.517643355297 
8065.155585654496 1483013.775111006 364.4292713753168 
8094.880425151232 695506.8375886529 246.54730549147297 
8820.388760176927 204681.4667556645 10.545923670667378 
9090.745450587397 165123.29818690446 2.0917906531834225 
8056.258666185007 2569377.7740299497 407.94702424632305 
8341.295303704534 323539.10910153924 55.079388083169704 
8067.749602406163 2394796.8610612336 325.88502095134737 
8077.474087555807 3244118.1173517364 281.3912377584021 
8464.89732449293 269576.3307514018 20.1121650301558 
8048.977090508597 4720359.581787233 637.3361268847299 
8050.0210079682165 4950729.328831058 584.913741880921 
9441.465596947319 149937.58768316658 0 
9148.906084389642 163866.7274675343 3.1137326867543327 
9303.182554214065 157441.03069225926 0 
8051.95718142751 3153901.823934184 513.4853588137511 
8054.117358652591 1917959.0653301212 614.5579422002415 
8142.418387079799 630529.7673593662 200.69008013159495 
8052.54324911371 3490816.0023260685 491.58200006884965 
8425.230777350185 303926.27292652254 31.85697389977161 
8050.888637227756 2462359.8472930407 599.4479983663574 
8146.16391634251 792239.7703868663 178.11056171576823 
8400.595814546901 295204.7683452322 46.59331854990098 
8919.583627955537 190900.01149622854 6.2167600521254105 
8232.843321093671 659630.7852275362 133.98798284658864 
8050.904822566266 4729915.619307243 564.9323615643627 
9492.798568216109 149742.60907395705 0 
8183.582969392975 855710.8445212425 123.02920892754332 
8137.508856124563 947304.8635627194 223.1246184323785 
8134.725071253615 2160976.00732006 216.9356659023279 
8281.063713000616 445028.6758677816 79.28490439437951 
8059.573240430603 2279961.627180733 390.80440245134184 
8055.69170137592 2014361.3147484306 424.18801679798986 
8233.156815864893 512391.16985173954 127.47601502261104 
8132.2246899172815 2137630.091200004 233.966428528127 
8380.453997362658 295453.9823662778 38.3401645699122 
8054.008962472164 3574208.8029553154 476.7159634110874 
8951.015830107775 189034.52452361537 5.214614298936287 
8090.66284908894 764296.4281031904 292.6741529219451 
8327.969963660524 623973.5311776852 69.42778535206155 
8307.743098637127 804459.4728835089 66.79384895314 
9407.88297325839 151333.0307234756 0 
8065.221705217356 3312419.1536238836 337.79569698888747 
9205.773892011277 160637.270251268 1.043868583665177 
9096.343797088375 166398.4432030776 2.062475724525286 
8056.642435791986 1591351.7031180789 444.91246674562376 
8983.651381070069 183909.36761509033 2.9466994555295876 
8063.108807319413 1812530.3314892803 347.7353870359179 
8055.616329019211 2132009.345716759 433.8384222085126 
8051.5579289222605 4857591.184262912 543.2113773341866 
9247.191792137484 159901.526340955 0 
8051.872754552942 4335051.4754852895 592.6436378439331 
9295.772015768402 158895.45677091653 0 
8051.881241545903 3544730.1452063723 575.3705113909389 
8358.54629355265 306301.5313141635 31.888219379124806 
8061.2951535733955 1753528.2918169245 378.85462839056527 
8055.4331222656465 3356386.097612664 441.8515222785361 
8321.293286552846 711100.8541194168 77.31756540992045 
8054.354816295825 3267286.3079452543 449.7878139380452 
8061.538139992299 1722550.3633423294 352.39540533781025 
8053.178125241012 2268971.1339668017 485.51944639402024 
8514.4536960826 245490.77370605458 18.724187863725003 
8497.125103822003 259958.96634020028 18.16933148697153 
8201.844662610383 789948.1648686472 176.02500956637707 
8062.620526182209 1669757.7626113843 418.39191802935335 
8053.6789990479865 2383255.0666949907 478.58001820751844 
8055.474279173328 1952076.5080704847 474.6433954506411 
9239.171148997875 157894.77849276472 1.0359721349761781 
8135.972098304703 1657644.8422274054 241.91275220938374 
8497.151347550369 254612.21020571387 23.151045586579837 
8239.360801512043 657815.4450838917 116.48183447215723 
9178.45440582099 163966.03966298467 2.1937932922140133 
8060.676774879548 4895404.901952474 382.704610391472 
