9065.751027370276 245.97015996195066 0 
8010.209273241741 754103.2964144439 1732.7796983610529 
8010.229140618514 744786.0143908083 1722.0571579541008 
8010.301878324751 371209.757147023 846.7159988799037 
9053.942014282089 255.3733278440878 0 
8479.606700937784 308.2299757163463 0 
8010.30071381909 371702.33179447707 847.3192046970369 
8469.637380744573 342.39632428625856 0 
8010.328291327532 328467.37198281 805.9701279910404 
8292.439757307719 394.8777493112009 0 
8010.414800115681 288587.6507636313 610.5178375207689 
8010.346781737515 261188.61801051037 738.994036119234 
8010.3984600189515 221487.47823039955 693.3030993567627 
8022.245771842531 24665.643116226198 96.30555696227822 
8010.423591874929 257445.5071611041 604.1077790238128 
8040.828943285578 15099.717850180949 111.79722811797745 
8069.100189448052 3521.8754077286867 27.352362579792484 
8228.840148527785 583.5141359546939 0 
8018.064522811107 31902.384756283336 165.66052891410476 
8010.482183930112 182162.27267536853 639.119236238317 
8010.577532347975 208249.65618056257 514.506152902987 
8190.035922883038 850.6059752139764 1.2295001462216455 
8265.816907957858 535.2055413322323 0 
8010.466078404117 197134.72292963174 619.2306647351755 
8010.691856960439 134756.83749215316 431.2341690931248 
8010.398723761411 221178.5416099901 690.6471191190592 
8010.660153261306 147196.68952538873 595.4603535830611 
8011.613909000748 60906.19653968592 283.17974131487483 
8124.770893114737 2186.9382645521778 3.783693206626762 
8010.542432070239 189006.8267216503 635.4155783042453 
8011.420725178046 72115.1290695597 318.16614059917856 
8012.953824924768 33103.25310232575 183.1088845609845 
8010.5240096997195 219841.36658402407 565.4715051113213 
8149.383131738743 1083.5648130355455 0 
8011.517970572129 66569.18870129352 293.558873612619 
8214.313564254042 675.0026888712498 0 
8050.38579229421 4078.3842440036383 24.829586655637165 
8105.136858511335 2226.147000599944 3.741643648446154 
8160.698646038092 858.6713193104001 0 
8043.452055762547 13675.459779910088 99.20585823616949 
8010.557780355455 168454.8091218914 549.6375316807894 
8074.561285646925 2912.968952881887 15.57862268462285 
8011.767588008277 55624.02522295451 264.00894839149845 
8012.653255149509 36369.517149593354 210.29250521082753 
8010.591033570075 178876.32023557718 547.0584950243722 
8011.050735695184 93877.82442463143 378.9583496055852 
8027.256665597535 22979.480548009615 102.56312971072722 
8010.351227395536 260087.9023567589 734.762889413123 
8130.143278673688 1220.3733678795281 0 
8010.800538994281 121832.62085831017 458.93103902274987 
8097.1001899609 2663.34810847985 16.7458935105062 
8010.84292621127 114971.47687683877 483.76861498697104 
8198.980682216123 719.216911582498 0 
8011.029698037861 102254.48505746781 400.17414952572415 
8010.9253218658 105006.40672510129 448.31277329193244 
8010.643232786562 166350.84171498343 534.6316511727305 
8010.830314370335 118948.91804206253 497.8756170738107 
8057.157001006059 21026.685734379484 23.10453120420847 
8281.945207892528 469.829542010573 0 
8012.160686800915 47016.72414666565 260.0479167567078 
8012.597222287369 37542.3089997703 219.02741117037525 
8011.204591875092 79385.46119598945 366.28514984126866 
8011.198384389679 86378.66004028534 421.1752248129846 
8012.456759601653 40827.69821136669 234.52230627776518 
8010.719939730566 130523.95337509534 528.0117038907442 
8010.978852009666 99594.64981974763 409.80787428850425 
8015.328392304737 32058.079933564186 171.44399191178732 
8059.705927231828 3899.0364301535596 22.58871782746333 
8269.254423417131 522.2211382974036 0 
8011.275708970761 77115.36709637236 340.6708035345546 
8010.739489898846 131053.77869149784 503.9690519320504 
8011.828323921334 50714.684237743175 243.41170717057233 
8010.611507892912 152928.20851553732 578.584592640162 
8010.951359108159 106430.07011734672 376.03600310053287 
8010.886754953404 110660.27970520301 465.47574502219857 
8011.455533674424 71806.18934283877 293.4394074373341 
8011.308230374647 86434.07195843829 335.469411755932 
8012.046133536354 49432.24311174627 234.0604816163201 
8010.679998325293 148238.9811549023 525.0934789239219 
8012.042364153048 47623.05962278561 245.80184245262 
8070.207625231818 3080.1646943678015 14.836743481274848 
8010.6734683649665 156288.80768346286 572.1133818034268 
8018.2009621787 23342.16992169232 109.3805452234999 
8011.1770787874775 90076.55375270935 367.2713944326042 
8011.2522578376675 78165.06044250987 352.1502161623554 
8011.200458065941 89560.53339054753 348.0494998057419 
8160.458067082103 861.5016743463019 0 
8010.628385747447 160907.56631105446 573.1935439401146 
8010.883480272396 111923.55126152048 473.322678203218 
8290.39790784838 399.8368337278289 0 
8010.9769684105395 99903.69430624068 426.70053345948884 
8010.648071151623 151211.5520272177 617.0577867998422 
8097.336252674568 2657.8631530939083 16.736318725000466 
8010.935144013768 111605.45407456138 404.64980742643206 
8010.351480689511 259854.35715838 735.9772418468398 
8011.199428594213 86580.3602823479 351.7468343167339 
8010.623848803428 158962.7253389518 577.8964711695958 
8010.650349621678 152715.29323326037 613.4355311313432 
8010.886053134486 110683.47379205468 473.03461240453754 
8010.620029363554 160604.0915970248 577.860959237607 
