8910.082012087669 149.28657249441548 0 
8910.111340728721 149.39546119770696 0 
8009.975717295899 676641.2039423693 11352.409703895295 
8009.975758370558 632366.166116946 11718.497226939802 
8009.975973350286 825173.825181349 4479.418203774705 
8009.976679389567 465748.8203449388 10327.046767650081 
8734.294990612152 157.72462271484952 0 
8009.975758607757 588375.0454971065 10952.908609388987 
8009.978401799513 382446.377371831 2711.1458470881876 
8009.976696870648 517530.91366688267 3376.720464557828 
8009.993381138628 328262.0778934061 1426.8726225668468 
8009.976003138085 807214.009215595 4363.3869115535845 
8009.976238561377 747048.6945617174 3993.312383331006 
8009.975758445336 619455.6153876254 11500.57085718374 
8009.976356348602 728665.493299577 4084.7658279071247 
8722.182407445334 162.9199302878129 0 
8009.975815325268 546024.6797875355 10751.088531478426 
8009.991733963167 317095.8551704615 1608.5601072468517 
8009.976247892437 743315.3250240947 3933.8171748900245 
8009.979238408471 290878.25565654144 2494.6800051516257 
8009.976009270881 503358.05260858685 10543.971690768183 
8664.435965595781 169.05329960327097 0 
8009.976971896726 439213.4292029315 2921.8781586533028 
8087.696409049045 1570.4415798271195 0 
8329.471324087637 292.4777186270536 0 
8627.007366366612 172.28232382543072 0 
8064.017459561226 2262.6602298749162 8.837856782741312 
8032.948660048131 10021.38813690334 65.56247810882657 
8009.979817409903 257374.9196196182 2253.993120291415 
8009.976736559499 486088.81096788147 3181.284591576386 
8010.015815477125 175639.2395674334 1095.5528844804703 
8009.987664112834 397561.7826257397 1834.6803400064114 
8009.977024601987 420946.06776400533 2950.8291439327336 
8208.555624407056 424.46426177783314 0 
8009.975741903053 662267.5365927418 11282.752329126519 
8011.688811705486 44045.474815736685 599.8764032841527 
8453.93754420896 223.55494360946 0 
8149.563117195196 866.9973622751373 0 
8009.97596837856 535604.9196701164 10699.345883551126 
8009.980669290029 282421.8292529069 2049.6554432245916 
8009.995871656929 230411.39935893257 1315.0944066593997 
8012.980970027811 31107.540368350343 517.734554473914 
8243.10660555129 422.5707877978652 0 
8431.355092607111 229.56050644864462 0 
8010.213686031873 100386.1141114219 826.0435866934034 
8045.260674570967 2546.386152521047 3.245785580161379 
8516.02571615962 199.70233670419185 0 
8010.00354889924 202882.9362098837 1214.3339683489799 
8010.011626202924 150440.97467838213 1131.3117588564903 
8010.021373020238 161871.97999626922 1074.002464288112 
8009.997238878332 200592.90396931852 1236.749931117285 
8662.730944299088 169.5495376704767 0 
8009.9760084997915 732042.2600087879 4129.371142541711 
8010.241741399554 62358.44924450212 708.019579486236 
8009.976765250835 476391.07444889453 3123.6883566016636 
8009.988662375703 410974.50494431827 1732.179167603119 
8359.791566565793 279.1712950771208 0 
8010.014590261633 129892.15905804376 1146.926194262336 
8284.83791326861 333.0702924203209 0 
8179.72526692469 514.777755780106 0 
8497.088642549663 203.24811907596637 0 
8119.795263862506 981.6519549362076 0 
8028.544130259117 21711.031469581456 220.2584719226141 
8009.977642810388 404157.3314271805 2661.4791567749553 
8163.0135056385925 572.5312383213463 0 
8119.795263862506 981.6519549362076 0 
8016.505957643219 67468.17764389527 365.77939991746234 
8009.994405436015 243433.0061889397 1334.2126223617502 
8413.168643906662 235.24810782397014 0 
8196.890070248346 475.1185259973154 0 
8475.465997841837 218.35656202639558 0 
8558.907899075413 192.1924230922561 0 
8013.686069020811 19097.22226479324 404.23773107022015 
8010.087216306616 83179.94492894947 896.8427303226263 
8009.975745936446 666880.7856466173 11236.714030599349 
8010.023233721151 118946.82377580983 957.1052820423347 
8017.142641799024 124433.11846894084 293.35162505681217 
8305.9457333475 319.7260473009943 0 
8382.274206313643 258.69440518655625 0 
8009.976837019849 457512.81583575776 3128.6405486760486 
8022.12400799074 107478.34340238779 224.9301228737846 
8269.119690869462 355.4365806427281 0 
8613.141114798296 177.90873110363376 0 
8011.451021974077 83609.70246265622 350.6235139584509 
8009.982071544553 234179.5115223353 2027.801480315603 
8009.981497723614 237367.50162657822 2153.2007689488946 
8402.368628928496 241.63844081278444 0 
8364.766393862128 277.7635648098505 0 
8536.671090036429 193.49050961566957 0 
8538.422106046244 192.432468651288 0 
8602.312879327363 182.61017385802865 0 
8482.570494735428 209.8322026334808 0 
8303.29618536674 323.7611494502421 0 
8009.975981597253 821443.4885286393 4419.97156209273 
8584.437534638519 184.30557352599993 0 
8390.669575818723 257.3514685535891 0 
8260.01885317723 355.4887702183998 0 
8570.908210497118 185.15551227329723 0 
8591.020408140217 183.4930529819472 0 
8009.9798956334125 256285.61825761225 2246.7198430785 
