28696.908167837788 142.32103731270118 0 
8009.978366338226 29580516.16491102 13112.08100921199 
8837.34513502577 165.89654229948434 0 
8010.000291754728 2531862.9791161 2067.7451560846494 
8009.978529282978 2504879.1606990476 7207.14607907905 
8010.002092476198 489983.8875129739 10000.70409558365 
8009.980361094325 1850326.5408131154 5098.797249643736 
8010.007057887983 415330.7822996978 1669.575911165948 
8010.01156198818 190820.07036714454 1085.2477123819774 
8009.98207070739 1436042.504317239 3979.9624251415457 
8009.97864456593 1353284.3543729098 12287.664853148988 
8009.996238517815 644448.25294041 2395.660310872118 
8009.981129393676 2079881.6735901164 4830.461826687402 
8009.979422242392 1181797.3167836743 11851.099012206932 
8009.978366338345 1705671.4390862463 12809.45518124928 
8009.9784352533 1682962.3375526494 12611.808131476184 
8009.979215630471 1728059.576484288 12213.72130005697 
8009.980934366882 2127008.431506872 4924.285851747439 
8009.984848106878 1138069.6321880985 3415.8035947029625 
8532.221305397517 259.8740586276238 0 
8009.982837487656 1265876.4386716906 3696.3045316346784 
8009.981701347861 1583614.6047116218 4184.19149475793 
8009.987970810213 591438.4123327266 10309.967267094557 
8010.361219155024 32761.6404579572 356.9147989454533 
8009.9826871092855 1271858.4663996098 3690.7788138356523 
8009.9865519971645 1023077.1315001082 3213.6464238675053 
8053.325501088557 8870.391007138473 169.67003289845965 
8009.986180838701 661193.8479076471 10520.694340732105 
8009.986770992089 867264.0967550855 2986.7694812614977 
8009.981207290963 1877055.6071053362 4590.986223391199 
8009.981218108693 1874481.3655947265 4593.618130546923 
8009.981506785372 1645940.4588255761 4288.9349922803885 
8009.985127011155 734625.9883363416 10644.83301803211 
8009.987679167122 632643.0729460139 10406.459009149003 
8010.00038446541 538529.0792076726 1933.8343005570032 
8325.285533718896 440.5585729893446 0 
8009.998605981396 519435.5744121113 10152.089790856611 
8009.9784013803655 1691462.4689799221 12694.336439707693 
8009.987925555682 780763.6339951302 2816.729261480347 
8009.981365906319 1757745.8797024386 4432.863591636588 
8009.9799095485205 1451224.7431453771 11725.826059289982 
8010.034455797999 216172.29705482087 1081.8161400488816 
8212.59317725778 1938.1251917803113 16.07660243128163 
8009.990733018999 558182.0855079463 10108.572430662649 
8009.9805398472745 1786784.7046854973 4985.214786516609 
8009.98026898026 1248236.9144624774 11642.299851515394 
8010.039573349339 192545.10626851866 1002.4446536285836 
8010.001703614335 506360.31063263514 1856.9580375647674 
8009.981399572329 1744995.8481175497 4420.361188215713 
8009.983832613767 905595.1187725613 11003.650442311446 
8009.985077282601 742310.098007912 10747.809548572823 
8009.982194205295 1106132.921901177 11233.23352287176 
8009.980958148525 1174765.715781883 11298.234685634401 
8009.983398117276 973566.8096800819 10975.156565978552 
8009.985051623604 745244.4566713638 10794.48630291498 
8009.980443785369 1832210.405935156 5063.955305870265 
8009.983173769645 989273.8950278899 11158.108003273459 
8009.9909583519475 712451.47276259 2626.374916267936 
8124.422205104948 3471.446735264053 138.44488142340066 
8009.980497274942 1215491.9681485097 11506.562987411999 
8010.19985595304 63863.897882488985 517.0767843156484 
8009.990139615142 890432.2472287816 2499.7442723938884 
8009.983698061007 932643.612534106 11114.031665728722 
8009.979922082413 1448405.1990811022 11788.839645500862 
8010.04472890426 174584.47613390078 929.9869061583745 
8010.003939945151 457672.43583616376 1750.5583269339995 
8009.989303414232 741355.5398496658 2706.136021794899 
8010.073816047761 127494.26686916527 775.720077567978 
8010.070991885788 146725.86055673583 739.1292732208083 
8010.093003923251 103277.65788063341 663.0301094773668 
8009.991788836248 792111.687893102 2568.0838624050243 
8009.981675929726 1599161.0679477693 4207.131351347088 
8010.002581300381 463074.07595173694 1786.5694883292008 
8009.980365554866 1216374.1018405894 11433.03769755508 
8010.052842522034 151207.95852337865 846.1636366927537 
8009.982521044821 1278003.86836665 3361.974434615604 
8009.987836325459 893686.3644277068 2889.3732749353935 
8010.247871267184 49359.05263422554 439.33792214104494 
8009.987225212379 832409.2735501155 2916.675565130251 
8108.769435499255 22602.704821638286 60.5647598579362 
8010.1397183517565 74155.92954636987 562.645689704396 
8009.984044139532 889302.7816524956 10884.939860561655 
8010.007002130812 421349.09053875937 1677.0790638578208 
8009.980291391993 1244900.8752216648 11665.188736104108 
8009.979383878592 1623110.4869845936 12223.734228822741 
8010.051790921174 164980.0359729775 885.3658831649473 
8009.985958817979 1032745.7321897824 3248.042985780844 
8009.985568058452 1035265.9378219282 3301.62934247668 
8009.984044139532 889302.7816524956 10884.939860561655 
8010.267731552254 44766.43976100947 419.44610615930304 
8009.980507202193 1203610.0267495736 11482.171838049666 
8009.980797019043 1142925.3884655475 11376.074693605675 
8009.990958331135 757194.1213142697 2683.2990418529116 
8009.9808000308185 1140451.5613013874 11363.370087063868 
8009.995627513172 713628.1017428625 2526.715106010104 
8104.252172445087 3753.097873304168 153.00604344292634 
8120.118443362429 22235.315611569797 47.17880124253577 
8010.116113680815 90744.16346200518 632.3205397270667 
8009.986847169235 854190.3902709802 2967.9303002922757 
8009.983776205655 929176.9246561998 11116.24798665534 
