8009.976883702251 1221930.2090309937 12073.643534327837 
8009.978131683182 1964225.0738166184 5173.740253545068 
8906.007354460056 160.16340944526897 0 
8009.989760106982 542692.013487035 10045.759387538354 
8009.977746605193 1795810.003536692 6365.813128537662 
8471.883191978002 294.13051292112425 0 
8009.978772029859 1706651.7315229806 4792.779273468723 
8009.97767176 1278565.8188845443 11777.544971189935 
8009.978665778798 1555279.692639592 5629.861467861758 
8621.018929908889 236.39640959536553 0 
8009.979097739659 1167210.3399146355 3694.6644451062607 
8829.41818192095 163.5973835738063 0 
8009.978160830278 1838038.0300978585 5135.319132339369 
8009.990333055806 474088.51981473254 1830.3974569638438 
8009.978164840525 1589825.9768929917 5879.637303336317 
8783.303298596698 164.48805790922825 0 
8271.63887403974 373.19140975051545 0 
8731.160034646142 177.225002304221 0 
8009.984196656316 864574.1193188503 2705.0388823622884 
8350.770925099163 325.01653353265334 0 
8384.203440902225 316.598470108265 0 
8170.123896843726 653.223238059192 0 
8764.172425350293 177.3984676536653 0 
8305.74283015974 367.6458663845395 0 
8009.988990568652 618471.5106230621 2110.3365538137195 
8009.986934149314 656427.6821939261 10270.534453277724 
8009.97777442695 1809695.7107229717 5324.1759668863015 
8427.737332782332 295.25290176666414 0 
8009.984801533426 735295.1746249861 10680.187846309047 
8009.977755118507 1837645.6672488388 6296.14074862851 
8826.059546501943 164.36849385393927 0 
8009.989271767733 553026.1830057189 1976.3996859051301 
8106.37652829295 2676.436850523442 6.46270473277937 
8009.983570066414 802386.3629680387 10779.987506800711 
8010.099872538884 141359.0042210561 827.9505961092574 
8039.195124010257 4548.949131807413 150.4315747616613 
8010.049055853995 117471.6809635766 940.8596872969881 
8010.008910482851 187516.9870860797 1106.843618854752 
8009.986507972621 699165.1592420086 2382.047978616742 
8009.979427113189 1103517.0209918416 3423.9689391352313 
8009.994174175339 321328.6054085661 1473.7666877725774 
8010.005858546645 228191.09455958378 1200.9673073108615 
8009.977988083097 1622405.3665253778 5841.668920118458 
8010.400713955175 34807.75820276915 392.3595975968027 
8009.982456125523 769661.5034359824 10996.021874569771 
8009.982572808489 1001219.0036463822 3421.399957647009 
8009.977692354735 1155121.7213872587 11729.319880650803 
8707.891352551585 202.50573693953837 0 
8202.797198245264 490.662809521953 1.0194438568295334 
8404.43320169313 307.13967076749384 0 
8009.984136283654 848867.2271029461 2949.2713608129075 
8150.472538611635 2059.177688029802 16.846156861897057 
8009.9882290795385 630683.9953419311 2559.9968778675147 
8010.004287854021 276225.89968552307 1319.326490233724 
8653.39089408617 208.66875318761217 0 
8009.977891755532 1090456.35426994 11411.108970977482 
8137.9255210704005 14203190.685403382 19119.86472689249 
8226.376406993259 415.3521173958371 0 
8679.963373341534 205.0913771318251 0 
8622.303306084848 235.49291597171572 0 
8009.978708562034 1802862.9725650032 4892.850903775424 
8009.982536796792 761323.4185458444 10840.752888816354 
8010.291970544242 76202.79949970134 627.3319857623951 
8009.978541329345 1564213.8747644546 5631.408466055339 
8009.990407934803 428822.74429358856 1735.836791979835 
8009.993477298702 355380.07548048435 1499.807039946341 
8011.964292842238 26726.283780518246 349.9999660199289 
8010.005558934039 267504.53413184395 1306.2526306403088 
8009.985140361116 675993.8761819708 10438.027020447365 
8009.9779881799695 1622370.3058876018 5840.749600689251 
8009.982741964763 905117.117549387 3093.8994463339804 
8689.259826820922 202.58308917284208 0 
8022.999841160488 12324.661125099112 213.92445715078577 
8081.939896598065 3008.2754529994727 5.815280411522452 
8057.685228175254 3133.3314450247444 137.4414084266449 
8009.992068144164 385269.2668474444 1610.1411481087828 
8009.985048297967 685958.1396149581 10499.52412998724 
8329.933705239073 344.49011832122886 0 
8010.189415355866 84764.20564042378 671.860145129289 
8009.976892459197 1181992.5947625546 12002.50487223306 
8127.953463585784 2879.911956651507 5.854227928146129 
8022.820900974732 20122.40097141409 235.58597104834897 
8009.978861805392 1026390.4209064909 11341.857278248735 
8009.977700303007 1139906.5154769763 11835.483996275667 
8009.9813997604715 937305.3491373303 11384.476431890209 
8658.874711219723 206.04814709096215 0 
8248.90052438766 390.48789712306933 0 
8009.9916186318615 436981.9413194306 1682.8346127968252 
8009.97845881506 1051963.0105379627 11137.814774559341 
8009.988263307207 627230.5061753815 2203.664155956326 
8010.007982233112 204315.79262380267 1133.608034051369 
8009.991920208391 392252.7463999867 1660.4075905525779 
8009.977903352339 1062833.5590354844 11325.087553768037 
8322.368874392803 363.66207687891836 0 
8010.095531833997 339912.74985289166 839.8445948844656 
8009.97995737567 1081995.8062302808 3244.7080591149197 
8208.74764384225 433.7020140690823 0 
8009.982434543591 842897.7964481091 11168.266001988293 
8422.437016678708 296.9066208529625 0 
8010.190529690782 88218.61296069642 577.2367456390821 
