8515.948470440006 240.5307015136079 0 
8010.170209041153 703044.7686048571 1629.6793239275216 
8010.273430660371 460389.0637492972 1069.908246387681 
8010.226559381731 635060.2100544887 1493.566641759567 
8394.89030384351 380.1445995043663 0 
8269.414987462076 400.772200546442 0 
8010.286051581259 331608.6928925803 695.912457966828 
8010.335545076419 313006.5296814665 787.0454594068326 
8010.181298870618 647651.0169703717 1523.2875334372839 
8439.024292190788 373.9146886395441 0 
8100.712739448705 2057.8488942695567 2.3248662986222945 
8458.84198273103 279.959155505865 0 
8041.617697630539 5213.2868380428445 36.22772945307819 
8010.345733692713 262301.5738878405 741.1075132910163 
8228.528882264893 583.0694367254322 0 
8041.600979909047 11597.227126127025 84.52017285314876 
8253.139327302477 482.32784524021224 0 
8182.954097300463 733.0863021858264 0 
8010.430855921306 208816.82411303598 582.7414292012581 
8033.690596676413 14427.875902068927 110.92568532763937 
8122.060014346725 1208.3418384385586 0 
8199.475182342032 713.4728353030395 0 
8142.12122182184 1042.29200655346 0 
8012.779665397214 61961.831361964985 163.22765055640994 
8497.674036009328 244.47170444681024 0 
8012.123009774712 506476.38331448304 1184.6624693044237 
8011.36045526053 72203.61036358245 245.7933699743281 
8010.401976534018 274068.57947745285 605.6248058259316 
8473.190281529634 277.41254509132966 0 
8050.38579229421 4078.3842440036383 24.829586655637165 
8010.335856956546 313007.4078257237 787.0373656171239 
8011.612365999746 60881.602598629426 280.76723485459763 
8010.36861394249 304222.2048642213 634.9305546085984 
8057.264430840491 3133.6121335570656 13.25175497490477 
8010.511403855491 183647.94639063443 623.8824639622068 
8127.216884643027 1081.0586893596353 0 
8012.041119200802 4081113.42515599 2530.4996705920007 
8170.311513277666 762.7196540527134 0 
8010.711983422499 141343.28029805375 412.36669868234213 
8092.474573297521 2516.9229484087837 14.943318807912794 
8010.224836662299 635132.4080733105 1493.67116754926 
8083.2086514877565 2668.7588054595167 16.373026758454404 
8010.951208072968 119987.14953218469 360.2333398764323 
8011.275708970761 77115.36709637236 340.6708035345546 
8075.265875337196 2902.6151949903056 15.585199128855843 
8010.45517554405 195124.64224802767 565.2413670586959 
8258.07222843692 447.0039387573064 0 
8028.762277403387 22188.598250666237 92.40622534684648 
8012.075020999553 52975.805868140225 201.70504396448473 
8010.364573659042 292547.6090373638 710.5143272151565 
8010.515790814644 245147.221348366 547.0113787472438 
8010.390347563831 281055.034697573 631.0080751139977 
8010.540306226294 174983.25090214258 532.3437173604913 
8010.546749237188 164447.64098090254 509.2342632884929 
8010.668940322264 157558.2473730605 468.37016185791094 
8209.450079804825 702.8451069485457 0 
8481.634335717003 275.9139963138761 0 
8010.519939632348 171262.90526258392 593.4108603274467 
8010.610584037705 149353.590223749 494.2250075107327 
8010.314747495742 323325.77563797205 669.4515798977164 
8018.064416229892 31902.939619568413 165.63593414506198 
8010.901650940857 109259.62817205081 457.3927499710421 
8010.459216871264 194248.44777507675 563.351965318538 
8022.251194241932 24665.056226565255 96.30335116341143 
8012.4498545525175 41537.387398986786 187.9529196537443 
8011.517970572129 66569.18870129352 293.558873612619 
8011.918794562587 48503.875162091994 227.97478378123122 
8010.634614453841 148949.7637980366 519.2208664981498 
8011.183121757231 89585.61142566777 367.29968579284804 
8015.328392304737 32058.079933564186 171.44399191178732 
8010.4031450166585 229356.19192823442 659.2838398672732 
8011.198621122316 81755.02283836453 329.0296028778521 
8010.482920336586 161035.72467271093 652.6015824726361 
8034.534239696496 14067.001695274308 109.7647106636156 
8066.601414521372 3117.4666552979024 21.557388613546145 
8010.537985758772 240877.8423047322 482.1111620574657 
8010.920703362155 104737.09143294248 441.66186199186177 
8027.299839936307 22986.333336390286 102.57385154288484 
8159.952950476309 857.3740174246298 0 
8010.691856960439 134756.83749215316 431.2341690931248 
8010.459717723503 258760.37811456266 539.8113797519247 
8487.88232230979 250.1177336950962 0 
8012.653255149509 36369.517149593354 210.29250521082753 
8011.061085369662 103597.71385883927 381.3918295654988 
8010.315650168158 323247.616545229 664.6932372387421 
8012.102605518428 44337.44975885932 179.37529072845962 
8010.374502909978 292272.9215007478 627.7025939047213 
8012.428674228813 978313.2200083924 1004.9088600345092 
8163.75292560291 770.2278057806471 0 
8067.341214203374 3124.5485187577397 17.5718439308064 
8214.381584220233 613.9034924961056 0 
8152.201142986797 1004.6471789359584 0 
8011.009219478208 94089.47224750924 391.00688597340354 
8492.7365293322 245.5252658233849 0 
8011.485780111267 68235.17519250364 308.3093851956962 
8010.997863095349 96436.82269728094 398.72203209763427 
8010.946447102722 234540.39145682871 400.0833895668209 
8010.953485258893 113291.44068309045 319.7013727243 
8011.009386173145 126142.0830199895 314.90230792159184 
8011.809958703467 48546.61585077 214.34848446972703 
