8009.97590762198 854439.4673130331 11896.613446581992 
9051.323971396023 150.221043048052 0 
8009.976446086201 977922.8093289386 4316.746264865285 
8009.977165524151 666839.544996804 10865.014341049737 
9036.126964170231 152.6236778282828 0 
8871.206915866886 155.9426033281227 0 
8009.976225972534 778429.1906995019 11579.979379569104 
8009.975907688433 854432.5116819298 11896.60042553676 
8009.977209123779 649301.8188001136 3229.0619884141765 
8859.935901455035 159.16453780062346 0 
8778.48905175781 160.56112626194664 0 
8009.987937633201 391206.94819477084 2324.1970005185635 
8009.977158779444 666862.3056570126 10865.020200735602 
8137.254977873951 753.5615723062002 0 
8637.981226537697 176.9965960717397 0 
8009.976523778925 715721.3974260886 11187.572197418664 
8743.19052646796 161.07737498312517 0 
8684.813743154675 175.767935963046 0 
8277.39459144089 341.52956938414343 0 
8009.976264026631 757752.1935182117 11313.690237800205 
8010.009752457848 145441.32489943143 1082.569490362683 
8009.98078669343 431098.5625816565 2407.417616571378 
8010.007279890211 166850.9859865857 1160.9694443122978 
8702.083926460915 169.64753457420017 0 
8009.993886766459 277640.99208906444 1469.4308457079078 
8010.024334086747 118470.03835121344 950.8127341867608 
8009.990867926319 309592.869288874 1651.8260987587341 
8009.997076132782 235038.10354418884 1309.0880443090768 
8009.979836346185 509452.30074181897 3086.1815600890122 
8052.883329192358 2450.3421056108727 11.617504775600164 
8009.978127417136 558795.3809284361 2876.32088484967 
8417.99671247261 267.9767723809027 0 
8009.9763737064395 729648.5674202439 11098.13927884517 
8615.85397005977 179.92053605023852 0 
8016.1090237802055 17893.69951485219 363.21272237978127 
8009.9906765235255 339344.5701561589 1591.6041852997782 
8497.357697126889 204.41136098149315 0 
8094.659648114609 1892.4565493409928 0 
8590.230749478655 185.87109028625227 0 
8093.316547745184 2800.396487597888 2.2335339536230023 
8469.150085861203 226.60551274218315 0 
8220.642401611254 417.1854972245647 0 
8009.979346275491 597833.3051730815 2591.4701131948273 
8009.9804204797465 492145.5241113817 2480.7276480531295 
8009.975978852951 721516.7443841662 11584.373704169691 
8023.362563909055 20626.180493285716 111.30692165586092 
8322.327695895567 308.0145807915884 0 
8009.977435015056 626955.788196242 3013.583041053813 
8010.001619000061 187091.42342176964 1376.0295068598157 
8010.031652821777 102472.38373804816 1034.203380917611 
8009.98005403834 535891.3832799783 2662.5817383894127 
8010.004699945528 203095.39802623977 1357.9253569200114 
8031.033471796812 4333.132182242145 198.27908332605142 
8380.29440796887 270.8294352968935 0 
8009.976369407613 742927.5762649752 11173.24426629394 
8009.987125273397 435815.2278146122 1937.3277275580706 
8516.08692697624 200.95978268319166 0 
8009.978542482173 605919.2883674438 2693.6187905420093 
8453.36106678069 235.653583250634 0 
8534.88428021827 196.6842655547896 0 
8352.655282013244 295.5323302815494 0 
8009.988359454455 467434.83860406576 1799.3332596654786 
8010.31362302204 43111.1072116361 544.8223798781875 
8432.131672224428 252.087996848432 0 
8770.026002285493 160.85147632521338 0 
8009.979373991631 575761.9135544621 2733.8042079944526 
8009.98956444089 371183.22787143226 1708.319246574104 
8247.524135968915 367.71657619881614 0 
8009.991949730734 295957.8636928222 1600.752446304009 
8310.673253092213 332.96158572693224 0 
8190.015580837493 605.9737936218552 0 
8010.079435744508 91488.55222453138 816.1904450117394 
8009.987043958634 448115.91742243303 1912.8345044965013 
8552.513257734574 194.41426888032075 0 
8009.988368387306 365236.1657752523 2227.1974758736574 
8010.24159496566 54286.63305523984 480.7908021330921 
8199.782139342191 452.20326151888696 0 
8009.99196776752 283220.97925248806 1512.0855623510279 
8009.979998126086 540591.6610413955 2826.60117744977 
8009.988919371887 355222.63372214534 1809.0047405269615 
8009.976357419236 653180.9568138471 11293.835453227231 
8164.646275158324 611.1189725908387 0 
8009.986322107241 484413.4994891672 2136.7031971933775 
8009.98134657511 456376.3171337282 2154.63060379373 
8009.977434281724 629800.6814915448 3066.633547165876 
8010.099817943256 81758.09042591679 898.3097018865523 
8043.842916248808 5290.974569001847 41.96448783057471 
8357.995820581447 276.5620462158705 0 
8009.977209123779 649301.8188001136 3229.0619884141765 
8243.549375571012 401.6156220069453 0 
8010.31317966639 43175.817877898815 545.1192840374773 
8010.199956689416 63582.34176565924 711.7471568115309 
8009.978369853299 575495.3410545626 2814.4908034539185 
8166.651228386581 608.1439631241224 0 
8009.989429487505 346592.7836726353 1725.1465839694933 
8019.37338821627 57535.947369455884 160.7189464278544 
8009.980653316028 482910.601017469 2612.8647197073265 
8010.109887021667 76145.806307253 771.2855006533983 
8570.676064373318 187.61774491866808 0 
8009.997369594618 219456.47671333072 1266.930641943293 
