10616.89766872544 16742.30234286037 536.9053151155197 
11920.197726501097 1045913.7050816029 176.4171724505562 
13874.484543309101 315742.8059696045 358.56644412344275 
8010.246464952254 471874303.98899055 42482.85962011414 
8010.2521810884255 331069388.7950266 38398.72121268813 
8010.272603615533 382302870.2794997 37986.57233759737 
8010.313645870742 33372706.980403308 12072.50775442663 
8010.472661518421 60887365.92736173 6492.73781475111 
8010.262505775252 404919627.1108806 38228.39141056642 
9167.236837329274 58227.17949150627 732.2589571530192 
9907.826986676364 1653195.624242409 410.4464792721481 
8843.377945403616 183280.87486859004 410.9722780175971 
8010.334190808366 20514910.075219188 9577.500060761513 
13173.621537265686 331271.99381077714 365.3528110827923 
9111.138869656896 59173.876809279776 720.4228694034076 
13418.890309697263 349326.57844498515 334.34820945584596 
13613.040740923401 317195.94318460184 399.3317644013404 
8010.473104931652 50469964.33646463 6467.16317463364 
10082.911192160665 1182146.4612331348 362.3170610815404 
8702.543991050605 230610.01254333876 488.54001113720153 
12740.285219252492 357387.47612966085 363.1134415779594 
8048.044155250527 28653173.456838574 1174.2625407828173 
8010.35108912368 19063890.431514952 9127.455355723741 
12223.210312777062 413439.27514250315 356.3743310938592 
13452.798143104932 343653.7630801936 323.5809350824927 
8314.09752256333 8317670.565872348 736.4703216439384 
8010.300604891767 38941384.208275914 10568.131481233304 
8010.396247380508 16602881.345192967 8139.455339168184 
11993.013397409326 932101.8912977204 177.0040089085852 
12391.721970966872 390188.70888125396 396.64733522483755 
10704.698485587322 990260.5863737236 326.74699804314776 
13765.560092479787 322629.6954514279 348.51662569175005 
10435.684792076714 1151827.8806682017 286.47909696441906 
12887.672619589759 342820.74305987166 370.31125948195427 
10537.098476514017 1023063.108174847 338.8824300987218 
12336.73821198734 379971.53715387115 399.32214247269144 
10928.554726182094 1070248.804018605 282.2146386026561 
8010.386233508274 16925349.78076766 8424.207468435081 
9982.150635040685 1650295.9809300057 385.1794815207361 
11311.074935612713 961016.4776884929 301.1146913821559 
8199.506732882595 297875.0000573191 886.06060366309 
8446.213671839945 154432.50168067645 652.2034554938504 
11468.320590464471 1053577.8914878415 192.80067299056248 
8010.293429365991 48234238.827212416 10967.147068312968 
10293.569827842286 1081705.6606596308 311.14133860675054 
8011.034793468797 3880515.349512481 3180.4091145352877 
8010.45309124678 14662715.29562192 6930.317350821501 
8010.701200636439 5588591.942550457 4487.422436729573 
8010.288995383755 45605404.68488831 11342.765968221678 
13698.549260929934 316381.5759768038 364.0049257646505 
8010.293235485398 42305963.80368582 11718.736713298505 
11599.100013618194 959934.0715956634 197.64037296054425 
8010.487366753806 9193964.243574325 5907.511247529968 
8010.413656920246 12625087.930293564 7262.4535442580245 
11073.057579585507 986141.7389314394 336.90770630548934 
12599.581688976432 370413.10940625 390.0669691074453 
11004.922903566672 956147.0054813332 344.25532622243827 
10362.67301193074 1166349.760940843 291.24019949926054 
11729.48958416596 955122.8514059064 179.26346311391796 
12098.770405305619 411103.4738704276 362.3574032041713 
8010.755589451268 5089638.199206757 3723.548450523122 
8365.826111771948 279811.4226956721 694.1990602252033 
12668.482761690551 414924.2563209742 335.79988115974294 
8510.499721799706 1102101.9837036047 590.3787309322508 
8569.99134847997 466144.1634380501 529.8685291773762 
13083.247852381579 335114.54015940905 377.6911818754156 
10793.452098230986 969154.3749462222 346.2414629696387 
10841.121066524021 963504.2851872544 354.7228801200099 
11789.453446526968 425000.885393116 393.27022723479536 
8064.541058160017 11358735.29559998 1003.7176753912545 
8638.107400088711 218157.16620648972 530.8331121191533 
8012.386192822698 1893867.57528576 1863.9974067364628 
8016.2694520564755 2607906.432990751 1514.2213898336188 
12516.79671356468 375494.1516542127 393.0504749510991 
11864.455792983557 935952.6913363154 195.36277520022838 
11649.699597062616 451127.6464611893 390.0874707363645 
8102.789190986861 304028.9704811091 758.6264006331656 
11234.39093893778 989986.1961709375 256.86516794068825 
12134.645503927037 425763.11420457315 355.28459553212576 
10207.175993277997 1156428.4027900181 344.44905455415966 
8011.454153530077 2608536.81925847 2551.9792356486882 
8010.310052255863 38098935.04267544 10634.268460487547 
11150.365780369102 1010960.9612059973 311.7899958968925 
12988.118980819148 342276.7263554957 344.4744088248506 
8172.817574392197 289523.2502620544 908.8943508410393 
8012.149064904172 3272050.3890425563 2365.4402595893866 
11500.475063862952 944887.9873444925 201.24097280111545 
8010.5257072608665 9125834.210583491 5597.383685442988 
8010.604659109115 7326806.308624752 5272.2255221871255 
13126.139439237806 333726.34980236273 347.4552569758024 
8010.799962084027 4230662.226172162 3589.264579074004 
8010.289482111897 44193248.989039026 11964.406075506125 
8047.311971222873 38737214.8296787 1214.953722990136 
10207.175993277997 1156428.4027900181 344.44905455415966 
11191.933052856237 961720.9551372109 342.6446480355438 
11308.35752500711 1016645.3562362411 215.11328242175296 
12523.981829056764 376197.13033478684 377.86566596626426 
9921.08513435385 1621281.509899943 406.5611455667542 
10605.892186166016 998744.6691258324 351.3038094690957 
12914.183559573446 335228.7097033432 376.0116307934872 
