11933.259564310045 865005.2780685533 146.1419076546157 
10783.85812410121 15833.517306771339 508.96539642838616 
14746.57273074997 265612.9161685603 388.6956043030868 
8010.140754543458 266328763.50553894 34301.060417911016 
8010.131910811395 237754928.76931134 37107.47286482394 
8010.141177331554 201475651.92724735 33390.57728666775 
8010.14198372385 72217289.27928543 18664.420817336613 
8010.143407988512 49540263.053618886 19613.472859048255 
8010.140955803972 240857303.88805348 35410.891732458185 
8010.140980101912 223760389.95370045 35464.163576967156 
8010.155330858011 60521287.03706458 14321.630785840523 
8010.140569008767 235835697.04016504 35708.11056112969 
8010.143534299731 50424277.895466894 18347.20411054175 
8010.140981023166 223993457.30781302 35209.33073152676 
8635.935120665445 595150.1134617989 474.03932290584737 
8010.141746969341 70541645.87407644 19192.997605587043 
8088.995039136953 771521.5119471636 896.0675014434552 
8028.289324992043 2070005.6036217045 1736.0573524473332 
10372.79624784644 865501.4954782333 263.76687627228614 
8010.147586147373 28497807.26375663 16329.248171541622 
8010.155344707563 60520337.88492278 14321.198982007094 
11148.650916471006 932455.561968032 219.96143246153588 
8010.238227681883 26604039.804946337 10359.30389468071 
8286.129499274268 827774.5326691874 796.8978327193602 
10862.644182325139 899802.6777266151 230.96171227115235 
8010.277584651767 20234522.760067545 9383.277578845818 
14474.987434044495 270078.7342633605 382.98537425461865 
13683.011355331939 285825.72750151734 395.31230697717905 
11826.366388251805 883903.5251281798 149.37974552262705 
8849.984702787326 175141.44062492432 406.7752655569854 
13902.961969456945 281829.5504132888 368.8186297504866 
8010.147454563159 32498933.834353283 17029.803601778214 
8010.525468331327 40450220.67704007 6126.2524882295 
8010.140215032183 236361139.24868655 37083.90319133181 
14401.12345489124 272995.6134428073 364.0610056315303 
10016.311116695784 957591.1534533912 226.1302584115032 
11620.778854791819 940269.0099923738 177.83007379056784 
11347.36027878144 808689.6003228999 286.0758292892243 
8015.252445598647 42554045.04093406 2325.1134612282895 
8010.618019191551 44832528.85153016 5314.127978643681 
9428.88837019326 19811.15056250419 641.1230974136051 
14173.943538172152 278341.309670256 377.1830778268068 
9043.090250900459 34435.729788587276 799.544235628136 
9596.00507940733 1200917.2744310831 394.6182877161791 
11534.210850617708 939716.7366061262 182.5269339896371 
10620.569718375598 16837.58507347777 542.7270224411403 
13214.879252774263 300972.25244086795 326.844458602446 
14116.956413094402 276776.0595753613 380.3229226601304 
9312.438194832956 23182.92397917385 637.895545683991 
12955.755818048296 314177.16590455046 300.04383449489455 
8010.368297109931 17572277.14811827 7721.601731836309 
8010.515422602228 36164333.10851472 6265.385847926314 
13456.72415981309 288477.9749332469 376.32214246786486 
8010.328424306134 16679336.219149338 8616.040268900684 
12484.712438856199 438185.96428301476 263.2417005392478 
9887.934855426149 1059499.4339237956 290.72854712026447 
8010.177487882231 29196977.21931009 11522.876520177459 
12059.394347346333 413493.72395219706 340.7896675282389 
8010.156339857928 15261204.957230931 13185.115759621653 
12789.099170951877 334013.8568475933 327.3648521233187 
8010.156648326004 14489119.056907881 13580.104745169534 
12348.650604978111 376635.509446209 327.9167669215424 
8010.282299109672 23019433.304015696 9082.17600204408 
12599.6310343056 335489.57968732406 366.4797229928079 
13426.831376004338 293536.50465002656 376.4563296717097 
8740.177252205558 157585.0333771853 465.15780187723715 
8011.036540101847 6596487.820582706 3460.493843793018 
8010.570055701638 10630293.18722581 5472.535627484339 
8010.4088737613165 22851047.937089175 7061.494889807296 
13802.838664032603 284599.3281683067 344.4288233918783 
9179.575016999152 48468.43865718074 647.9783040612896 
8015.361025331005 4464371.446482102 3053.3464766493935 
13223.617973551805 297534.4692595782 353.59039860212545 
9766.732322178568 1394086.968880788 294.2922399032934 
8010.344726786811 35651131.06523761 7994.954338301292 
8010.459833963518 9867158.710846312 6874.2042235566105 
10184.310698629699 956284.6970575744 275.7906041320773 
11243.05218338164 908351.2104599201 207.85323441777177 
8010.768528267167 31761318.656439714 4020.951911341825 
8010.164798379924 13967690.037047954 12559.955384464334 
8010.147172934617 34273025.181516096 16990.156370880704 
8266.568520026687 409882.74949997227 797.3007800861441 
12716.366036878097 420240.30994657864 233.36163815514863 
8010.920266739017 6271534.397773776 4425.435325027803 
10218.323975533924 865875.5358343702 260.3366634086697 
8010.170631159715 31345005.20458875 11920.454634781061 
12173.387745202685 397998.1339205488 359.1608964547791 
8020.73962223936 4831556.359760046 2692.7314554564737 
12249.427672130098 405265.2346111154 304.951077365558 
8010.2356416477405 12967970.191272082 10969.54208277759 
9699.690590272357 1069400.522363341 333.4939149736432 
12955.755818048296 314177.16590455046 300.04383449489455 
9114.010586220327 83568.72023637597 762.8326227512377 
10626.498551687127 837176.5675791396 399.2300149723628 
8010.148505074189 28001200.127648037 16367.392627096004 
8010.162028409643 26923369.22600508 12226.70937985731 
8010.235010242245 13422978.354641018 10940.898440553596 
8010.623757431205 8111768.610615934 4874.862059934955 
8010.140591545458 240792044.64943668 35687.23388304752 
8010.624773063097 8108203.864986836 4842.653285941822 
