11198.801657250831 278333.43970681593 42.874362164178756 
16663.75571149758 283612.7509923915 35.81932535851184 
16610.23761310491 337810.30089367233 31.511933527734588 
5250.530803946184 12493702.736824196 4496.634531734253 
5249.894386762804 10843122.68555309 5473.552050740757 
5250.599991501895 9089927.268201787 4860.858719844202 
5250.536031183132 9819385.62067503 5302.626906244754 
5250.249843877462 11424874.896349726 4502.103207443216 
5257.615865386437 8366612.537872026 2179.06449695786 
5251.910828249764 9986323.399669003 3676.05963781565 
5251.400322170508 7750446.850342047 3982.5177092905897 
5251.07747834885 7430418.836070162 4149.999118383861 
5251.210828876815 8926947.046540886 3962.219131949671 
5266.814339163337 3433056.5382839264 1800.4097496703157 
5252.874639822421 6628929.630013678 3417.239993110243 
6056.2276661906235 970698.821939629 321.1282906622009 
5261.068252885002 10522583.968475193 1905.8782526109148 
5272.248522232075 2880139.7113674814 1998.1479372836452 
5251.021715433085 9981715.583548957 4273.735595652932 
5286.824355568953 1954518.772373158 1326.3805148954189 
10159.983961813898 314971.12078347127 43.20309173685477 
5253.030965421244 5121367.397678714 3277.373269031035 
5263.2815026267635 3818362.3397435406 1731.9940259254156 
5262.396099716996 4636474.427858688 1725.5477640614326 
5257.355023346693 4220661.745581742 2279.547808978766 
5266.8885599075575 3141011.583101304 1503.160061811927 
5257.637922462111 5306947.43280435 2130.3822665520634 
5375.304664138484 2160242.8370803054 896.7976273042716 
5253.1215420543385 5047876.948513576 2862.105591686864 
5252.914494091308 5882957.725144275 3073.2503763531 
9394.358041357622 325911.82411595865 64.15637035473726 
5251.919852003747 7003056.306874969 3119.9824632703603 
9026.182174962236 328239.77004019095 44.71182926894801 
5251.8633186804045 10555392.401634363 3817.9309408064114 
5250.950285051215 10792681.164826144 4069.0029241139923 
5252.711885502243 6873993.367948405 3348.412582462627 
5252.661983950463 7079539.631274785 2776.0594599540063 
5280.786931535435 2781559.320941826 1248.8111523691214 
9841.096503771307 297005.5671274118 48.70520605808201 
5250.141759248932 9971405.79319014 4681.012818876289 
5425.590441644187 1174819.9252544625 834.1062329566996 
5265.007281454673 4852275.662892552 1568.8715028989905 
7275.2770443702875 440782.8345590741 115.48810965556916 
5407.835435587528 1516234.3864720298 1060.5020832319851 
5253.025205633817 6707678.065509123 2697.748137063248 
5254.1578165145265 6108754.043098137 2584.0308651435535 
5250.833192814691 9827987.59070925 4689.4046099136785 
5725.256042660263 865284.8608959925 510.30485991276623 
5277.515655360434 2518753.783898223 1421.0119068081478 
6237.770838422057 664786.3931064599 270.86541101414036 
5419.689650594572 1625947.0403886104 959.5127929410803 
7518.434104309047 416128.122313999 101.91131493530723 
5252.763308619005 6582423.0933201425 3707.8468827578863 
5777.901297678638 830693.838217085 425.3754935611822 
10781.749560181088 299041.0204515578 45.60683641561768 
5254.50108499712 5414333.5064831115 2598.2691132292284 
8363.396393526602 315070.02524554945 68.50073071611024 
5675.392784909632 1680661.6568278915 556.9977810734246 
5259.269017575262 3972855.8347156104 1918.0691835046746 
5255.02264986125 4830791.04868994 2991.801627793492 
9632.958587351584 311594.62029950495 47.467097536875535 
8121.141991623981 336030.4690653743 72.75809843082156 
8586.260509808037 344117.13370264386 59.97445920460392 
5340.886717943 1856808.748135751 1156.4741136274097 
5556.155519038891 1419850.0989291715 733.6182696788807 
5256.979278353174 6253185.649465606 2399.9767592139997 
8801.419039906157 329992.7891276224 66.00972039124059 
5251.038474864941 9006331.525408007 3872.1946529626075 
5256.130901669272 4898707.819103363 2486.574748213655 
5256.313736596027 4457080.115955157 2634.7936255836767 
5593.26878897719 2531882.404066353 645.2356744873857 
5253.479025947794 5717694.575408161 2776.947791031256 
5645.1125704511705 1334177.163102475 780.6850841829639 
11023.403038516797 289401.0913239437 62.84647225253799 
6389.454272133784 820452.7198627586 248.1467376156803 
7044.923284518542 512524.0355382557 163.9920445197724 
5901.791752569886 1226167.6302701186 379.55865206825416 
6735.711371284912 606457.6763330215 213.76101439953607 
5908.272926556458 735162.6445543871 359.17718924748647 
6886.075469159226 546459.4740771158 213.2828458438819 
10512.238633685676 294313.37445849844 61.04992795526958 
5257.571769462369 6418206.872366173 2237.3878821151834 
7103.618436653453 468067.6505443986 196.97852241301075 
7839.0186284760775 396461.60689824587 135.14442668650355 
7943.811052994107 360838.4077642445 88.14607216805064 
6506.008174953303 672933.5365831599 239.3236464901249 
7712.746642012251 421729.99520126346 97.86396609053506 
5255.488394046747 4813374.238857837 2778.2734213202493 
5470.155825898384 1532620.0932503548 699.3244296652979 
5265.573727377364 3243505.7038681367 1954.8560334408594 
5256.16455921444 4478547.208087554 2455.630946616905 
5599.590521281134 2395505.1359500657 673.8956561769215 
5645.850856420093 2282477.923546015 599.6592232034964 
5257.0922275966395 5099772.929818749 2337.268286701526 
6628.962161563368 657858.5153716723 207.92372093478465 
5281.576405502613 2324150.0634074747 1139.6777790319065 
5250.946601235222 10794749.771728791 4166.798331520489 
5263.484668323382 3341764.6003277344 2198.438315199366 
10550.46668767585 295729.0905376648 57.4667668165052 
5325.44807926727 2285844.1120667495 1216.054716338107 
