11958.49763863287 288252.0274320896 74.49992916645127 
12945.493043778515 301590.00959005655 42.27711002536001 
5252.095046820657 28461965.634114273 3899.708542185669 
5250.673924260796 12892186.649129549 4586.529514647081 
5250.833192814691 9827987.59070925 4689.4046099136785 
5252.016960505896 20709675.534772683 3903.0385896985454 
9715.395905039088 307584.687126259 50.47754222989678 
11946.752987271213 306471.2085802713 56.66903788954451 
5252.797307340687 16077174.024864348 3270.4786794224606 
5251.495695585578 9284988.426059965 4148.1047312181545 
5252.275684960861 7691243.174519563 3779.912810069919 
5255.02264986125 4830791.04868994 2991.801627793492 
5253.095502074072 5990637.087038301 3242.6379315747727 
5252.202580621102 9393154.499061462 3438.836133599439 
5261.536605222517 12037348.440146567 1846.3576955674002 
5250.950285051215 10792681.164826144 4069.0029241139923 
5252.449910296544 8037762.400189785 3429.8816581602564 
9250.086672519428 296266.153789995 71.14597214370599 
5908.272926556458 735162.6445543871 359.17718924748647 
5253.479025947794 5717694.575408161 2776.947791031256 
5251.928768688764 7423332.418514403 3969.6901733938666 
6056.2276661906235 970698.821939629 321.1282906622009 
5425.590441644187 1174819.9252544625 834.1062329566996 
7285.712323701502 454731.1408438652 157.84523473283937 
6391.262163070605 586181.2493662152 312.46483573414224 
5252.321309703505 11293877.20332864 3417.644307250937 
5251.248940778063 10282339.940937929 4672.023755406672 
5725.256042660263 865284.8608959925 510.30485991276623 
5262.742410679439 2999554.097210477 2045.6232330088606 
5256.742546744274 4665242.893699353 2593.507118228888 
6237.770838422057 664786.3931064599 270.86541101414036 
9524.28485712086 311857.2213252495 58.75123840474771 
5252.874639822421 6628929.630013678 3417.239993110243 
5257.637922462111 5306947.43280435 2130.3822665520634 
5675.392784909632 1680661.6568278915 556.9977810734246 
5267.1586772242335 5520667.873128286 1588.2994181645242 
5261.068252885002 10522583.968475193 1905.8782526109148 
5270.9701852786475 2849783.255424041 2203.5254437452686 
5257.31339045586 4366500.230869803 2485.274862523606 
5777.901297678638 830693.838217085 425.3754935611822 
5556.155519038891 1419850.0989291715 733.6182696788807 
8972.752936587936 345612.55887636996 53.47994900237616 
7943.811052994107 360838.4077642445 88.14607216805064 
7148.094500069185 510998.6920371946 241.8896762948847 
5277.100876163561 3710717.232831874 1358.2954582622438 
8110.874068704177 348062.61279921455 69.61849950713176 
5470.155825898384 1532620.0932503548 699.3244296652979 
8801.419039906157 329992.7891276224 66.00972039124059 
5375.304664138484 2160242.8370803054 896.7976273042716 
7839.0186284760775 396461.60689824587 135.14442668650355 
7518.434104309047 416128.122313999 101.91131493530723 
5266.260182881247 9436312.237995313 1669.354847601206 
5267.206856142376 3420266.3048524032 1470.0541652585491 
5264.891070747415 7283141.596221913 1723.0415691518474 
5645.1125704511705 1334177.163102475 780.6850841829639 
9362.398618278336 324489.15376227716 65.05438542584412 
5257.355023346693 4220661.745581742 2279.547808978766 
5255.524793524204 6848742.915868008 2381.1140645914516 
5252.614885500318 7287210.220094096 3274.9590698772395 
5593.26878897719 2531882.404066353 645.2356744873857 
6735.711371284912 606457.6763330215 213.76101439953607 
8657.915169208994 333278.29331015196 81.93054994866613 
7044.923284518542 512524.0355382557 163.9920445197724 
7479.573548196151 448016.91007538803 152.16929448541438 
5258.859594269316 3893772.828728323 1983.4112386627123 
5267.061043314936 6380360.015791608 1694.2461408401637 
6167.343558613579 559240.7960729477 328.8114309560648 
5280.727814975405 2618481.220811151 1313.5879291978003 
5331.71321417515 2352802.178496837 1070.631389826964 
5253.1215420543385 5047876.948513576 2862.105591686864 
5253.025205633817 6707678.065509123 2697.748137063248 
8468.034186750103 345830.94513617526 69.61599121057635 
5797.2523893855905 662296.454687119 385.39450089378175 
8298.421368924006 336431.248044312 76.62613455273866 
5276.637033123533 3295895.212615707 1541.1530768850964 
5342.044604998435 1984328.6557327418 1156.7648366862143 
5277.515655360434 2518753.783898223 1421.0119068081478 
6948.358005506892 551135.1594004628 197.01541220671203 
5265.887688571092 3385155.106669848 1794.3326312168901 
6886.075469159226 546459.4740771158 213.2828458438819 
7712.746642012251 421729.99520126346 97.86396609053506 
5391.055436902841 1627492.7893682844 951.9536035365326 
6506.008174953303 672933.5365831599 239.3236464901249 
5256.132695083563 4893729.665052692 2528.9738675355457 
5255.126162269004 5103955.391046167 2411.9488946162824 
5280.786931535435 2781559.320941826 1248.8111523691214 
5253.917653500924 5007493.27854705 2664.6512819499007 
5325.44807926727 2285844.1120667495 1216.054716338107 
5645.850856420093 2282477.923546015 599.6592232034964 
5265.573727377364 3243505.7038681367 1954.8560334408594 
5346.0911965032465 1532084.6240149788 1028.8441993749348 
9683.102228080492 314631.4195319606 45.90665145515422 
6628.962161563368 657858.5153716723 207.92372093478465 
5281.576405502613 2324150.0634074747 1139.6777790319065 
8242.588149088726 344734.19484776934 81.96083426481907 
5253.496183384789 5292791.739845627 2857.248691408794 
8534.49886044385 345267.6840504633 70.61090180274832 
5338.002785245687 2060629.6651530499 982.549997783545 
8950.021575954115 356922.35132274544 61.93187743336986 
5257.0922275966395 5099772.929818749 2337.268286701526 
