11840.519232230832 385490.81355095387 26.856116243960003 
5331.956944634603 34814242.993113264 5031.779422439676 
11813.483489520631 412095.1451137033 25.418646505550157 
5331.796668745074 25905632.407411337 5065.4947403727965 
5332.190967286435 22051989.6638167 4826.1328041887955 
10228.499112528598 421602.92257897486 68.18990621351817 
7171.117750630955 389801.4702598771 93.32450253441253 
5333.189057776988 12728653.294732163 3602.390312469414 
5332.3144303626395 11335382.017958403 3637.973648313952 
5334.32698075206 10717099.923704254 3535.3058310163537 
5341.020977152499 6972823.998195758 2543.9205114580072 
5331.87291829912 25887685.717914313 5055.777814772402 
5334.367722459066 6591310.957545859 3192.2913479066315 
11509.19225958308 410534.02392234135 25.692942776600518 
6217.614909474005 638072.3784685461 307.3018378277021 
10949.474840540926 403630.6811925332 32.342669772605 
10738.143179918647 415190.58778311976 35.20196429264601 
11804.084533009831 387335.62862753554 27.1422794906102 
5334.677286264244 6226622.884555925 2974.208911358366 
6964.4747354978235 421102.1163293946 175.84039546204087 
6464.644813577472 616200.0982639153 286.87507845310625 
5334.547591666173 6294570.390977284 3153.202712297733 
5402.828866546886 2018475.8712206054 1323.6432555105516 
5982.550920498986 773695.7777875405 401.5310483706431 
6066.13068613367 690827.0841784175 366.7180592586855 
11297.837082879163 418386.18859420385 25.705570228817706 
5433.607329685628 1836473.9202077342 1191.0923658356592 
5333.293764433771 12088564.272510873 3619.002778320044 
5694.507164642395 1164584.3481005915 739.9145641059048 
5398.244577256271 2562786.7483998043 1413.9311601173376 
10322.44944095312 447439.1386291441 57.61842107859991 
5656.946777818729 1467287.1417533113 817.6082523181547 
5634.195346155502 1714596.283109248 771.0181385648604 
5356.7855288198825 5498108.266830408 2202.3234000889906 
5354.19677454189 4764492.406101283 2294.6732716286447 
6629.511415007387 568224.7757028508 252.87546192368913 
5446.377842245487 1610628.4882915055 1121.872576482645 
5838.607654802378 812689.4501550826 501.17507105588925 
5575.173448094957 1481452.9332266678 909.0855566985199 
5431.142317645003 2191600.844970319 1243.3947246565983 
5358.753085510563 3930641.91592734 2145.1817823878705 
11127.948419858149 400443.4342794554 32.41143482417532 
5903.043896901449 1032540.7456531316 478.30070081961617 
5801.5296294267155 992237.1104137156 559.7393817661847 
5357.908791787923 4070162.4574486804 2070.5756444704907 
6476.063693774598 611653.1613550462 293.7686677915188 
6744.454637460291 559166.6358494048 280.30475959894466 
5356.970320402717 4619640.838306099 2253.8406506988335 
5672.476725437985 1183907.082535823 647.8850050463534 
5335.6110209209155 6083998.91158404 2816.2471900285886 
5349.970704141051 5009240.492858541 2440.489589620042 
5914.571672971716 787745.3025202618 421.96894803544615 
10487.847450636204 428361.3878582452 64.33486935005317 
5378.722072827473 3077584.871972126 1691.0194784327373 
10431.147489816374 465568.0950789221 46.77213463771505 
5341.115612825931 6403327.704480871 2609.6588937071733 
11085.345691913692 401779.5449587546 33.446731091430195 
5540.771172748555 1566887.7956004078 968.9621638884793 
5388.493906367208 3389312.4912370397 1583.6928723834603 
11281.763849309358 392649.82931138825 28.4752308509191 
5469.364857013662 1643555.3876265096 1064.1059158863889 
5370.293105688703 2550821.020874489 1767.1283163632118 
6856.742803972966 452838.2352202211 204.51906599255156 
5359.725531378405 4179289.5003952463 2029.1327265824668 
5396.602198371998 3878914.3418939505 1481.337947292486 
7117.277890829233 404390.8762830041 107.40957338251167 
5418.279897805873 2502388.1326219533 1292.7101780790715 
10598.027329672983 446506.7059107649 50.89301821992885 
5338.637373048237 5703011.235091614 2768.5557932719685 
5362.400529024572 2932294.236425607 1963.0297226273171 
5392.91689704589 2356198.259331897 1543.5209203219638 
5571.719186932139 1464925.2114311547 922.3380350959472 
5333.533727140672 11772598.391952144 3551.1025484553375 
5370.1875866176615 2861493.342838836 1850.3631566588979 
5351.324006547868 4244482.447261192 2359.5970875038984 
10638.349066875897 423265.90649484925 43.29098516032542 
5341.968432791076 5260909.370421873 2648.733542442252 
5786.136665960266 942683.596835461 601.3847531854799 
6153.533102978581 682529.4268349743 346.6778899418658 
6797.377359897293 581204.1511400834 246.97791356502012 
5374.496480764671 2839200.8691336554 1725.0519616673334 
5722.605464537344 1190519.0276914132 623.4421126745635 
5485.137435634829 1537295.5070500965 991.9572385755001 
5333.88277843714 11464454.460591475 3569.225015845576 
5363.835633647408 2630080.8209013664 1935.701462214693 
5345.637414954881 5311481.967746719 2477.004656665292 
5369.000271579849 3212937.8501266786 1894.289830261851 
6149.6642189989025 822104.380461176 365.46131033139204 
5336.155429360236 6064892.865837442 2893.0761506947592 
5337.546683704612 5722869.5142385 2722.743560609279 
5386.937626843199 4380318.607996961 1626.4436430552091 
7052.570070971813 537372.9151510538 134.49697390212648 
5397.127751781891 3560112.8231195076 1507.7223566822356 
5337.6477965209915 5840723.116970265 2684.4146093018007 
5347.700486313419 6024120.622382754 2404.3641485903077 
6841.4261316339835 498116.2131038315 214.78330701779677 
7053.9240123496365 530917.7099666506 138.59814766365622 
5343.722378366763 5906725.301073794 2516.826722704738 
6649.733257224582 565569.6247341761 251.23906369833736 
5369.598489504674 3669951.660676805 1877.0911341936994 
