8086.882029585678 27390625.91654605 882.8248591680709 
8079.945718549694 12232124.21180961 942.1181186276226 
14328.583161164315 171077.31632887432 0 
8089.20226550139 23178980.084011506 901.5672061521593 
8084.684218311542 19925842.959824305 931.0525585882983 
8093.213175151142 17041678.72795586 744.9592812649698 
8095.166704568062 13817650.174285917 743.82139116603 
8181.361638945089 8671931.412431246 485.65272819194286 
8121.535324658488 6452020.492073995 666.1238882031857 
8130.076053470849 4677993.444186026 609.3646185046034 
8091.485682874811 11905667.961452903 779.0941965891645 
8089.656217318743 12036021.277476037 803.5891542608368 
8634.28531786408 2699457.9295378947 580.839272180685 
8324.425020793187 3261196.946778966 399.86929139536795 
8161.210852725404 6430896.997688321 516.7154384538995 
8106.81925480255 10362669.172904551 704.1864890958465 
8117.397846025074 9404076.495704345 705.1271057893076 
9255.575993598837 1004617.7582410167 398.32320710658206 
10603.836042285167 452185.8841679835 139.00538488961308 
11264.454699173502 362626.4184008543 108.70172439078799 
8717.803446419182 2223077.494151554 558.3122232456307 
10316.296810427722 460576.9185127057 150.36055466966218 
8198.338030668923 4337539.667197737 411.8045409009066 
8189.899666848131 3586255.0690391585 417.65858483116926 
8128.585473852982 10215943.539741814 641.8769838279401 
9114.828488101142 1631003.5324503893 405.76607957075913 
9308.091721859479 815234.6693604493 368.7366989426077 
10990.011901161064 373869.6986315653 102.38588553241544 
8858.608697248488 1918261.5215118476 481.77866659280346 
8674.00741302159 2597596.0635174196 599.1487163389774 
10902.028188090197 396897.06465651514 133.23051327735828 
8743.558509257127 2678062.586066773 529.6115367742857 
8107.242931402161 9985419.22823979 660.5445779808857 
9556.40507391684 705635.0377397563 297.7638801890132 
9517.858253239854 718565.0377702184 315.55847304983206 
8876.352437457565 1843194.1069868512 447.8942240728085 
9461.302709940463 916263.29853356 337.23014770483377 
9642.462329931492 653308.2738110035 282.93199907482557 
9913.732300217467 621124.6771897948 230.4244833719761 
8789.624713821102 2055061.3646903937 518.4336693558578 
11475.812271719566 345894.9379864479 82.28918735191488 
11332.159838471263 347852.8574325996 92.91894881753367 
9364.587212553455 755163.2810975095 355.92292297291607 
9071.757260683098 1718859.287148693 438.0335631009057 
9774.868028483043 625639.7527878946 258.9602196275966 
12725.082560287254 247502.86062213616 16.491738197542073 
13354.321984845701 195646.9839158978 11.138814884069687 
13026.22005130109 205177.4586730234 10.585319648152243 
13181.359996001953 203142.35178888345 6.344764971177974 
12578.555256073236 224311.50963721971 32.35500436524525 
13468.098576047705 189536.5629360936 9.386838318472895 
13746.439741163229 188785.70113023085 14.44384634968442 
9967.577116695244 614566.217238015 217.6712982850826 
10169.114041775203 516301.8567020704 176.6713094132015 
12094.244994988585 256191.08148407028 38.22576459148088 
10788.711768560635 383630.8507629044 138.34498489129865 
11626.834801492856 317744.03182646487 87.31166233941688 
13562.303160091651 196699.07301583246 4.296983824355394 
9717.620005752005 659350.5368181772 265.29381843119955 
10082.390725508172 500960.06089992955 180.14032727243455 
10223.149645198962 518178.6084041681 166.80791418106458 
13853.642198471622 183719.2575734513 2.203244527860802 
9828.511421395626 602912.8621892649 245.0876748479469 
11539.008632179466 330382.1939452202 79.56150365964889 
13658.931331190426 189521.85881344086 6.720239501005295 
9994.567629671383 534746.6443470697 199.83319214700722 
12018.70605321219 266805.3745337946 51.643087727414425 
11684.708078033567 312938.35741402896 74.99073880507292 
9694.583353396172 619310.7833668602 277.3782788739497 
10063.750653652734 529303.0831153832 208.00749286278312 
11918.208974870233 308305.81984636077 52.73150225010747 
14031.173277686474 194679.5202110389 0 
13939.557735610875 212549.23440668607 0 
9841.17049558308 612644.7617423215 240.02967363241225 
9438.898430676829 778886.4778732408 351.2299199608169 
13245.665930188032 202105.0600508118 10.403963814558866 
8986.48498314219 1780061.0661156941 445.3596165130233 
14124.83643320958 181652.56325015327 2.0764322535164625 
11869.046943770667 275848.89476665104 62.37987759573787 
11792.15660585761 295010.68807058514 67.08292707612327 
11772.285212776853 494863.8290195142 72.46050667941644 
11995.715955551515 278341.9182226852 60.37623238176849 
12798.444087373346 208493.2779797772 22.591777442157525 
14192.493665365731 194602.31652397267 1.0083517800706885 
10066.096336829181 540962.7433340589 192.52004217873474 
12336.724339762008 237020.7402848363 28.451964183997386 
10266.256371800666 512639.1908834317 166.97301129832488 
12460.985554656345 228073.976493421 30.611427255516915 
10798.971488987881 422663.5319232031 134.94010119843924 
9497.232958794199 788696.6311884841 344.1587822030957 
12380.924044135907 251119.91215993906 18.635035749430003 
9026.514370444831 1718988.0542484242 439.9454973553238 
12273.103036612465 272609.9891372998 33.38056863320725 
8898.81129708757 1776651.1283675237 445.436794318416 
12155.202016418207 257741.1972342479 38.03796037578632 
12220.150636723192 277984.2257192882 36.10814037994018 
12946.525594984214 214295.23667461373 19.728118164048723 
14275.98357214385 183559.72385105572 0 
11316.7847547579 370599.1185060697 102.16119553773378 
12512.61647788135 213828.9852173695 36.493890674278305 
