12944.782167893778 518569.646292601 46.7765077744163 
8772.356679211087 347649.2244556142 122.81896247378694 
8010.326133003033 78204434.23200673 16287.747389685843 
8010.496659308625 417743134.4663961 9975.684194380872 
9238.891714114514 512860.24837037607 66.61747049013654 
8010.56247783948 72306126.32997973 7986.573894907779 
8010.420621282219 49167551.700454846 12395.486942110934 
8010.388426641858 47902775.09209033 13446.31415890509 
8010.476227772916 38045694.111018725 15271.30255955756 
8010.53482832853 28217957.959400527 9654.986189568408 
8010.433741931152 43910100.51367817 14455.13795516576 
8010.453440606153 43263031.39252595 10953.854131029071 
8010.456326429303 53959583.38560048 10618.792764705522 
8010.958951002242 16463298.277612293 5572.280824652044 
8010.974142232868 10711022.742106345 4398.281409569539 
8985.020443522193 833009.7335490136 105.99722344058003 
9128.88655860652 718055.8350021697 83.08436342312234 
8010.537961906187 21712974.96525951 10200.919312390437 
8010.489125973363 41119015.12038936 10763.797303602714 
8514.20244412745 781385.1950029465 152.82070837218942 
8011.295266263478 9234771.376205007 3585.3075810779856 
8380.792585509902 901468.0710989573 213.94611924073325 
8010.8053516345035 9168317.56612999 5786.603360057554 
8281.801419426143 586186.3105058662 256.8621749383036 
8011.10519206663 12287929.490337627 3720.9072404196927 
8011.09949976772 7374040.213427339 4392.308186543746 
8591.537950323956 1306718.6152355252 143.14896020893156 
8445.022395370557 533974.7585629353 160.1879378918824 
8011.368634245765 4541538.201153236 3301.2897675531667 
8011.334135720835 5873548.32721933 3916.370841038885 
8010.531737980563 29360318.270896494 9986.315986816968 
8015.047211414121 3017174.4935670337 1442.0456623078653 
8011.253255972179 6177212.064767858 4103.361376613456 
8168.512397963163 832385.1308233729 447.55433611995073 
8736.224404867342 444370.3747300846 258.6966704198866 
8013.279937905934 5329000.179471714 2004.021175114317 
8013.473406079637 7863895.745638265 1857.124003751209 
8650.532365188315 2780508.3617190914 96.6324839301678 
8011.111103873825 11323121.754758224 4015.9021833695524 
8087.1178556075765 2389079.066457223 680.7136256962488 
8013.041960625441 20072549.215915397 2129.497496570102 
8113.238823922961 695625.6478722314 602.5933411365339 
8014.261762294423 2173873.9322949466 1653.096715156847 
8160.3118227989635 2306402.4130594786 476.3879955591002 
8709.457311205448 807323.2371130591 151.75048232311934 
8613.966882252871 2252191.840347284 133.0336575062259 
8010.570417712748 43515655.59298536 7838.044144936489 
8675.00518173305 1235068.6105053802 142.78486177487403 
8402.96312877519 1627485.832507054 198.12426961586527 
8030.891242304688 3474291.2459189603 917.7176743564389 
8022.0936133817 1177080.3740173548 1132.1154256514887 
8011.954689158928 3988350.7946455586 2795.7734287657177 
8272.728824556772 1319812.7077842336 326.8374361438126 
8053.892808844067 934723.3869492522 861.3134544666229 
8142.226740530489 1051874.339748372 586.1931920522276 
8035.929479712295 971958.8988954007 761.0827501794339 
8014.4004587688105 1822878.8478516713 1746.7193096674016 
8011.381379526853 18229154.2019016 3268.159023286269 
8011.517612264237 10936613.187623672 3060.497259716681 
8012.096881168096 3311074.451584383 2688.3833506126866 
8013.089076249926 4298293.801856461 2238.4769528137117 
8019.891404822946 1805094.147934152 1207.149564565922 
8428.449570406625 793808.2750346474 201.21746829783393 
8101.708845386937 1149662.9637079206 573.593447232804 
8032.550786422176 2005226.811548644 1029.9651943979752 
8011.555685472383 6347243.9287042655 2957.083128860984 
8016.204792545287 3438998.4693245366 1371.3647818672114 
8076.1005597397425 2568560.5022214013 747.052617989821 
8011.556861070521 6234057.205346751 2364.5394254327025 
8013.129848064718 2926600.394208421 2074.702637586271 
8023.421165547914 1091650.8493794831 1030.2769320342848 
8012.978855892216 3817243.984718414 2312.285872403358 
8011.705452509446 4643345.785436046 3156.3105423037237 
8012.420438095141 3735476.6353160497 2636.050604343339 
8011.195656445645 10291620.333524171 4101.1831003400675 
8012.805965400458 3240814.4951415453 2440.6240327810074 
8765.542326676205 935548.2914201576 133.55790942016958 
8012.798100702553 10337458.93565064 2172.071661554943 
8013.53204081759 6155184.560375881 1834.9251250126474 
8012.020304779847 5818018.162891308 2483.3325328655887 
8019.31100822565 1532211.550052438 1270.680502815671 
8101.204123506313 1445175.790329529 745.1046647624556 
8011.686873692751 5267778.680382096 3259.6216036726864 
8053.1894444750105 953032.7178077658 874.3938511495913 
8011.707609939987 4872117.532863962 3136.4440545900347 
8016.309000270959 1167688.381334934 1311.9116781107805 
8012.082076331723 3948781.578480933 2984.293043738433 
8011.905781427087 5157214.105356273 2865.2693745086985 
8011.8589483673195 4434367.945509133 2886.6783402544233 
8014.64914101604 1466945.6625935156 1661.1190830903881 
8010.380791079746 49841740.272826 15161.560272783943 
8010.5755899243895 12566440.59856678 5894.201756545063 
8943.81122286525 1328056.778809744 119.03882660177561 
8210.878588331969 564821.6487637681 338.02422446196005 
8010.4858284881775 347494756.86376077 12250.591577041596 
8550.056507097499 774484.5938758783 310.76312661760977 
8407.252266532429 3195624.8084769375 245.64815700228064 
8010.717370732841 30132860.394192226 6676.003008196955 
8010.592187790052 24484764.068768483 7802.41400799643 
8260.190114601071 1063824.3266061158 372.5859814350762 
