12944.782167893778 518569.646292601 46.7765077744163 
8772.356679211087 347649.2244556142 122.81896247378694 
8010.040705965068 169124004.6763452 39771.804526513035 
8010.094515355209 337883321.3072116 17104.121273929126 
9238.891714114514 512860.24837037607 66.61747049013654 
8010.059821255578 280579163.0178155 29306.63129543169 
8010.04477936734 141309880.50878087 34857.19229208779 
8010.257883349439 222632809.86004344 9351.123843506297 
8010.1028634751165 331807559.0369202 14424.995362044903 
8010.061592043196 192894264.63387877 30996.38906250806 
8010.07633860834 208734399.04522336 22207.83429246472 
8010.0878754531805 76311929.13053103 26374.796004826036 
8010.066674152401 98392430.73276217 27328.167865540738 
8010.087020127303 84472427.9171943 23746.58709184777 
8010.092677423312 94813268.2546619 17716.768841742138 
8010.098960967999 89085031.90924981 19814.496355826686 
8010.091374729276 126947741.91535148 20253.278006415712 
9102.761811743334 670936.2989011689 86.29848464200549 
8010.275663558873 131520789.10881732 9096.009524889603 
8010.068539323727 97653756.90317842 30798.439120217467 
8010.203990718418 60722429.696752936 10895.704697603724 
8010.143791726932 197613970.33922487 12053.050297097438 
8010.062005752329 103394013.18289658 23720.281207998538 
8857.296834056533 740165.3968985509 65.29626780714335 
8010.086753023476 115265172.33631498 22291.825193329987 
8010.1035318795175 75026033.87293923 16539.419748093354 
8010.106709823578 51814317.508278646 15490.594853073699 
8010.157203453236 80959870.57052185 11512.792340099757 
8010.14322509922 40240387.08389366 12854.678465047917 
8010.5373315578 54775008.79748738 6030.132829716592 
8010.098629965711 90762262.78933032 22411.29982954162 
8010.090279080176 93535760.93644723 21311.150586614225 
8010.105672349645 52633098.935683444 13596.222285697491 
8010.179033843941 69670081.65735294 11912.24015609817 
8010.101792380417 71580274.2318013 20717.93426489418 
8010.089150387463 111405503.9858688 22408.111936317793 
8615.110227307465 736668.6013186979 147.2569264054422 
8010.105031768235 59828166.65091401 17462.007837938254 
8010.301342845161 20224198.58991625 8104.142279692509 
8010.307040861987 17210094.45429097 8456.658424946674 
8507.894301361686 422827.0513564013 385.3609071788291 
8010.220362538814 46402201.09449236 10355.18538815416 
9181.085043659245 496912.78999333316 70.69743667559642 
8010.2129136402655 37212282.29698692 10566.082532849689 
8010.368765613159 25292692.93048492 7125.84568147924 
8010.689536994891 9059955.443594174 4941.289538577065 
8010.153250049032 104431947.45931408 11959.189198272023 
8340.120033056652 1438051.3650776355 239.92369061216908 
8010.121266970105 41390208.36730936 15117.760514962221 
8010.072063703361 71491640.61449769 26650.003945847293 
8010.445430586078 17840566.402049836 6381.580731308924 
8010.653461212537 10402299.302511701 5409.182492717657 
8010.090745433639 90931918.86672392 21172.657948319804 
8011.517612264237 10936613.187623672 3060.497259716681 
8010.906041960323 7179401.234830147 4305.513372580041 
8012.72287659846 3283908.3118539085 2629.794700795294 
8698.960737870875 375883.62143297156 113.51689246845771 
8010.3626043332015 14806635.85529966 7689.558223370254 
8010.233117774339 30096505.62119568 9619.833886466566 
8010.103119936322 88295547.5105164 16874.3704600886 
8018.848010926336 2116988.4754565526 1411.2387825261053 
8010.184377144532 33484103.041731913 12165.608443322795 
8281.801419426143 586186.3105058662 256.8621749383036 
8012.724504847383 4663209.510831315 2342.4948727806423 
8011.640009632522 8100610.847849068 3367.421199021104 
8010.22453725714 30229413.427232467 11818.507578405213 
8010.138982763881 42074387.09066929 14075.063129288677 
8010.111278138784 43954074.10878761 13876.630174770995 
8399.523543363448 842501.9695808674 168.5340882857062 
8010.396523815198 14310162.872740887 7274.762329335634 
8010.399204696541 13009528.89449575 6672.853057255726 
8073.924541770535 1076966.7194628702 666.7517111911234 
8011.0124567797775 5843489.708957337 3683.210555867961 
8010.794994037394 8657336.676100994 4531.772457500168 
8010.1321558977 43482473.88301395 12452.690457738401 
8210.878588331969 564821.6487637681 338.02422446196005 
8013.279937905934 5329000.179471714 2004.021175114317 
8014.4004587688105 1822878.8478516713 1746.7193096674016 
8853.023171534416 699907.6946694241 83.38288812514672 
8168.512397963163 832385.1308233729 447.55433611995073 
8010.30747252551 46140893.365391836 7813.410482215002 
8010.9064125461755 4990662.730986812 3900.1311433228016 
8428.449570406625 793808.2750346474 201.21746829783393 
8010.473608808859 12402526.590166723 6918.881567772005 
8666.889603428735 452087.97475965985 114.53373281631517 
8113.238823922961 695625.6478722314 602.5933411365339 
8030.891242304688 3474291.2459189603 917.7176743564389 
8010.648923723007 10930335.58252785 5668.991426283466 
8476.386220277347 1109482.3870705361 139.87124821765354 
8010.269939180976 26959666.827312823 9532.867993436561 
8244.692142377107 608501.3360356498 290.22702813327754 
8140.726052089911 2010295.5426424616 518.0530945625196 
8022.0936133817 1177080.3740173548 1132.1154256514887 
8053.892808844067 934723.3869492522 861.3134544666229 
8010.281571010372 34912792.39746171 8211.741550767694 
8010.099254151346 86262785.0324413 22362.57731206336 
8010.176212287635 35387737.192463934 12326.792798113083 
8010.277959234293 26601885.84054362 10000.459448078393 
8010.121064216084 41097374.995416485 15358.495973366124 
8010.102910029941 71107884.13623495 17041.485007104136 
