9341.685431377477 406130.37110337045 90.70203271162814 
19003.188592538325 120560.73101940619 533.3631847224606 
8038.690956865023 5260325.699274745 2634.1561263266117 
8039.653335051225 4956738.037667809 2663.5079137668768 
8040.60300062804 187190224.80700648 2035.2615155706483 
28182.056767915416 218573.29642537457 188.93388386524154 
8040.834037754229 186637780.22445124 1887.5169999051905 
8065.114132061315 14356193.359670624 1007.1183471261495 
8041.13660047093 4992137.48944144 2534.3179059674176 
15036.630482609427 190638.27300012243 556.1630613219085 
11310.445921740135 224800.13574382468 228.17152096811964 
25297.072370033216 200522.32350925764 221.46232728267012 
8066.3793256230965 2811429.0417767437 1495.8820763831577 
27874.015565257985 177371.34579815416 283.438519068705 
8040.60300062804 187190224.80700648 2035.2615155706483 
23911.628250987043 254406.0243803036 188.03871421679705 
21454.712101243567 324973.09756795515 197.82341342039814 
23010.48436 199905.00959337875 231.08484416784447 
22178.233355161414 156001.91039353 303.37161720200424 
20966.133450705172 177801.25429892732 328.8869172565204 
8086.166220738673 7425360.094406869 893.1147314956827 
8802.377424886612 402656.1702159144 725.0983158423485 
19650.876862671983 191352.7619434276 261.9666907822359 
17198.3685841283 203746.93749893107 325.4077143121988 
16563.275371190903 128948.83250700356 571.1263472723147 
20246.977873717235 206757.6363334059 210.7743689967023 
8040.311537561858 5120294.755241957 2603.4433101931095 
8062.158748544977 9822018.26860798 1048.57502569448 
24118.455734794996 230561.1005327968 194.85548898511263 
8095.17891994349 3190518.7014786405 818.7332539576729 
17809.56396745976 367721.0670825244 207.35332625564322 
8045.713868316598 3234486.494294178 1306.3978981718146 
8041.356752425407 3163656.068483262 1464.3255364825209 
24636.42959958873 223749.60093852782 177.6441258058987 
8048.137494877453 4194603.775665238 1246.9470961342276 
16071.519172028013 166485.50720113155 408.0651339756132 
15810.985844108454 145568.38374832983 545.1994006795187 
8058.221050535861 9821558.448533373 1069.3820730782497 
8106.0412211823 2069108.5264151087 1337.3447454518555 
8061.300084010232 4903049.676546503 1112.7047620550861 
8112.760423381978 1694513.2570532782 773.183578947244 
8042.935889749853 3075980.0133224926 1409.176826411399 
8942.348968412176 300967.08567318064 711.7244193812145 
17405.714029799725 353859.05800094747 210.64312251817057 
20174.125772439627 201021.36906214556 227.3576190086763 
21139.80974371723 188563.13639218314 289.9728922212869 
8044.2496575826935 3039804.7799905716 1383.8866290307915 
10250.227428430948 220745.59836132318 475.34199000997586 
16389.3949114756 149838.42364627554 401.14320432577665 
18204.856267609666 170187.67161083076 364.71129079512514 
22935.74822500429 133153.31866237283 325.8657858835991 
24636.42959958873 223749.60093852782 177.6441258058987 
15487.814958672981 167935.67023903405 558.0707122996564 
10864.710486719525 218990.7554502138 295.3392606896199 
27960.844875457995 225185.15704891772 175.9720195196283 
9469.830680385525 229091.29867038486 679.9278532871871 
8255.547674539535 1811781.9102847134 662.7481511635466 
18661.49401232236 207806.85607884443 251.1368708320946 
8208.58816237863 2476725.7227736856 635.2883385655471 
8470.861621760172 800588.4486204641 422.1970117831153 
9193.549327375422 576783.3992094682 117.49320808538891 
18482.10481338404 144336.38599255425 354.34899864678846 
10447.72867347614 205520.04933461 454.49245131133773 
22503.355606425906 210821.17045143456 195.23828074375197 
18033.300096479972 188533.87352793958 356.3822992830967 
8071.070627942983 8060302.434206048 936.8494339052934 
19460.819070616497 127665.3486223568 367.46228090733666 
8508.135888629162 657166.279343782 342.46610959258635 
19241.028607079155 206942.97020767716 313.4875475168709 
8050.74432132237 4420146.762816193 1149.0725300412614 
10034.387818017382 171642.83050596915 624.3488432514143 
9640.749230250183 295169.9716014018 580.7613199252731 
9748.898915288311 219957.5300260891 602.9541338245106 
18853.771850741323 134835.16413749268 352.8613924980892 
8073.859324545416 7842472.185837862 908.9620668801019 
10588.906989738718 192780.13926844945 478.9633396936017 
19282.156862586577 202297.75063402543 275.2727571937638 
15497.87179434998 171293.54827135612 543.6657216506369 
8057.450396403561 3296579.704629221 1165.17064443326 
10646.3816465444 214862.50868831936 442.40056870128814 
8062.451676905821 4106132.118186381 1018.3655103946078 
11137.32271581194 304699.3477716192 227.24287558497497 
9917.335802600925 244030.21313846367 501.6978863877901 
8080.336843378315 2358939.695738259 981.6682299334253 
8053.962101594597 2944702.259659189 1185.7294939957824 
8075.1462584264245 4726276.096218404 965.3701676690029 
22359.610763713627 253996.58621191405 194.63888626730687 
8046.672332221948 4598641.766914173 1222.9079518207361 
9081.706716487839 288529.47482962953 622.5346917621373 
9293.133876732529 570110.55498288 145.30452585421284 
9279.873238631386 573760.1998315576 150.57291934283376 
9821.036496564266 398034.1883061256 378.0980828895704 
8102.775488292615 2298412.0810977705 803.4554549762308 
9209.380281778285 706684.6521033507 97.80837269223204 
8354.989413385145 449941.94612739515 536.9883099416026 
9558.96650060391 174001.60409908261 675.4567117442476 
8050.7109978388025 2945502.526065745 1207.1242921361345 
28181.10311324847 219792.2711255418 181.37786446918037 
10717.306525441141 194944.61480340356 344.77578057759695 
9731.284642590757 361714.8623052179 390.4124893435602 
