9398.217436517552 449130.003319827 32.29870074545195 
8027.140418859588 42361942.44440501 14776.337101705605 
27292.75713125494 136178.43866027426 174.32723154907382 
23803.21536028705 37026.732869035346 603.0740072144444 
8027.140966226513 40367545.40338443 14827.719553376372 
8027.140418859588 42361942.44440501 14776.337101705605 
8027.1424891450615 41229699.74824299 14293.708759275522 
8027.140966226513 40367545.40338443 14827.719553376372 
8027.143582718018 25706181.83984098 9807.02592404389 
8027.143837669692 24012325.207422547 9818.41174102869 
8027.184258609205 18495011.89219166 7444.296146491488 
8027.190944695824 20238589.685330395 5876.93471309986 
8027.21941164135 23423278.85512556 5244.399767943079 
17136.99783333947 47948.18500398141 507.1995405770614 
26141.43963327048 37324.76134857282 538.5763095410192 
23417.512944260005 72583.31938453646 255.12083923781395 
19839.90492596711 127963.89567421726 230.2503822595623 
14697.11646802811 140678.89992073213 213.97034400737977 
27078.576861892914 71379.91693624132 231.3388130227769 
8027.1407644011615 42008650.39184922 14762.528015409524 
25126.06240651596 59349.676197915105 243.40132804479913 
8027.2316916867 15284247.868779667 4407.8981711510705 
16440.94708877386 50871.70359796719 465.9631946987604 
21796.89406724252 66226.01965562691 310.03663034283977 
8027.263685887536 13747848.805804014 3774.582716379308 
8027.223092183922 19960015.469122987 5655.810717503527 
20299.426556645103 47588.57969569421 602.0173750239608 
10148.863929534175 192915.60223049545 408.8849366799516 
8027.148458381794 21913158.287352324 9045.063213081188 
25812.624527674605 38009.17599332104 480.41572094116634 
8027.186027081919 17050366.270346206 7576.771383331897 
8027.22461969489 13930790.393159285 8324.324010386326 
8048.428710681188 4646867.164032328 1635.5808008812382 
22597.954480362438 126426.99406054494 202.86340733831764 
20936.746253696256 137785.84085575218 214.61114234673119 
11382.208655359442 70577.22063170889 765.7565946155119 
18588.276184998307 46019.76009162144 634.8471224034957 
8031.729288935932 6022221.96527759 1476.9412024831906 
8151.592425782543 3760945.635833079 1072.6875207905432 
8070.372538246449 5280160.253167119 1317.1907886786682 
24433.26701717001 42574.78301681957 429.25568098609244 
12435.981479282404 157498.51249728125 341.17028669325873 
17840.706201647285 315439.30584686506 205.8061216858797 
8028.11207658574 9344422.25262411 2764.3949098590224 
10935.760786608336 143425.77508654282 508.25168545468716 
19137.547584907516 48788.43913561998 457.1693398957858 
14029.084142074571 135608.19320400164 265.9079347213144 
8027.182979185487 18056027.89575945 8045.973512009409 
21334.101944307222 50272.726581539624 325.40928639227695 
8027.146953939263 23332909.7264093 8819.391060804874 
9057.954568669165 6760621.70236707 161.50891762378615 
8027.19181962405 19074258.58064826 5867.794733253537 
15195.830059469512 46034.27318073255 779.794862451555 
22416.032661533136 44626.62393169165 306.8946380736336 
9531.101710374427 257511.63801734557 627.5736813340706 
10504.863818777809 137403.75518190628 620.5693896765057 
8027.257470012281 10571377.14348384 4149.401714685747 
9200.283260956789 1402982.047633583 87.9970265365607 
8028.042645452452 14283078.043153886 2312.482978785551 
8027.802703057977 11236212.633222306 2471.3543379793005 
8027.144708620204 22556855.30797375 9804.099747731148 
8027.254369024477 14796553.825556684 4237.684143199795 
8696.540865355377 1892714.9631994679 320.5756330341808 
8436.015421265378 7385291.447898505 921.9822180006839 
17956.485369572252 47044.70119295726 641.4342104934885 
8027.228244462541 13051300.59876652 7693.441266458185 
8027.203538120361 16258427.013579864 5732.58402188024 
8901.60010438337 846477.1008426275 574.2018570275028 
8027.148111279967 21395843.88810949 9242.825905052532 
13832.52156886879 46310.01635670209 688.3688723804746 
9190.841318003657 2630340.013148478 250.05833554852165 
8027.1440808498555 24788092.909762546 9556.290400370615 
24703.856834928738 124877.10523468578 216.80850686050542 
8027.679109041751 8800324.590328194 2958.842757082482 
8027.184867435551 16459743.662999656 7850.596107170787 
16054.240136113727 47323.179732083416 653.6212128983925 
12783.363252988987 143870.46670366966 285.31409189464745 
8028.751843119708 8316259.604973147 2808.2174136398576 
8027.154633523273 21245219.19136951 8202.293203246492 
23832.728062401955 41744.54326459574 598.923467085084 
8027.438747226333 12858047.752155196 3261.5888403929616 
13429.99795854059 138756.48227225814 338.8787956918326 
8027.329104682234 10278821.131711647 3454.0978558815345 
8027.185845844464 15347792.099695489 8201.46327143829 
8028.9017854583035 12102638.328598868 2144.9044638293285 
11927.053536419407 66886.1348803176 784.6322594690223 
8029.886369275058 7740825.758601118 1820.764391145416 
8812.093842531442 1783620.8665385474 1017.8474268302109 
18942.492761449736 52344.54901472083 450.6738812257257 
15738.796020535377 49850.88674315273 656.3845956019738 
8027.1440808498555 24788092.909762546 9556.290400370615 
15513.7636352414 73113.68391555233 274.6855547725081 
8027.145875147611 23982523.932086114 9388.31820937984 
11847.692326370623 75764.32358176711 472.1515485034079 
8261.750715071397 3174660.2364458027 1360.8676448559825 
8027.146608397689 23686201.778965093 8833.200147100953 
8029.712804121796 10738832.946342584 1920.728292195051 
8284.511904832258 3360224.079673747 948.6819668730659 
8028.673716174436 22944649.095482387 2124.0137033716405 
13194.59128520505 54545.550899206835 830.3233805071175 
