9470.412734812047 209167.99634831824 14.69138755067009 
8130.270393739456 142826.3856012286 50.89524775276824 
8012.398732642671 36727532.63291896 1852.9758218527295 
8011.036568675986 13604780.836260527 4922.203485813843 
8010.985734897609 32729424.027968436 4135.681493122302 
8438.703624116384 160148.29185869935 16.12455620448345 
8011.09996247682 26310974.473618433 3521.4658592227556 
8011.388103022644 16810812.563367613 3443.3564955629636 
8011.062618007786 11563075.175818626 4746.423368437467 
8011.568834863836 6660245.4616521355 3709.0842798465646 
8320.494332456323 166039.25949360852 24.12771654202388 
8011.681790643938 15602895.348664192 3034.4423260104713 
8011.707107843249 10604574.759266498 2785.6013865507366 
8011.7091978330745 8932283.701766469 2416.0476412817006 
8011.546413578764 6239291.879729695 4115.185117295669 
8011.804211322969 4093708.435813006 2230.926811449439 
8011.392641134337 8723584.621900681 3234.2452714922056 
8012.678402074347 2004635.6612718853 1579.3032315604564 
8011.576708712808 14010953.434507653 3090.75513470399 
8243.399755987115 153101.30704937596 25.9843779680156 
8012.624198888667 3694614.2738021202 2019.5354860336297 
8011.914314948849 4071935.678016682 2544.0419095411635 
8011.953972095273 3969586.028293618 2847.9539939430415 
8011.733849241811 5491728.357464898 3371.569999794283 
8011.176449683315 7305461.287774554 3453.6643568576064 
8228.010122172596 557004.4007999924 26.442092390772196 
8173.689969966141 203215.7012650859 46.2774937422472 
8011.578420310372 11268888.401264478 3167.8796289905426 
8159.0670196118635 204859.17130773258 36.36840303138653 
8012.169911630904 3997193.357318661 1961.8540251988932 
8011.744680880023 4511952.73640849 2523.0697769479107 
8012.946165982734 5845351.023420231 1501.5571308981075 
8015.549196964283 5437138.492245443 995.8112607219286 
8012.106110916358 5208511.923501508 1870.0676131508426 
8011.582200646374 10953347.018218672 3081.1781841491957 
8017.972554806044 988678.4030917767 707.7673751014543 
8015.664839822941 2736738.454513685 932.686457865712 
8017.750887598952 1952988.7201240924 812.4636443936804 
8020.5448305924965 5002186.091429415 556.2249456075547 
8011.587264693674 7075608.914764587 3500.4910403149524 
8013.29172459853 5266862.479307644 1396.7277468847092 
8014.708012215408 4284418.166361391 1138.124460517667 
8022.605186719149 4522685.346232895 498.653550437381 
8013.302037550286 6817601.028579366 1387.591358368244 
8087.279483958862 314257.3428658645 141.24405382075588 
8015.674568348719 1792722.3595389274 1115.865049591448 
8016.005246557116 1858457.9336675443 1048.3145250006326 
8074.507505578245 513625.8198670894 161.296636645982 
8058.652114719437 1024378.3845415052 204.48558448292863 
8051.456401203373 270782.75207261497 218.16301478748338 
8020.607341802832 2422150.9696632465 632.7382239840871 
8014.885587159134 3050843.330831974 1079.0740589235393 
8017.2346215926045 1381404.3052037153 882.093833342869 
8054.756061728494 1350465.3158290205 174.28236236211245 
8020.30723046654 729013.239640739 685.0523444665761 
8044.181681894813 1171521.3728204276 264.8076574008774 
8015.398528023914 2904763.130406727 1215.2179311614098 
8034.425469637156 470818.53592873353 397.0903714652953 
8118.32796872214 306634.87617101404 80.71177014784784 
8024.4910781701365 525019.2266710519 462.4581458531035 
8013.973080251373 2306194.5398627617 1269.894784863015 
8015.870137520521 1179358.8870323203 1354.8045296807286 
8013.632681474551 3561862.248732651 1320.7951018459476 
8060.29461880693 275277.75147762615 169.62262741653004 
8020.0588958157205 2661143.903765274 617.4199135157966 
8110.656299964805 235315.76554015506 89.2886542589455 
8077.279894353148 421610.63502817106 99.62432678156568 
8014.591417991809 1586105.7452022869 1297.3158362844702 
8090.563489295148 207488.55940371676 113.81415091566012 
8031.726603464891 485562.4578470794 363.74853634912125 
8017.181500439201 1407726.5438987417 1176.621135515323 
8019.666367799358 2191464.73273385 650.4629735840732 
8102.34674532772 614311.9798317031 86.6666016060488 
8046.83054597566 884839.1209370621 279.0588334491274 
8095.005991446193 352694.7504129475 95.97495016893976 
8024.323272396104 1170685.2374499477 491.0511364091216 
8025.619197840485 712912.850190268 344.22488626654416 
8014.8095845237185 3214017.1311302786 1255.2619865344473 
8014.288790258893 3743561.288603095 1194.6275878398203 
8019.969564528567 1219412.8324781768 652.1475469234898 
8038.965896105321 624537.5319541239 309.451594401384 
8128.580014012269 183017.3894893505 57.74695848225228 
8017.240962823614 951372.7095571465 832.9795393060831 
8025.1910074346115 563282.9328820521 424.48970115587883 
8018.249260663322 3831708.9039370297 569.3975139645188 
8041.963704458736 3297558.054918054 282.235799306391 
8013.866411269811 3443391.6711177463 1308.773849765057 
8022.263749178914 1940817.5913190446 573.7997874454448 
8015.309286993211 1428819.64216645 1242.1517310399418 
8048.934205348828 598094.5425158656 283.32594405927966 
8031.674221953243 519353.2684335059 416.92310757559574 
8016.246278792856 1583133.526214806 858.1563865347084 
8015.701349652811 1480155.4114367 1066.9607404147907 
8037.457570274257 408496.60462162585 312.7341404909845 
8021.906997989867 615543.9024222922 605.2651781131653 
8122.746427606566 218705.89002125856 53.493756801701515 
8035.634286126498 1176008.745928491 336.70229091589283 
8011.698361013033 7260837.179199758 3086.3661062580127 
8013.491354998465 1839294.294495038 1403.5010961543603 
8011.466883781447 132261867.44962335 4706.266675168697 
