10473.349783887728 74712.98677420648 0 
11115.812468599237 46616.201561680486 57.45455547673201 
5385.493897145392 9041815.483280169 1569.9937043183902 
5365.881704728061 5500232.342000888 2056.06386121556 
5367.984979743355 6689240.301129483 2039.1050915252038 
5390.200155082806 5808786.921539539 1443.6228144379645 
8257.061416331773 84794.09181478951 51.56661882941842 
10723.584315859678 46677.66588531111 50.31218764397741 
9788.482940332604 51551.421985308676 61.5458175990763 
7254.5196968844575 109630.55468079004 17.94048657769618 
9403.462357385324 61678.70658854837 38.45204133020043 
7611.490710331043 102203.42266519282 24.080685705934737 
5368.356079076131 5148529.011652484 1992.009522266263 
5433.005166711276 1933290.4857731864 1197.5328166926383 
5905.351437510528 862278.7709341493 462.88210033698465 
7978.995626310449 93144.27101760627 10.196642298572552 
5371.27392187761 5003468.818045597 1839.401616536007 
8631.856831884897 64582.667697089106 66.07279732202558 
9948.664396098631 77764.93105526747 6.339901617181276 
6254.133054399262 361028.168612296 410.54891448412593 
5562.226921978238 1016575.879976599 804.8035492526726 
6995.109795644524 151800.50525210047 73.80971354712233 
5420.09140433987 2593536.9148815596 1280.6050252046668 
5526.934131464268 1389405.5257405846 865.0959483459011 
5371.566227920962 3621825.960797291 1803.2589206941054 
9168.561844505055 61652.2701807145 59.725521368622196 
5702.782697601349 1337427.0747531531 718.3877097892247 
5819.076390154792 712657.8854395376 575.1436584643039 
10176.486597960777 56984.35247640267 59.120095197870086 
5453.123672057535 2595637.8323204303 1142.34774540983 
6145.267510279135 508339.50201293326 349.01660287968673 
5392.99733152828 2990498.4925521812 1498.1128293708302 
5374.1782374855975 3194156.8130867956 1702.088228974394 
6839.579313774319 189844.32288448716 128.95398720852126 
5375.332068437186 3268333.461796521 1668.9865269544507 
5386.867271125927 4690397.053714738 1533.9727096669642 
7858.769674221102 101433.28510255128 23.043405209352926 
5406.709162112607 2439988.2459250605 1317.9949353143916 
5453.959790067072 1513197.4934096807 1084.214728459568 
5403.29629958893 2132636.5513913212 1342.8094166441947 
5368.843517295713 4911371.850041353 1963.7457724235387 
5400.174244520722 3787511.955837791 1383.4795505642078 
7113.662200766672 125228.36262294634 45.90434110408391 
5778.958539883685 731857.700567561 648.0945207829617 
5802.856485452605 1253780.4528709652 588.7082608428827 
5473.549636745192 1857284.4684384125 1004.447885022088 
8731.89775509205 62186.49445510372 45.08790909533896 
5483.3538881454115 1583800.046371913 974.6669255575143 
5370.673612735384 4047155.3995926506 1915.389464594916 
8970.687896304411 86627.51263913186 3.954365473495244 
5403.236666169034 2764756.0599578163 1402.887773226957 
8905.371725067593 63360.08789526477 34.44916130088363 
5608.658086149485 1095222.887917365 779.8688821220065 
5936.487731340106 566229.934913162 500.3078044078758 
5386.52202031717 3478988.48311988 1573.4807454903942 
5644.851097293328 1469281.7428336455 698.0911008070277 
7697.035894094469 101778.69647916967 14.194857448907825 
5372.546789350032 4227162.696333817 1758.695687338874 
5491.213409335224 2236712.7229146543 935.1369529618595 
5394.138100474251 4164061.0715763746 1468.5489631084984 
6617.710065362286 212035.0414782255 204.6120663280347 
5615.608496716383 2358807.3734977664 755.4771382148477 
5507.8870422811215 2037408.7418312614 890.7288797314475 
6392.125566815845 299234.49584455247 201.2521769602393 
5921.1962035231745 547297.628392245 538.2387068987024 
6451.579237778842 257937.489505975 252.0668357879919 
6716.59780134735 391470.4647188338 122.35641092841124 
5386.411385533045 5536058.826500579 1500.0769984750898 
9319.0107926548 59532.74214497804 46.8592032423264 
6325.929154988079 331421.26672659547 349.1862371024829 
6436.319226718684 275341.7729209984 305.2793590425702 
6829.389247911681 200944.8496673106 94.17979613128696 
5735.753868040642 917560.5356413859 680.5470951241282 
6107.697880347858 512031.6850106056 371.1678886547732 
5387.001759363894 4533233.439999499 1516.2730049869476 
5461.576861977782 1757988.195146584 1030.5771374235321 
6500.652014296249 258553.67905705574 221.75763925539826 
5368.06761251921 4667198.430548616 2010.7229428258086 
5436.321771143749 1713175.0110222963 1172.1117395737551 
5376.859243876543 2841429.1572742597 1623.9995952445631 
6540.821983029662 251271.97756534215 163.45426887220327 
6058.974619741997 538224.4853018627 490.8434329613343 
5369.102612970074 4043039.815197696 1958.6640002239556 
5959.436713800611 434491.47051124024 583.5457129004868 
5371.458926155184 4453237.941275361 1817.614351823328 
5770.477236537146 748515.2057145744 673.0717270014736 
6743.441910519432 200946.49565936782 163.18882394816396 
5559.96321967102 1152238.1116250562 916.3321259360325 
10350.034887275855 75917.72802017137 0 
5374.012801523761 3807815.0106082065 1718.003540167799 
5556.0970496455675 1227196.6060686707 952.0399024950118 
5457.05116588613 1519242.204792418 1048.993617257627 
5369.76646602463 4058336.404254598 1937.9867961018078 
5397.641706158132 3328685.7851734115 1427.3846707669238 
5376.859243876543 2841429.1572742597 1623.9995952445631 
6446.457153238529 249664.99661471133 292.15001365884325 
6060.23096678833 406746.66540332243 396.3724868690647 
5373.2781129023415 4341758.965531869 1748.483743044572 
10272.447024376654 55524.40640982288 59.11214456715521 
5414.638796908974 2065613.380740398 1293.5336845855995 
