11033.946518881843 93675.41327777866 151.07636780465276 
5458.262041941434 10369918.490390405 1882.2802753466594 
5440.092404354149 7464687.54097091 2786.444585265594 
11525.850344156801 138905.70966197795 50.047786547364886 
9953.457842549615 99753.80413371013 129.54593080450104 
5454.248485630271 5634592.616428673 2670.4779766393603 
5448.321141512554 5761410.216823657 2219.2944040854504 
5451.986937662555 5672356.59370353 2260.7318003232726 
9382.38173855565 151484.82738853723 71.33248559945235 
5464.317520305418 5076023.848141555 1794.9384388015405 
5455.7794666377185 5163489.878972615 2106.916940952598 
5461.1570136317105 3969225.680670508 2058.7538598539268 
5458.223483683406 4130920.260509722 1934.8322688704795 
11275.51633885103 168603.35969958585 51.059440128823255 
5679.070293857717 4455951.506477247 1072.1544801688606 
8236.68547691861 171752.70281701064 121.7378565061817 
7679.049014137089 369419.7975082439 237.30260869381166 
9147.933590793004 110604.52433030952 97.34184637799547 
5535.760264517784 2974057.5326025914 1304.2959199493732 
5511.317935088098 3628193.7381675574 1353.7823236451864 
5842.759177164254 1969754.5719933198 1010.1312676280368 
5727.738940716718 1615615.2966093852 1085.9410181083351 
7280.24421476012 612538.8341732079 349.8045480995552 
5630.491176228868 2213419.1299162544 1166.1250696110392 
8037.235038678329 134065.9097576067 138.15951691037426 
6645.158743511692 1895666.0175241055 481.039744488971 
7930.759573919111 260834.25296237646 200.2519352278817 
5477.528224063882 3704343.710445914 1520.6823283569806 
5472.22629746531 3376478.9280638606 1680.853668082619 
8479.212759572381 133103.21108317628 116.83853074439469 
5497.034472355421 2885122.2617934872 1613.2343173402046 
7832.024545087144 291665.3939283119 266.5800670674984 
7162.288286032308 714796.0329864419 380.644864505144 
5467.237817914938 3999671.9800221096 1713.9838382026235 
6515.562386045652 692032.7325420254 596.2832212294996 
5983.7875645985405 1210568.1301036007 830.9369518482051 
5525.6428035709305 3283823.5228365283 1424.977745712127 
6354.599996910469 751378.8967655621 536.0083625331968 
6105.225850662519 973878.0770268637 912.6541380143868 
7028.432920686585 505681.28698920575 416.5467400882891 
5510.3304158454375 2765193.8941347 1483.7667697967624 
6741.049674482312 1002859.5479078935 453.87919449353325 
5488.725656619461 3268052.3130902257 1707.3081666635749 
6845.142897952008 883565.597913206 369.6210055510658 
6979.147575077034 830790.0296393228 423.1801050634529 
5460.187410016198 4409923.864619949 1877.3411623227305 
6448.582436464978 706080.79893307 520.1034619306646 
5761.744521851339 1823207.224495027 1026.2737767705717 
5954.922714651862 1230525.3317037532 785.0474611394751 
8574.176611213004 108488.46556576068 125.29831051088506 
5504.583801093627 3495085.155870965 1568.8240733029268 
6011.588543389682 1526578.6311447197 783.0755977202768 
6091.247533739224 1396361.0222323479 770.5291614573656 
7430.216001629406 301103.1432637384 368.4282469608407 
8866.31945872118 130672.35776823021 89.18793486176017 
6064.3044697207815 2296618.3267859034 741.4190938527161 
5818.184341840449 1731163.2817344903 1050.7276474013377 
6188.284168686056 1239686.3997767125 677.4107967050327 
7132.078803960049 967258.7056147761 355.41860575232226 
6517.133621516334 557224.1546190962 496.57015407703653 
8731.2103223285 105667.68438736115 114.70243683744471 
5658.466833998638 1907305.1186034298 1196.1807931482692 
5503.42624729153 4371073.506602114 1470.9544410795584 
6376.589662293775 2558755.880449053 495.2686376785481 
6351.231681653935 1108122.7342493585 894.9758332544544 
5821.079473373912 2032419.047391953 852.4857263292631 
6272.361666779822 1409190.5023479639 646.8821252820082 
5515.600095122261 2614209.395763453 1465.6683359246056 
5621.4015018606315 2113213.159154132 1228.509481042398 
6147.5483253053135 1633974.5392273336 708.2064342827997 
6784.7167281320235 627406.115048097 459.5861536393813 
7861.569373429937 272795.23700784205 224.79153929893428 
9031.163008937641 131749.40579050788 82.26515434413142 
5601.864723698608 2473921.7518848423 1256.475410304481 
5862.493939874017 2010973.6471654673 910.8787341097219 
7614.754114315852 491859.03563752666 306.94053483935073 
6984.329660869903 439470.24905946024 442.9106197413571 
5487.745033277877 4100084.851315326 1512.7460641007754 
7963.541941555282 175167.6847159987 126.95754399449186 
6314.0956337715825 1706321.8059795296 619.0820267385172 
5593.694905780912 2960433.3600868746 1318.4195164254056 
6119.326420928625 2089122.4508584607 729.9939032373635 
6206.357610038669 1665265.119964599 630.4764370857984 
5604.003798362068 2368438.8352237265 1592.5317309450134 
7500.130867009403 839218.8636513755 326.93263962061883 
5569.80621064458 3496989.5815085275 1255.3259969101996 
5690.794059296891 2173176.235684037 1022.0032053593961 
9034.606522233573 130754.52268097964 79.485388320731 
8822.641104596207 120819.9184770807 93.68221602427708 
5508.022757655621 2941777.735548992 1439.9118862500607 
6240.303679928359 1218069.5988119366 653.0124018612146 
5818.9156990423035 2384464.3056535646 890.5847295068438 
6111.399753539182 2439403.8912404277 684.6757133451971 
6829.868980300725 550767.4206976569 608.6502774066937 
8753.56923381446 109868.26959736823 101.89749093488076 
5645.376144951323 1875996.3117645637 1251.643718152775 
7496.795629433744 289319.39107667457 337.2836478236051 
7623.635703265977 265629.21447697055 286.4037079972952 
7434.783329171192 471045.0979062455 350.6016871715699 
5468.984528946227 3683676.5638348917 1687.107845809246 
