9431.104237623771 6221631.681301635 626.8715355693605 
11105.760258559058 2937094.531112548 398.5682369050377 
9048.809091687657 5496675.184718625 942.6407311929783 
11940.729953798827 1767070.7947099367 268.93775631674816 
9079.616165862817 5478916.855356831 999.7044852568015 
9854.667000230125 3955927.063196912 596.3902522787777 
8877.545277259691 13624677.373521604 730.4938733119578 
10161.554877872188 4793052.423209049 588.3317834999604 
18917.775787590002 1047653.3405490681 92.19686203464887 
13528.802897235313 1669905.4917509614 156.87160373428364 
9439.461107282605 5902498.005196063 730.6875806129942 
9968.473407431387 8479517.601660367 529.0862926437042 
13353.1100791879 1964084.127171355 169.99281942838257 
9988.005348719493 5587526.977182378 526.6393994893539 
10420.256298337907 3462431.4970017564 532.5581466748566 
10873.63694086843 2627829.631252568 423.99707186812464 
9364.557734830105 4671273.31878005 1018.5088998417191 
8777.221474195625 7695946.870421827 740.471676206829 
8485.122466533128 19718786.215600245 933.0340787283973 
12061.871928022256 1526212.6020421237 336.3542588596826 
12140.85928519218 979521.2921381125 240.3933504682131 
8152.943041693748 36985478.574782886 1548.5038920486975 
8197.563425106335 17839860.49585326 1144.221521197858 
9100.018760093786 7313478.666347076 680.9019098602374 
10483.686150365125 2835042.6322584553 626.1172771889935 
16086.17222239654 887388.7548765517 110.51651848273677 
9375.255574800813 7214224.652796226 861.2408431404173 
12553.980635379472 1094659.1179873443 239.57888981423372 
8491.999174701488 13082754.391564045 799.5762506478599 
10857.67201187773 2333486.0104436115 439.47235031987964 
8166.632570666754 31291817.825451147 2258.476608373252 
10735.526494895681 2572428.0414252984 610.9353473898152 
8705.190378500869 9824996.719820593 879.720747923134 
8120.600616156659 26018884.10132429 2284.211867359332 
9025.964536440344 10789844.787831249 706.2881911088317 
8193.015708789913 13579429.35615254 1292.8958187366588 
9405.895983155206 7074115.243920635 835.9111313232052 
12967.696382865794 882071.7392828923 177.9052127573499 
10180.413079204163 3882429.6980147744 498.3857576993513 
14507.02824360422 866815.3696680946 143.09772656094432 
8165.847177176064 35940662.25815276 1474.7847975318386 
8170.379908844401 16718396.924635295 1349.522989282774 
10444.311199992311 3141357.435627984 466.0001500815793 
12439.363914452168 2355409.6257230295 223.81274881250948 
8311.972940965868 13364815.64802613 996.2579564109624 
8456.451805196735 8877518.999831267 1107.1838901958783 
14452.16544647553 1376727.3623620581 140.44238340993718 
11343.79382140182 1845176.9042472444 299.62399929611416 
9242.968176236858 9707883.058659438 640.4974461288676 
11145.195724770363 2049235.5531143914 597.5042889708144 
8967.000466350544 13226237.599187782 677.7352660296492 
11226.704711810631 1888320.5903100297 275.2072588275122 
10003.096783849578 6964177.325291913 511.4325708495461 
9319.317710457399 7232309.0159389535 734.5637981545208 
10493.986756041833 4138389.9609332317 375.85021184469946 
12080.758712316798 1853579.4232043694 235.82341215454565 
8385.941571201114 10240722.30106927 1286.6548028869795 
10167.206534403535 3916039.2616755087 655.1430606432662 
10287.3709319114 3082332.708157069 660.4695695301795 
8642.593625961837 8058581.048208069 1265.3865713673167 
8353.565953994485 11624705.792322058 991.4917220788636 
26536.03585517484 1511317.7583572604 94.21670736545302 
8135.207047635915 2270818971.41081 8709.775635957783 
13471.748721326137 928944.4167795852 206.05557425724533 
8142.904063031077 86663068.96437852 2669.79048107302 
8160.770286419585 30840348.56559445 2924.293119977343 
18386.15649867561 1015183.8536953123 111.14549135604537 
17459.626001333556 933154.9089844301 166.7037160805672 
8168.517929270209 79982287.49695091 1885.4058778751964 
13692.804713821311 1034848.412457935 198.76426555871734 
15461.818453243965 1239882.0705137644 183.46827064975685 
16048.17291344786 1675332.845632608 175.1121033811429 
18236.463960052675 2800779.042676808 163.39490383578405 
13266.653986909147 2564841.453856537 246.58079097660118 
11821.064462330993 2370017.4224619265 321.63564941449283 
12694.47346926675 1962107.4824464347 254.90191011465436 
8260.813915509236 28735110.345408246 1454.8254389715614 
8614.72200817485 35467098.78071844 896.4616465343521 
8399.505548029443 47943413.19360874 1016.2536083431332 
10773.29704787029 5055460.59903485 408.4249518752237 
12230.202647102118 1374833.7247621352 281.46215763155374 
15683.328086904281 1045814.7113182436 181.85130400195106 
8186.02378307659 22305947.514284894 1690.4683377981164 
8190.647132155074 22816204.055261604 1546.0505349181583 
12508.182588066687 1014954.9836755926 257.0892354225761 
8324.950548524232 18348190.973338816 1276.2959517682493 
10022.422534347557 5975424.847180472 747.2158104618969 
10544.296166493092 4818786.34343931 458.8273849425743 
11427.813325474783 2501987.8564512986 557.2222479379561 
8329.381392840736 18234706.74661097 1806.3925429931514 
12006.499796943073 2239502.0705800266 273.0248066809368 
8362.908982540357 15272082.02459064 1304.9311018901376 
10265.604857008315 4107456.566894872 796.3511743093687 
10950.078288464829 3345812.0704614967 585.6389609599261 
9516.541316200077 6756539.197701975 1109.697709005888 
11406.976170073587 3198378.1207173737 484.7948897508105 
10418.835543102781 4785188.321388671 511.1633540011248 
9459.064268239043 7791253.540161125 845.211631521402 
9787.539611084027 6550914.506257185 671.7071217941527 
9656.19378488003 5309051.979919836 1088.7200383161976 
