16119.492476860953 303071.023183713 0 
15439.354625066426 276926.2566513878 11.249114981158424 
8045.355989377956 258421648.1785423 2565.381610860554 
8046.45247436273 27413499.828113887 1455.1311586948327 
8843.91056447222 2822632.830741153 484.53084073600485 
8049.0631088366745 12464400.909247182 1223.5638779587293 
8052.813286595836 8644752.995808614 863.012779387637 
8049.353914942767 12691876.652626533 1037.8003543973646 
14806.361843187571 334819.21665243915 2.205022862544351 
14399.789274492694 292335.3953175581 3.177897829970694 
8051.28298165483 12011725.119423738 1127.7465614917965 
8063.255727751971 6008318.261397554 972.5338187928699 
14102.054529433826 301540.3044722324 7.0234458387459116 
15239.805894031257 349143.01298058126 2.112317998009167 
14971.341539043207 361060.59356773656 2.1092657006348463 
13570.145765389621 339188.6393661838 15.76463878498696 
9198.610219481128 7348199.913716785 399.4050581186866 
8050.103808379912 11080897.476926409 1223.4668973676717 
13261.777857939242 348615.69857531274 19.13523323350826 
15834.935980493066 304385.12498379376 0 
9541.096748555097 1085763.051379802 309.3572092369394 
12918.267189689039 358225.08268558857 27.192765953278904 
8073.601114041381 3185860.7306486787 727.7006555004041 
9772.619198356588 1161958.1116875433 299.5881450309441 
14298.59737792663 286061.2124175726 11.226965712661592 
11975.597267281159 389153.5428737506 50.63458619546992 
13882.17094083009 294965.40323255834 14.495050900490076 
12700.37570343078 344611.3421265363 33.414343948645396 
15572.64723691897 305663.0127327544 2.1450908896605823 
8065.523575055575 3916889.8782165246 802.6365976310846 
8054.245798754806 7152928.017244587 1074.8135775916144 
15940.455189206485 299294.9162050026 2.20043520747348 
8658.286945022108 3167948.8780830344 407.32511826967016 
8079.098707234383 2568552.157494592 651.3074010803164 
12388.597169732078 359405.140967853 46.20056333980162 
11870.96746560283 373810.7525909621 60.48447977006366 
11403.960950487424 396205.9263739972 86.68975999456445 
8318.220455140296 2863510.2713513025 545.833147734978 
9480.991789291314 1963493.6531806537 529.9530585806539 
11727.31312087103 365326.1464151852 65.70744536107901 
8201.733061736386 2795618.5558360913 562.3503448308321 
11296.972549776441 460346.6742185298 106.1150877199852 
10496.657744592452 662522.0791134246 221.7651442101046 
12512.692357140133 366672.50631411397 41.70966465494818 
13685.05496436095 324889.10834563157 16.79498961323085 
11633.46469248245 407805.5822984413 76.51772055811979 
8455.787456151993 3266395.6475678952 456.17434332402274 
10412.715467671927 605737.0432244285 238.05236874658084 
9909.09361353446 761121.7068101538 327.6406958583932 
8174.239693389263 3352259.436565251 610.464596353258 
8055.4499249489645 6611421.175475412 1007.7606402325302 
12151.00150510559 372778.2772427431 49.20070341697287 
10336.651378356037 1155419.4117030995 186.59276040901005 
10833.453859889392 490176.15837087855 159.18561239114217 
8055.927494241764 6096676.277439518 808.3972632999976 
13801.293763847685 346412.57779608713 14.021187463032652 
10061.931702895603 1482221.9679058178 244.814215522155 
12259.900913598553 381833.7556265963 48.73739370135226 
10253.17800925724 2095274.6085615312 215.811636482216 
15410.68516020245 330681.9872269337 2.1796032193959594 
11004.63288989159 480059.4882608944 165.93727266329063 
10590.70875826286 1284464.347225607 152.89197835246165 
13092.892999482687 322152.2419368966 24.572441647910786 
10930.049161835495 556433.8516591066 143.60793950374463 
10647.87367854244 568235.5275179861 198.89559404447374 
13206.994637535687 322674.1286022694 20.829100089352053 
9336.345597659929 5114524.377176225 352.98041986374307 
9968.963462417032 3195286.161809642 264.66290446658684 
8511.519171579059 4745732.865125013 447.1946702803086 
13028.98781743318 327782.21379216755 25.681448479248424 
10754.96528348951 529434.3309028284 148.2695078779863 
9836.418750189474 1002325.7133805496 271.21601001399677 
8570.330849786784 3853232.459437436 421.6045535754123 
10683.772558724153 542126.9442012106 180.48807536017418 
11057.99295832489 494083.4286058759 119.12293947869983 
9413.901123211239 2081878.1663596549 435.1062377724393 
11123.835503192988 463033.1848350833 98.71494776997301 
8070.690346542897 6786080.76819133 679.2721045469837 
8264.945950949761 5774780.862742461 404.1627897050687 
11527.715006352837 378489.8918175319 79.98127423273752 
9229.979013944216 2723383.707539022 540.2752903879933 
9391.56716244066 2510429.4827664155 380.71786852328626 
8054.408985769511 7512911.653542812 1043.2244517863996 
8077.351484777024 6015211.21000965 596.4145155590584 
8074.26785112553 3272660.9857768146 697.4241747943232 
11503.658437576189 436920.22537294944 68.42907888839378 
10008.575809500935 842741.574411521 320.67676012045064 
12595.780766191436 363088.5490335838 31.1797391968043 
10117.344765331329 854696.5942852419 289.1480455406972 
11216.62225602907 428235.92546585144 122.36483543610264 
9350.469995620077 3088446.5029961956 368.3191644745552 
9302.784709166724 2324146.3934932356 446.21504921942 
15534.98811864898 325295.9133936823 1.017954998268325 
8075.332419579816 3000328.981761224 624.5327179900868 
12645.921423912878 329632.65454704914 57.75512939949539 
8601.558682958206 3069947.1115804147 413.979716014061 
9485.496122751534 1613805.8257137358 396.8764157436128 
9325.22198436951 2239302.277099446 459.9775260692083 
10212.935618122578 653624.9955286953 281.56355286885906 
12196.772469717856 351221.5224486457 66.70973739313547 
