9028.582440149301 37878.15563311997 633.6427712472082 
9011.83071506779 117625.85757877918 0 
9061.937375031048 98690.72936149193 10.241794936480128 
8011.437329186936 24121269.030091424 3681.1104592637867 
8011.458040130097 8543272.475928834 3825.843915328415 
8011.907168771757 12833910.573952742 2629.0676484047026 
8011.481382720977 11392558.938953115 3464.749780460521 
8012.115367155319 9951391.28911675 2349.5943958828925 
8984.255902616384 107530.36895680921 38.29861140266239 
8581.08464681009 195116.18134356008 219.48551916081277 
8493.958970835705 164124.59737662075 222.04229614716044 
8012.801869114008 7237815.128384951 2067.6537130581805 
8012.130087094721 11773427.127560595 2289.748852398338 
8898.300857558912 115652.50991816225 43.5583633118687 
8011.572225302552 7816064.502536061 3694.374987578361 
8636.524005535015 1321139.459646419 182.41265889615102 
8011.714764302108 5376233.9866122175 3104.7953642961156 
8011.701970393511 6743133.431992791 2736.226319099256 
8018.715884453406 3742197.1775118033 1158.8300814786248 
8016.728202230198 3603468.1929346747 1282.5195535495675 
8156.808291721421 3313644.5953287487 475.77529876082394 
8011.6880783773995 5321416.901461725 3350.939760651662 
8779.945407850897 67127.53012719819 628.4796647508094 
8820.030057832224 315407.800782496 85.97341038314056 
8589.555921794461 92990.53616331103 283.1052634124735 
8011.874549025022 5289606.2383572105 2852.647756699398 
8011.729791698463 5853507.0045654625 3064.9928512921074 
8124.674808835491 2967397.6613629507 655.6912612759505 
8452.57688937525 214200.78607321056 233.66986188860804 
8283.544022381313 1011472.4470879589 427.6263325234091 
8259.419766606536 2629701.059740406 388.3247409593828 
8168.3684814223925 2041838.9208441563 507.38923404178774 
8025.84568124175 465797.8525549834 1005.6624138667595 
8013.136853321088 2235426.212950085 2178.8441168558843 
8429.027380064956 178781.50608123833 249.91978140345793 
8313.730406487965 5052004.427269873 346.29203324781776 
8020.2814337005675 903451.2038612545 1567.4409030099773 
8139.124556333577 812859.0897695189 557.0000784585959 
8011.893391721414 4203438.410992114 2996.669768361479 
8011.604735325889 5432190.910718631 3351.741973287986 
8019.953936607834 1232401.3347402995 1115.7567481193323 
8013.772911390783 2473761.164402731 1689.4774154537147 
8479.559328018218 121481.62883458228 452.30601671372165 
8750.310321478832 1642585.2340955609 114.58864952072003 
8012.890396634998 2669658.753518496 1941.5575686027134 
8012.043227621819 4672517.53024256 2492.664766928689 
8024.288478300001 774170.0882813581 1448.115190689226 
8050.0717760123935 1273474.7654280807 937.8196693106312 
8111.21522144117 276091.40976709244 666.7099772693878 
8012.017039406626 4864132.295387349 2444.241722240984 
8011.611547538852 6420251.288679704 2928.7415187727597 
8656.201078463673 442125.44505342294 180.73938291445978 
8294.243361627576 673451.0136268053 353.84621524259705 
8195.447589903448 397951.0698554688 520.0855120875306 
8243.361196068901 126255.61349515172 739.2437370047677 
8410.716561236728 326671.16757534264 289.0811192714159 
8673.173436055715 602164.5634140202 158.16565192128246 
8015.718940872421 1813080.9006879982 1347.3222753861805 
8346.121954289782 348780.9653554851 307.34477852366 
8059.647026721192 1968526.4664070604 790.2258723032985 
8765.056018395746 748359.8839899284 108.66039634928173 
8085.685386765539 259003.37980408003 704.2383480957893 
8837.06792079597 202757.43075306507 53.05792308300799 
8012.323723562395 6204397.32122536 2336.879261216367 
8016.518348947438 1410250.329562641 1745.435027978862 
8012.062971474381 6462742.964946531 2384.6043952727096 
8011.938904873246 5338916.664870106 2575.721328571999 
8369.60564131206 1457859.6543871218 242.87991288045316 
8323.564392161383 970365.6945044184 336.0239735760264 
8014.8692808205915 2743795.060890008 1627.9444736967594 
8220.165561581187 359572.419137545 573.0770201724208 
8056.970843481348 591121.3026530431 846.6782685266483 
8862.028551906038 142150.421587355 79.79139669213946 
8041.329523078369 1858614.351875431 840.467169686525 
8068.030837722139 678662.7335007803 821.9561870674636 
8729.690379402922 146878.1531922459 117.22768464157033 
8011.91857133923 4571549.526751251 2698.1736791874246 
8886.33955932565 101993.97526044755 66.95064327964009 
8391.360879134627 172891.79255038744 303.98370885931337 
8015.341173093771 1782177.505606098 1420.303788951395 
8700.678237023414 261285.0861045475 146.44215533957342 
8014.320247779831 2106392.3067613267 1814.652123257174 
8011.830093527764 11563343.787351314 2651.2162395956434 
8720.330494511301 536430.426113151 142.26951198127844 
8011.782647649622 4377700.541503496 2977.7164633978073 
9052.998531321346 102907.32065134791 8.672060194981135 
8013.717625686982 1504730.9108819447 1840.705863878895 
8337.79045763068 188984.596334522 390.4557252798862 
8689.035665569023 560705.714927535 155.7345992645441 
8854.388696809816 81215.99297843689 136.63954960541804 
8012.4012472547865 2632434.873535931 2154.2535706898625 
8013.275958043732 5390086.794109309 1907.7250802025872 
8080.023705793064 485443.1738312752 680.371112748817 
8239.119155779052 128751.71413700396 702.0163894352211 
8017.181860277531 1124749.360396885 1598.6092947766983 
8050.0366178352515 445854.9042242078 978.7968085838788 
8377.325813187927 378327.8079116025 299.5906246272177 
8211.495550047686 255844.78001103262 639.2005469831347 
8196.654220562916 281608.89467397134 591.0183902092624 
8202.353934705843 451152.35942946747 457.76414731588574 
