3720986.4240614097 3443.134977078125 0 
3666411.5794873326 3332.791950092361 5.327670801996957 
5263.692911057115 35544914.2227913 4514.563850012971 
509128.60001145117 3691.888360709436 0 
5266.2152463941575 19378086.172023937 3021.032914553625 
5264.505426785427 6385525.873544859 3229.81865154656 
5270.045491778781 10533830.44197087 2576.7702810055907 
5266.540550356631 8281758.303379532 3052.329114524284 
5266.724642279924 5395532.888823799 2956.128177820478 
5269.54696986594 10428437.761447212 2643.700083579175 
5270.161864442118 4456983.945370385 2724.552170175676 
343858.84557255084 5358.772535812295 0 
5356.980903974425 1743186.3341163476 1075.6254753280305 
5266.6063322079035 6786187.193600623 3095.847439412035 
5718.563342334912 1180911.2000705225 1008.6229902820297 
5264.085129251519 7263849.653370643 3211.1605280833064 
5288.452287268193 2218877.3695677454 1592.813434325115 
5441.29163562378 1482384.291456808 947.096426783038 
5831.202958358523 1040986.0014163202 748.4838502061602 
5930.855242300957 1095063.6212486653 667.9262718568717 
6026.351193749619 1068555.6190932342 597.115633004587 
5314.879968666874 2709686.24729393 1271.6173868663416 
5268.510850412525 5054150.389202426 3144.2013264804314 
5279.619520554437 3076768.9414984193 2024.056457098595 
5266.21493670187 6125279.046431782 3208.1369211095794 
5290.220001839516 2945968.4880846376 1474.523505896475 
5281.485330221076 3152350.1052534813 1909.9365368998829 
5278.803372059068 3489549.598809496 1825.2512263426916 
5293.9193863551045 2186782.945301974 1501.0636781642997 
5267.7117960001515 5884087.10305456 2688.9741759166445 
5273.736825675783 3690462.8650729386 2487.6444666833254 
5271.571123844787 4926283.310991842 2533.5270702130197 
6847.850780190922 572167.2815140794 485.9739074880246 
5305.9360191258065 2447426.6462485087 1296.6175805761964 
103677.07018656844 6435.985081331254 66.98264181279872 
5399.2620429262 1601755.2205745727 1324.7193573894633 
5479.715368403944 1325779.9567066024 866.5937219466526 
5266.583368934894 7227039.354829442 3105.803518536415 
5285.944759311421 3326051.7934924783 1704.3414886038745 
5441.423350923963 1943759.9984079394 787.9375861717293 
5281.550716410124 3025113.8959144996 1945.1731048396564 
5322.191092706611 2060386.5306572109 1742.1393801831061 
83490.24667006773 12664.699273805678 93.77348037236973 
5275.820505779286 3900199.9341229387 2166.9864777651533 
14163.508032578298 82866.91160028774 114.45559648810129 
5271.618818455389 4024252.675781155 2426.336079282874 
6112.139957294253 874448.6326239778 620.4905702095919 
5412.593956046453 1986366.9776930006 896.4970370378885 
5273.572553937766 4340530.829310389 2372.5043735878417 
5270.601182283694 6388184.257383958 2569.3698794011275 
5284.8892975193 2948978.8384577963 1792.7576350348252 
5642.9146887282295 1640874.452203385 824.7260578472453 
5332.303709000475 4317134.719261668 1197.3719800812273 
259272.5263090167 3994.0581598072217 17.403635271191245 
5306.844201390581 2205107.985276222 1401.7861162347424 
5327.3069567656285 2123241.7859371556 1225.8743746266541 
174960.62731386177 21591.39952232754 0 
9156.828811703155 338770.0290743447 401.50208697771416 
5274.018758005314 4221182.5649479125 2303.5213375671538 
5270.876238039365 5167004.580779428 2398.484400965091 
5325.070023108215 2170274.0132241817 1390.3348883310498 
10305.850252071523 312917.05874172127 223.27792347454013 
5345.337456394382 3056396.598950601 1144.013106390903 
5276.6094887167865 3531630.6005658843 2069.216965412226 
292866.0041323848 3835.982968849633 4.606517467380316 
5276.289531284813 3119144.3893045587 2314.227187528302 
46925.57078906563 30136.079591064437 189.3592754980429 
5276.066688890077 3143442.0218329956 2127.674233846903 
5288.24838778143 3635936.7527466966 1625.3579975775476 
8072.973457876513 767402.3669894657 439.3544899632701 
8334.20480638023 712527.7947718196 349.6459784035826 
5271.04322415304 4155980.171977414 2600.668771865184 
5275.397124528187 4173323.250311993 2245.4013599435784 
55221.83789815394 19115.750742112465 154.33771996482088 
5276.180182983318 4121257.528076574 2094.956619243539 
5275.632066987697 4764323.753919717 2201.74059882144 
225385.08010521633 5074.305499604715 12.634102383575655 
8776.082859944634 434342.3958659899 317.0261467357258 
25588.00762604024 47490.14513465125 33.987987381838856 
5274.02995254407 4591916.433052466 2238.6791235800497 
5285.147707801888 3551540.190181106 1675.0924331305678 
209139.6848395763 4898.271723406484 13.839547622613306 
5272.519149995853 5302818.597295791 2214.258888452138 
8444.117471373203 594483.7457224304 302.8826635783244 
11533.059699402187 209936.11247423428 180.35605928316826 
10849.997305851059 270200.38641629554 261.95266853655176 
319616.1588402813 20609.676614456483 0 
5271.574429913262 3736112.352151199 2713.9950003251893 
5286.392665012986 4048926.00002661 1650.3480316671394 
7715.0067690562955 836350.4599338291 459.8039895958067 
5268.864274293659 4743631.306121514 2666.3729347713756 
5340.58297633281 1632482.2573215966 1151.4000868406958 
8709.705976494377 563554.8078593841 368.3562432670434 
5277.005746337052 3477549.081948888 1931.1007152233587 
9856.871718859202 512528.27019007056 271.3934751823121 
138616.7342303137 5313.918359596603 1.0329578412166045 
137927.59057834477 8327.094434748456 21.305609568648205 
56540.11753268748 14222.783604339047 22.73533285366359 
51340.83619063504 42848.305197940914 46.18505351703054 
5272.399058049334 3980182.7370840125 2648.3362601089116 
