10336.278952297276 404262.6812278181 134.1705229070428 
10047.619214109724 406312.58072059107 103.0428064718237 
5371.088502907114 4602920.168311648 1628.311866236133 
5372.739367261491 5294491.981697811 1457.9896756869714 
8975.132344525611 475195.2716407392 134.9539832826975 
8093.445553909714 548237.1004766516 126.39665030782541 
5375.349666523015 3630666.612621444 1593.8809948011688 
9837.656989191464 452360.75426520786 112.12135295877668 
5511.038475798463 4237148.522293232 748.8867292565849 
5376.633403808989 3348354.00284057 1478.815148537112 
5378.252962603072 2978372.9517236925 1606.1313138639498 
5377.287336551271 3105168.786063929 1443.8707967283121 
5437.344647921209 2472313.5378244575 1028.6647334071015 
7745.820956360968 517672.9453953026 166.5761267380636 
7570.1263289822355 618683.5093798568 174.74033482592048 
5378.726321661248 2365769.4382705567 1341.5796383297263 
6843.161586095904 662684.9576515356 234.87159059692144 
5400.658220942882 1794507.7933148504 1132.684448103492 
5395.951830301752 2335762.4904843816 1213.3867884969404 
7276.764262217861 653828.8885035454 184.65512843711977 
7035.964962806269 638613.5345028806 217.26228564576215 
5551.777548687873 801303.7898389013 648.0489281758877 
5584.020098727055 757327.4217861821 601.7248348165157 
6355.57381455717 572646.1297740113 315.14652186087187 
5395.845705210109 1943099.032978809 1230.9406022238027 
5486.769423014286 1332936.4580937861 871.8788694566767 
5388.343567579019 2028402.7953806515 1324.360278755421 
5433.740195221279 2136757.5907532675 1091.2395622565873 
6543.065252595941 649376.0551840013 301.616299856733 
5549.383399314115 1079909.3478361524 691.6956985781858 
5436.431722424166 1709128.1146769635 1118.6433809774783 
5505.328997818635 1827140.2083335014 801.7342364767296 
7090.363514040941 615270.5992176137 252.34410036094886 
5436.643340673267 2001857.4564902128 1061.4209750571074 
5711.104127409907 1491708.7625540057 512.0773717079485 
5857.825605441039 964021.2172930419 447.5428567046015 
7247.8339751230815 776241.385553437 187.1708392699506 
6684.232221777414 569018.3811584674 298.52062923435795 
5451.643924449616 1645954.8915431048 992.6367080989178 
5445.9214536999825 1590473.1319547058 1043.4753734222759 
5920.24398790443 772570.8616348017 521.84807242385 
5373.229003414352 3087337.223725567 1623.6586984905225 
5626.139073041565 861245.9937067386 571.2333557246101 
5394.648881067695 2433475.6548143555 1264.9896074491057 
6638.976187658822 1144707.457453121 263.08722757495275 
5473.289350075697 1763950.0518743936 927.1393655612794 
5654.697986568919 893299.2724300824 541.6929569752701 
5547.991342950562 1032968.1403462036 774.3723416221001 
5383.784315226612 2292262.4779858445 1304.8197500967435 
7682.501414394263 609385.1296527325 255.72410299870708 
6144.5609709970395 645706.0773683243 406.86032557338723 
5523.57200893478 1298164.997902906 786.7669458188265 
5515.539109798203 1410529.5539976584 831.885434707278 
5428.499099861709 1945472.6197968666 1094.5750154317577 
5392.320804224848 2261461.3791801548 1273.9095873106428 
5950.07036024988 1245423.3572094007 393.3780201312095 
5476.505384795951 1373158.078757316 851.6045096689156 
5697.361012284018 780284.45863749 566.0417918642041 
5512.828615014377 1151675.6006400785 962.0429613828077 
5467.994412868941 2170438.110644537 907.2733178384111 
6305.549358451988 682024.2198781485 324.2116234543804 
5745.565948501428 813612.7593795289 548.4783533121896 
6548.366419181948 717723.0202330959 296.599271644289 
6083.707745283714 1439597.856497527 361.57868580162807 
7732.40030110648 614075.0830447049 192.22740040601366 
5437.7166634271925 2339320.700574811 939.7682665550175 
7704.199670305169 602027.0877107916 220.2390394483156 
5856.182572218614 1188834.0181998946 457.6949896881131 
6259.661049799928 651673.8537611333 342.4685697861047 
5981.975291140344 649916.417031688 433.8678915466639 
5456.777065355758 2164258.188627889 971.587318739396 
5530.790891162994 1043124.4186008935 720.2210022968004 
5835.039964617907 883109.4944231366 483.17001076353995 
5526.36311095054 1104710.9412588694 760.3320895704132 
5779.688301159173 779001.7984154715 496.9732241954976 
5533.211449027987 1101682.5590215896 718.2923117278639 
5438.552699505171 1623677.8209543922 1018.9014102084394 
5417.939949963526 2222262.0390444393 1040.588257414882 
6225.509920110853 1062475.7919378302 272.81994056258054 
6104.54054227794 914763.8004814369 352.8897948609276 
5386.061520757587 2176539.411025387 1290.53100719817 
6053.881090439167 1085093.5218413633 367.1208650694401 
6183.447506025283 917400.549246324 283.01305902407347 
5383.789920569849 2414380.971196641 1293.3839864834777 
6198.930207827273 758495.1407461248 330.8714438247241 
5961.889898221245 729004.6488914331 486.60546362525304 
6027.361117257766 1219860.9474921816 378.2696134690349 
6333.102837969416 852778.7016846788 288.5356019172657 
6323.51633061916 1261628.4645651646 266.20386470334654 
6025.82298859528 1070206.3955811888 382.3676975390904 
6668.473005765807 660320.0540008206 247.90937670132053 
6071.3706686139285 824067.9622692072 418.54642397995036 
5981.244311196444 710616.1029946323 419.11544049256815 
5734.905277883826 868238.8582906848 497.99324880722247 
5449.339605481732 1815843.8057562658 1008.8875346939939 
5847.038333439066 927947.5646706694 473.2961557883062 
5458.431285189851 1810067.3132729318 909.7233492941687 
5455.63757303393 1480019.4291191637 1040.2544243426555 
5855.358033058814 954994.2001382188 469.1437140908117 
5497.07939150766 1224816.9630330545 853.508920994553 
