9568.209810151508 315967.97852240474 12.00024534433856 
5304.424703439637 7542543.80486027 1784.7008261883298 
7626.672035806762 281595.5215200614 36.15095533836684 
7786.681986816723 284739.7417883537 25.63442430535988 
5307.839602227728 5129135.79991035 1461.8065365489304 
5332.64467719609 3566622.381064459 996.4860053560867 
5311.952878162213 6322159.453835589 1357.82715241286 
5318.6684717560765 5916933.473788175 1145.8107114807538 
6501.390336072765 369900.93041531526 78.03419471908502 
5305.091761625896 3327839.7002398693 1684.5829639299825 
6958.223867821731 662734.4122030501 73.18205145393176 
5307.060695087525 3205609.937694308 1494.1317072867125 
5308.13140555413 2615282.134919186 1372.23192295591 
5305.418497187622 2987815.4022939294 1609.8741252519637 
5549.6738883620355 740611.4773090929 538.3516822416357 
5307.619685067673 2984343.8498182646 1579.678705853412 
5310.170842119811 2521725.387874702 1456.1385547289578 
5305.344415478499 3019508.620683804 1542.134983158744 
5575.836710587821 685508.690403671 491.96708135830096 
5446.65274358649 1109918.4076372257 602.3054922547374 
5349.265387951392 1867763.3220213247 911.4914597583949 
5787.918000663851 475070.4393280124 273.6568745797206 
5490.605378610859 841592.6037004548 578.5433284630578 
5328.361333043466 1808538.5707681978 1118.0803436062668 
5312.244643560314 2819936.3493763227 1290.3340534683887 
5355.707373587451 1754568.8775718752 805.8819096373209 
6065.3828052549725 404580.7863263206 177.58461282791436 
5656.881557321219 661968.651138608 361.58818271101325 
6127.043968615969 397770.840454328 158.50080512319244 
5847.40790900798 459712.9051150297 241.61065830465193 
5351.145082691578 1335418.452332003 1057.0647081522163 
5313.875924128165 2247755.7062022095 1264.4365654027715 
6392.4233970262485 357382.49790975585 93.8429170175602 
5907.676956501684 431006.5277733055 211.54251088219846 
5333.807773442983 1528572.2462768455 1080.6729551512765 
7494.591576532024 295774.7947939736 19.75556388169376 
5308.606430890262 2464658.728304349 1528.960774100085 
5424.373139776776 802254.3142919675 623.8933903922647 
5354.237517188493 1993826.3768040463 838.5543054257417 
6180.3010176335165 559782.549988335 107.59537918216117 
5742.864901050651 723805.0308440924 334.33975932765253 
5421.017814165183 884735.2323963298 643.5185258658316 
6450.9520689517185 338350.4892820371 83.02363122767726 
5997.278594134859 417081.82683360996 164.46017633855587 
5341.091371680746 1452451.5813061707 1025.134531577532 
5375.002081903152 1218812.626443576 769.2345803870041 
7351.8166287760505 308579.1741924605 38.87523918015927 
5312.562971384562 2691860.0281356745 1293.7057468199382 
7739.73754047554 286639.33512812277 20.274322337234217 
5345.27657535331 1634756.9141229508 931.3916468942465 
5350.288120648211 2088544.7953339163 887.9478990488739 
5363.267775757405 1405458.6080345314 825.1575355843222 
5312.124616225303 2772474.8189843344 1349.6383520915733 
6347.203324283571 362084.49465483107 117.86944836027848 
5398.345468769167 1071080.2977820795 745.0745452553929 
5619.717898224341 624445.2427501786 374.08095042380046 
5315.977898406731 2023288.754605068 1244.1712826245182 
5383.3404857444675 1239948.9555868646 726.3458159812576 
5335.863621996819 2299731.5952175073 965.4582115153813 
5306.944345172464 3458683.0424344414 1482.8470767564975 
5318.78717842394 2610052.68676436 1168.4055934014877 
5340.646503061286 2188508.0142767117 871.5751913737304 
5353.200051673085 1181133.684897093 856.7734964747885 
7582.483523865616 287494.6611304243 33.468485450471135 
6243.155927096764 374827.4464911731 144.3888731739578 
5312.899591190517 2384479.4892926062 1324.8841600414726 
5316.723794458163 2355986.415900258 1183.9147944245788 
7250.883639986616 311415.536319784 45.20148230805039 
7184.781756289351 485001.8294854566 70.2746758367085 
5414.816418520608 999929.6687934743 666.5677899936319 
5957.979677981359 424607.5357352625 185.38173296203743 
5684.323143305375 572726.9963414103 466.69639590889545 
5313.513974994728 2125824.069724668 1317.9760990226187 
5858.059159116999 438397.84946072754 193.95967864153093 
5315.039659294359 2535334.3986888654 1224.4274693967545 
5315.275026161838 2323189.4610420475 1210.6538033393813 
5905.695767507423 436448.7963576463 253.19999597562503 
5759.593190698455 459309.75516772346 310.37777140697415 
6293.76539377008 367136.22981185745 112.12892149733335 
5402.099860269989 1055765.7625602332 716.2820514584525 
6980.791898353527 514004.47244572977 77.55182899072034 
5330.547399772413 1604074.6778666668 1133.8030895822742 
7046.781227245211 579644.1225880991 69.37042833720226 
5336.723072766764 1504606.9596349322 937.4391801717511 
5335.2592828900915 1545873.7519570673 981.0691724750587 
7643.355319962848 283675.61545633036 32.037265918892714 
6247.824224573627 372291.86962634634 132.89204976298913 
5407.119328668911 934902.0628553558 692.9524291779143 
7268.641980443993 305274.43275198515 42.55553902557554 
5719.068701226775 543437.7620204025 394.8962877053236 
5307.122360590399 3517984.221282156 1474.8298988388983 
5749.094796637251 474696.7790717262 302.0236941387995 
5363.333805815043 1234284.5841494508 791.4159014127018 
7085.431367529768 670133.6277623352 63.631066377068024 
5340.388752996422 1467238.4617890816 1047.835758954779 
5609.582857540495 673898.5569738792 421.57117863936895 
5597.696837464629 764024.8346798882 415.2524261184989 
5476.955315097378 971871.3933992665 559.5491055731878 
5306.643802892586 3341126.1794583993 1530.9233429892681 
5473.623809094774 1007502.7299037529 565.9532307301163 
