12795.02603399418 248330.52218721548 13.874747415418986 
5227.170119447146 81622929.57711728 28678.798439540304 
5227.176500532005 81858285.47798505 27750.128814321055 
5227.325938966517 44011125.12809286 17126.65032228646 
5227.302798792637 64006442.119861394 18086.884702899926 
5227.258560937813 36329850.876143 24178.103426139205 
5227.1878898723 78127018.06949127 25597.56228448868 
5229.017106271716 40599639.45747681 7801.428161954107 
11063.30850157657 263431.5337102597 14.499033500817463 
12024.487633652623 257704.32582154276 22.79984093300564 
5227.1783363654695 79690963.29132828 27433.556158528634 
5227.285438167065 28460858.175310954 19595.518664521496 
5577.253870482066 1392785.0852724118 663.863743915831 
7163.824288103429 403642.0937404352 133.05391780819258 
7526.671669342713 386859.8925425419 91.35251275724399 
5239.717685185254 7553691.203854183 4845.320781562942 
5227.348194418733 18228558.267894324 16312.01654276211 
5227.329835059158 19341630.703418847 16815.15820506643 
5227.641689106695 13057773.176584205 11588.87855099767 
5227.2581758211545 67533718.28515656 23306.551839695472 
5227.285292547915 27300779.801721152 21906.54148562569 
5227.695500872709 12363619.467562988 10648.580165119347 
5227.205697806835 74815365.73629436 22807.401632193756 
6179.988783285486 793818.4713477393 426.32615599216285 
5227.230675096877 72115704.61224794 21140.173245982558 
5229.462064626101 9174047.112803457 6692.883642257066 
5227.362733382469 16565691.083284203 15683.100763572085 
5227.985648522736 14561148.43312361 9059.680501501412 
8126.15257989299 344546.4846802397 43.263669288420644 
5227.526279648483 13593031.874446211 13300.954468569582 
5227.4496470424 17201481.54754503 14193.734873921732 
5229.022755240978 10957885.73575104 8274.445793473154 
10720.351344638875 275136.7025432061 21.664061721748197 
6615.430521150718 776231.607173325 327.65501539108493 
9350.006807092954 299387.84357374324 25.88348856963973 
5901.905670313717 981850.2594368809 495.4150432299548 
5842.052664265407 1080584.7605874888 599.9895586141986 
9835.907270206533 282491.2577912517 25.94934716159192 
5227.815374273565 13740039.825029787 9978.993728830103 
8498.083187403085 327222.1680311378 57.44862563475789 
5227.283627913327 69641844.60086884 18652.00324448685 
5227.3797083004365 22428663.7538009 15014.853957143834 
5227.45861487348 15315635.89721452 13982.426500061156 
12522.703435525706 252917.43120278997 13.874752964071574 
5437.419617887623 2014023.7413351478 1224.0016015765655 
12419.890048757065 258257.32046098373 19.346580491085767 
5229.6099960589945 9604803.946684854 6378.896415590998 
5230.041845672054 8846640.549497949 5918.532523190175 
12153.070999160213 254463.1915333708 19.57133500080795 
5227.248297416097 71055192.52648194 19966.869994424873 
10404.12244343627 290663.8272058915 20.6739274453114 
5227.228857223228 73021651.34881985 20627.632202815945 
10981.441643161084 262792.65905233746 14.65607578994327 
5227.53939092544 13638376.425113562 12514.183109484706 
5240.371883984086 4949311.458979184 4294.961467477729 
5227.3113804062505 23390432.821782112 17486.579441037382 
5228.019467473974 11575212.7731598 8703.860588594272 
7022.610418471286 497886.18244458106 220.84400439697515 
5227.609106928774 14171454.549443386 12192.559689100355 
7799.212413480507 357588.78925585526 66.0496592479332 
5320.514521137367 3302261.017641401 1721.2223467612541 
5364.447184227611 4999448.567294899 1443.1107362724256 
10564.322968539424 275950.9964577974 44.69872998396614 
5227.306575940521 24357402.18119988 17877.642969409528 
9288.868270301753 302657.089207819 40.60822448970987 
5227.1983195829625 74318091.01188996 23649.294347647254 
5227.242243317549 70099350.65307654 22535.165368562375 
9032.184528143915 317518.677554409 34.145897076372904 
5256.765586931837 4033780.1184756407 2723.782835321484 
5227.3802691772735 21576021.802940246 15018.27451950764 
5272.643434689804 3265526.599764397 2053.5812594330355 
5227.77014340286 16075226.180058649 10365.602105419213 
5445.930659290115 3292324.931811332 996.129102639389 
5242.923793213565 5797489.649098987 3521.0443854977175 
9928.710481885682 289360.9544908517 29.93476690598888 
7654.027006791934 363121.4182281264 84.67913440374392 
5242.832655587899 5731048.405684415 3737.978446950699 
5253.9896009925005 4493901.746645784 2921.1321705306864 
7979.608146107017 348601.9136538798 63.15172162448904 
5230.754315873283 6407072.108425589 5348.613006182769 
10215.058440117275 281330.37699489103 23.60798579371289 
6310.217782390514 731502.402732954 382.34588111818846 
5230.249992730479 6517500.542265467 5555.299911766479 
5227.20332659219 73861868.8139856 22940.350101174256 
5227.267250262314 65568441.67868638 19375.55144757136 
5227.259998707799 27627835.07924429 20674.393636044704 
5227.262270181907 64729840.262571424 19697.061730961013 
5227.313621965608 21106450.278617032 17242.10742979117 
5268.4344352900425 4352433.100243544 2199.4466598801887 
6864.0977061405665 529905.1608466333 233.86006357932183 
8818.67690860878 314898.6977449042 40.29114879835793 
9748.529280026829 283618.0877054365 32.368110032335935 
8740.436255642422 336713.31960448343 37.058877204377744 
6401.921056414499 1054537.3264457732 372.7035509895903 
6777.269518392298 507496.08653979027 237.00066390633754 
8064.964217507239 341841.91735328204 69.6314992443192 
5227.31337395746 26442975.454106312 17137.852794612012 
10034.232220001802 282920.40585697873 32.52988739991952 
8599.665204790726 325636.93675997143 41.3235843846966 
5227.287250411615 66483843.24408208 18766.55445772767 
