19449.64930135257 186362.46422060864 13.405589865635037 
15338.509497458443 204286.72933338367 9.86408827008755 
5226.947772697391 411620719.6901288 102440.46561289532 
5226.948709947315 396068188.6388787 104453.73532927957 
5226.953149596962 454321812.85650617 67056.8149880964 
5226.949345003987 289970334.3177218 75277.00306792426 
5226.947796487386 402578185.1858604 102363.87161845733 
5226.948897298019 150167454.66856635 80160.16280215797 
5226.958878703762 183189416.8133245 57990.583654044225 
5226.976176259664 245125612.47660923 41519.72730949348 
18065.41918455831 191690.9781641143 24.19842522825345 
5226.965889664981 280830442.6173676 49336.145921150935 
5226.958078921871 261441280.8239215 57156.3782289133 
9943.226754789966 269249.75366541126 13.96223033367347 
17225.954679236176 193778.07703666954 10.956510413168264 
5226.950194136495 167258115.87167174 77832.29029142439 
5226.953404593143 109560448.66675034 73038.99448528193 
16467.490860210957 197444.66974080383 10.899209766670964 
5227.96189404421 37667673.22235996 12701.80175982391 
5226.963644548084 51456896.70592928 52669.85189825432 
11328.683677659687 243692.1525799754 13.520752940792601 
7197.932415925265 366362.5214129545 122.37735042843865 
5226.953796221918 280687940.1276084 65678.98722171134 
5232.084106985093 7929998.956058837 5726.828414118909 
5226.953411728906 67631305.66648664 69056.84998198946 
12339.227672618987 234809.89527750039 11.982058617041458 
10605.174317533465 257431.7518009654 28.60312436796291 
12856.891108758466 229254.25617104617 13.100127454850819 
13118.43026337221 227016.3892553091 10.93015306578527 
5226.960671927521 67318307.8797655 57069.51143399379 
5226.94958821685 100464272.77977447 78821.81696924948 
15722.962203926518 201763.91216549242 9.897319172249786 
5226.983329827393 33005165.32697219 38934.71156530233 
16099.404300268056 199566.69615463988 10.898155363348312 
5226.95527663065 139187836.0504665 63155.09076961149 
10746.685597979207 250925.14391008814 24.373663763319804 
5232.010483736284 6173259.495330082 8456.951930557343 
5231.612717423402 15878302.129914127 10154.704585293912 
8217.867586251308 341804.99366969144 75.54084293407435 
8542.291444415214 326190.422163857 47.96073425243386 
5227.081219811001 62755727.627574466 24215.50733641151 
18390.517588590712 191869.3363132569 13.524364085899819 
6902.51305638508 410653.8370954177 149.5124377023022 
6536.582094308411 872949.0628062186 309.2370026333199 
5226.954635917069 127217292.1369832 65642.05514515661 
5226.950329589093 113220165.22805122 74855.44038598913 
7756.122738940841 429800.51000634715 81.73323698617124 
19052.978406361493 188713.90460182904 13.154936894171867 
5226.954308222165 88425381.91049418 68531.97609756402 
6079.687822326568 1940010.0489772004 659.2349357505987 
13635.59181762419 233056.11518736056 9.901672676175732 
5227.361462965902 15441596.504682226 20695.152528681236 
5226.964828537722 48040125.82914208 51700.85915533153 
5226.957011519607 73842471.395697 62142.768593917564 
5227.3008576723705 40906832.02485689 18435.305643478223 
8929.599765986713 320586.70536582585 46.48688298139718 
5227.006185201335 25114608.60912118 32493.768431501507 
14793.62120854016 209824.4736505428 11.05547639519919 
11626.39678523418 240443.45632715517 15.016460666639226 
5718.457461793221 1104454.2488240267 671.0361409938072 
5227.148980582432 30503278.88336605 27426.63405668188 
5226.955303595067 93510690.71543032 66476.09277699237 
5228.398037733141 12879872.37607421 15093.595803460617 
5226.966382807681 56837569.47572458 46705.38851925853 
17046.44202609948 196358.037281344 9.870014649423714 
5251.500884307295 4144481.589472643 3398.0568639394965 
5226.977248027892 80309796.92747082 42632.78508184864 
5226.954993315712 145916512.61940575 64667.0898308778 
14517.548607254972 220320.58152142947 10.920856657780298 
5226.988607863639 56658580.90556281 36360.46239369402 
5227.041703063028 29969984.890582293 30590.5071659569 
15116.65704011617 205163.35985245154 9.869169833617555 
5227.331535630632 21592293.83959874 17694.191191965536 
5446.212245508414 9775501.818287183 1169.0680056752599 
5583.8036483611 2771289.947521606 1516.3728315106166 
5227.426688662511 19714955.74444951 15708.593207139615 
9150.485159757076 300791.8924567597 29.987090565776853 
6276.640196495136 838853.6066855865 531.4169753230425 
5319.331988204068 4236455.576137679 2582.160542658185 
5227.102053918681 45586538.09157121 22314.051102848152 
5227.01807929138 46239752.367410675 29288.084934931434 
5226.957572460486 150076760.3010201 59193.037648712496 
5226.991876441301 26918734.19756053 40231.20790259264 
9578.422315255948 294485.45655527135 31.3125971117177 
5227.071074143609 45140567.772356406 25612.111677878696 
5226.9488751292465 403787838.15702075 103694.4442901982 
5227.005779467498 44220250.29204938 33769.72150832355 
7828.978432045417 351640.41220362426 72.19252303220948 
14239.189995633149 215108.2714134386 13.985310856520796 
9452.703601397814 300556.7807669351 44.64848645493143 
11927.539525997232 243035.4050889481 13.61872886994637 
5226.969688506911 54871448.42681352 45482.94124668863 
12048.22627703818 235192.93928368203 10.982014719506331 
5226.949333255367 153838321.9459523 78248.08797541016 
18774.49432201533 189678.9311325377 17.40082214774012 
5226.997307527136 53689544.70493503 34948.95295524066 
5226.9783735605415 81849323.45171389 42088.135071913246 
5226.957065469252 58991006.54003249 60719.01535696621 
5226.950047595934 158132291.4675545 77637.69383932582 
13740.95445560825 221844.58828265933 13.523357803769109 
