5228.886304362023 109638909.04825205 19527.620702179716 
7993.873812545517 438290.1190160982 135.94520321064698 
9070.056859812468 656018.2576074019 81.5756743902799 
5228.933045532322 144311011.98579532 19246.781540926415 
5229.160670397516 49624497.244393826 13960.599649284113 
5229.141324315395 91030659.83526576 19232.199461274322 
5229.099079551735 120247481.69970596 17948.547442918345 
5230.247252277973 61364371.953796886 13591.610163466496 
5232.165871198398 23280691.65657365 8269.321547564441 
5230.494728058271 38329022.74871275 9435.38753703991 
8718.426179926253 933369.7501472675 115.31520154378589 
5230.487329969924 42024588.59917281 11935.452221127101 
5230.288756480835 58380363.7183542 12926.742175775626 
5229.085042621513 135492294.2713037 17993.63743439893 
5229.127526635046 100268439.34275213 18589.803511976348 
7846.680249271819 529333.307942727 154.793242967333 
6386.056332525878 1036529.6474802778 395.315517911277 
5237.537937919741 20118394.7725824 10490.782576474048 
7504.434459212229 600430.4877506699 144.70791612692605 
5229.086881542755 121557484.47341466 18328.81409418804 
5243.150696781953 12909467.638304086 6850.833108813851 
6174.080794442809 1465888.3090240248 618.5575123391828 
5229.060646091465 138005355.50421575 18329.851457967146 
8959.86695175544 683879.4611451802 106.18282831731929 
6730.80934543535 993741.404310201 362.64876249185465 
5237.820929377145 21866945.709168773 9829.500098226283 
5229.152793526905 98212885.47938487 18256.383438229204 
8721.725562801654 505021.8667303453 134.23933518995184 
6566.797283385472 1444129.0111774656 378.7067427380603 
7016.805398805781 1027415.0536123145 273.7199488728563 
5939.962538866273 2091625.7820542445 734.0653896720465 
5781.837598385751 1874192.2996056117 788.2110026705307 
7095.560799380833 671781.6760458709 199.23267235050974 
6029.104517065406 1208098.3941016581 662.4109972192714 
5242.055032627898 17508937.903752044 5688.216463511218 
7376.177027950115 624274.8247188114 306.9432840897088 
6865.635539496299 934406.798305807 416.21163954356075 
5229.173522743535 42006109.46408966 13691.443443248008 
7205.865267082966 627503.8577047436 198.88953388033482 
6616.613410230868 1817055.7918164164 369.1535531341069 
6130.121463339736 1322867.6026460142 618.8199079982039 
6870.669074948282 778874.2150514845 284.9522077820253 
5257.538578395178 16212894.465039091 5085.1167839553955 
5261.774549017887 11515270.56420349 4329.585146215271 
5399.214652332934 3721187.2004873194 1363.2036613638522 
5268.810299605119 9234406.514616095 4895.097350585139 
5237.488328805612 22806675.721654568 10411.539601600562 
5359.87666223814 3227218.120304598 1461.353404638659 
7974.335737699924 732482.7744088864 136.99543490523453 
5310.908769670332 10810944.138059242 2614.859353163264 
7470.709422137482 744730.8824644377 173.02349337441763 
5733.744910838363 2715381.9450622043 849.7615943078526 
5348.303244736843 5818849.093239225 1907.4186752409767 
5238.60513665628 14310837.985128505 6423.884398781077 
5561.302170719261 3459828.2337155035 987.3536469875968 
5672.587581096738 1756093.3052541248 1056.286822901202 
7205.865267082966 627503.8577047436 198.88953388033482 
5962.000451097647 1093442.7410458592 743.9627435018772 
5326.2879638473205 6028953.611072727 4027.3492665424365 
7384.732288739144 823065.4049668373 194.26496287603715 
5304.095895332478 8844998.960804252 2870.2054621551415 
5273.395472041439 11157288.38248979 3685.248360156659 
5279.669527135135 11015468.106349384 3291.9627067637102 
5610.55779555449 2993664.4631319176 1126.6284733715804 
5443.764653676937 3484516.227871682 1458.2218612288793 
5237.972120001331 14251966.37832436 6691.75250025374 
5247.599224902702 10865543.429844147 5921.739982832065 
5245.585202033014 11964140.762768649 6152.787818173134 
9022.233059897306 586852.7422937801 97.30359882959033 
5303.954961053391 8531924.548413618 3533.425021972069 
5471.524044357668 3197330.614471539 1237.22311307552 
5239.207757962689 13557164.17346267 6366.059630680495 
5292.968401376908 8093826.484582144 4118.213192795459 
5229.0469844829495 98370270.36773139 19418.78491581587 
5325.064363055563 6787334.573111268 2466.1368475182785 
5524.048938074616 3659776.075434638 1106.8320426698515 
5328.4496430518175 4442237.399867386 2365.002033634769 
5765.92131309671 1825296.79764789 889.5235648315914 
5305.748501883261 6436787.5795920715 4260.176826131652 
5287.015030194018 11314512.373708699 3124.9076589092642 
5636.79044780321 10874276.68375865 941.6346238679789 
5479.7885457551 4633885.46005235 1096.3388129003788 
8991.279330844749 641619.4681796723 110.58074947235977 
5326.880543586981 9567394.359712042 2126.067638431633 
5294.20367746489 12934817.43529571 3020.2972054101356 
5653.218193998559 2320953.135711848 1162.569564500583 
5503.024316501286 2482452.839426392 1153.6752655222977 
5332.880735269937 7378063.909878243 1960.066510033698 
5253.3882362826025 13899291.053449469 5344.91609249083 
5355.386030980426 5641095.082013382 2039.4594493034535 
5246.536601344238 14275787.474987894 5515.982861519585 
5254.051279936876 12971377.092002993 5464.2733906770045 
5285.381283757772 8392759.410826724 5113.26726898869 
5256.695531749917 11458353.67440446 5296.433015006468 
5246.460983575781 11407889.925337488 6129.321529036892 
5334.54634298554 6740202.548059145 2269.0869257921377 
5229.086881542755 121557484.47341466 18328.81409418804 
5340.654844696572 6981688.199273196 2200.406367027642 
5341.719565147058 5320635.515448558 2135.865926172476 
5267.892310252038 11215065.62000866 4932.767344113308 
