9517.180715360044 480376.80106653826 58.425596785786226 
8499.461790727915 388360.4019150503 108.29883146246647 
5229.41188014669 34907688.26613911 9231.842109679954 
5228.583200072695 28131239.408581045 12160.412437574098 
5228.536059121083 30786596.57005707 10131.22084002732 
5229.527109007384 26316309.84386951 8949.62611440341 
5229.74222444218 21531728.378357798 7931.669492354753 
9025.01618989423 423147.4305327835 88.2735062594692 
5231.051189566183 19232135.559836455 6089.556915434788 
5289.939094134267 8216143.494324161 2981.6162820155264 
7806.888992287533 461017.1584912831 147.9693222844459 
5230.646951468269 14434065.307294453 6508.435373725296 
5228.898953104594 15061821.104339052 9307.768628140639 
5231.001712180159 13842774.37204775 6986.771080570306 
7673.431883901398 521648.90778265026 154.05538438524812 
5230.004561736344 12932806.563322872 8109.608469636318 
5234.209244664085 16528866.027229143 5417.066269785337 
5287.240678307382 10475529.387905482 3338.420335736886 
5229.738517677789 17681447.278097846 8578.82854930291 
5233.8674559113315 15899819.499846792 5671.108581900836 
5233.488501857054 11957465.978409737 7487.5063607777865 
7503.080806570416 503406.6712870189 177.54936866605536 
5321.662159842151 6506628.344555457 4154.144432989084 
5228.8243618498645 18063365.94858333 9837.512972971326 
6546.222738223192 1251466.9723831308 321.7818979202834 
5230.849858987746 14206310.603238922 7116.439025711136 
5341.339080002836 5297392.371239944 2135.4326495993355 
5313.344356911808 9718082.164754195 2523.91025990589 
7998.044157893726 501665.16047081095 129.2965114897809 
5399.762890216563 3853861.2053982387 1340.633440011346 
8176.768484430175 437778.7191127767 126.65560936743819 
5236.318444523688 10335393.766942356 5177.508887983803 
6721.987213342546 703760.8749400837 285.8759708757059 
6831.204985652224 765250.3985007396 251.50867847368175 
5291.4344762162 9104771.653747225 2737.0928351272455 
5229.745859873222 13417507.153760254 7752.167654558268 
5615.030236471686 6898424.645225524 890.2170015965105 
5229.654909671338 18837409.201812122 8728.126472416432 
5454.02066361963 2932036.7345500295 1444.1276582225357 
7396.231222188999 496825.9540386094 192.11079972402965 
5260.895358131613 16040954.606588438 4675.997303376213 
5322.866272392048 7437481.344450203 1954.4475021509727 
5702.159390923046 4222280.312799937 842.4446468433237 
5265.817066008377 7126587.580646745 3818.1348816605528 
5501.371356624654 2749780.359484884 1172.6960545732934 
5857.809599884357 2281747.9714369825 706.1871453625441 
7065.062474435269 621006.6386700647 172.3655623671558 
5262.038132488839 11256417.29802668 4303.950549197425 
5229.981318603543 12966839.921533575 8432.911177330481 
5962.000451097647 1093442.7410458592 743.9627435018772 
9460.224769927334 823160.7450825475 67.69214503947302 
5258.648268289641 9508270.664578242 6285.240133438888 
5259.020292303174 10100239.603529163 4954.1704708171565 
5243.4002270962455 9616647.445559677 5889.510615953297 
8031.13041493735 459311.65607615456 155.0171946536265 
5346.339435751156 4732936.444212294 1729.2730329734768 
6012.146250321767 1856547.3736580557 708.390442662456 
5358.21376341865 5257951.664257903 1544.6347299096592 
5233.941039520756 11786422.734674448 7518.581918437158 
6331.479671479035 1106196.8700562776 418.39399703214013 
6429.711344908069 684229.2116020053 359.94062132958317 
5273.04875130003 10993503.220188621 3637.9913523591877 
6179.341083465208 1716685.0226696106 589.7779323979366 
5442.014430770435 8867144.151036687 1319.929267092826 
5326.503833728148 6128655.21090138 2042.4504870090736 
6129.6014234624445 1422275.108242765 626.8821646086474 
5261.366692744247 13151848.921262424 4422.216165314931 
5310.908769670332 10810944.138059242 2614.859353163264 
6976.712805714324 836543.6022175933 209.6713583320539 
6096.576705858686 1115770.8084365418 662.2827016769309 
8389.00993580957 415850.50793809234 104.20362243939006 
5375.448463184608 4806926.903751886 1378.8315069538703 
5760.612795366213 2392943.751865544 810.7845801829799 
8289.465846926687 393464.8706550467 110.48111320488069 
6911.631943465758 823902.1838561462 218.3448772092914 
5228.817911436668 18217503.343301088 9849.546291465898 
6231.5139096952735 841985.2610990141 432.46275323457314 
5818.680430849481 4112387.5363923516 766.2863099520455 
5344.524032980846 8683901.671720102 1824.869274807004 
6622.3093894951635 926943.7611100588 344.12428317177825 
9143.28111497493 418942.3076418767 83.28289164222039 
7160.374429875458 617383.26373769 152.18460372848816 
9328.730065016576 518436.1249641948 78.56049783694914 
5233.375406468407 18613305.516062055 5405.553287904844 
5345.568497488039 5682439.618783655 2003.8172436403327 
5249.498840996243 14811131.806692414 4776.840811970896 
5632.043005369145 2526692.687761887 1031.4192837172238 
7308.427452780461 590913.3565631453 203.54124167914046 
9208.077491974658 408996.74006137974 92.55394006329003 
5536.806179121843 2317496.3591992715 1040.735188815792 
5672.0752059024235 1751762.7772622618 1050.435370247225 
5273.476850504038 8375322.482366923 3807.6904602261025 
5805.649542708204 2027478.279260124 1001.0390592313975 
5282.9435610281935 9368276.64474409 3650.4510220812144 
7274.732784334347 595858.3601032329 222.1257617988645 
9266.498691029707 393014.0125931656 86.5079778651832 
6384.710233284037 692872.4017888 365.25569734713315 
9071.404738519617 423188.661751141 79.4735949496446 
8242.728911721459 446718.29547729105 99.01980893227334 
6646.006163725451 796643.1254515926 261.37461042150267 
