13747.110138112965 222060.28670200723 17.61627509897799 
11782.152557875019 253592.5678824081 9.980116501223408 
5227.034308041246 52279656.36344778 31042.085640054538 
5227.0551845303935 73505745.92345929 26206.70310535775 
13757.278813508941 223788.25297934093 10.982745265997217 
5227.060468916426 59728777.08509052 26349.13476832464 
5227.052128827231 68492095.75308476 27124.849625133407 
5227.154982783222 53965405.33570991 19688.3819714454 
5227.065287251128 34793303.04504126 27159.3866571318 
5836.70242684299 2016519.60741213 657.9622002950575 
6309.867947633896 848823.0546518738 462.71899780203626 
5227.1012113173965 45155982.78912122 23368.259036413066 
5227.066493520796 66583021.49797165 25685.954673738986 
5227.247372222926 31199979.72175556 17498.717239542217 
13213.28801990346 229457.13744752808 11.954268826876222 
8270.616786776094 355029.8068008325 61.38558147771944 
5251.471527726428 4169607.9734289534 3420.9664717586866 
5227.040150805803 51470820.749250636 28469.386851762356 
5227.379240737356 15626880.72473555 14402.75754122758 
5228.243731833405 9690659.65152479 7905.468186713924 
5232.87805581426 7311585.4916446535 4857.493678228855 
10383.063307643515 275236.3153277814 17.1225918033422 
5227.108076456034 28877392.0151778 22553.449179973613 
5227.07749501889 62584272.14682325 23867.104209776517 
12771.073551205503 245259.4601663651 13.138165781975946 
8713.068136580274 332613.69419323804 55.49469454854738 
5227.079676000766 42179424.99811354 25776.35769828897 
11529.755083921702 254254.74120436556 17.12958168475709 
5227.945027480444 11015654.554884773 9055.007414482901 
5227.06477612394 64650761.48509168 26192.454298658053 
5227.03604386006 52811159.03696045 29900.249383390037 
7519.705105667627 984132.4341124072 136.35427875299183 
5227.041324472992 47263121.96847792 28077.12302857972 
5227.52339299238 14179712.870423084 11961.496394247088 
11194.813010211758 257024.42141601606 14.10189487424979 
5227.036785274725 38073241.25068682 30578.516159908017 
5227.526263179051 13155187.167416895 12588.790126337006 
5228.930597922452 10784007.077181568 7437.052109302243 
13465.414067441363 225431.2550748433 13.119244029850513 
9262.37329342732 294781.0132639466 29.960216975883096 
7790.555901739652 362524.2996715033 73.30851936320305 
7253.144566357427 512346.38186734816 181.87940423276842 
5227.326195266594 19044623.624498475 15786.959530139535 
12133.575887405032 244257.43318951578 16.737238001336635 
5280.854439499073 5526388.974134974 2605.8815266201827 
5227.1222957385735 30110062.49558679 21421.76483576357 
5227.2865838032985 23061147.54818868 17925.04229305543 
5230.72758712161 8398680.610811241 5484.044952228487 
5227.047467636881 45695389.194310874 27637.43912080494 
5229.210316530123 9068494.025069362 6485.855987159567 
8028.559316540061 339006.55597537546 74.93708119031614 
5227.169374996956 22083349.38609213 19045.194177949357 
5227.630821650814 12150285.91350346 11112.554072526276 
5227.340027536618 20134018.6713812 15185.592278997225 
6882.455889208899 556164.9545697358 189.00103771329321 
5227.084656330111 37993749.45107073 24424.745938072676 
9825.201049512378 282777.2836721649 25.985962893749964 
12313.972564418498 240047.24785777228 15.156082276592214 
5227.310449284988 20352444.556747276 16602.80393296956 
12597.531263555024 233232.95851192353 14.104150887030949 
5239.138560666199 5321131.31263899 4270.202635638765 
5227.075743645022 60686819.87534373 23937.111602069803 
5227.129191126818 48877865.58773422 20902.00567930312 
5227.0737252312065 49724695.6043175 24633.241161520324 
5227.488599421921 25313361.77180198 13288.938983032212 
6598.001894292448 443605.7054031432 217.74405059511588 
5699.451174396819 1419654.4683469743 850.6065652646257 
5513.974022659804 5149233.2970090285 1276.3461877753014 
5315.800756914819 5914709.5989802405 2055.85880103233 
5227.901174249766 17543933.701219838 9451.240892685488 
5227.127165739057 24700213.732312247 21104.564089037936 
5227.110196380838 41060271.55967859 22428.819156907604 
10788.779602285094 270430.39224808384 16.25275117378149 
9067.540132035845 311260.9774512804 88.96978107852036 
6513.50739787561 1049366.9692356018 368.71799619831353 
9585.01929452385 286248.76159566344 26.57943973727906 
5227.120620249596 26968417.780140072 21940.138322182014 
7025.9643918913725 943906.2805004121 183.575664125647 
5227.299344034434 18317852.594098493 16797.9663618646 
5533.563026750789 1497778.5638387918 945.7104269772328 
8871.985988335307 318184.3741579149 53.994242674179276 
5227.442103648516 16950878.081339967 13775.141419421292 
5229.872806191701 8588820.257527227 6125.648822019262 
11805.74744282498 251453.21659122626 10.978048312338313 
5227.715051517012 12864233.424593147 10432.703799920484 
5227.366766573872 21704036.3213386 13914.486498381862 
5227.137753528404 26632484.068364743 20254.143677515527 
5316.971555462262 3558228.875773616 1936.8741042285565 
10130.179812657207 273008.2686729116 21.5609593336279 
5227.7313874758065 17197645.95614378 10120.48012692307 
5399.845012216215 2479986.2675439413 1544.5744692831743 
5384.712733591139 3020994.1551585263 1554.4153545562299 
5227.627655413899 12477701.851404238 11561.58804673918 
10964.203470255496 269001.4457207528 14.229111095684626 
5227.035687591732 53842317.87587697 30307.47187719244 
5227.178861219124 21842674.837155715 18444.822604643075 
10164.391416070384 274652.12243529066 21.50960827290291 
5227.202032890976 26099837.786550418 18208.742317450127 
5227.043446092195 41294369.1077248 30004.345517152185 
9665.101110037778 283221.4910054931 25.79760303712218 
