5226.9383147361605 266047670.56874236 153719.28444778657 
17398.27636591259 192835.4790013549 9.825641966600108 
21245.211354148196 175415.9568393613 17.527246767610453 
21315.604190090653 176724.18508802465 10.991459749863088 
5226.938651149337 235369919.4170209 145071.34399377764 
5226.9928526054555 91386073.64793774 34642.76248343248 
5226.939407042201 73355684.3795407 87578.64874535638 
5226.9404545312755 50735384.30227389 67844.00345308217 
5226.989955976026 85677710.15569621 35512.13926586395 
5226.948095934236 79494683.49950002 60909.42242555207 
5226.949937626463 51624154.398081735 55749.69189544676 
7704.277985146006 356003.5695897247 89.37109622452635 
5226.954606041638 67859168.35774806 53262.79487857801 
5226.9686272909885 40065462.1733568 50274.93244446336 
6836.048924806311 631294.1884670915 221.4454879168987 
9633.414208108607 273100.95094942173 19.125977997855543 
5229.56550898521 13516190.354518954 7635.998765575987 
8201.317799206885 314224.0320285369 61.3092048443996 
5227.473688212049 29444282.683425184 17808.891482503743 
7166.134789200782 447741.73406618217 151.1092947551811 
5724.289823797602 1106883.1333715725 658.107931687876 
5226.983798540515 42789372.00431466 38290.86416705424 
5227.926170079504 22128070.041748866 12232.24152734631 
10610.513517718296 255171.68042997125 19.047893745265892 
14065.542732244974 221552.81250176716 9.86365126317547 
5227.106247095893 34480751.898651704 21893.534290283693 
17767.093617741346 190922.56813981629 9.826219265644653 
20323.109792205236 181394.14537823483 15.814365615140119 
5227.221647101458 70848627.94574319 21326.036847777472 
5227.0376190903535 77768790.96165967 26873.770451731107 
5226.958940540208 60694593.6226908 45742.54480942619 
5227.372794764517 37173278.97333071 15155.726144608883 
5226.948713991818 55198929.427390784 63531.064314090196 
12416.817492002083 231815.73857784888 12.037138968787701 
8481.896394929176 331778.52027717064 59.80590253085974 
5226.969532796986 75368611.73744759 41604.42296565806 
16626.262121402044 197410.55340168098 14.23023308180269 
15568.668407299376 202423.86744585232 9.826060156764644 
8779.847484395315 313733.69225949363 30.069937627793664 
19206.311212610322 184632.23071443618 14.619489562436346 
19509.787028565264 183423.29301777392 9.897047427315478 
20865.97664841037 177839.3535481406 12.232442524304698 
6316.6047989650115 828316.8410695284 487.95671685609227 
5226.942666994594 58193750.1557273 65708.83837623938 
11833.935764703534 243685.7094155016 10.997478977831879 
15225.904843643586 207086.5586283046 10.991471778930421 
5227.193299660535 29590024.19568748 24570.081071167984 
10871.21638058105 252379.26948871557 19.12299539642269 
18282.059836328342 189200.37184295413 10.849392147190711 
5226.9554708651085 46878708.430384554 46240.95636491692 
11396.789891215136 251606.77754229825 10.973681432578609 
15876.60764853572 200494.1130501383 11.024690787430673 
6316.618903517607 828295.764844717 487.93586966468155 
13353.229642132104 234711.51010616668 9.825961134235671 
13589.24643654565 224237.8538955787 13.12648886368091 
20617.21572869505 178208.35799746562 10.89251744283776 
10031.57337824406 267760.4665323028 19.122067495114468 
12838.553928061729 234133.99529643997 10.900121384633849 
5227.827684085553 45161965.821677946 14154.739287919641 
5227.01441873134 23708552.93639211 31867.405102270222 
5307.498700507392 7522709.004917846 2390.978684358874 
9132.70322373014 298473.8666077476 29.37847188051021 
12946.497395241055 230355.89937175278 9.892152992545592 
18874.031003689845 187297.20547400427 12.196457584252133 
5248.2237334626125 25817345.048456244 5870.91368586106 
14344.141888024955 218958.2839354369 18.69617145211368 
5227.0242879055195 49008529.27735418 28879.73025716063 
16221.074069970291 198595.5966271027 9.825660127732736 
18694.27387179426 189457.02476343684 9.82564846429049 
5248.586837811855 4070625.0186744165 3403.1801844175134 
18687.383906167706 189806.74277051762 9.830543512680409 
5226.974349581118 58669137.16150239 40121.49841600067 
16966.330362346067 194053.06123016184 9.825660127732736 
5227.001772394161 55879019.62476977 34295.43760530777 
14568.264467588713 210982.96503306087 9.865291434899262 
5453.791187954157 9716946.904527592 1130.8479301778827 
11439.456314937344 249628.57592507597 10.963615877840194 
5226.955506878201 39557471.61158264 53474.995263922014 
17351.699772704233 193182.22871465416 9.889956232538273 
14957.902282293906 207627.21746543757 12.118606055960838 
5227.980139510173 12527281.526298026 10883.309265112268 
5242.88509103431 7239173.469371675 12472.749661515209 
10011.749177799325 270094.6853233253 21.534054968891034 
5226.947730076878 60388110.872999735 61666.202333086 
5227.026574156003 26341958.583296146 31135.5550746687 
19838.36634439879 182741.8987487466 10.919593295953005 
14806.003144927645 210093.08963085018 11.004207074602679 
5229.1974936827 25054174.62901623 9511.171273173295 
5229.414725350454 11452845.17313394 8509.073217410229 
17563.761554818077 191633.65294386007 9.865947774750367 
5226.971581309293 47454369.24391786 43809.42799796657 
12163.757726837814 237349.8128561622 10.991395838754755 
9121.448060056067 309225.75066834124 32.718674777735266 
5457.24976743204 4521326.29485207 3133.8567911293844 
5226.960895441081 72446160.39630565 43940.65607937187 
16128.555595235715 200175.87828011092 9.89215988709507 
5511.3020853696635 2087370.699632682 1599.1410508975819 
5227.023392158483 49978663.14832449 30172.76284105561 
16872.687854772797 196738.05574152296 9.89699782039969 
12053.598273017635 238413.91043652454 9.897005975894848 
