5226.957540851418 282204888.2215481 87504.71971011309 
12979.62548593561 242448.3955805437 9.89104679552767 
18873.838873360328 190087.56830141472 13.695266649008843 
5226.958161730339 228900332.73859376 80975.4617999497 
5226.965296266457 138037974.03730857 64923.32698727521 
5226.964411359933 210884681.4814784 72741.34474667259 
5226.967263154607 94433649.72790593 59875.37815114058 
5226.965353747832 113917003.87284787 69841.11595059498 
16501.75372317008 200703.64934505417 11.42202685200332 
17823.940156554654 199770.606145692 13.761324172435184 
5226.982207776287 65859450.469429255 41438.72148301768 
5226.958715719993 134877617.37356105 76732.00517364663 
5226.968210727581 62942754.66681674 54247.292743599864 
5226.972959112634 58400779.69880834 50937.946335640285 
5226.958876605078 133044267.38049616 74933.769582862 
15818.552286664499 205882.34345867112 11.424095981090707 
18612.28450857331 194053.07280215484 11.42049390638179 
5226.965663995585 99449859.050595 61758.048999752 
5226.975911519767 127392722.69776952 47755.80168741313 
18034.510380963497 195194.21821270787 17.954999399145475 
15039.137166918543 206638.74532257376 9.897833298634653 
9865.522551438422 283154.8616249837 30.114311814791723 
5227.534529767221 44044770.10373437 15827.350207747051 
5227.848650598796 11914331.504070798 10626.833530023532 
5226.968149562199 64232772.56214903 53723.1545141126 
5400.154308440206 2478502.9038857883 1544.2554533141654 
8790.488554306516 310874.07497752924 31.629292481821096 
5227.070000959931 55103017.57365697 24173.52487670344 
6062.190576648661 1077932.5896519541 621.5738263604067 
5226.979757912388 47620672.94136985 43750.35760794718 
5227.092464329351 51264511.07447187 25601.83244742789 
5226.9660905779265 106610031.56859848 61391.696102892216 
14627.285511036474 209146.9535439195 9.897595510226909 
5227.580563329025 14462461.697732944 13068.703615706878 
5226.98591297825 36070256.60842879 39324.2345871812 
5227.002671770351 28072373.653782606 36028.73432857849 
5226.996801777252 29865039.79733607 37616.31807965792 
5227.101764566328 45039290.55481179 22334.651194866896 
6756.767458813878 459376.2156810421 172.3058264399941 
13571.007821150759 218884.86060970707 15.140915987176989 
5232.076874555799 7766909.070070197 5725.424885218458 
13184.826962088508 225388.11085774336 14.067438275905431 
9282.155839192958 311662.2736678545 30.203137051499155 
12447.668001187523 247371.64400194772 9.901744119300199 
9380.712121766803 304487.8065716952 30.009007370011613 
16230.23353913294 201214.74224681148 11.425226978940756 
5229.413548647643 16258534.55571437 9796.367891536549 
5226.982440917958 39954983.56548141 41400.99625356296 
11553.027150900634 243682.1588203058 16.26603906348381 
5227.146358506552 24579704.271233942 19551.58486219092 
5232.0255813518015 6174284.746783912 8456.33531440773 
12709.319101754883 243895.74255317275 9.892113952184967 
5229.230516473213 23079181.701798227 7203.249651457236 
8361.835528050837 322172.7366868357 30.848761732134008 
5226.961052652566 119524707.32450822 73266.56281479368 
5610.897754806091 2285802.253285266 833.4499185627042 
5251.498704018428 4148831.3817202738 3397.5347997415192 
10080.73745417687 264641.3599435815 16.29219284707309 
5227.01338340502 50382040.78886721 32173.13598037762 
7453.715064602469 359410.5144500268 83.96427539640281 
5228.228894430057 10705492.49330777 14398.955095427313 
10737.326890334889 253216.48372703034 14.554669578503406 
11827.76106772653 238509.71206068326 10.941113576973034 
5226.980773796524 56120206.63405751 42472.49126571985 
5226.980991966794 46543225.81884107 46204.344521211606 
5319.329381353023 4237978.465744337 2581.9687045143583 
6453.677422062936 772739.2043457112 508.488865012855 
8108.168380521215 338833.4821547778 39.39868726399786 
14242.39211498191 215543.1009952409 10.911911301727429 
7201.683438819967 369649.8406978544 129.53081565951157 
5250.92284697088 5225214.995600014 4933.412732172143 
5227.005666387512 60258063.06246397 33477.11180488982 
5226.986657728134 33680899.383375846 41548.44217537604 
5226.96685268142 102752677.31878988 60971.06191856042 
6989.499188293763 426171.0650708219 142.38094846242663 
13788.417350911359 220651.76493985404 10.922131490836286 
11259.853183180798 245615.42282649857 15.147429610820776 
5227.03952000583 24335010.07959628 28975.230451738174 
7698.904651212905 347689.68442813325 78.38810285691534 
5226.970786597735 59235426.276065424 48719.08723174336 
5227.254960797025 20278527.660755202 21029.882034110924 
5227.17573588254 22223068.37804532 17822.71737636699 
8631.620060558911 319358.1069955018 30.116428202403306 
5227.0035970005565 58909096.500311315 35061.22990325426 
5226.977213740887 123851671.26726796 45342.590957854285 
7888.470505872261 331453.44930120604 63.067973388510445 
15921.941426573534 203160.5942716872 11.4299724287149 
15038.969026849762 206619.10079628497 9.897848115360318 
5227.547508477666 19308464.76264412 13887.408298449674 
5226.9847167833705 39081625.83083705 38522.75136975198 
5227.052849204998 37211590.67850489 27903.218790512637 
12119.270236984608 234799.55588328646 12.001075884302116 
5227.3084391512875 21201533.420989137 17159.72897763908 
5227.008853005802 53192592.967625774 33172.53693002782 
5227.084531996805 24407450.08176181 27361.575468194336 
5227.013949657368 29084238.917548213 30998.634320990423 
11055.005565437163 247965.97208903666 13.450868226516395 
5227.036540771365 21888440.64789683 30362.39779382971 
5227.514950640437 13837369.213904921 20121.803099778863 
5226.961898112053 119273357.01527369 73002.64913442085 
