5227.294757051772 70769219.89065214 19039.22409705722 
5227.329458348668 23531878.848990742 19979.66557673492 
10621.876548624954 289049.70096977265 21.40564961247567 
10990.044378125172 280302.9240352096 21.69598735750072 
5269.555888103337 25482644.91751039 2557.145943150837 
5227.35596158001 17131701.73530941 15621.877265753677 
6170.779341131695 839465.8227055238 429.0845457186868 
6562.184153188809 772869.412084169 327.3732528045067 
9292.539883567388 313733.8306010714 42.750459042224826 
8337.019725181322 334226.6579566904 53.23852717491913 
5227.3928128884545 19818797.272293482 14888.101751577986 
9005.695402540663 314808.5155545376 42.620167776224235 
5228.607282145414 11600606.0285347 7697.841135787278 
8367.45851868248 335498.294206974 73.3650504763577 
10725.47743891053 285379.1641307091 24.144678025309176 
5227.487091339521 22638817.221765175 14342.605657688688 
5227.329458348668 23531878.848990742 19979.66557673492 
5227.885214262618 13281246.823317038 10741.890081558804 
5227.495167580368 23701826.51984659 14276.317178055237 
8550.613782084596 324731.55128766585 61.40082595698857 
5227.572734451529 19051608.221918017 12325.436012481832 
5228.063407112307 15039030.211208852 8615.883848002266 
5254.529123972206 5273273.744265669 3153.027694859059 
5436.496188381581 2974840.9052258674 951.9888393274643 
5227.621710044566 18122409.561424382 11806.243671022943 
5276.794812713103 3168829.0780710774 2054.1071803402597 
5311.008854883993 7123047.83715602 1610.1750962413146 
5239.374464881247 8112902.232817088 4912.596918500786 
9764.540603340902 299444.065875887 39.72599864167796 
7700.740424405448 367433.03226659546 90.58115073991945 
5227.505751844385 15999414.913470231 13718.809524390024 
7079.0600761530495 439890.6368482579 176.66431135382007 
10280.361742387686 290153.1774255304 38.36223951332436 
9605.094550624626 298827.93666208885 40.69905281794934 
6084.530327176333 1871882.7470041348 437.5925584810964 
5240.991023173856 6352156.563730225 3950.2413460580797 
7862.158524156248 360631.62809773895 66.18318392276753 
8225.765094424309 342802.2407516773 59.26741006751411 
5320.5328201779785 3298777.417828913 1720.593623707252 
7273.122271648382 414501.4273657984 160.5001230757531 
5256.519920381556 3802482.3124210113 2605.8663925743363 
6686.205819841716 568808.5889136964 312.70126454143474 
5840.517074990965 1077676.7436245019 600.2837726474246 
5227.87608883358 15238077.911680318 9843.275885089017 
6655.063525793773 627301.0908559319 259.44870084839863 
9897.018872894589 301393.4919628383 39.31376093323635 
6801.886195880108 538221.108928609 195.30755749793076 
5230.671317546468 9783962.729424555 5321.590428300237 
5229.057979336901 14344335.291603781 7047.181871158229 
7581.599912392358 373837.82616119715 99.18373165326727 
5229.042264562548 10194900.297111463 7357.789230135575 
5227.911329801422 16224677.77214104 9256.16833736886 
10177.251726187176 298304.61974666646 26.20865758566118 
5512.754325933393 1429039.8044013903 868.3531594644123 
5227.568476911348 16435956.256055493 13018.974747678845 
5227.539034868265 16952277.425241277 12622.210795897152 
5228.338044564445 11543480.259940509 8183.737067429315 
10351.755740603829 289449.06741473376 25.077552146078062 
5227.386015291584 17147624.999502156 14933.628734123182 
5228.043354598034 14199295.290434726 9175.847049817297 
5699.722290071519 2286265.2561738202 751.3255323065904 
5240.8229293662835 8504486.625779174 4150.690785388105 
5228.173654940801 11129993.77470144 8327.506391257622 
5227.663059019946 13421649.816788776 11344.03502705879 
5752.1707566804025 1407590.3349975448 656.1687888999766 
5227.511888290666 17514196.11612934 13506.937433262774 
5402.257824194967 4327658.628118066 1355.0251049966635 
7453.118340441726 381381.0959695376 99.46645445899301 
7448.0460620829435 417906.7309928909 126.58376727815153 
5227.818523268517 17139805.99970566 10161.826399422205 
5230.095647587053 8242647.421086813 5637.0054088877405 
5229.285775819 9907252.294500027 6761.3554869094405 
5229.618863400862 9480282.520902248 6336.641701174369 
5229.95716662948 9888499.908933075 5950.4495083913125 
5240.659472753063 5503684.683515535 4524.231248368373 
5242.959331773578 5876194.068060949 3555.5548400960174 
8904.027747398457 313866.3167265328 45.87781222831593 
9434.903536824664 316058.1485993544 38.694992387439115 
8672.20153430802 321879.7492615911 45.10188891054837 
5581.118502622079 2077596.1849266822 798.8393083665196 
5245.8547441464825 4831423.205897417 3535.29349149618 
7016.3660395675 462965.506825774 201.24094280558592 
5227.74486579686 17225856.943032555 11255.415454067519 
5955.43949951297 1116062.1562891272 519.3367750857687 
5227.767197705809 13319507.689704297 10555.455899295182 
10235.850870047409 294729.6898511209 38.24829517564513 
5642.358406445842 4267349.762970863 775.5885801137406 
5230.041845672054 8846640.549497949 5918.532523190175 
9485.234872782064 299817.176423341 39.429825232688216 
5227.402417397813 16822625.867768444 14529.421553748547 
5405.263801466309 9899733.576535434 1339.3864494704967 
5227.617097800146 16844497.91023414 11996.564250499503 
5227.539920458845 16002597.496090548 13232.554297213053 
5227.834156379175 13944518.462096665 9854.067338344355 
5957.27654829434 912852.9934534337 468.9139569772692 
6999.438408048798 476705.82454644475 237.1331632612753 
5239.870190878145 5053800.438180941 4655.922212315554 
5229.453795586252 9589136.984463423 6437.708764321869 
8740.400393594196 324615.24793533393 43.33197532547342 
7467.9616048513135 378711.80068009516 132.7451981334256 
