11960.983838174821 247156.05508357967 9.901572571703834 
5226.978715099761 66899782.43359246 59253.13269435499 
13991.846464536442 218563.1475306621 13.548519925032382 
5226.999503607544 120910545.65103173 40596.71579801958 
5226.982073761297 87236980.01276584 57080.18749429113 
5227.004481681203 104302947.232173 37267.92797625833 
5227.004833219207 106379695.9276987 36673.771775767076 
5226.984949847607 78326881.17410916 52711.86325220983 
5227.003543368117 63033376.006091446 37551.91158033567 
5226.991049156117 82664906.52985148 46277.22818046762 
5226.992629478475 34000765.808885105 40798.56896739174 
5227.238602994927 17291668.856099825 17387.157766496304 
5227.02329188687 26486515.950227007 32732.028039699653 
5226.986332788049 53327676.74042137 46713.555929990565 
5227.137322941489 26692094.445759665 20507.610785841545 
7516.855790390055 447940.96550159145 107.77412645506774 
6859.206260880002 420834.83147155144 143.69632152725518 
5227.216957098347 19989299.35653802 21772.12594683922 
5226.985418496447 49116885.21095456 50239.361736253704 
11564.508051299561 247199.15388969303 19.509682259562155 
8295.51047928324 328849.8633026672 49.433890947718915 
5227.018332481235 68846438.0371744 34760.36215684554 
12702.782649314462 229943.1905030048 10.90642325010374 
5227.535861102794 16184135.119289711 14457.761299515578 
5227.564032463452 13055846.232949894 11656.661718610996 
5227.043785881997 53214877.60527157 26667.93062679873 
5227.1294269046175 46620132.19845188 23702.385895282892 
5228.667271014017 11677852.933759611 9211.724889139514 
5226.989926115615 46913840.04965469 49613.169122418505 
5227.016410801973 80427199.04644555 33544.9029776465 
5226.990986261891 52070636.677464366 47462.62240930786 
5227.301770150152 32476288.69667093 15314.95874307854 
5310.249602742292 8822484.120758673 3135.3775424983214 
13023.369122636657 227623.4709877888 13.297535773242693 
5227.011416434111 73258792.21610807 35537.4137079531 
9095.55319378507 288610.48292584455 31.27562927451917 
5251.458550237309 4166760.035900874 3416.6419482427978 
5238.795382619495 6828472.066613393 5069.8945733651135 
8622.409950402282 327802.2531313181 39.00620073589208 
5227.040061548917 39515934.6721172 30070.19439293421 
5232.328449253035 6085696.165692104 5425.268401076869 
7946.270520191163 338209.12044667173 43.440828058197845 
5227.049557351027 33958231.437679864 28956.839842995643 
5399.845012216215 2479986.2675439413 1544.5744692831743 
5227.014010934333 43230723.52098346 35316.8511434209 
5227.002825945534 50559484.81264363 38857.6617928268 
5926.930977210336 1133853.7374599746 481.0685509327184 
9952.904853309263 277848.86446176795 17.121129046858155 
5227.106839373293 77447500.05566931 22275.573690521123 
12348.841414716555 238554.0195094322 14.143870953328964 
5227.026552130194 26383393.94053088 30670.54524837317 
5227.002821738827 83031883.63498509 38983.82335142016 
13737.92995621347 222557.85956899897 11.090940118846117 
6185.418986068958 575661.5237292481 389.0414572503412 
5227.813386962104 18085111.710416116 10427.320699125856 
5228.925743496242 10691756.908528939 7553.619621062227 
12290.888534848817 245098.65635767477 10.937451767045275 
5227.038502393071 76536817.7504532 29184.855850366195 
5228.925743889311 10688724.405817648 7566.741461523314 
13243.218196325493 226627.46413783333 9.921664570464781 
5316.805692218837 6163038.790881341 2086.4657215912716 
10401.448901443116 264952.029321524 17.150343104821307 
10890.007736950354 261046.3448968338 16.98981498542943 
5227.016895506107 42146443.51991869 36124.551778400535 
5227.014838078424 37467240.12029852 36019.341867998686 
9333.006364392002 297379.86764321337 17.691145430544427 
5227.060399298364 67519259.90041807 25150.722793027257 
6471.30248068401 818971.2984465307 316.529620368042 
11252.75794196903 258220.65609446945 12.363816594547835 
5475.545287215194 4594704.208378284 1108.16353417352 
9463.10462275914 289112.6155942758 25.810689352578464 
13402.008735580243 222566.51280188918 13.54760575308006 
10556.093900930739 267065.0347251009 12.299597595521469 
13588.763178616919 224689.2048120317 11.082450578490038 
10742.995471169774 264173.3423153647 15.51728412730081 
5227.074514717576 29516832.690240655 25133.823602922632 
5226.9805620642155 74408411.05661032 58183.792994970645 
11253.055067777377 258184.35900605377 12.364123661966332 
6284.226618053932 714034.2317526338 351.3210910442881 
8812.394794478943 321585.28374821733 34.131726111193004 
7692.963787944811 427666.0263215817 82.63571886485455 
5227.100741461475 52307983.69107571 24686.25477743322 
9691.694736594174 284457.53904789663 23.763675659062887 
6601.381344936515 641616.978616959 236.53083071797465 
5227.768746726212 14310722.858449526 10659.708614137455 
5689.1752545195695 1687187.7177306232 864.8372583765472 
6728.722827685864 433446.83079567406 180.38742229576556 
5538.1413096846345 1644160.1653462213 986.7479771775733 
5227.327634612917 19705924.991880268 14757.032782193959 
7810.852588816361 360788.07342926855 67.07632593168029 
9752.617517610877 283420.510071576 24.192313862969094 
5846.538301647949 1385747.291652963 684.529920540887 
5227.001957187406 46656986.005786225 39357.60741246497 
5227.016916380975 31826281.368057948 36925.91179459262 
5227.049563662004 30151503.07045885 30498.714298733234 
5226.9805620642155 74408411.05661032 58183.792994970645 
5759.414386860883 2244589.282144151 856.9600993522462 
5228.5565629039575 13883451.076302266 11223.625086111419 
10177.395934165032 265036.78882894653 21.000703705050903 
10173.74215090576 274786.543635811 25.736811820312184 
