12164.681138163505 2338433.006309956 413.7343351451095 
25646.753963000316 1822285.0042937247 141.4067178451967 
8862.40587621435 10970697.332215378 848.5134896667839 
8327.028408630193 35809994.72961271 1669.8558546057047 
28062.683040736745 2448146.980743952 116.48974559404641 
17879.0414468757 1589634.720730555 220.33730119849068 
9822.87476356001 6750783.547055963 757.2491187294347 
9525.218209417859 5371624.074378568 916.3540934369134 
8982.254351930966 9302738.797217932 877.180662852662 
10818.994089361984 5497841.5247342745 435.4912124092321 
12961.023240184026 1767952.677964791 385.02326524473074 
17905.981981173354 1525985.2365956707 207.8773299652745 
10135.43754297477 4182902.5503955493 638.0750803883556 
33387.54499055713 2258864.6379135884 115.53469092302741 
13784.551955446255 1461378.7723278035 379.99505414077987 
23585.346647164206 1555651.6177674895 151.3481384793966 
13690.004302594512 3071777.8683392233 348.6170287055267 
12492.884355852115 2721776.510382382 411.1024063073363 
11628.972783520545 3241241.392307247 381.0509089036055 
21544.770670146325 2170399.377811941 168.84786326312513 
14882.562313297753 2095886.0535263035 287.5268305034725 
9797.749997297866 5309573.116597669 775.6451511409491 
13928.541467637207 7635903.004343111 288.7964720360124 
8269.461562894472 33243306.223421525 1829.8310405095858 
34095.048585087985 1833904.33692858 80.76093863785363 
9978.959487116379 6723361.942653997 573.2735196051572 
10197.105866964137 3220940.1961042 682.3037276244396 
13170.909211753247 4983570.92467892 295.8151404823987 
19960.41091763084 8442055.906918092 151.1263980457584 
18834.493568721147 3289544.809524668 201.79353009828756 
8689.672114360666 10528930.891598694 1230.7710939515687 
8678.471838864047 37918322.50036086 949.256035196935 
23405.48729403677 1328058.0599635036 158.41987374342204 
11408.182791282428 3732050.124679784 436.6938243394921 
8437.183714375213 27641777.133986626 1194.3214655226166 
13365.70863916548 2200879.3981886636 367.8636846840428 
25646.753963000316 1822285.0042937247 141.4067178451967 
9003.509248219658 13843997.939338401 806.0599823000027 
13051.779311005319 4484826.020362819 349.6719893167581 
25272.482101329988 3147201.1274993755 135.0995972209884 
9545.914082446227 4017617.2140361713 926.1373887003344 
9707.703011633115 7065060.838614779 681.3910542637511 
13337.54352851398 2190679.629206994 384.980367713491 
9431.14249544702 5877935.183717968 989.2051746040225 
12340.811035212351 2808747.1480343286 406.3840923667826 
8577.801754970395 49144669.90711223 1076.5730576864394 
8257.178365582811 74237334.67209947 2443.9286261363677 
21361.49326685233 1854751.3321490998 196.57481661663803 
8649.77062575634 13406025.251467604 1204.1007834085924 
10083.233387246004 4707460.954587549 482.38969503649867 
21444.028016695538 1661076.3232439402 169.86990263062694 
21183.433583748087 4395341.225053051 188.61248920050053 
8308.636885597034 46898636.673399314 1584.6900079876327 
8763.481331793406 9983738.93073588 1083.4679519267886 
33417.20988598958 2256433.4989545355 115.27461904839933 
9377.810001206395 6232113.21557857 1228.6408072218587 
15994.931371930204 5015449.458025732 213.43822467225522 
9018.567201545959 11815376.566806218 693.3187423395739 
9506.677154484074 5768259.284662855 764.16284106073 
9217.295380262434 7375287.435640847 660.33059178708 
9097.416118325751 7164402.796395086 738.8206139751187 
9094.76604004391 13415011.572441176 657.1710446570395 
9830.0531993877 4001714.6045816555 692.796983821382 
8377.794134271535 17191435.03889814 1527.852889932638 
9837.551972257068 10438167.709471364 576.2837671397469 
8308.950727946503 19885161.46066165 1798.38876055948 
10475.761852882099 2486718.835121828 440.4236977296332 
8734.364566729426 11945212.03298973 984.8148453866615 
8347.26771782042 23165118.351542726 1313.6372603639131 
8332.300530915154 17814205.08559401 1503.807122699948 
8877.395694979175 11922407.064569272 833.1949829194392 
8741.058235312597 12684586.865362274 863.5001709519095 
8667.980228130371 39743883.53868265 995.6100424841138 
8680.710887389934 13640495.01654834 866.9363674863494 
8820.658700157768 21651906.96842196 792.7960590244649 
10777.018056534058 7080867.740098841 434.7421927346662 
9107.964291295113 6294257.969321134 1108.0390156751687 
8389.534682336058 14478864.291994786 1706.4262052769695 
30230.684565523134 2788059.369533612 79.6225455939871 
8444.769884220435 14926531.253407866 1187.4241745270183 
14987.295073938749 1706597.3909116513 229.29046987732852 
21280.535793859945 1949038.635680375 172.8587756834603 
8270.116269822247 67932801.18630055 2358.470344337069 
22628.48855070806 1885533.2452677218 184.67496434211267 
35965.06152444706 2332148.4505344117 155.6908450595303 
8357.02417190062 83102497.98395789 1606.2341886958502 
32129.674297095167 4730454.087344404 105.76954772864505 
8418.770749142095 42368063.347792186 1600.8209303113463 
31067.82524721203 3423542.2790379627 152.5398570010146 
10156.71946263439 10997597.755769597 753.266086874755 
8286.476927487829 63228745.98896412 2029.166315626096 
8623.399028022706 59040209.652730264 1143.9520829202845 
9518.559012727132 10305972.56096014 1079.828584132947 
8344.161566899056 25088021.56916206 1823.3480940731165 
19311.463958571927 5230241.143173977 215.77353263007797 
10013.913213769825 14205859.362965232 607.7556392242052 
8696.273975779344 32329454.506967396 1089.986509974466 
8358.995100538987 22783098.402618222 2305.4844281506716 
10631.260322770582 2522553.699970511 513.5591381066023 
8965.269390775054 31965433.998746824 1170.2653011516395 
