10532.027040517696 214997.6381411604 0 
8070.86992086998 10271317.90233329 783.0055842833457 
8073.900573878624 6567235.099844897 616.0284310717275 
8072.485080995004 4299052.239458942 621.7838165775959 
9380.607027134161 313987.32728366624 58.414228912958954 
8652.15731386787 311067.8064207719 60.80481429432418 
8077.087699909937 5272768.434372811 587.321766791822 
8075.380402147657 5787332.088531346 609.8601975378691 
8077.860867720783 4097089.843902979 576.2309212998218 
10239.365955346278 220207.28632739745 0 
9741.952490776635 258848.00392849348 29.298128476225727 
8090.820027288027 3443651.0502648773 462.00658274652255 
8083.544008753832 2305170.3241936862 507.45273663113875 
9531.729184465068 261580.56495481078 22.852946586065453 
8076.2377847159805 4065865.52160538 593.4890714779082 
8165.371069354576 934248.2468375647 246.45493703845034 
10095.970873008395 247040.7208976528 0 
9856.61931926453 271314.843279737 10.112538243482474 
8099.528461026661 2143552.491671455 409.28844009690795 
9947.132235373316 251688.36096784088 4.195818551235359 
9447.29976788727 263661.8206923812 30.521575940586697 
9796.735075130044 245106.8083182223 10.381476450685302 
8614.377880120517 315101.83829234174 65.77363185050761 
10116.82957632433 231530.20994837297 20.74485299200389 
8297.1355104025 459103.947288603 125.32635268015582 
8173.459972713437 882052.7492687178 228.61692423600863 
8093.50700425782 3185080.2362323236 464.0182021793686 
8509.59928626753 322150.25821972644 66.16575137916713 
8102.570087648357 1345969.091988951 375.0187803144841 
8358.35349711202 453253.9688305855 183.59765231685878 
8193.453093276317 867846.5184614332 195.07362931718615 
8184.892314830509 749474.4270981874 207.3981450460306 
10205.096561494203 232675.51458198903 5.100259214686214 
8245.03083309033 575157.3099771193 123.01787599291366 
8434.311233875276 368521.03294801206 96.48437175302537 
9942.794584053343 232302.29704521486 5.397052758400292 
8162.565196415964 2374884.0315870363 262.57367187497107 
8094.424333598457 2617637.080432874 414.5248061735962 
8079.953537317094 2746834.9466893338 468.17288608597 
8426.232998778898 483099.8444381951 119.97831366143572 
9414.851161229142 292884.74045493174 50.27797170742694 
9400.932039570796 301221.62446861813 43.28982673393565 
8184.77687622553 1653230.3413434532 216.9673378151728 
8099.394555384908 1810523.9611935418 438.05587985658224 
8161.2334962823825 1177505.2876821528 276.3920204419032 
8217.673238904676 629607.4574595302 149.26108561675085 
8083.902182567031 2739330.804435388 501.52389960555047 
8152.063382397302 2456769.0281165564 282.8999211928577 
8151.438771375124 1858541.5517817102 303.74915115349404 
8091.894785704093 2427924.46221664 486.58807158366244 
9527.136600738522 271263.6175053266 29.334732119734575 
8150.325651840545 1957664.0933813448 312.3215453077808 
8078.801672339722 2996832.710603913 504.46915252276267 
8197.784146623098 487721.21401315765 173.84284221389177 
8471.925071652517 336722.5800026476 79.35489444362923 
8098.058805800015 2016105.969472105 447.4334876921065 
8093.548378411485 3006250.604465041 419.65979151199633 
8127.148592787391 1579262.5440387898 327.391200215485 
8630.718705335501 310561.47188216425 69.64376682032075 
8157.453781434638 1320766.0118169216 291.3546367437258 
8134.7244650391185 1186873.804796391 366.6743330074752 
8507.203840838716 334967.00433000806 77.14356785179666 
8194.66435706522 737337.7024146954 185.64339478753055 
8373.08109581441 431976.9691490914 155.5699022722249 
8115.082548329042 1402025.3938405425 349.4671665180002 
8385.312273639094 456473.23957794096 130.6488150096428 
8469.760837907617 493453.8856038506 88.12248701779632 
8219.726722116513 514600.364156336 142.81596732141242 
8145.869536979916 1372522.4768135909 318.275903972235 
8094.176396540286 2412589.2280743136 425.49756679587085 
8126.89201945088 1286614.933333017 340.47946723031237 
8102.217796515626 1662731.4708688615 478.50491862805586 
8111.669378515229 1482427.7170610528 354.6420787773088 
8411.025979165113 411047.7280805602 165.67487666626803 
8456.49665661118 388624.9470230433 91.35450101411409 
8120.651401035337 1531072.0323755266 345.0108737134278 
8099.547936570898 2076780.0834694954 424.97961006798107 
8097.166695216076 2260997.6692812853 446.6513759659112 
8121.261434593154 1327907.496025906 355.2966425345518 
8088.980772611658 2248982.3944773097 506.2222108626651 
8154.4709297253585 1734922.7517908704 272.9315532518729 
8156.7781982865345 1501834.55906607 270.4180356302471 
8398.634853586602 438963.31496276904 153.24873154671585 
8449.228558997755 383610.0599217111 96.2373212556297 
8151.91692938403 1573161.2384720538 306.0821648421263 
8139.002469555759 1509597.7230143843 317.8598813881648 
10105.146199813684 237253.45712889102 3.0081107849726223 
8401.232285344046 400099.70564533444 165.89644290574222 
8152.718050836096 1177978.2938157641 334.0058890803136 
8126.859386177135 1309156.8292495548 368.9264720838222 
8091.382663946017 2444981.1556691052 475.2886960409297 
8403.817147691876 427701.5489067731 135.94603755365296 
8415.62422298421 426534.5074593468 141.82096048796095 
8232.929739705285 486885.8063507556 124.68987775622674 
8134.343796066698 1331415.4823318732 337.2030869276193 
8105.381016233663 1345728.009869835 373.46821376567567 
8099.773137673686 1742924.5825337302 476.7905954929106 
8427.643761447685 380110.1222119953 138.09531652950807 
10228.104475600281 229152.9708896439 4.044511537350095 
10219.128563660615 246469.8595739198 0 
