10989.125389909263 145263.4457652099 0 
8027.624907476768 19012148.723856863 1323.7812888164415 
8027.370064148728 9413028.592002682 1401.3486153474637 
8027.4967487043195 16411262.638242865 1335.3669108991562 
8027.747634834319 13470150.6914016 1363.0282890013677 
8028.395825719137 12386504.049133174 1013.7424062777379 
8027.856324508498 6318880.463343704 1158.050865368954 
9197.789456649538 218479.33695833062 32.02505856709895 
8826.249328067599 219472.53831776232 13.312803268523535 
8028.346284769306 11392699.053727582 1042.9205941212797 
8028.208706751967 10344934.812280012 1064.9377741058622 
10758.863766736054 145901.14251179813 0 
8040.5892988072865 2799228.255170769 722.3317222255364 
8029.129780947463 6466265.893495738 968.951195013079 
8032.36211840193 4172906.637266813 804.7159153454988 
8029.0336844403555 7649446.016111264 964.6474980782191 
8028.562326422236 9662885.653291099 1085.5169409838627 
8032.110791478608 6094631.796515722 869.0024019917448 
8035.913266358716 3672842.2766471035 764.4054698524735 
8260.708954768526 295272.8365335497 61.77661900193606 
8040.221198090122 4495250.232659802 558.4829737019089 
8400.294986707933 360137.69762546127 61.00287815819108 
8028.195280581581 8777225.663094409 1141.3495194997367 
8033.940779064768 5134271.377156847 692.645912421575 
8029.182011119806 5713301.491309363 943.1275133651213 
8048.669804910058 2003914.217037239 602.8683321557935 
8028.621183191037 8156839.007198133 1053.4728676907425 
8032.06876281238 4903829.671822369 907.4368210893258 
8028.637395219483 7732806.579655074 1112.6809602893945 
8071.210990169901 958137.5465350896 329.89275697940934 
8042.603973057956 2338450.7488072272 506.3158524621231 
8646.07882319246 240428.13536566205 28.820099924619782 
9522.181010739685 183249.84833626205 1.0376958321339582 
10417.257386044743 150708.60270810872 0 
9625.489842791325 182607.66782942583 2.0327149195657626 
8091.673969937484 1231868.4656391968 256.1611550921636 
8081.58262913247 1429750.883264293 302.4167532081347 
8123.969612855921 2498391.42226395 212.58816058999443 
8158.61801137403 554373.9008339983 235.8900195708369 
10195.117768463595 156028.60181805678 0 
8057.448464556197 1655939.0567866203 411.60250378156115 
8043.307134128809 2167340.114170949 470.287124732164 
10691.313623652608 146834.85318147845 0 
8039.117282324683 2620187.250169455 744.2811518323035 
8040.532351058951 3849424.236277123 655.0799028484275 
8471.254569993776 260771.74269211397 44.15868979316099 
8243.12410756898 420642.06930744334 92.3808228262004 
8068.295086017364 1139678.097771937 354.9585410099391 
10498.642093480315 149102.42244771926 0 
10124.394114790968 159582.9706920967 0 
8142.105792886863 664841.9660272079 167.2327440164725 
8037.971680879857 4072059.7331919754 629.7756043532302 
10263.253492901918 154904.77157352862 0 
8028.8457566006455 9181900.24582563 935.857642169533 
8203.317703357608 401691.74615867203 127.41189115556709 
8228.999855128457 448327.7615404154 106.30411279624138 
10064.682492251939 161649.32585806138 0 
8550.40216628827 256831.34543784498 15.477746695049223 
8028.7681815112865 9086805.675959252 988.657997076009 
8126.441758549299 1527425.3326642835 194.90177549011366 
8104.026813195637 726222.2815617847 245.26358124979856 
9476.717101289765 184028.34456171573 4.175801532327834 
9404.017720171572 192043.27283475996 12.581960959931813 
8032.689428974661 3988520.3183721174 777.8520423703069 
8082.960212793942 1469776.275516448 282.0973781719257 
8039.596222270686 3869467.0135584543 563.2470723442077 
9310.906904630063 199826.96489799273 25.669370940355286 
8061.924592976291 1542692.0367288515 377.46655347159214 
8791.88649344146 221932.01510684626 12.251852640513084 
10549.043096716667 148939.8482737034 2.235789081448899 
9359.49019642868 192391.88586049242 7.245423406293061 
8031.56989296744 6207457.61335906 884.8825565551094 
8053.0049369938515 1430512.733243582 450.98139383946216 
8187.287311163111 2060796.4595641983 161.4720307015231 
8060.787805303744 1085829.9971603923 395.4622289500575 
8192.498523293121 498945.29080118344 144.3041456832148 
9777.811549766677 178740.8695673932 0 
8042.008614276739 2400625.668713268 493.01279918387763 
8442.034081105721 270385.6109534243 40.33302079193041 
9260.81044372601 200269.00540009484 14.803986592954455 
8055.38578599436 1489293.1575582798 424.64894267098794 
8726.425538112448 226493.64259762006 19.83326768235127 
8709.250829860059 230977.15826273512 21.379882970285358 
8036.371503450364 4069519.794537315 679.3305721785213 
10349.18643692449 153509.3099207571 0 
9851.686331407083 163528.17283010558 3.3748108030043227 
9696.945614938919 174704.89784126633 4.3310271611900895 
8531.883216790327 256170.92987119034 29.300714787882285 
10324.029308015632 153862.41363682476 0 
10621.1764526857 146906.19319777266 0 
9750.83532150999 170182.99643928846 1.0038658802079077 
9867.180920578849 162618.35824966192 2.119976073705084 
9218.994124742381 214928.70543940406 28.187593027623407 
10607.002425085726 148333.62281325588 0 
9667.81227347317 177498.5638892862 2.111620385986897 
9998.71979440889 161816.9630760918 0 
8027.811909199652 8986950.046670163 1330.5258692552175 
9930.535902536642 167770.39694936253 0 
9993.366051270226 162335.8926140524 0 
9924.907379776942 162573.51227170398 3.6885392557066883 
