8809.02280027325 199.77061731486413 0 
8010.072547841655 2639292.9464704804 2462.6925157373535 
8010.053520349182 2605707.815766358 5461.42031528462 
8010.062731624218 1480964.448175418 2966.643613616893 
8010.061185502571 2095051.4284958765 4951.438677439552 
8010.053916978475 2603436.470659036 5448.476718632647 
8010.056905693486 2133605.9165966795 5013.3761692625 
8631.28753489461 222.4515228770942 0 
8405.946976797675 286.57606225663443 0 
8010.06312457383 1336255.5796069715 2796.394844267217 
8509.491137038918 248.17977539623095 0 
8010.08351897815 920040.3537319469 2177.359306550885 
8010.068928154695 1266977.1821306448 2666.3436337080834 
8555.73859681179 236.89937177208935 0 
8456.948451011142 282.09750986306767 0 
8010.069560372613 1103467.3295890237 2475.777742410705 
8010.091649445163 814773.1793875184 2051.7656463376447 
8368.944018666762 287.7176715489893 0 
8010.07769486119 1039405.9693840741 2375.4210513310486 
8566.6440595387 233.73050059068106 0 
8010.2840856292905 334016.5455765132 1082.2893580548139 
8609.243521323835 233.2102797918406 0 
8010.1545722303445 655143.8862432679 1607.3155850631733 
8010.420976276594 226997.85519826954 753.4666988698634 
8115.020077861572 1607.2670904311078 2.4121101128114635 
8010.078344957331 985389.350295018 2276.201582518891 
8067.743424362129 3158.755898761603 4.205600899060743 
8010.160441483882 558471.3612643664 1499.3806527057861 
8010.505108066884 194428.74855198438 687.5257481183589 
8317.792297807033 322.6798314914334 0 
8086.803923545437 1770.586131110274 0 
8010.387667518256 271062.3722783957 828.407319666616 
8012.245550459099 44041.82700639678 243.96139641156327 
8035.102389825926 10193.69495976299 86.180877021402 
8010.064012611183 1313288.214403505 2813.2024738525124 
8010.420250551457 262020.84210468965 909.2954483969169 
8245.584878799182 427.0579760881171 0 
8349.615030335053 316.5167048292445 0 
8010.069577745089 1103445.751036855 2475.8669296989838 
8042.760744071094 3312.340681114745 8.007385160905736 
8013.665093801388 27036.178855224003 173.86487788491667 
8474.435867463344 274.73904549312454 0 
8010.855058367505 125431.56158119535 523.774161774104 
8010.065011103972 1311521.1259291356 2665.590042788811 
8226.757599904173 435.68173075924483 0 
8010.067250726717 1273069.5565683623 2734.3233420470324 
8010.241582094596 407819.34989133646 1180.463043464883 
8010.229789822961 432523.7206567996 1365.5961262357378 
8010.328167925638 298474.8656131246 958.089816376719 
8011.296039411426 154834.68144450727 459.5939442740127 
8010.101499926091 757253.1574109195 1928.6500459142617 
8080.78451791473 2632.34743197907 13.859581781934134 
8020.851663433139 17289.065250607302 125.49733519542372 
8010.24814907793 393729.2154944212 1237.0188328190154 
8487.816909428633 257.1841743663093 0 
8010.126508244709 700056.1335760823 1888.1253453300158 
8175.941127264716 598.64470174529 0 
8216.200551088108 463.1304063429306 0 
8127.137634648613 863.6951205654234 0 
8010.210994648588 472793.9961434902 1427.4004341298019 
8010.219260877189 584846.0970915616 1335.3622846298085 
8010.099252349179 793209.5604011101 1998.6777806025211 
8010.056905693486 2133605.9165966795 5013.3761692625 
8010.193452979321 496604.2181793432 1475.5972601552603 
8611.103263227285 227.6181148364396 0 
8010.068396148012 1308235.6815434624 2689.4074824914105 
8010.1296609233905 631908.1003422816 1738.5945035657305 
8010.07723672104 1091616.97041381 2424.595008859802 
8010.073172981814 1073424.3997095646 2459.459260999202 
8010.314660056802 319832.6529863686 1000.8709357120002 
8010.140873902534 611109.5657329786 1655.1512904754086 
8258.882790601923 394.8685347826357 0 
8202.762221004705 513.3149949056689 0 
8010.0832245525935 961240.9681874454 2253.991532962196 
8039.315550787095 7512.911982898143 49.949715698403516 
8631.06684386238 223.7420019696155 0 
8011.472292017862 94988.2883990369 400.40044466273207 
8011.775230403013 67165.78567150615 316.38577612972693 
8195.458122200218 586.027454754979 0 
8356.287333101503 303.5989825764442 0 
8010.0881928472745 959877.0374175597 2174.577283099194 
8010.57605433434 165456.36035096558 628.0792866009872 
8010.7761832494525 138181.28525967587 519.7023702679544 
8010.237594176582 414960.71376597264 1315.4944863319563 
8010.111752954212 739636.1639833678 1872.9512184664175 
8011.4835304301805 93665.34408599121 390.6479602291648 
8266.580498196789 374.4167621923239 0 
8154.565485643461 772.4058223082083 0 
8010.171625807928 521897.3767191685 1435.04739432377 
8010.126011144238 715495.51292384 1793.7366091908114 
8457.784760646682 279.4377596401852 0 
8287.519455530042 349.2008903142793 0 
8011.974315408773 63656.535354974636 335.7920284598531 
8010.571388754132 165539.35609283875 629.8650130073535 
8020.777905555835 19917.581565005454 140.75768276263182 
8010.232647516879 425146.8677105377 1246.028913661472 
8010.099162375407 801313.6267960966 1982.9872619305604 
8160.661952903483 673.9959734998423 0 
8142.754980029164 775.6126775869286 0 
8298.442206258245 349.0971417193497 0 
