8009.980616049447 2381929.8345154854 6784.051967276806 
8939.873410485823 151.03394253471512 0 
8009.982815494237 1262179.6853722131 4046.764465621891 
8009.988459371123 770577.0984201278 2618.3249021455713 
8009.986637921471 1297076.1677691326 3791.7615037792734 
8009.985952185845 1112879.5037434455 3972.808618172063 
8015.259840059021 942422.0062897152 153.64291902158834 
8009.991040734365 531004.9641603003 2322.949082395656 
8832.829295774996 153.59815030408032 0 
8939.742342096208 151.1605555372157 0 
8010.020414962647 324427.6331405305 1403.5233321456772 
8010.000332808159 535565.3225330873 1932.8723374617507 
8010.000796587872 387740.22484341037 1931.0607755080866 
8010.020706071787 284027.82240996487 1643.1520645061134 
8010.044404651298 181379.36953854584 978.7100183282532 
8009.999801447419 372607.9580702525 2038.0284362871528 
8665.824860274164 169.86950813489867 0 
8010.10068316739 105168.63989044666 686.7968813885504 
8010.090638046524 210443.8492764933 868.9813106734041 
8757.212775834378 156.45437764365232 0 
8701.385532104849 167.37034035991906 0 
8632.11306415792 170.31711895563402 0 
8010.696684582167 54248.355339315516 382.9817093537033 
8141.0217282649555 696.2256197449542 0 
8010.172432878455 121056.57769867365 457.7403752697906 
8798.868263018867 155.80753936053316 0 
8166.088462350631 621.5416365858133 0 
8807.12763489658 154.75422571209958 0 
8480.243769959727 215.1248871354652 0 
8010.166919278837 77970.92714487018 518.4412429771093 
8010.040089186603 195039.9367545342 1454.0215229811256 
8229.84364029819 392.81052296143133 0 
8453.749092011767 216.56162609616723 0 
8017.347592529708 30398.12175063183 132.48134938943747 
8563.23515593715 184.9240851126457 0 
8103.149468613164 1059.1266332314256 0 
8083.923232868942 1165.136718836673 0 
8119.072199693992 860.2918526712288 0 
8010.011038054565 659567.9015071605 2638.2337544362504 
8010.9629072605 16261.140479767404 212.0350584575211 
8403.430143934609 238.57610135799578 0 
8393.63741008208 245.9176146232484 0 
8324.232652723647 280.19397447177766 0 
8212.881587424716 473.43349183733585 0 
8245.1332450107 372.9944980833427 0 
8421.190632603812 236.9445024550701 0 
8744.624069136178 157.04347209210164 0 
8290.332079189335 324.89346978210585 0 
8338.188715137088 271.8792453121483 0 
8594.934214091281 180.48912957433956 0 
8074.3139337592565 1500.4513481546132 0 
8717.198069027196 162.854735406453 0 
8616.970451581576 173.70690674421678 0 
8053.456844451571 4374.331379343841 6.50875237019364 
8060.902129553181 2348.2937031238457 0 
8309.07400219687 309.64781233051053 0 
8519.3903090911 199.35232058351298 0 
8581.5917200287 183.53909335964846 0 
8271.220207432665 342.97694780777715 0 
8010.070115581653 186295.74171371767 889.2564845069696 
8024.026746942241 20327.88761789699 160.4663888277357 
8732.222026892916 158.00214179217565 0 
8348.453568215771 271.2009992118793 0 
8376.03306019065 247.74688251013882 0 
8284.23498215378 339.9161087667729 0 
8040.635674117099 3655.8723427046116 84.9004311763616 
8010.0074290297825 382085.7041130698 1964.5740502947913 
8255.680275394858 360.8843879406089 0 
8505.550832763169 200.12325763799 0 
8010.049734076834 207335.6262235551 976.6403481359175 
8010.176262889581 63067.784555948965 488.4437333337795 
8189.322487082936 586.956679543742 0 
8526.090626283592 197.77347958301985 0 
8439.965017931356 221.69267785388598 0 
8360.407077680204 257.25509071440916 0 
8112.934895463988 940.4495050636065 0 
8374.056740806165 250.27588060586405 0 
8177.724179958292 601.7968097357156 0 
8549.557161367811 185.86858700163606 0 
8312.19454826939 304.03832861538604 0 
8618.111116564054 173.02571380234684 0 
8724.80437911603 159.48299209485432 0 
8203.917293952976 473.8411213904901 0 
8010.147635926599 84731.0334869919 510.5487436791427 
8045.787283348065 13622.616812209906 4.880717201588219 
8197.901709626487 506.67337402037884 0 
8034.772969426977 12561.526885274032 65.54631022916935 
8536.089119379141 190.88516772103094 0 
8500.815942725541 201.93802524926807 0 
8491.578128335588 208.19184502280152 0 
8448.653477370028 217.99598539953854 0 
8551.312000371785 185.47008091783098 0 
8027.409660220463 15412.165902540957 160.40827335322888 
8357.976342081585 266.46821499426625 0 
8036.654202550307 11029.011704915043 41.902638396658084 
8181.610637165302 596.1262637058536 0 
8593.106280402322 181.00130627802312 0 
8583.39156320458 182.71080305029315 0 
8428.80979137749 230.2427196325789 0 
8486.870226056928 215.0051673076399 0 
