8581.272483947932 241.40931729874038 0 
8010.060343263296 2606620.836170837 5421.663303887444 
8010.063039487666 2614486.3396285297 5381.034456781981 
8010.085054019798 990856.4638495322 2261.83854240244 
8010.080905557897 2072089.8176214574 4945.654463739349 
8010.0633701799525 2334202.565508223 5255.5301333245025 
8446.239753846794 305.94784684070487 0 
8373.695406290197 320.5621251607624 0 
8512.853491575926 254.87500638608702 0 
8571.207712973559 251.48845392238744 0 
8010.080495396784 2082197.072825733 4949.463818619584 
8010.208035031747 513835.8420974957 1376.060356841405 
8010.117788513727 902641.166786199 1994.0205037654046 
8010.08980311874 953417.7726191941 2167.362213548835 
8010.242767794234 404822.3867094085 1174.5758737912802 
8010.06128751393 2558774.108480137 5410.856008834195 
8010.0769280945915 2404797.260548462 5118.51775907465 
8324.960032287945 356.0673764186118 0 
8285.74750667828 359.54229811815446 0 
8010.100242074819 796408.5910554631 1998.5904228110337 
8267.904347688564 375.65550786640114 0 
8010.13651842435 823548.753464111 1832.676757828855 
8010.19294418148 508408.94418767974 1482.7729106726642 
8010.139078263783 727094.1025058432 1720.1601890013592 
8458.768562954274 282.78098311546586 0 
8172.311286910077 607.5882857202631 0 
8149.00554791522 740.9203520940595 0 
8355.926264805785 337.8689595242177 0 
8478.074991247193 280.30297798863234 0 
8332.104080858826 345.84948141526206 0 
8010.329514846633 362798.41788619396 962.1350554199034 
8074.784187903218 2508.629629282929 6.826031828567193 
8499.416862527893 256.49915111279967 0 
8047.840336237037 6876.828564215647 46.83723670324591 
8245.47049688762 426.48079376656295 0 
8101.567075685766 2289.100498201076 4.72414034170292 
8115.9695425679865 1569.4719684116324 0 
8249.406728852864 415.1091271896118 0 
8010.204264054764 605850.8188401873 1435.7554872102387 
8190.273245748051 597.882221115869 0 
8059.681966449436 4752.823886648238 26.25923528189038 
8210.183093518168 491.7019201826918 0 
8226.345288615052 437.3659548662734 0 
8010.077213660716 2360388.8538271496 5104.652099394751 
8196.79485580076 572.4915782764281 0 
8010.124314609331 718671.9365643985 1842.6345901887369 
8010.1922468240755 626964.8651537214 1523.3493266463877 
8091.022586382385 2363.907569508067 5.792101031902764 
8128.6735482324075 871.5052685370904 0 
8010.52456221695 188667.34677531963 672.5593153318667 
8010.078900899214 2080078.006715707 4963.920765412606 
8010.0858105358075 986789.7699870804 2247.027063913945 
8011.771361032286 60534.08351751498 284.3756428321917 
8010.3133117744 322851.11118281947 1009.6568642095493 
8285.65861999909 359.8130544209132 0 
8029.0990543276075 9348.573037700928 58.138274408602115 
8016.770928734361 21425.939650660734 148.61816883614082 
8013.374045733987 30309.636753118815 190.7898902630646 
8010.4090485110155 250936.03684962253 805.6584928980518 
8010.242831770579 404209.1109086283 1171.66937394198 
8489.33298383496 262.2624993574559 0 
8012.325697629754 40708.78103317025 226.27594085273 
8010.350355844894 294580.34170991444 884.1636014134425 
8010.774528925088 133548.9300313767 524.5829470303885 
8141.958727987641 777.5408667782847 0 
8010.068670546107 2373628.383259879 5146.347708507778 
8010.325875584007 303338.81390462554 1033.613908574629 
8010.1877336603375 645048.0559633966 1585.5566659235276 
8011.492720690797 93578.86763987459 390.3663462332297 
8010.85474231866 115916.0831023456 486.73894859689364 
8175.497013331731 600.4458267498512 0 
8010.2787627866865 350415.48688731494 1098.2351761464006 
8370.041718635686 327.12914860566036 0 
8019.457330387214 18008.224214322556 112.488244910393 
8010.560270196402 165091.39934898404 632.8662916207654 
8010.151102591408 675461.9196377039 1647.0160603379568 
8010.487019410066 210629.13949395466 713.432010359842 
8010.418871278983 227509.38936675945 754.7575820201963 
8010.662300554857 145848.60328561382 572.7385446232403 
8010.062596369867 2580256.8960829824 5386.3614217185595 
8011.256566868557 110640.73123238148 435.2245137472087 
8037.553776196712 8589.838164241919 75.06159109184796 
8010.1545722303445 655143.8862432679 1607.3155850631733 
8010.379330449664 271641.1012370598 825.7788580456507 
8123.460613815392 888.9161962036451 0 
8358.922439013948 331.20140799626233 0 
8450.933952741258 298.9487522614465 0 
8011.355209280242 101390.7679416759 374.5656237811171 
8039.315550787095 7512.911982898143 49.949715698403516 
8216.911924175434 466.5234237195761 0 
8067.947654500174 3517.563697423968 9.222433236264006 
8483.095135646068 264.07451886808457 0 
8010.363837590275 269912.05474232516 877.9266362761422 
8010.597822407634 157730.2894835139 602.1289932870457 
8010.265102418773 356039.973560569 1105.2894477130196 
8010.205957990406 608126.6554289496 1434.8229025739056 
8064.536641095819 3744.1442915369666 16.164930096343177 
8011.818009813684 57738.876978476575 271.48515923003333 
8010.073963992496 2375425.805708088 5138.3049906463275 
8010.142264851354 715556.5542800594 1697.2351831208857 
