8009.977088741223 1650391.8805771465 4832.776522643078 
8880.833870933793 144.3146142308213 0 
8009.9780994724115 1216583.3521479939 3836.7151455635358 
8009.977883428261 1399756.9826978333 4007.787374696428 
8009.977112533768 1545416.6976441292 4770.428433870366 
8009.982096699898 499850.38890615053 2420.816484612785 
8009.97777900704 1705178.345376821 4937.4679428874615 
8009.977191225456 1479366.0731317694 4338.868222906399 
8868.131654223744 146.30644446790097 0 
8009.978940974648 1035163.947371908 3099.9805145588134 
8686.0099203928 160.27556548499015 0 
8009.979724034692 847577.6098941013 3264.3995444693705 
8009.9789342425065 979634.3504995627 3356.9814966015447 
8796.704800639094 147.8929111680405 0 
8009.978390061517 1118823.9577746256 3544.4213161254247 
8009.978183374318 1179343.8614612957 3757.134741806938 
8009.9920266770205 304394.35974161077 1772.1190966695967 
8009.977740336732 1470352.130019019 4087.420208373754 
8009.9807926162075 640572.3497692904 2630.015967463156 
8009.980167000202 760110.2112351886 2826.3289384872437 
8742.124848422303 157.1271126010996 0 
8009.9802586458745 768949.0255998464 2759.0085430286044 
8009.9777058267555 1420794.7495730333 4491.877568724383 
8460.647047031762 208.95480513953916 0 
8146.69770096765 693.228851218425 0 
8009.980283483056 722571.2746949227 2699.0543150972585 
8476.22002870849 340.9247879363093 0 
8010.012360751342 297493.5310985666 1433.8195017715332 
8255.803702481993 364.0083743632558 0 
8009.982885693716 462022.74084165593 2235.1274908311784 
8308.928328074104 288.068873608812 0 
8275.781574649955 356.4914820379833 0 
8411.492964080559 231.64360311660914 0 
8009.978405483782 1094193.5511667554 3669.824893043323 
8355.927209092242 260.16897717167717 0 
8009.977822816392 1468082.9354202866 4459.448653785783 
8022.238012601304 21964.70442155854 185.23151397988576 
8010.17148584655 107664.30487319994 531.1104950142781 
8009.982335728777 581621.4389101698 2298.671403734958 
8491.024078714687 204.25856934302118 0 
8010.120349281841 130215.17908841456 614.2035733058264 
8009.984673998546 382960.79191795 2104.9570894600224 
8434.081064630735 227.63867150004623 0 
8014.571257528948 58588.734544758256 293.1678520884003 
8009.995075040772 240775.0174504363 1933.4892624923104 
8024.450286757774 14021.189058078497 119.03471492993975 
8633.964745061254 168.1530165741967 0 
8009.980455648301 684034.295456785 3003.113377725762 
8329.00522041385 279.4660533309929 0 
8009.9794990235505 881828.1634105681 3190.138215825521 
8085.851109069885 1238.0793315872743 2.2855651163094173 
8009.987398442832 333484.91452942055 1967.8593653138378 
8010.024530035311 205786.38274424113 1181.8883656307469 
8044.620609075029 5086.726242498687 20.640299666211433 
8594.798410683918 175.13441097198012 0 
8010.118338474962 164616.42464711005 714.3283856751174 
8529.1058712448 196.37027996483351 0 
8170.113444357559 607.4906957239725 0 
8010.199854746782 65085.6776817943 448.81943918468374 
8010.498737145574 73416.91974645173 336.99103782207897 
8010.03835448861 191531.59800306457 1081.1757784601164 
8017.10737960014 238673.03517552477 228.24802958962687 
8009.9937080791315 290398.70671729726 1679.763121177989 
8066.706572666761 1798.9559379158252 8.863181577082129 
8010.1102248420375 84702.52157007296 1035.6180060865056 
8009.978138355977 1184597.1347038832 3652.736134607885 
8010.038798751385 156203.72433120143 946.698202286241 
8009.978155131659 1400414.7013409133 4008.397205565607 
8048.399193787103 4282.784651570483 92.88275237952246 
8010.083671187154 123689.0194920356 1281.1375177472491 
8010.019779280419 263810.1363957343 1343.8638368540337 
8009.979324345159 914256.2014155635 3400.362003385417 
8009.981393229857 609960.5240118611 2767.3588919353015 
8010.017973595697 211036.9992890964 1630.1684740770443 
8780.339236166701 149.91982481033367 0 
8009.98241893018 491701.2829004382 2312.685811651302 
8010.050660351265 195128.5544041672 897.3814481523737 
8745.366504070691 156.28290215231885 0 
8510.913138880207 201.54622775409837 0 
8009.979296414061 914349.2275302858 2968.0447740711566 
8009.987183563309 368362.34494867345 2291.744882766643 
8010.10682549881 162461.43000312685 772.4848644099991 
8220.749980711795 478.3658195592769 0 
8554.304316631604 184.83554727702554 0 
8009.98413949004 409775.0423430887 1993.815534619886 
8113.912277098481 1004.8474184891901 0 
8566.072518577366 182.34059654546442 0 
8009.98044525822 697627.7899975406 2579.006932558235 
8010.019565779328 867850.5775975474 1363.3474899783382 
8009.978554686601 940606.7459744088 3504.0811515877003 
8189.469441543058 538.2754824188139 0 
8009.9813814899735 588172.2133525107 3065.2649504861124 
8009.984532665514 413388.05747422273 1993.5581247132618 
8203.249455946481 496.8472560199968 0 
8590.081963770617 180.0666435282087 0 
8110.606347719318 1015.824934571809 0 
8009.9830893938215 467697.102739032 2149.2129455903855 
8009.978987600003 926037.1017734484 3222.831656443307 
8659.813004368605 165.08093531504008 0 
8642.69944373368 167.4475835508168 0 
