8818.905004836954 197.37546696092724 0 
8010.015492290631 7722605.625185417 8251.832103692528 
8011.67736704295 3021968.8894597176 347.66132807627883 
8010.046217462049 1734799.4491628825 3615.501686812635 
8482.128500259783 249.60695766943164 0 
8769.049161200242 200.5955367077147 0 
8698.132528414013 201.26065035429298 0 
8426.05586803193 261.79831181229895 0 
8551.517138479569 223.0540132750939 0 
8010.047234768 1635785.3769990262 3386.788666585616 
8522.228068469925 232.5420226991569 0 
8809.02280027325 199.77061731486413 0 
8620.66603718061 212.92450162379475 0 
8583.949281361 216.46169425612794 0 
8373.6880212242 284.8150210291867 0 
8333.666917129533 302.6272141875115 0 
8502.587899390335 239.67791586527127 0 
8358.806183159242 286.550137510749 0 
8771.77359738084 200.07490917174513 0 
8161.450559193268 801.1261758048379 0 
8278.735459396241 357.63802753087145 0 
8010.089331756416 831124.1944675837 2076.7362121768 
8186.838648260447 553.8469019488025 0 
8010.046217462049 1734799.4491628825 3615.501686812635 
8574.605143118784 218.60704673820143 0 
8198.373661193826 544.3857280267058 0 
8060.626034063949 1880.6259326565942 0 
8102.382134933239 1723.9631278796949 0 
8402.518305681337 273.06944785741587 0 
8240.959855456571 404.50325314073393 0 
8217.890976377636 522.918103601573 0 
8672.53356568245 202.19646305444482 0 
8039.315550787095 7512.911982898143 49.949715698403516 
8010.106006822345 730441.6191474609 1909.5892154573594 
8010.071957171672 1036988.1804820364 2428.2243968191906 
8303.920379017172 342.56426451774945 0 
8317.658005911426 322.6351141794518 0 
8010.0503240741755 1497190.6181942564 3340.3639059310894 
8697.89757905534 201.48638255604243 0 
8630.199750589443 211.190003535499 0 
8010.054632286347 1400632.126616267 3168.467990410212 
8010.327593442853 300868.7250304422 902.6164346954625 
8085.414754426016 1760.7857293671084 0 
8010.060419777981 1470259.6741762962 2951.036495537122 
8010.117809353009 754431.8445384366 1834.8645625526176 
8010.0556526643395 1521823.8136328927 3074.5036936207234 
8226.757599904173 435.68173075924483 0 
8422.202889879622 264.02000330028136 0 
8667.784192590121 203.585498943533 0 
8010.573959050757 165645.58199843531 632.100663367123 
8646.859715218972 208.0748596098207 0 
8010.070182192407 1094302.7828111053 2550.6266587738473 
8010.069037455746 1117435.0932229438 2533.0607575687923 
8010.170436984864 524001.96601874026 1438.673865772124 
8010.062461576865 1197435.3044222014 2852.6171400089456 
8010.0857424415835 862695.0775153765 2175.084749736854 
8011.485022164332 96516.37274120231 398.31231559973924 
8265.936599457102 374.401266210513 0 
8010.206086987967 479844.4531122831 1366.1799263140408 
8144.5638956535095 859.3390032983775 0 
8010.1551688572 646225.6632743183 1585.299985672805 
8010.855058367505 125431.56158119535 523.774161774104 
8010.308496978749 359716.50172947114 1095.8055440757848 
8403.100637490808 272.2887080889769 0 
8010.066761208251 1310331.3647171105 2663.3978967435555 
8021.779861018074 174404.44425246844 155.41503336902346 
8010.083459866417 923682.7575717382 2258.764585621252 
8010.076430265452 990653.5202588106 2346.9718436059525 
8127.141569548572 863.648069032164 0 
8115.151016547346 1637.3543306121733 3.1898384791646155 
8050.5213352568535 2585.286947532733 2.0777292718888356 
8033.761898242866 44752.03322494093 104.63395611144065 
8255.1600170589 392.0123585636861 0 
8010.140082513014 596886.9683289581 1630.7098477323407 
8085.600404188973 1758.4510489378913 0 
8147.203470777468 826.5016423408293 0 
8646.249009624382 209.07626676587267 0 
8010.124706094197 713459.3631357345 1767.898155491826 
8010.057217423043 1290124.599935423 3002.491858326038 
8011.062768080432 119123.63674793011 489.23277042950735 
8012.287228095955 45023.760339175846 244.93160551943933 
8010.22870838279 431832.8963332373 1273.4680444218966 
8010.2873712969 380831.07758310623 1023.2381073655298 
8010.0612414853285 1355518.0660827705 2795.538949248755 
8010.241582094596 407819.34989133646 1180.463043464883 
8010.081727277018 954831.4968831555 2359.5770928416164 
8010.50293150718 196168.3547514283 688.5495402043466 
8011.774705103202 62595.86924612465 301.64163288742805 
8010.085145951891 884688.3018865085 2232.3207681765143 
8025.436478382233 16553.84958356542 125.80139559013048 
8010.221350408086 475204.76640624146 1285.113947573407 
8010.138205076886 688064.5569115449 1712.503947989725 
8306.361461729331 334.3760408560452 0 
8010.054920280728 1353453.059619667 3096.6611333077467 
8010.320600047006 336385.11701004417 1032.3729311217871 
8010.376671500004 250949.56815264022 828.1065639415095 
8010.13897072737 675815.6786903954 1667.4934856319842 
8010.415482723005 233625.94189417476 758.4663722194608 
8030.526994209518 57786.6735119612 119.62666775172522 
8010.377173402558 279878.3940391356 825.6289867746151 
