10149.682236916637 457436.32632752083 548.0602294257569 
5298.9896916243315 18325822834.582176 1584.0941914701998 
5394.120237577306 41443835542.79371 1479.6422628797573 
7049.272403802604 1610919.902999907 2106.462866839098 
13421.852581026877 814191.4582104753 26.043703962788527 
5319.144812567256 9853935685.342363 1545.2733330512092 
5596.849018575657 7462609157.156216 1354.286743670979 
12641.625600483423 918111.1414093409 75.06820069827799 
12752.496387651247 647587.9047698312 100.76671830097145 
11275.429319422334 531219.6035114927 258.3804817235245 
12045.288461412387 862439.9576227796 94.24980351785882 
11746.916737303294 927927.9852965003 48.9420352566954 
10743.949056150057 626493.2283863773 194.4413277675643 
5416.9715933730995 5955334390.97771 1475.0071378732132 
6695.117624028225 3447173498.116929 1045.1619548741166 
10943.156802004054 689226.828658768 113.21439485582464 
9894.723207847703 1652966.1808225955 237.43520798843414 
6208.19525903755 770934614.5075319 1144.7760501457692 
8885.551037933083 2052359.018043487 650.239233652699 
6365.065894074103 5029930382.313812 1120.5216071067873 
5656.5689053878705 4600173285.084754 1335.2183556325551 
8682.08269917552 6949139.017768664 611.8595280418622 
8658.71890540927 1529611.3702119298 758.9084771692834 
8448.385964728974 35819855.72633406 681.9627596736746 
10084.106667839342 1386241.7746804282 317.31289238124396 
7843.58819349196 462346231.6962757 734.4487417016742 
6376.086350770362 10256254.578944612 1782.2044435978164 
11063.93205841909 539398.3162552656 395.1628291161736 
9640.955015590842 577133.0336212821 505.30913674013334 
6008.990099100033 5460590.655259828 1929.070095418397 
10378.908922810855 815643.5530954041 293.73651778212854 
6947.721421172215 2412016.0424801027 1618.7094038331331 
5790.232050047422 3387224.1536459737 1993.0962682797897 
6807.060725470708 4505852.51435866 1681.828891338877 
10306.96153745833 629062.035440929 444.0527514811873 
10624.108018398332 533130.5040750494 471.1050932697618 
9210.64732881108 780631.3311633158 564.5858696313596 
8315.610785544237 1763465.1633903396 957.8409619679733 
11823.040970266116 481086.6334529548 271.9951506552905 
9164.172628701977 927115.3503726963 538.7720568883982 
8461.510274459244 887654.3714328117 1193.7624782455964 
5889.998077181822 5273699.318792046 1959.618075011953 
8729.057559516794 933617.5400094062 653.7306095832175 
9749.643077719229 829826.091372546 408.882084552422 
8992.622477768955 1376702.7882941992 511.89270455864846 
6980.864358929069 547115526.4306408 1015.0138476467911 
10491.21025502753 620282.641120076 219.34300464732496 
7457.410681374526 1332224.6349576917 1452.9429807208944 
11973.18737146533 966097.8260243486 27.250848748627675 
5750.988060102459 51779823.23614302 1756.5993438249461 
9334.975319764531 2410630.5206677495 346.34726665676567 
6550.833874585079 2007367.6544913682 1897.9001408365539 
7767.931770312587 4631521.126490915 1306.963961135065 
5410.891544287561 1906775701.5893347 1491.0768083887947 
8384.331525031106 30090562.96018826 787.400221383936 
10860.09351617428 480939.0077330236 461.376059982885 
5931.422766703481 3171114.4339053966 2067.718516511577 
5443.169048240621 2506161119.268035 1471.4072103938042 
7349.016705438542 5615119.693409498 1249.298294442651 
7937.909596219466 12365620.17690758 984.6866918773267 
7581.496601632806 4794647.080026192 1378.8036620812418 
6992.817064194436 23645089.4598329 919.6315783566699 
5904.531592434001 10363541.796849355 1816.4945639649795 
8084.795312024595 4514586.948012783 898.6650728744993 
8179.255674633583 45592199.45516505 834.5982312453709 
5403.898607696585 98582694.12397134 1652.4474470025962 
5376.561127869658 392713266.611899 1695.5636402024772 
6295.906001895055 1622889.9010814885 2035.879507565803 
10758.260909385022 537280.0784921205 413.6055055218451 
9257.628391210596 753039.7660318491 813.2127405420048 
5637.317269868813 26916987.91285064 1841.5549052078923 
6511.675587636044 8292090.318204367 1864.5709392294295 
5447.142998897411 3610522309.447198 1434.2071613734902 
6068.313769211302 4294502631.7720304 1162.9627125802797 
8366.34223903191 2237899.6538455863 870.4512520754452 
6583.385806400374 324356739.8436766 1071.9405642523056 
9423.67638231501 853042.2079543177 544.862349272677 
9278.285491851519 1229407.2497678224 369.5594095531044 
7907.597829408259 1893308.882056776 1099.311619685519 
8014.373576497079 19193726.712687116 878.3048208710188 
6109.745299663752 20578948.79224457 1723.438617100823 
7186.1455120757055 2585784.939591351 1397.9958020861075 
5536.588931541041 649152447.4203852 1362.8531954400958 
9536.07350850478 921326.0754098705 515.7057717515112 
6168.453616876688 3274970.0027613686 2036.8041978315136 
8176.265161504431 1813999.6172405228 1207.287004335536 
10989.877789204369 597272.5647730716 387.2107996597472 
9542.045536961989 1195085.1195132942 328.887456864602 
7252.831757229006 8146369.318997993 1164.0582553908193 
6515.969521965753 109102338.38372467 1282.1740614420582 
7117.831015352834 12637559.205824165 1226.243094449386 
6053.314150995541 2922220.7462915545 2084.0783194397764 
10215.941960428085 1528516.5555874093 265.5622462769637 
7651.446272759695 49211542.869890265 905.9494198362944 
10571.832423719654 598366.0825120256 226.2969497528673 
7372.709779485622 6381916.391701865 1128.7106087442303 
5491.912502851803 2340883929.384361 1426.0678676433263 
5493.025370810426 300750397.079182 1559.7414580054358 
5812.819007706478 243126557.91360718 1240.5639565881474 
5590.394677360173 72706506.16269994 1868.9204437452063 
