8022.356886630336 273516.17331139796 522.2034335954198 
8020.042622201054 351150.93163639755 464.78188461602963 
8009.976666609118 12480526.407055879 34459.96774158966 
8009.975823632503 24419686.34402673 31520.94044588928 
8010.002431976793 149262288.23089612 6961.6157603938245 
8009.980478403298 89084252.01805542 12413.998904091512 
8009.979133661318 70008219.26195061 13783.829925762186 
8010.824084803729 28894565.745095856 1214.3069411055212 
8019.297124614421 341436.7672578718 482.73841747920716 
8013.889771838653 714634.1021790659 539.8531224102559 
8015.5049182946905 508264.0349245899 635.9204374894596 
8013.096853902294 1905138.3625573567 628.4697736705971 
8012.37500206758 864291.033274135 680.4781135167968 
8011.7079403859025 438308.86115646374 806.8606132711363 
8009.978119359701 36948198.04644564 17704.152687655926 
8016.431573443525 462261.44458987174 592.3485187985602 
8011.124313805648 684564.2173080713 1237.0780369236659 
8009.976105514088 14034275.887369355 31602.677822682344 
8017.353905544226 377228.2749039467 523.3071986149896 
8016.116701430157 484678.8388118631 570.1339133118225 
8017.814491944077 380080.18599923607 475.51610285636036 
8009.976534565247 17545398.125801507 29137.99689472463 
8009.97677080038 14604477.262615109 27745.836196147575 
8009.977560601303 14664857.074428443 26772.507253199146 
8018.604948992981 377199.8603836218 506.5564167892996 
8009.981489962144 19194606.61799789 11612.973253629354 
8009.978675536413 31103791.557650864 16211.573002700177 
8009.983591416594 8374406.264311729 23953.45771077446 
8009.975904181948 18665126.300131675 30474.007727871136 
8009.981403662299 12318486.942020198 20310.620469845824 
8009.977636127899 23290883.431515314 23029.678604421468 
8009.987794902713 13045199.193979485 10392.376869987225 
8010.00809259499 7313591.351941543 6330.165526391836 
8009.97746998967 21768699.99694529 24768.538936168025 
8009.977056851705 28344174.058816634 20271.385188414377 
8009.976613986472 29424363.566981092 25954.685015206025 
8009.995498199 9773241.330233129 8012.8942997472905 
8010.009297538316 19964355.362272654 5569.627709450017 
8009.980067809273 22302014.368195906 12943.769980790952 
8010.028135581572 12105153.48073921 4270.255402269748 
8010.011092475972 5644753.362402169 6025.486070050777 
8009.987846709063 11413064.437295971 8666.476909530933 
8010.088577864164 5743834.68011392 3761.803165899979 
8009.980189437517 28281703.849631667 14335.458489700464 
8009.9779658314 33400124.49993358 19689.94779747185 
8009.989324762106 8373997.722079573 8814.42228676918 
8010.1146278604365 4142912.882411949 3082.413819324456 
8010.020227995687 1122755686.6775055 5601.207058529628 
8009.979335525465 26977579.17782763 14960.343599656866 
8019.979714243789 402454.74504039617 473.10778054892756 
8009.987395715362 13988808.755843712 16254.78441459092 
8009.976789123043 28468205.76832788 25318.89435690032 
8010.36443547946 9938382.941835986 2268.6365136923796 
8009.980857053968 12090348.376061963 20735.633332892383 
8010.186574565085 32763697.608851794 2549.156370999109 
8018.626577527238 358775.2252539191 520.4771662210965 
8009.986097768255 10721585.793188456 9815.023207727581 
8009.977101607455 13945926.888348347 31339.05295400349 
8009.980018619564 10996231.73834333 22367.7946313945 
8009.975972930976 31279249.79994627 28724.282146470327 
8010.0286578874675 4120590.9656726727 5281.714716615889 
8009.998105732556 25380818.711336557 7468.73860996298 
8009.97861498975 11989196.70879726 30487.718282271424 
8009.9767516128095 36093146.71495323 25812.248042042873 
8010.688060172186 10895657.753445748 1336.734815338174 
8010.214385473834 2315905.0977125242 2675.1487805040683 
8009.979924684835 25292837.968325738 14716.329293703742 
8010.375052310868 25834982.972305227 1803.7482873848885 
8009.978196951335 21541400.872307494 21272.164301981942 
8019.162744421656 285014.2245763704 545.3243682040224 
8009.986764033634 12134909.876793187 9765.962617081123 
8009.976327705689 22607001.73438053 26509.45372820498 
8009.977821485708 23723046.15083261 21883.606964811286 
8009.987157842707 12790272.658202847 16124.005146900672 
8017.447171025958 398504.01924914273 485.5323914988129 
8010.095298364084 1861368.3313719996 3271.7977435924886 
8009.980699578486 20321952.00180695 12760.22275160134 
8009.999216516157 22977619.599430624 7203.679881657442 
8017.65499509137 414693.7820951371 482.5865581155108 
8009.978398776123 15823928.245692201 21124.534358064015 
8009.980661978461 12100181.652713051 21741.36227046959 
8010.502215528344 646497.6519148257 1761.1673265681065 
8009.978835681366 14102383.07024633 22241.539778649214 
8009.984644035223 13444680.384176575 10033.859285005343 
8010.606126933737 1472703.1077185408 1552.007640881806 
8010.092184818914 9440570.960601903 3656.6691782980897 
8010.092650502622 3724592.194614078 3543.316035558668 
8010.260673880805 1586305.8212522836 2389.0769044269955 
8010.377792324406 7982027.828958987 1770.4175911155298 
8009.9862017286605 8151252.345011964 19375.0122767349 
8017.687648933482 456898.36832996225 476.2107252903943 
8010.466899704736 1186874.867720282 1596.4768610544002 
8010.208117895433 21414522.196042776 2401.1965731599726 
8009.985780729191 27055586.622233346 9768.10655587977 
8010.465443827016 5662148.933589973 1511.2527806639018 
8009.985592082155 18940255.510482535 10054.626153911015 
8009.978159275262 11932516.026830826 31371.388185641496 
8009.98559968552 20136511.107817553 9947.976605806845 
8010.635147774832 961543.9274255249 1515.5245651723517 
8010.247284193887 3522850.8556693904 2357.318027341139 
