8015.9694508105795 106748.0748100778 280.8265559007591 
8009.975735012133 22608588.33972798 28527.370770469974 
8009.978887055813 35096899.51683751 19120.25711584105 
8010.114504873138 2231070.657129316 2410.703036243789 
8009.979309346923 25461579.782565996 13222.973530780226 
8015.247971440298 104859.60316593578 298.6158807850226 
8011.8230690543805 191248.49309823895 601.66395856229 
8014.338470256775 84249.68765470796 536.4057189698375 
8012.266873189336 199515.22788825928 498.8151197650825 
8014.0794138717165 109629.67759605062 522.2127741836958 
8010.009214640867 7342626.243200882 5175.699846227426 
8011.428885355907 211849.92037308257 766.3238563789122 
8009.996999341976 5193227.455012209 6108.240533013887 
8010.146009701231 11703286.0686889 2367.0346946087348 
8012.419778957598 600680.6088455776 559.196041797237 
8009.98536027201 13868506.313212268 10193.32429375339 
8010.04676995994 127565298.83430825 3499.504235376534 
8009.986495845787 8665509.641303077 7493.994463645684 
8010.324865687654 1020634.1784799311 1681.9508920240044 
8009.981462680681 21252133.624643534 13330.48410169395 
8009.9842674212105 13143307.975259934 15965.752989444267 
8009.977125917259 11308128.827278912 29409.606456992427 
8014.988146913198 290713.90985111357 314.51500455623176 
8009.982717452238 23046061.673041567 9842.168203489131 
8009.9788334093355 14430888.76886587 20095.199427586147 
8009.978033018362 15823286.12778068 20611.089976786876 
8010.015609056922 5127870.800973085 4467.64480951061 
8010.786618443559 779987.021994742 929.4949291655817 
8011.011559622665 329635.21480394126 907.5257989538252 
8014.321658157759 42720370.66855716 507.5074156542082 
8010.745940666073 499042.7431006011 1133.8143887952892 
8009.977530206337 27619987.69503779 21121.059784852318 
8009.98168510982 27429923.929127738 18917.55883818328 
8010.0226364058 3555049.335636327 4058.7025698789766 
8010.263152117821 1158844.3940269048 1874.9376591162272 
8010.63552922043 2944409.2520730197 1049.2452860177516 
8011.219489395824 278288.9220968486 628.174014676224 
8010.100994133254 2873429.5109798186 2661.6530625441774 
8009.982552105271 16488039.6298135 11328.454720068585 
8010.309973005218 2511020.337390935 1407.2285730692704 
8011.102319904746 327647.68110085337 790.3879131496326 
8010.190970351241 1810393.3027001612 2139.3058410703725 
8009.976098656357 12648940.022480428 29802.934695461554 
8010.203396170395 1578201.0407167599 2300.961197377876 
8010.30176033618 5667183.630699711 1473.0316503992144 
8010.617157594631 800562.5616565065 1448.0870378105897 
8010.265680598393 1137123.0876096084 1800.587230566482 
8011.116647044525 292349.1413054477 859.0122063476664 
8011.156457643179 293596.04909077083 857.6894547318345 
8011.180052724557 310202.32823358674 747.4434861411303 
8010.178796286224 3785702.498189948 2322.8589887192356 
8011.210973510644 278526.79373575153 852.2991176269566 
8010.309228753214 2572822.2988369977 1482.3166009870147 
8010.305857386227 1059023.6930143933 1782.718621686197 
8011.104877160714 443359.5273631411 754.3680129577302 
8012.627955573624 196509.85468887116 521.5705565554276 
8012.846084330433 120170.47947822243 386.9055126578327 
8009.981685398752 17044477.086343896 17431.567617177137 
8010.038142474699 3158537.8817399954 3395.7955019982196 
8010.622398567442 1430678.5116409233 1290.6966295646696 
8012.405362844716 168238.15544948808 600.3103719834783 
8010.013975911679 5615308.802695058 4672.970277914397 
8011.754769890538 631370.4769944836 613.0489004925621 
8011.785494147371 284607.3838002593 619.6804282524591 
8012.740060124398 3317661.399067151 472.12874815709677 
8009.976629458026 15487683.019047413 27808.262485885334 
8010.230488231386 1500934.8998649102 1968.5800050924618 
8011.020439555399 468017.3660997095 838.1257564962195 
8009.977334588156 14230335.834746994 29469.272397619425 
8012.214936012267 849333.2928695234 486.5469045224662 
8014.384715727008 144344.58369817006 373.6156709488704 
8010.277810323299 1141274.5889606467 1652.6644593426397 
8010.23533286507 1410120.5663037905 1776.7085402721161 
8009.98069748781 22698772.698771287 13452.785881218098 
8010.585607573072 988403.7828732672 1614.1872725123999 
8014.618442074872 99475.68322503328 332.32887456529323 
8009.982948153016 16123296.839284811 10475.2192943734 
8009.975977071528 15924102.314929232 27859.368415549605 
8015.3195841578345 71644.84165737506 385.7508195329627 
8011.973801957112 169688.2657257962 613.1043540017737 
8010.782173902363 514120.3075340588 1021.3901340397521 
8009.981617750211 11559264.86098148 21450.98306012719 
8010.106310914214 2829467.1172308223 2653.005948125227 
8009.982484201984 11250660.031409636 19247.241734893836 
8009.975944084075 15926832.287572976 28447.737053185356 
8009.993859749002 39649759.03521388 6901.649603582576 
8009.981871422734 19586590.77579906 11086.04590685774 
8010.005113968418 6139697.447430482 5516.060184043182 
8009.977327221651 22282727.590818454 25190.369979454154 
8011.207291318014 377610.09570465086 650.3273212614472 
8015.4194954445675 240617.61293006715 330.76378988138885 
8009.989756007499 1343918190.511415 8154.05072173855 
8015.401256517112 71595.62619087876 422.1988643707822 
8009.976091232475 16127189.270749634 33253.327488807954 
8009.994346807346 172186581.77670273 7316.930478069896 
8009.976868989932 68840654.56464668 28029.14482650695 
8012.6542193596615 175506.29787391226 432.8627234673409 
8011.521744527683 414291.9149749832 665.2045265654828 
8014.308291921918 126277.07414681035 429.2099726666802 
8013.693091472173 130638.12374826365 494.62361900223664 
