8295.91286917375 7841916.289823975 719.5002129857317 
8541.090865557351 3855982.2809684933 464.33631012722094 
8021.3143047561625 6676622.684887156 3114.693593446752 
13495.57730896513 1550378.570118471 252.02505642296234 
8336.227376528095 25733039.436844245 682.0013316352641 
9204.220947177651 3569307.5011485266 388.57746942063255 
8011.220889963342 868645502.4507197 4758.9692809860735 
8364.692232500598 2736116.0628048233 573.2140646701179 
8198.21959842193 20500672.006603904 715.9406169349246 
8234.232128646427 5467441.937467221 1801.762703220805 
9250.559223840137 2722204.9004273727 508.7438999217883 
8666.99855253368 3549100.631935626 426.9297646643233 
11894.483337003065 1655197.8631047066 347.91965212789773 
15275.715251273927 1669568.70472472 109.6951626066305 
20437.43720391015 635722.2245400493 62.40501941917331 
10984.832888567533 2004032.3146629545 271.8452605972094 
11587.421964460982 2179140.8221956594 235.1832707608583 
9842.47079274743 2052942.9947795828 260.8218509273735 
12600.466767804908 1633721.978275769 304.65396259059565 
8368.196653275685 4450340.836804597 516.6538700730355 
8011.016698263838 25056268652.453808 271417.28096802754 
8020.796635751849 8410725.271146303 4120.38411314378 
8011.496669914233 17250501.101214394 5393.403126819657 
8018.256954848084 10212935.925618181 4496.579414040209 
8011.234054899362 17036611.418094058 6081.39160996126 
11549.709185769194 2535182.4104005666 211.92049091242262 
8018.730237029604 9995194.673225475 3323.1751665230404 
13953.945804611862 1454500.248847303 241.240178039588 
8011.040690220649 19470700.75258855 7065.403012073141 
20059.1025700834 1123655.0534985852 128.66377699360316 
8069.928743528068 2272907.801919525 2028.2377542360623 
8202.52341057483 5947767.562497434 745.4155623126634 
15361.341583522419 972278.2931182482 152.51245758760325 
9487.788716558129 10023400.86326583 342.06300396439485 
8472.32051867776 4573623.086071616 452.40428188885704 
8773.609901887061 2729914.424424772 452.2433721612339 
16883.72779707557 1480944.3415303943 104.38239238323887 
8350.969120425918 4627197.359729845 526.5468490804614 
8365.216509287737 4264554.419091091 533.1930132179784 
8174.709921086465 6563231.140731305 765.215398130392 
8160.032289776726 19040759.902064748 1150.820468026215 
14077.569731359898 2968314.021640903 197.94427447630363 
20804.488107248617 701944.6699919978 70.12443226404535 
8011.115407010156 25055668390.407936 271297.7214631071 
8011.115407010156 25055668390.407936 271297.7214631071 
8011.124083013983 274034687.81966 16500.304535023064 
8030.589262075342 3061354230.881338 5800.335656539737 
16649.726106678125 2823604.774254243 195.13694746071116 
18814.060749426728 1768639.2001294333 184.8368882041172 
13901.029403982504 2555368.8416008633 255.07651325256904 
12976.739431230066 3062877.523422545 259.632002147015 
11367.672236847418 1937332.5318023846 461.6761409864958 
20418.134037181102 2834955.488300641 157.46034603281743 
15865.264342228953 2266400.5793822007 195.50655906739266 
12194.641977658917 2478809.602217824 277.3926529393518 
14423.42433192127 2164674.7907142933 247.19505617136156 
19819.618490998782 1676206.2661847952 160.5599400248523 
12591.315484382541 3925457.756350348 269.922304192181 
19167.908808414537 1590076.2691277224 169.75893410190938 
15001.187142133935 2128581.199899352 299.06358101161993 
8015.491518711618 202401587.50878006 8394.717808182986 
9919.916580747096 2143292.0946715404 510.8695289424518 
19534.37371202897 1510783.9496853277 211.44920781427126 
14629.74857658441 4755903.582190335 244.82369521617824 
9385.41424945121 3555635.110499425 511.56680112510685 
15572.275246325516 1554127.6725125178 236.7101409942492 
10390.687087783128 3077580.9571135924 392.07108150895726 
10647.638076284096 2923068.594740072 350.1681097256994 
11125.888913056002 2385562.181568653 461.6050167068946 
15365.172882072164 2017660.4901210172 231.7531688377401 
10141.015434812316 3768008.335593075 293.2852070254287 
12218.220759461212 1990692.185565464 358.53477992060124 
15250.010642776193 29368507.978287857 233.2025660260444 
8745.309361152234 3394861.5616376437 714.9975263160726 
8932.979961101799 4142220.976492136 580.3660227058821 
19811.95243583836 2136844.8506930657 156.64633081110375 
10633.632590749858 2873618.9394275146 445.99217914163387 
10970.81999462089 6540647.63781552 373.4675124876566 
8203.755450272074 9236119.455442578 2223.0326488942073 
9063.285015912508 9500947.252932174 431.4327325508055 
8612.251274992112 6940565.153930148 508.905132905766 
9313.755013826962 5650038.942278823 438.4579691517287 
8182.001906527 14210767.704367537 1049.89755990841 
9168.827479909833 6432430.668308705 452.67045031811494 
8085.120533023869 12373432.49840194 3471.559100600188 
8021.22912448392 8466767.37639799 3389.4879020005296 
9986.696731020445 2512367.689839216 506.0338647914899 
8016.24714815978 25141798.268377382 6295.050833206368 
8309.832716324117 12463421.77860124 915.0921233851547 
8494.944919778933 4331472.441028363 719.8473758801396 
8336.25991483152 35311760.8050788 853.6464585170104 
8560.083840484182 3482834.113075995 592.0782057939916 
8428.257033454014 7495502.302447533 547.6476858756248 
8376.554403254819 7809331.940346405 3222.046965142171 
9129.070952432772 5747748.49325478 578.0569167056993 
9358.524409946567 2893449.792101094 566.9222357429437 
9984.346496364216 4318676.597205691 402.88210062651797 
8396.705956510887 6177803.199815985 618.3032248899816 
8367.751896537204 34980326.79028689 679.4653719668813 
9142.059685315286 3742126.7543027126 460.42912629268335 
