8028.447880111478 220834.29031247014 424.84434803444833 
8009.997038252183 372398196.9018223 7186.8211500806765 
8022.713944019331 296355.6717167548 430.18103301784686 
8021.732082929765 214175.54441321173 454.13086743766127 
8012.706027831869 460497.14205128513 637.3661758471852 
8011.243932273032 1665166.3788162796 914.2470692252986 
8018.501115853413 281844.48816371744 436.8987583411863 
8013.591970032319 1370925.8657193696 542.1820585159716 
8010.678459841305 1251327.8946604321 1295.5727632840408 
8011.571698412876 3986822.9374998426 1508.4413696824702 
8019.631777607942 268421.1239517661 525.3384012233786 
8019.543740590368 268191.9371549108 528.2428164694566 
8020.132289381067 447978.3661790107 436.7336664906804 
8010.598975280067 1327043.1134134275 1596.8501211185007 
8010.186574565085 32763697.608851794 2549.156370999109 
8010.260214777854 2370728.822865661 1791.7960050018219 
8010.675881646223 2590515.247869699 1312.6322960650941 
8010.209850516449 21560519.389509544 2367.7603981968205 
8010.060005485488 3951683.7848646385 3974.2788406766167 
8010.09303037133 8020900.9022166785 3581.3334910314184 
8010.229334370232 1532250.0826155916 2410.7604553640595 
8010.032670321711 3068823.241083712 4231.827335173874 
8010.225331944665 1847257.4969551957 2150.714417617034 
8010.017252816939 4789337.626926238 6805.38900909323 
8010.0088329448945 18465282.95737337 5594.895319828436 
8010.095268050698 2006993.8310241867 3387.5577714522615 
8010.006978693724 5957650.002511466 5726.374097553564 
8009.989351968201 18874169.33756534 9207.73579074945 
8010.002236289862 8938226.588372856 6881.9563186389005 
8010.001850868952 7450877.710112013 7168.226771577043 
8009.995645175673 9721232.048234954 7853.105798471826 
8009.9816357993595 19278968.317811675 12074.398958727075 
8009.988245069457 10762764.261469137 10098.184360852714 
8009.985869910535 10971475.48572056 18946.818770173966 
8009.9847707492745 78914753.37403998 9728.802429763722 
8009.980874916218 20583230.701667827 13116.90698707916 
8009.9769330938325 156658238.5662509 26800.29041579833 
8009.987530744218 12616271.540590232 10085.558476081931 
8009.976589035997 14070946.887723655 32207.159590250812 
8010.095043127781 2975285.790369545 3713.5330868334454 
8009.987322694128 12269272.789986568 10275.360200618681 
8009.978115537243 43284548.57663428 18873.895392133698 
8009.977224165764 28984085.74647536 20955.09914511205 
8009.976363406774 21734128.745828588 27963.528634287213 
8009.983721266939 15039178.663285384 21900.987768339357 
8015.640301714794 492366.5689006551 538.6762969482304 
8009.997912349478 8142972.441963224 7147.474973884064 
8012.961904481747 523073.87330132513 554.1155131276067 
8010.02095582267 4357332.164922328 4901.621855072582 
8015.945573217864 340400.663321511 449.40255071726915 
8018.912486518007 463639.92156194313 430.5595756690495 
8014.184971896704 3575029.806504745 470.0401032919167 
8011.522346951555 254382.96764833288 1107.2784595545718 
8010.182117360668 1752615.3134409324 2700.2210387714954 
8009.9788496984675 20172660.950906083 19642.561515059897 
8009.978972434259 169265497.81185752 17795.466120610883 
8009.976694584503 22057106.587520894 26709.974898401484 
8009.996845845633 9475771.42918313 7263.798816257813 
8010.006587740396 6716411.203730145 7024.43098898337 
8010.967112316492 9194550.146534128 1149.36478913956 
8011.3560112713385 2303117.511720669 908.9685230277651 
8009.979572175933 46761325.1395093 17127.408092872174 
8009.983117842412 206528731.20220986 12526.324065471159 
8009.976027314584 25466661.358947527 27105.4590719588 
8010.090877784567 2486435.6166866077 4123.463918686935 
8009.975801875459 45479780.35033871 49020.06057613947 
8010.093207508041 3184850.915962149 3622.60398724904 
8021.334752669381 232424.89953673634 442.4980049510601 
8009.9758675240055 12465225.220360136 48271.59803637437 
8011.399906113138 572365.7927040572 861.3921607944186 
8009.979933809762 28994910.471989833 16515.4997285221 
8009.980396529307 21485866.041572563 12564.751042749644 
8009.978023455564 10692957.756654626 38681.72283335572 
8009.976112048447 15122660.965779299 49747.89347926702 
8012.705280131495 529710.4898503358 658.574628204763 
8020.180854961331 242925.10121851848 480.91594963002797 
8009.976515571267 20677940.224948797 30956.396075795226 
8022.656141308595 211069.18798344905 467.20528665872655 
8013.956135274873 571077.7014268452 501.6718472738026 
8009.976460005514 12067286.32815789 36225.15416327341 
8010.027026854294 3412815.9457380045 4414.98008089314 
8009.975985318508 15360473.539313758 33285.180868440584 
8009.976445828374 12773374.684871174 62793.22030162485 
8012.452436612619 171626.30988851876 710.3161816047354 
8009.986011588578 16393485.049423907 13101.02777792883 
8024.7321302292785 267688.60225116846 393.45879934959254 
8023.955402606489 389181.31881088874 435.6867617259072 
8022.320065755365 210095.0785516003 466.5712390824205 
8009.975824689625 33353641380415.688 498007402.85596955 
8009.980103160574 1305485664.8217647 22362.50660998183 
8009.976647289879 23238834.22341408 66851.37428718961 
8017.865503582577 355673.98130237556 477.17703626691286 
8014.579867768297 2167367.1392549095 515.0589199953614 
8019.972968463882 436300.05802767765 446.76834352132727 
8020.662964296425 303924.8325334914 583.2767896559328 
8011.747331799035 2725653.971654834 883.3815382395184 
8013.095710978121 453205.2281728798 772.6425014487332 
8010.892120867588 2862996.8976102956 15395.002721162704 
8013.959335371603 599012.859487269 520.52851666288 
8013.618756673369 18320793.682491846 681.6850883372823 
