8010.492793926167 2728781.821522317 3298.955542542142 
8038.716420998286 3172985.0191270043 371.57380377672126 
8009.976182119926 17917841.662837774 39560.82744755241 
8009.976232103312 34977920.268119425 35683.24016428683 
8052.490789989792 2458815.52535385 303.67719262577947 
8020.6830761374795 1058428.166885091 1113.0212648798356 
8010.963952218303 2814077.8537352164 2369.2991787156016 
8009.976560363675 26732529.069201726 27879.897799470717 
8009.982074303198 28813804.567275416 17974.660330659535 
8009.975762872525 20267579.095782988 41131.5838265618 
8009.975939582958 16722866.927132864 44224.66835653893 
8009.976000383524 22183893.39087442 42449.70899042659 
8010.3330764256425 46632323.76033429 4180.468374117629 
8010.092635049405 453804396.60671127 6913.936366780288 
8009.982252727914 26567668.456628725 16496.172018341054 
8010.709640422167 5528138.446922447 2825.9101526449094 
8009.97673448774 13259761.356194172 38785.0036395409 
8010.1346572113325 7920278.692400392 5565.527399051605 
8010.16945203707 8778327.248860808 4955.203933412675 
8010.125473248994 21718196.178516693 6072.65423863009 
8010.330628812568 4369327.230581767 4363.466217242437 
8009.984358992101 19784306.264217064 16794.764694191937 
8010.2290072525175 7448237.582147195 5154.270141068258 
8009.976254196634 32801786.984942622 35223.36033236211 
8010.266289394525 9253668.503846973 4679.239891032232 
8010.073446514742 9842262.971156767 6946.192868298816 
8010.002167070201 10932303.194878032 10168.997361744205 
8011.083325028734 4044712.574901209 2301.1487998878233 
8009.976195935627 46663496.11442623 35103.0132937821 
8009.976282494672 26632911.04465565 30740.84173541415 
8009.9768996353105 18046540.642188992 37263.91357718617 
8016.923987064702 872394.3005382258 1157.8396280599752 
8010.04832797416 14756599.651096968 8640.404129447166 
8009.978784947069 84826816.23126753 21402.341287665957 
8009.976946190653 122031518.1389086 26553.44174133258 
8020.745467421836 3635594.856117691 1107.6554363895739 
8059.822049829324 2485300.060648322 283.48618579863717 
8009.978976091907 16037401.794767596 22755.558174538128 
8009.978828021527 337412900.49834144 21989.494399414187 
8041.171625001173 727561.3245213188 342.15749848260725 
8009.978713207534 21025002.566781607 30233.09787753555 
8010.011887535449 9772720.153575841 9152.203472148305 
8025.473876047099 2268364.9009030857 797.2136380475976 
8010.654056194713 5947698.50748311 3033.5280384350153 
8010.413532432531 17540674.80569671 4085.007151545154 
8009.9765614867465 26748492.273599915 27863.940352891783 
8010.04262423636 15778768.478119278 8513.481280608952 
8016.926819029435 917276.2988770303 1152.375392755228 
8009.975718106117 46777340.41962772 124739.5322198401 
8025.926182252 5687777.498473769 745.9485624237839 
8010.944114498065 3726523.810824875 2460.6941355564227 
8009.979260797541 30480395.399958543 17615.457059155997 
8009.979020997671 36563438.41007589 21668.063467952667 
8010.638938736723 7583722.5218871115 3199.7165174104166 
8009.987177571584 16269948.518886913 15157.056464116495 
8012.755062060611 6729914.937590904 1449.4968533642202 
8022.252608706544 3220889.648213475 1081.5782042069918 
8010.453505661685 10756912.615444617 4099.753403969613 
8010.724031669946 5243652.935898998 2751.050189255164 
8010.9391067077395 9184207.419775913 2564.8495425969068 
8009.977182893177 39770888.43934211 21596.212051768707 
8032.854551534857 979265.3526281146 421.4941851585202 
8015.448823233347 1478459.9452461083 1241.9612733766353 
8010.056226551729 11952380.859333724 7705.527155475788 
8010.950739482778 386484266.7026225 2734.84760023285 
8058.129682291012 3859317.814483693 282.65282951655286 
8009.985969687589 22285371.228474505 13450.509891693557 
8010.709872776537 3402411.8566183923 2763.1928647159607 
8009.975880251572 18400272.439019784 40589.13375839153 
8009.978919632874 18668943.991877876 25673.670109515697 
8015.868311120962 1106499.119622196 1287.683968053702 
8010.2497452841635 10497682.166428555 4525.205815997418 
8013.99630337788 59794645.907204844 1724.1762897465462 
8010.002997175965 10219648.612100398 9662.381215395959 
8009.983952252039 14693456.015968492 29259.072259895893 
8011.6965886508715 18657670.425323788 1654.8725752494472 
8012.580662084229 1673954.9462737571 1872.6922001321384 
8009.975833306245 24389624.709151797 61623.316237214465 
8009.976373521972 26217379.401757162 32196.069357742403 
8009.976328059845 13375085.390895076 37333.066121978096 
8010.071160526622 12001749.12399892 7542.001080032125 
8009.987223822143 15920590.993616665 14311.529769231893 
8023.283863491415 646577.9467099879 862.1862202496393 
8009.978907147819 20835529.854443148 25460.657850239317 
8009.97629568927 17082999.78458023 42599.211345859185 
8009.976121994874 16830645.997534513 50956.81646105451 
8009.978810947264 34481496.68359008 23040.053680885765 
8009.987506749449 21588180.355323453 12531.330406436027 
8027.586973132343 21878629.998384893 709.4764648994751 
8009.979743044011 14815225.29756565 23611.11571159455 
8011.430539417399 37180561.045559324 1891.6739936052834 
8032.5542326060295 1226577.7178397404 448.63938873679916 
8011.63765079736 14840997.02316895 1716.2181041422339 
8016.923778541435 949595.5945230421 1154.846514346483 
8010.000423492924 11666188.837781265 10411.556888647809 
8010.6372881535035 14962383.891073545 3236.4193826345986 
8009.9764080294135 23457484.186319828 30574.235764379442 
8039.348740167728 1613240.8282946039 389.595450894725 
8009.975736282546 23988852.955542658 44809.30869783101 
8022.361211132686 822582.7612121236 1097.7196116329064 
