8011.725259616845 185946.50086444613 763.8910089898811 
8009.97558281311 916118254584.8083 82552979.73179665 
8020.006403274412 424974.35756853264 433.80457275855167 
8022.3515480113065 209700.97912055938 467.0230089396916 
8010.002282207977 150453761.2164511 7006.549997289534 
8009.975878948955 13164341.764191823 56235.04174193853 
8015.425188991165 438325.704205021 600.2017038942732 
8014.230659722886 477191.7971792768 524.7687302698439 
8020.719049522145 250221.42921775524 496.119824325326 
8012.575086723348 620511.1653322064 762.5916112769016 
8017.198064216787 417154.4977082459 482.1266690019104 
8013.293625936877 1584353.8005862155 585.8668970633045 
8016.403701375245 462206.3774506581 526.1824582047902 
8011.478151306658 509504.8464553153 1040.6700552506295 
8010.686633642254 1288136.1233580934 1298.7974047129658 
8017.9380029700915 362865.4105776945 563.5253954011486 
8019.029459161301 442287.61129064386 459.0568422572612 
8020.487852912109 384232.0083181146 466.06408497815465 
8018.399504380822 354220.9025447637 517.9139175194382 
8016.4737941952035 425400.3377731111 544.6197875965106 
8013.080396503574 5855962.118533917 680.2187361391477 
8019.562495290977 267952.9293606051 528.4057775159673 
8019.801982202488 365137.36913318443 489.2892988954457 
8019.193359234965 277850.0362252917 535.6478493985217 
8016.460831951354 431461.2521110532 512.4174263639889 
8016.67054188044 428391.2920873418 531.2622725967193 
8011.550682584764 211416.86783027428 817.040716905282 
8019.426211332353 368681.9858268605 491.2916804002698 
8018.341236865173 376563.6535141234 475.98222758475583 
8013.102666190063 3771045.634388732 651.7393070007433 
8018.232688679078 353926.18581169436 531.4519231123849 
8010.386002189971 992238.2213912774 1680.8318512676863 
8018.052872137061 397819.41509320785 467.782329717304 
8019.157097838 275770.2938725816 542.5649425676072 
8019.914766058129 321107.9196108191 468.026004068267 
8010.499826646204 653177.9953035072 1789.2827325753597 
8019.432746643791 631048.1753851125 440.68165768047135 
8010.6034887830465 1470065.5904599715 1552.1059744077932 
8010.261128728912 1528181.6856102613 1763.3903209108664 
8018.1444882651795 384929.2412993978 502.94061018182913 
8017.956549422517 475520.8736718063 479.95547404532175 
8010.186574565085 32763697.608851794 2549.156370999109 
8019.954726810965 255523.2302591585 502.4598017754121 
8010.635147774832 961543.9274255249 1515.5245651723517 
8010.456068545107 20828852.16235424 1649.0642553329676 
8010.1146168811065 2934061.388486036 3007.291413534317 
8010.05203463036 12162094.102505524 3868.465670384833 
8010.6839629590595 23351170.320649546 1391.2267446210108 
8010.464344688909 4469813.647284176 1483.7420351237572 
8010.092945040975 8020346.762081528 3577.7781368180927 
8010.233863407799 4061150.339905471 2338.8151850504946 
8010.2536424188165 43640588.242612004 2322.237821238304 
8010.208117895433 21414522.196042776 2401.1965731599726 
8010.028510389617 10996291.83237799 4103.582773868721 
8010.213665994186 1648452.127207846 2646.008458326924 
8010.111399571498 3581656.952159227 3036.1418454805307 
8010.015093874509 5371606.522743845 5543.216401656819 
8010.095364109131 1853436.8028866576 3258.2653099892677 
8010.026637794319 161912827.36298355 4372.589438640824 
8009.995494498246 9776807.972557414 8015.316800781955 
8010.0088329448945 18465282.95737337 5594.895319828436 
8009.989575007179 18603883.955967683 8791.270666253273 
8010.259959343454 1638275.4451111858 2512.0159272097417 
8010.00660116242 5947082.818151696 5705.263380265464 
8009.99749109298 8907593.840351915 7592.076968835914 
8010.001937196923 6916066.053437547 7070.893187809306 
8009.976043332238 13163977.335661374 41705.09693229822 
8009.984834379621 138612937.43625274 9833.66978834065 
8009.988208280227 10687343.005492786 9861.255648334396 
8009.982639341752 17159233.509587396 11788.454434828114 
8009.9862017286605 8151252.345011964 19375.0122767349 
8009.981671083336 18873323.47316883 11625.567083948088 
8009.986875362762 12870600.916351166 9702.6077393018 
8009.983401332752 8062307.114802807 23690.960360408422 
8010.094414806261 2990242.091564372 3714.640196195351 
8009.98394148668 14654641.20657822 16733.7283422682 
8009.976662037282 10333964.918159913 38462.75941581522 
8009.978115537243 43284548.57663428 18873.895392133698 
8009.977224165764 28984085.74647536 20955.09914511205 
8009.976190547313 14510045.388274327 31936.508871253995 
8010.09444116681 11346359.289187115 3010.24025196323 
8009.9771146385165 21690884.905569393 25987.971155405434 
8009.980947179711 12143432.856771084 20736.7759897788 
8009.979395265602 25165001.71422119 14014.44773719435 
8009.975954338249 1516627334.0365617 36385.307981385646 
8009.980704527899 21736191.964154825 14478.991813435821 
8009.9792736067375 38487383.35250195 16706.342372455285 
8009.980056650161 22244815.654924586 12936.165034100388 
8009.975813448248 18609629.68216142 29771.869691517684 
8009.97994996467 23858315.806360465 13592.346242922147 
8009.978398776123 15823928.245692201 21124.534358064015 
8009.9789109169 20177186.416210853 20215.588996844053 
8009.975888002471 15662239.81352206 33982.0936691456 
8009.986663405799 11818158.372500775 9882.508241258201 
8009.979129049945 43379377.73327082 18466.17426418781 
8009.976672288815 21056726.198151994 28199.320772600342 
8009.980705845226 20322222.51121511 12761.557487825265 
8009.980018619564 10996231.73834333 22367.7946313945 
8009.976397068768 15630457.173242722 28533.087087134303 
8009.978196951335 21541400.872307494 21272.164301981942 
