8033.665191625685 226736.21581741868 284.08966334461684 
8015.41796132573 71914.79269001074 560.0181931338482 
8009.976018795616 13921720.709184691 33642.75825937047 
8009.975720051152 20781340.166837435 29504.22423787512 
8009.986804951359 904514109.1959988 9542.422582620457 
8033.668966446005 213849.2847356369 281.1774038928898 
8010.042955111752 181857061.67633685 3649.2152654579636 
8021.406152527817 119943.57516406057 317.0963182082958 
8030.477309947324 152339.50436028864 307.3772521065722 
8009.976659316879 144789214.76511207 24824.804198170532 
8018.90613403424 154075.27407847167 336.98741443671776 
8030.778130437441 332164.6591986054 302.98973495059977 
8009.977376869093 80830506.25538932 26209.81885527179 
8010.009168122262 73942031.67298473 5546.779252266761 
8009.980321350043 23311750.595342826 13962.473482366355 
8009.976403865867 34415201.633918196 26357.171008566376 
8009.976236841355 12171496.492692996 30983.96835051372 
8009.983870133018 15496171.503094923 11003.29554807325 
8009.978890512821 34424862.909510046 17862.308284745202 
8009.979407549945 27071256.757020038 14428.335721243599 
8009.978764827938 58069875.15264476 18967.416875373438 
8009.976439822944 14634359.836667214 28186.251841412195 
8034.669323516664 112793.17176334589 300.8523838155197 
8016.3881488287525 209147.87521435562 397.72373123426996 
8009.983546266638 13898210.230638651 15963.49710094524 
8017.879748356485 191311.3468164903 305.48831462912335 
8017.072646423636 210612.7359580216 378.60796759211667 
8009.98262247723 15953603.17899326 10454.6223209567 
8014.403193142583 83484.18505979638 482.2140371954099 
8010.14521589796 27110041.9012637 2955.4797334876343 
8010.018809916103 4733711.921676159 4589.5221225780015 
8009.990114780892 8075914.524199859 7745.918768076908 
8009.976456053137 12086923.031779766 30314.878435979736 
8010.002193025876 6734261.053621376 8569.324143665766 
8010.0376082472785 10452008.266828516 3839.476538465547 
8016.667152974449 195276.75974653917 412.9286692619024 
8009.9859700784855 9033564.680815237 18870.73511400525 
8010.262998754637 1157973.4525053382 1874.314079593245 
8009.975543888722 17693402.343487553 28362.829715126456 
8009.994059191087 13165727.874894984 7585.515687128462 
8009.999458877149 10292284.015639506 6927.79381147437 
8009.977312333458 42391521.25184024 20581.352457105695 
8009.976725325417 12162517.667198656 29619.258260022856 
8009.987048196395 15346886.472309578 9407.975552868314 
8009.978291958539 15263035.23957126 21216.85186072216 
8010.076005758601 3514060.3275115164 3631.1181385772006 
8010.3106112365385 993594.9658454269 1387.9787451002635 
8009.987528093607 13134168.361726943 8746.381690882106 
8011.43776829731 222775.17259360998 823.0672102266096 
8014.061580690219 109891.2521154172 523.7603799971087 
8009.976258909779 12114649.762107449 30604.39893796019 
8009.97740139311 16387106.79991214 20844.336200346133 
8010.179726269153 2449404.2816671184 2623.513204515907 
8009.982239407078 13885397.98721457 16156.461339450054 
8010.08085326153 3014616.116147669 5390.4448905934705 
8009.999258494214 2005944083.7394865 7501.553210460526 
8009.986671378169 15161047.05011223 10963.569210644455 
8009.999131420236 10855713.312084557 6716.251805701923 
8009.977169014805 21399162.472388458 24849.607447306786 
8010.007706133896 186282291.90151915 5875.692070312215 
8011.1714415878705 315689.5126300963 856.1958942985717 
8012.921312505819 419369.9828549324 842.8517717079901 
8010.009672462975 11845359.952837158 4963.438745062666 
8015.364138406468 238845.34285323083 371.1692449618971 
8010.4514858378825 852976.6310980783 1361.5413770624452 
8012.030299123473 221798.54567927157 746.5185713105512 
8010.215722331426 1533894.7736080184 2160.5662969233335 
8010.892720953311 623461.2862183584 1274.670603794806 
8011.077846051024 319781.16220679326 932.633899283077 
8010.618364357377 4324231.297847649 1096.3399956849494 
8011.638580699642 216922.8530015591 854.8291427162264 
8009.98096556665 11650752.812544346 19006.66418730396 
8015.102870297605 75479.506792621 567.1996254897937 
8009.975591126342 17383570.050006367 28918.851048378772 
8010.002609235637 8105766.456615374 5858.780663533382 
8010.193128771987 9908502.347879747 2411.3243211513404 
8010.6832893953515 1164670.5515087275 1267.395623239217 
8009.975796335909 17929507.63876423 29103.288424888968 
8009.977574182798 16205499.97796543 21152.16053427428 
8010.203393249152 26357292.346329924 2250.5351283614314 
8010.015363648035 36146400.565478794 4850.887181520148 
8010.785419298734 810955.0651018303 931.7454473899763 
8011.836452208101 249656.62996663013 778.2077594145411 
8009.986814625896 19725347.863976218 8664.730076677279 
8011.750766312571 260577.65125883414 812.4384826052672 
8010.631658732404 2978849.135384738 1065.0627761390592 
8009.976510775109 13112230.343689077 29489.65940973665 
8010.002274910038 98949824.70618838 6102.116099093419 
8010.03869019944 3763248.5989541905 3999.4559054570095 
8009.9767767230405 22026095.178867307 24191.364580886955 
8013.764528826844 125814.77267941493 671.457673220128 
8015.01524582142 246582.78747478622 455.996871155843 
8017.717646155341 180726.18080062725 366.2416654088899 
8009.980760800902 11823899.117429804 19054.51667441719 
8009.976648179361 30987410.71975199 26791.19644776653 
8012.361385121942 174365.62813838376 472.0203299702904 
8012.295390742997 143567.11406370258 482.26214352147315 
8009.976177792412 132070280594464.64 990808386.413223 
8017.732410191303 188267.2781306812 371.6257726162112 
8012.663280872875 145450.16940982695 692.659384451443 
