8036.112826745682 788740.7961343135 334.10707070096663 
8020.5843136904505 462846.9424445209 696.3080572084641 
8009.975510643411 988209389311325.4 7822781.003330089 
8009.975556801881 137060116.42312813 34177.63482087322 
8009.975757826389 11469836.333169468 57453.49823413484 
8032.51510104692 936739.1930512472 401.4895995212792 
8026.936271054545 3513670.5625442467 456.0752488216172 
8015.103952851341 549806.0010922643 807.6396952406392 
8034.8035887575115 4190232.613456598 362.07542794803027 
8018.5805244044805 51360222.12433856 1061.9957151647095 
8025.218875555907 1731166.5451159407 545.502350384849 
8022.9731501932665 2005623.269610627 679.5284896014382 
8023.274673916213 1076860.9697144097 589.4819305021044 
8019.562710499269 2060191.0317990745 731.4046826609635 
8014.032986210745 707375.541845941 913.2672132096325 
8026.3214409084085 1235070.3343096524 491.4914210512407 
8014.920006768292 4147165.5639104415 898.7035913449806 
8018.580634292595 4069861.285162664 918.0385205421163 
8013.515893388515 1938636.3292937987 1047.9702876853237 
8012.908798357399 1706350.0726059163 1277.0613135002486 
8012.230310503754 2529361.638241304 1348.811135429214 
8026.321440601199 869199.5825916355 486.77305108218394 
8010.918669671741 14558461.23521686 2462.7814479118097 
8013.173544510245 947026.0732040395 1079.0070105230889 
8010.492359912923 2837933.731169481 2481.421885965875 
8011.734755077769 1728164.5843770327 1512.3575505844876 
8011.998483255432 2704202.8692179318 1406.1372748343636 
8010.2957297473795 5469963.20832737 4191.891552062093 
8011.333895736891 3423614.776605493 1847.3345659771633 
8013.06391558366 1027657.4896495548 1178.3987279445034 
8011.192954617058 78207108.03482638 2180.294058820296 
8011.106681690255 2701843.4393926114 2095.3199370944203 
8010.186374020892 5534691.542293459 3280.7164922256657 
8012.042582484943 2030105.5653759898 1382.783589156879 
8010.4822415915105 2931539.723166833 2770.527349990535 
8012.2045865168 19417637.57006394 1470.5510069905176 
8011.487444815691 1830820.6047705123 1814.8577732829694 
8010.967913454256 3342544.241376357 2277.9887110237023 
8010.0866402766815 7190542.787695913 4612.399205975047 
8011.5757976802015 1752523.5767128812 1737.4932752253671 
8011.66368229512 3035927.684099028 1634.2037428695633 
8011.683820667307 2961837.543263871 1572.386520189665 
8009.975843615102 10056998.149937272 52893.42393433565 
8010.955620920258 17052588.71424176 2436.810967385467 
8009.976001052079 10810648.81398515 41894.22047119877 
8011.526407684544 9873425.94842383 1720.7398797130277 
8011.511492013174 4495724.467149846 1783.1796428949276 
8010.066722904744 26584348.012481764 4950.403589100302 
8011.553285554776 3931926.313355509 1651.3582008281658 
8010.003683962555 9922907.094245065 22462.311274185817 
8009.9875098655975 13039156.113514738 9577.423995201185 
8011.557260958471 3718270.425429951 1710.790713432402 
8010.025647168664 9844168.58520592 19429.95784185545 
8010.051341885957 4548064.72779163 6787.044077776553 
8010.011733470729 11703235.919920921 8169.226572462846 
8010.038131109355 10431247.21859974 6334.299623300655 
8009.975567333 36579322.40908254 38392.82551543176 
8010.054920325062 14777408.309831724 5907.749703068507 
8009.98479575397 15462109.343079217 16485.517275048558 
8010.032392721895 9835394.271952944 7995.408794993363 
8009.981117518542 30047832.784227587 17997.953241200485 
8009.9858115150255 15019182.496299472 20783.27741878901 
8010.010623260941 15323988.649469756 5852.307664062151 
8009.982461159393 17266947.88669981 11438.033774892947 
8009.97623383044 18956264.283964932 31094.80242382551 
8009.9760476468 40178736.93216458 29488.579545838074 
8009.981893757427 13635274.66093305 26255.63419942565 
8009.987161694014 13582379.021198703 10569.620376737577 
8009.976680693235 23987633.70452499 27674.44267729752 
8009.975775249155 17589424.543503832 32432.70642853895 
8010.033358415559 5825808.302276725 6508.234572340012 
8009.975665373873 90875529.7642599 34909.990603211336 
8009.982211568684 28730250.09361338 13193.267266110173 
8009.979797498991 19644497.86323345 18039.81606056607 
8009.975590476651 64294882.34736946 37063.173165024855 
8009.980739141245 19361771.344549637 18776.058522000007 
8009.976089559201 11802202.151138257 36570.72529186674 
8009.976297783004 33596401.27002841 28393.045972639935 
8009.976546349257 30600806.06189789 25235.80637541339 
8009.9777142159 43557809.355707414 19731.163427855605 
8009.978576369294 16469134.370403318 24651.935398162175 
8009.976515827857 139850847.32329866 33434.858811926344 
8009.983895369836 16326424.184266511 17500.804972212067 
8009.978077126131 33678863.24256755 17076.328136207358 
8009.98457656637 8738573.961777477 23686.237711243743 
8009.977432017369 18956525.92390703 23891.082909290108 
8009.98179729164 14010682.39153927 23075.586508719796 
8009.980062404953 22145679.236003757 13241.904574301705 
8009.976073077819 13219665.706139334 34468.639297757414 
8009.976108094594 15714759.614309262 33559.27713845933 
8009.97739885803 21560269.96822612 24846.58892318615 
8009.977920374716 84066137.8899894 19428.534578071605 
8009.983558870927 10410382.737582445 24720.911638187903 
8009.9756238227055 18548717.92152675 36594.91798933803 
8009.978061765893 18982103.63236154 22592.194041452898 
8009.977970792008 16799270.40045704 22869.984374719686 
8009.976152995036 13589540.64325862 33953.01978704517 
8009.9770368259615 22595833.402990323 24700.99321992814 
8009.9775589157125 23049639.76230989 22982.39668127503 
8009.976054605881 17275337.004292015 33989.86826922538 
