664738.3789475668 78503.18977285277 9.437799533120993 
6747366.77660496 8945.269823764604 259.32138700283804 
5421.808624085014 61942046.24043055 7909.256542169318 
5436.713326256143 47615393.303126276 8804.754881637891 
1185724.9437940544 13604.792668591705 206.16569697435278 
5457.301229578305 23740324.849721603 5685.673483679124 
5455.839398818285 34398573.82978532 4337.043197226609 
5445.264147916772 17885350.235350728 6276.260326708441 
5438.790180341395 36071429.18901535 8255.596745209175 
5439.87069560054 44550546.2404805 8152.975545979006 
5458.090583619313 17292692.134816628 4780.867893032667 
5443.964125045101 18149147.99687301 5870.115656566051 
5465.033110451104 12218906.134678356 3943.156109162206 
5452.915238438961 22882585.515274547 5853.875796538629 
5468.5008404638975 16282008.445713535 3328.546628132171 
5476.991938448625 6990236.78473909 3526.8492014584363 
5461.377962251672 12989299.302884057 4732.549424409418 
5465.84511536124 11032477.96722168 4622.349241065218 
5470.72277137311 10274078.415428698 3202.422527649339 
816677.5315218859 14200.741094610195 153.59095585071404 
5515.051563740866 4822546.836660826 2813.807988263228 
5504.226138605957 8109180.839078261 2504.677012428386 
5521.134746551021 4488354.971753608 2391.3149600040683 
5477.436910187779 6128676.469719092 3051.5179454977324 
5509.492133011961 6058813.343701262 2125.386993985906 
5553.514008800218 3404832.4600977995 2570.4668918515426 
5514.003204360009 5467409.129597833 3096.9840133948087 
5948.021324802678 1888448.9302059559 1000.8031344858905 
5655.414819155934 1851084.3579402422 1977.7390634548578 
5594.862447357424 2516777.9823634443 1804.952289840112 
5485.286942161889 7784192.066702889 2532.127906386198 
5779.720066727123 1907637.9240122226 1303.770713100598 
5550.806123234101 5011490.859873448 2045.507676337729 
5795.783604246613 1038290.141503589 1132.779665815369 
432189.7199884455 20543.200134223734 125.58538863340927 
5565.625270513025 3920927.7928749197 2109.399031874087 
727214.7706995526 10490.631692114926 226.87024382343458 
6148.196030095434 1578814.0066493605 866.4280636263207 
5698.548782463028 4425853.161836388 1504.2675673657182 
5750.429992295948 2019151.379744389 1447.2930729386069 
5881.000125471204 1336060.2435472652 1128.3776752312901 
334398.439542823 72499.52522011759 13.534159898062137 
5570.414146778499 3690855.4618588393 1530.938377502027 
5706.905270130275 3215177.037567468 1338.3143668306739 
5729.087402382467 2889744.463287786 1371.369453635666 
5731.7609253992205 2096965.5779049024 1731.7396004267434 
7171.983228057836 2425851.587539667 748.7637516351198 
526175.8492942033 46724.06827367496 11.551466042058026 
6551.4901081103235 871583.3412675023 794.2346239182272 
211575.57745213783 25007.551129809886 276.73359368087296 
616295.6723357277 15042.969599041024 322.62601655247033 
478233.14409009734 77446.49794468177 11.806261083076059 
693784.1378791027 16978.135387881073 13.583674904898572 
574323.1565925658 16378.919863593559 254.53249257873574 
5776.7639592360465 1633788.2419193005 1580.6259003705693 
30954.98838470706 216407.78870073456 401.02412876334984 
86282.87442279901 39761.23440697619 427.45344038787306 
25572.491427838027 854064.2960614637 522.4785520082328 
186008.24918978038 31862.674852284694 177.09025011000867 
13026.121577015745 623112.5314661342 672.670005485601 
14372.29384562905 379468.80352177384 846.0852926408959 
245044.24663503884 31543.222904175873 84.28173945627402 
20890.47635537331 598828.6249616503 710.493037265244 
116694.37624713384 1262685.2776322833 70.41924646206772 
9167.688603428047 915492.2568102211 622.8013587932933 
134169.25899227857 37452.46891472197 316.63856799867165 
150215.1201319403 49252.025647479204 136.6251050114704 
21616.41557694919 340564.871998178 573.4577528621012 
5626.194008277251 2262987.9095284045 1749.9890012985575 
27463.742516387196 725990.9010627995 480.2317255102689 
658211.0444026463 15880.146324122095 68.31382286719756 
5784.542791835155 1540982.9129868692 1567.165228727713 
292537.5096862101 18064.75652023826 280.317467189147 
21112.714826169817 459817.8706697614 611.0276580112561 
13304.257004673398 755496.9167747601 547.643486284388 
11064.682293379887 1741480.874455302 442.51081211049814 
25377.36662730822 961751.8907555094 373.2669275880431 
457889.2850708337 26835.8439520708 28.931748165035216 
53520.643758950784 547927.8410881025 217.65282271419534 
564410.1189629042 25664.031917884135 32.467778771070925 
122693.52356623036 312012.3873536747 54.55994052103463 
81840.26054435279 62112.52778245843 686.7802724847958 
302126.186987596 27946.76145378483 38.408032757767664 
619877.0991350327 31696.656201631755 23.727985952060045 
66714.79709544744 1412162.0223386073 170.49113547527247 
5748.134059734706 2833958.969002894 1362.4528505152725 
329411.21690000937 92282.2405022313 22.94882770340774 
41573.48186594359 133717.22135439812 238.21125997872738 
258204.40085540805 36937.94410009484 46.1193549345197 
14808.657347867438 1214056.2714946882 473.38870491475564 
171260.6341428884 136994.0469710602 90.82892554568288 
34563.27964330047 400510.17907382903 349.7306039582982 
173455.27725463503 36175.78181132806 100.62388627913725 
277529.17803745007 67533.98307188734 32.85397427638381 
68883.41684160248 62510.52240671614 462.19489507317405 
62968.058107344565 84755.67353627675 353.80461357746907 
5675.871488237711 2165216.4926979477 1745.6319235782955 
5602.298631723063 2356498.6961034723 1599.5444267680937 
5507.844666572672 70127667.13807388 7890.991187577635 
1510213.705465318 48608.108687689244 255.7226304138142 
