26797.535619037917 226123.6864459553 19.494944018079174 
26208.928716971146 227782.67923058788 18.330708990130535 
5296.3578754565115 18707093.21362192 4055.961188840399 
25954.231110957906 219613.42001153316 24.997831215390292 
5294.551634978988 8018122.340227036 4105.624174765857 
5296.854777919496 12002187.041770235 3658.6984684909853 
25640.958487406384 222579.68496645172 22.685815661271853 
17412.384314654024 226091.07559511202 20.904315316463663 
5298.879899714891 11316548.50459464 3351.245604359627 
15791.304046313566 244053.0696456858 24.379665723655833 
5295.16249752325 8913644.98077677 4101.0006757280225 
13442.323191675267 238165.1697481454 25.382375611893366 
5300.180274434239 5546913.527511865 2895.656015524743 
5298.732130231781 6946833.40821895 3767.858318359781 
5299.03505903553 6649881.891958958 3729.15846788175 
5300.257456330493 4547449.6678579245 2850.840264531315 
5303.221840442651 3725371.188924923 2611.1153001979583 
5311.662983089064 2726378.0913374713 1910.3232028056702 
5314.133836198118 2914029.901820573 1750.7265395324566 
5309.4997724318055 2806681.866163719 2144.046011530993 
16842.15385082831 235564.36696306695 28.793255892038516 
5318.891564423783 2398781.4949697405 1661.8703396980518 
5346.186728789919 1824598.5411540673 988.643544963753 
5305.662100640435 3302765.4608862456 2002.6667058278354 
5388.694675873034 1163366.2439098633 752.6836289183697 
5299.416961791129 7734037.748592301 3109.5195127062107 
5302.47130622331 3859098.4531813404 2343.226744435238 
5301.7768375202 4213780.454696865 2451.531133818111 
5326.890714036081 2082601.879674088 1531.8424398719258 
5322.338182378806 2308594.9070550776 1459.0959651263881 
5365.55892049463 2105597.144948529 884.2487110412809 
5303.602936204816 4718706.089846731 2226.7928859036783 
6263.021139374787 667527.1274243215 270.30597251146094 
5299.772291185652 4952824.841077624 2936.938828783208 
5302.010117810598 4069724.1892124075 2511.105054075484 
11567.328932032653 251494.16456265 25.648569852749535 
5299.070091480495 7365201.55688131 3396.204776098456 
5975.690065225155 818671.6627081799 363.868757744109 
5298.934143444584 8079735.454358355 3245.3007295483967 
5333.889237600035 3795406.5113171907 1189.420105295206 
12361.084099805692 261488.73215184142 22.929979504303553 
6383.382620809288 1029706.9594046173 233.94345085917678 
5298.646036110797 7752300.131145405 3586.1716645451415 
5709.0619678964085 1422355.5675210922 515.5547253284735 
5299.81911914203 5054157.104682422 2895.904780152036 
10491.41215039699 264625.182385149 32.304359859418625 
5328.800754114347 2434439.2467362797 1282.7735101056776 
11182.430594594864 261469.89261243193 26.684174656867047 
5343.0277713566475 1972011.8913739077 1081.7570494579975 
5298.264508375831 7073853.63035343 3683.4918687881745 
5298.363907096178 11517051.694934575 3456.1907587678857 
5829.331009004155 616781.9335461116 423.3427449680465 
7831.299088989972 437268.09908926766 170.14812537964968 
5298.556898285879 8608098.176193353 3398.0429154582775 
5335.796873653063 4290896.699496302 1124.138061712407 
7416.405240359412 426536.88704075775 215.09316620686576 
5651.9047105282725 1648044.92119291 571.4160675229099 
5299.312876116613 7886940.06451519 3035.091784843374 
5532.502795970841 1940330.5923263705 730.5308820924286 
5323.540080899193 2977540.199515866 1387.2881942123997 
5355.3051129789455 1450397.4656170125 903.33917263253 
5305.045231310574 3360246.545488852 1990.6247428444237 
5298.3343802037525 11694404.862155354 3473.121421855573 
5299.047432945977 8080633.030766094 3175.709517252081 
5640.521848604851 938813.4952863207 660.984223472023 
8676.487380408447 341393.03594473016 73.93395451271908 
5297.792777735409 8334155.273364527 4097.320033473145 
5543.167680511337 1239240.9812013863 669.3212312933442 
7205.035814799648 460680.8214261127 206.4189951563043 
5759.439817813986 1234698.060241091 597.0882770955163 
5332.818194831355 2069188.5297490386 1320.4802312897762 
5827.883403094782 764222.1853731859 465.74456091186676 
7922.903002973964 424741.4994137647 124.16797548343169 
6693.826457275148 547330.7022081729 333.25906357015464 
5304.858868111656 3535831.659762318 2573.804028721844 
5299.350847965149 6957970.087464327 3517.886560286161 
26208.928716971146 227782.67923058788 18.330708990130535 
6960.489130083695 726232.4262265024 172.83208900439624 
8471.88396060826 350338.5262533584 77.22514112131329 
8202.315032228471 372588.8984177006 87.45601492486622 
6663.804673905212 549549.1020485709 353.36180142752556 
5299.602836475832 8100533.105586997 3021.738170380214 
6802.1175010014795 488343.0778202323 183.38590117539982 
8069.519503128183 388463.55376261286 99.00118540520573 
5308.33053722466 2752134.728551645 2293.589294789912 
5300.694858226904 4451095.681041713 2260.393048434944 
5300.445513749679 4398446.797896294 2572.380200571399 
9876.519720656652 282347.3749241468 41.86135888342424 
9028.587649021209 316274.3529709577 53.574819437673895 
5297.024826092583 8500634.265684567 3494.8488902373206 
12525.77907241472 260251.0254468649 21.719617356546436 
12811.292592597458 244347.54871351944 31.820928965699665 
10155.236335980711 271006.15164926817 37.622380356201205 
9470.154603863251 300716.8137833026 50.329695499286494 
9740.175052028892 290322.16951718525 40.30977163990651 
9091.441051996666 313639.05581417895 54.728125217834474 
5341.842608629386 1585545.5794269294 1284.843885026038 
17069.196066302822 232044.11970659212 23.110284639721407 
5323.540080899193 2977540.199515866 1387.2881942123997 
9342.62025512919 302148.77959109755 50.329695499286494 
