26259.72139109561 203655.04264843732 13.64794965918226 
5286.619739575368 9635385.958585398 3760.079833236502 
26412.243803518042 199905.2123578816 19.97370790425581 
5286.6629520760625 8143091.657843671 3837.0262325251256 
5286.955531120802 7201671.170724199 3498.492493465496 
25671.21226123944 211571.43231937583 19.09731077731539 
17670.357690289246 209628.88951710012 21.20473759132548 
5287.621337378281 5788222.071743233 3165.4366024017063 
16763.929471923737 224699.37743442523 22.386316457209134 
13574.256993595098 222776.1455474342 23.330777346010997 
5288.044770107937 5271072.860406877 2822.21168027271 
5288.117765887706 4986383.071862434 2949.434330736736 
5372.080081482933 1117119.7737112609 1015.0922354562746 
5461.662799181611 1635084.0758972466 760.2498012316572 
5294.455167124803 3415244.9668714358 1795.5941222138003 
5289.7128977301 4203787.278308203 2346.83753768487 
11867.310410742111 235690.9829560242 26.014825478661272 
12565.214279802585 242449.1053072149 23.740703910083827 
5382.212187382655 1399327.156507174 876.0453061631737 
5291.51680477952 3776205.885333401 2090.306215317152 
5290.32939614599 4293483.702532136 2184.251288322553 
6960.489130083695 726232.4262265024 172.83208900439624 
5310.364193794128 2351272.186734111 1396.524126733858 
5313.135307020621 2035423.7010314628 1329.1245343496726 
5298.101243833344 2508613.3152355133 1673.928015062061 
5910.319521693684 929645.4980587729 487.25050325727403 
5824.675142055911 1761091.3713188372 422.3770416031333 
5301.441413521559 2476523.934042155 1531.3608987795678 
5842.364384148945 1738123.6090572923 322.2213131573525 
5473.663091459081 1351529.5497706097 860.9727632065445 
5664.845390720001 1023466.4123510132 592.8627046696054 
5770.654350556475 950812.595570867 531.2531941199724 
5418.703775104042 1838528.0659661572 841.8453589522342 
5289.113906178329 4711400.1834080545 2449.799417524753 
11430.2232175365 248204.72568628535 24.61481627527481 
8826.374169361337 318112.36794919474 86.34485960757004 
5292.509033988114 3233175.0281221746 1887.559747434142 
5293.796157750497 2919341.0590897445 1863.14018648872 
5330.928748285408 2118145.8525535753 1177.3946316468694 
5288.639829515351 4513016.501752134 2692.840042989292 
5330.218338954134 1875099.5097370804 1224.0515892098922 
5566.846130942824 1070308.3246669103 709.3539362610084 
5292.590882626245 3078482.8281299113 1914.7789409510597 
5288.086293876432 5145925.0213835705 2767.1117422406 
5290.418376666541 3971043.2603366235 2553.063840687621 
5917.211654945062 651835.377408713 369.551474314069 
6619.67955071276 599807.9778624448 265.04667561212864 
7477.928222809913 434384.44539290154 125.69144777865893 
5288.2826293467915 5056431.056411548 2856.1351372499676 
5300.967759986085 2081066.4961354476 1598.541065978731 
17046.780602943163 219790.67715924585 14.613733975084049 
7890.177181588354 631620.1337994538 115.55722215278209 
5288.349585062267 4669368.510946319 2899.8263040022575 
5343.634002451209 1474758.3821929768 1112.6648478802545 
5325.537794774306 2690311.006489834 1248.1758364459272 
5610.259070993803 1437640.015392795 655.9985789777988 
5288.80222834973 4779188.011979014 2605.657875223046 
11012.891291201611 250866.6719964561 32.84098277237716 
5288.73601854958 4559649.626456964 2657.3885314814547 
5290.094756208925 4030316.094352276 2246.452262908573 
5295.666447191856 3153529.1458780095 1820.029374287002 
5290.023758565083 4085669.846788453 2294.0203925731876 
5292.196242160083 3567301.281599365 1980.1766475113893 
6124.998442739895 652224.8020824164 259.3012013377744 
6124.474911918478 664151.8682729257 268.75057198222817 
8151.244034642395 390174.9510045495 151.09668331596464 
5317.088362032792 2222668.1773709366 1269.9796587260364 
5288.556675165904 4904289.830822254 2606.4093271126408 
5291.755738725294 3482028.0202897154 2147.80487467417 
10754.088724370273 257568.04277147906 37.69520886853792 
5291.397262911043 3721745.6465022513 2274.083747557334 
5304.109370648951 2792222.6387150153 1466.187719236425 
6802.1175010014795 488343.0778202323 183.38590117539982 
5290.426298807666 3926572.8622132847 2148.5897097442726 
17479.606226960055 208932.42173149416 21.237256060544052 
5289.659195597997 4435649.005204499 2463.1431491911044 
5308.134564592887 2797435.92545892 1439.3685156281242 
8019.396549554691 395871.29757486994 184.55089740982604 
5347.2730188035985 1455526.4096407427 1048.3762892225438 
25949.01928026205 207548.94615414756 26.647081512329958 
5289.059309625884 4558225.322076449 2474.7878323271875 
5292.69107388172 3012248.1708283573 1997.6297531609816 
5298.514606113839 2511350.6342768604 1637.2306654082179 
13090.34920065775 232016.80043565546 29.208926645415033 
8555.686931074175 357395.9564136402 93.73437297626418 
9879.98126653509 266750.3906153939 40.85763825867782 
5291.9316661405555 3591006.2850899044 2020.076404076267 
12992.02851551351 230186.3334380842 30.292980678606376 
5304.733051928576 2576496.5467249453 1457.9284260490867 
5775.27988038852 594085.0509723619 489.34040813680014 
5346.143191023348 4949708.053279163 1109.6249918814663 
9993.344495714178 262902.81588786026 37.50400968812282 
7167.756083963962 488267.98531051405 231.33404323458385 
9117.893119239874 304514.2507776599 49.29560050433517 
9498.244855603964 272257.8088219019 32.159371376760575 
7366.130173011377 437811.7757737135 233.36449726557018 
5288.523333850534 4670367.180086603 2759.6208822906638 
9266.795406523022 282054.74026516743 54.122909957982145 
13530.186951263215 223774.3345117598 23.506727080996214 
5558.677027304197 1471437.3692837437 617.0815912812229 
