16228.62462294305 367507.45279180555 40.86524001379786 
5309.705900108369 45229382.849680744 5142.216183717992 
16475.718101634342 260892.06483971197 50.02074552511666 
16545.828130020738 261259.1479793571 41.79870458199012 
5311.035819786238 17506290.549334724 3222.6309283312507 
5310.124121880452 44017166.49190595 4967.0840767044 
9857.591793435942 300844.2009723252 52.10023804350343 
15997.643139499718 278908.6287714809 71.30432511926583 
5311.3185189030555 13383643.807689613 3156.176871137712 
5310.01362126077 44436638.87312969 4864.6863436202 
5310.442063344663 9051081.286428943 3879.3597561616243 
5313.22295726013 4428609.967843229 2513.1650997537517 
5311.266590376699 9568863.617211152 3468.5037607526883 
5311.766320792598 7961100.321629816 3476.9626977031967 
5318.0540256619315 5649584.773609323 1851.81221981644 
5311.364832369218 9323941.317478826 3601.977800524614 
7808.266596709235 510644.73859153804 162.01260581416182 
9116.638433455826 316203.049487935 70.23895421296425 
6188.015006465014 679742.2773946496 319.05072837266096 
5310.584575086128 8630275.068597062 3765.6935694597455 
7334.497439345957 443541.9795029614 170.65856148376702 
6663.804673905212 549549.1020485709 353.36180142752556 
5867.367434970914 717080.8786326976 298.48826245517387 
9420.039606717812 311549.42639041564 67.4675234460266 
6960.489130083695 726232.4262265024 172.83208900439624 
5310.972456704583 8343866.992539971 3711.1968416882837 
8642.9968028787 346750.60418144666 79.25340265137471 
8875.99597847637 317129.9798078761 60.592765067977176 
6383.382620809288 1029706.9594046173 233.94345085917678 
7191.954711585102 471882.9588377921 167.0623229666911 
5351.625980695946 3498450.1873210547 980.7793689415553 
8359.076576721589 362806.0991501668 87.33312169671822 
5312.651065082927 5210356.1319925925 2326.013000171814 
5621.784325654793 1490296.3324394831 584.1229397796704 
5328.859674482455 2130325.1265075835 1454.9619552599304 
8142.014074166132 368237.82419030287 140.97944271549153 
5314.40909525083 3910166.7856916403 2239.0230552616686 
5550.204961377664 1130077.1735415412 720.5177492476706 
5753.667414184362 1089003.3607953745 628.5185582743429 
5334.189697738655 1841258.522823527 1344.1730244934352 
9549.902595084786 307361.32432431454 50.2121475471687 
5443.421085695667 1034343.5797679533 775.441263813929 
5334.057111272644 2853381.0109742098 1289.6054974119654 
5829.331009004155 616781.9335461116 423.3427449680465 
5358.988622303291 1312286.143171132 895.1552794732632 
5504.964663897393 996375.6857929665 811.4976974582818 
5323.130680118394 3049554.0333720054 1592.4502266635 
5329.614639218164 2019592.2994276963 1421.6140202599063 
5640.521848604851 938813.4952863207 660.984223472023 
5335.1954949542105 1793375.5997791388 1246.003250972085 
8746.51195077576 337774.0837943826 108.94847267614895 
5320.484264611848 3200801.0767350937 1651.5737200535373 
6790.72467230241 494242.0739743667 197.15830136930657 
5313.3661115302575 4589738.2056423025 2366.06487231159 
5315.099117063613 3626271.6634888304 2091.8444658075737 
6263.021139374787 667527.1274243215 270.30597251146094 
5320.410366409291 4324646.862871905 1819.2646682468123 
5316.3579357565995 3244937.525492792 1962.5120615128471 
7976.614739167319 898609.99349753 120.84362736311869 
6778.366263183268 820744.136673288 213.57915559871742 
5313.2655840368025 4761314.636030941 2295.4699940687765 
5348.294322663077 1601421.8907134417 1096.8077379564622 
5317.927406415847 2952177.794856588 1918.7444641030745 
5350.430140442968 1527927.8872223408 1039.8057180457886 
5315.272478235939 3550579.528385818 2024.979256868578 
5312.804692263352 4821216.058057821 2413.9002452316818 
5343.719335566435 3000058.3050717954 1158.601435381341 
5323.427827049766 2382472.857987655 1744.7766072756608 
8214.021286189916 462050.7106591502 95.65529833988838 
5317.2616678653885 3163531.3392013093 2151.034747288258 
5771.580768471069 724484.4486241449 531.9988792494147 
5783.778240529245 1894146.2823632138 463.4881086481647 
5345.090003857056 2057746.966698438 1191.6454307273007 
5326.394780436163 2598601.9754784144 1537.393352368692 
5363.110594907763 3935063.8480266114 866.7371726957099 
5322.621881200759 2437363.3281866955 1712.0336062879392 
6341.970805556716 565008.8803406496 247.2602045062901 
5314.916229023647 3601917.3105049822 2183.5866478034577 
5812.453676047527 658236.0107653685 360.28905593130787 
5392.4732341692325 1203448.5211862437 856.2482777048905 
5321.430647953194 2444209.414228404 1785.7670704294055 
5311.8070812501155 4857512.135183447 2413.75460389622 
7314.3615843978505 445360.9240502073 173.44880379345867 
5406.855281966828 1146610.0166201764 688.3947567637416 
7994.773692566016 477489.8294983203 114.09686895614034 
16109.391358114995 279185.09106049564 54.28074960376465 
5315.7256576286945 3401337.226805117 2061.346380156605 
5326.394780436163 2598601.9754784144 1537.393352368692 
9730.156457076417 304123.44949033484 69.13798725830412 
5310.699216334013 9468972.7975102 3720.8847744419977 
8326.092362136853 435895.6686522028 72.99542489464679 
7831.299088989972 437268.09908926766 170.14812537964968 
5765.3335822702675 1003424.6704634022 487.8259349691375 
5350.150538150877 1363528.7566230474 1078.5060141866265 
5321.02174466548 3185507.5279885917 1867.705249441687 
9730.193887947356 303879.173053127 69.13798725830412 
16165.601251275739 268318.04173979274 48.35028171283915 
5318.101638821171 3334200.196305796 1863.3551597243518 
16212.601409847 363769.5994316522 43.972291409970126 
16509.19109017671 261802.15526251943 47.271341087202664 
