9521.70482536865 316799.7465850771 63.12958275377146 
9566.166891682891 315029.03806677525 66.9524460084873 
5336.007965197627 8559314.028827647 3251.6412258950986 
9566.166891682891 315029.03806677525 66.9524460084873 
5339.676559748012 5275527.802726427 2430.5870314306776 
5346.067066696346 2627775.4665094456 1631.1354773085202 
5340.58805705023 5173439.381448114 2388.947361939313 
9212.032276045307 355923.5105040667 115.6215764679602 
8764.502699522094 356378.91879292147 85.12788483610147 
5346.318498571887 2432691.6501611155 1580.765085659339 
7727.992334645531 591589.0723434129 191.59728775499326 
7421.345538065081 472345.96131135686 202.62573188015912 
6468.892975328879 737557.1646536691 308.51207491639394 
6240.64013445351 1019384.2783556108 318.655740278611 
5352.774786668165 2051679.9660308694 1403.6711120257291 
5739.237043179123 1748958.4291742616 549.6999314429786 
5368.106790605756 1849062.8539084217 1028.8128591894554 
5480.663097573122 1537029.1982789622 714.644794355882 
5367.90043092826 1983035.2957893268 1178.4576895246046 
5560.3881447881195 1456727.9532385906 660.1945504937053 
5365.691454163685 2501584.609993654 1224.458038464263 
5694.603207590137 1363621.0963883642 601.9461849328702 
9327.986943100748 350611.075271431 99.66665546157229 
7802.535374044966 584321.8857186108 193.15975932172677 
5640.718108783154 1258754.2094361405 777.1192172371425 
8631.214209637812 359600.82132621564 90.21509680371064 
6620.5148999161465 879215.4132316159 293.71227371495377 
6551.086988514709 843447.0526246051 304.23076477665785 
5354.516844975613 2279848.2852138295 1338.5035389074885 
5369.5603493604485 1815614.7086119812 1266.023282202093 
7911.899102630218 529951.1358492388 194.41451588830796 
8157.402005070791 542178.2123979167 166.57749343917467 
5407.111203095175 2080999.9097460038 894.5172536859338 
7949.509148082075 456096.4506486417 222.2515924219066 
6978.809517387711 1312261.733622456 242.91970389339377 
5469.993652206731 1400542.5100130853 745.5064813823775 
5754.979550224387 826988.0434797301 617.062368998155 
6706.010534483688 1207829.8438266688 287.2668768486055 
5809.378327330929 1136470.3033567085 439.20072260899224 
6845.503462354656 638340.8824723638 347.98742275744723 
5410.555868695311 1088919.9523509617 785.0641219933416 
8528.7985988023 404847.4863675228 138.00857316303183 
8339.3328885608 1156246.34841431 130.19032021034351 
6951.965783987598 573674.0202778225 299.94724846096136 
6027.981028449952 638114.0309141295 395.8570400812877 
6747.408239660181 752899.9093200439 276.2549331426218 
5669.876104142727 949791.4486084937 678.1421207488438 
5388.656120334458 1926773.477997799 906.2635334630506 
8720.040633207853 358149.6273112233 81.30502158138562 
5407.557838750693 1449319.9812355405 846.2485852959504 
5356.130748407388 2195105.6572344652 1249.3947840439 
5972.090183499551 714051.9564471387 484.4906565660578 
8562.329246814377 389182.34971304843 118.33016276254862 
9369.2565478138 336529.5314026429 77.23624474485598 
8055.439200032628 447226.6941596562 224.84794292440637 
7141.858504276072 678851.3155422335 247.73212470692664 
5504.964663897393 996375.6857929665 811.4976974582818 
6080.108220532731 772905.2099597639 361.3379836565121 
6197.325728599428 640070.602501068 327.84756110554065 
8388.524104434677 471453.7671480214 151.08107435853594 
5370.819222393441 1513951.2170624519 958.1395139210538 
8064.072623109039 600808.6195614012 163.78445285244598 
6856.659277650967 620232.7950901374 315.3335818273502 
7194.087990133786 631494.271450539 266.9324866009136 
5512.793087015632 1270659.8200025063 742.4589067617969 
7062.397413534314 719433.915122338 299.08479397746004 
5396.433417395914 1486681.1061246442 972.982838201783 
6162.423410181288 931851.9489412626 318.66187983407593 
5909.824586360421 724220.5630037296 419.1679550302934 
6119.198229269281 1176463.6611417131 310.8072277236988 
5352.222643711688 2223607.961683657 1352.8105474738286 
8200.300754077964 457843.71383278526 214.39440612682398 
8453.727886390843 592772.1536611612 116.80508139817644 
5980.834417779934 675047.4861998989 421.78021725864517 
7230.385304873026 524768.6165429484 238.0758206384058 
5367.90043092826 1983035.2957893268 1178.4576895246046 
5832.87662862208 843063.3619388432 517.9110185421405 
7281.443860956809 510416.4260563862 242.91084614310304 
7090.567996718087 726766.5586565081 245.74778388284756 
9441.775056035813 325681.4949209192 78.14879604899163 
5841.730041630483 1046133.3683822372 481.63234685474407 
5888.510067598346 973427.9772122949 366.5400946261009 
7395.3988864174735 502074.03720201296 235.75679730887094 
8433.518372421182 419991.56209472794 126.29674579668861 
5849.891323856593 716415.4620893006 454.4418334483369 
8273.972658633049 422230.5164936009 168.3314465043446 
8266.67259318709 428486.5907780874 174.7954210533066 
9446.609641009192 316739.75012062135 69.51613820474044 
5871.7761821635295 830094.4402989495 383.9815954360922 
5391.1342424640425 1451295.6771201983 1016.0502763132532 
5746.227133690964 890340.4387580992 526.5420677154939 
9514.299674786695 317239.26801836136 63.12958275377146 
6721.176851969745 793884.995305217 256.226161561756 
7312.454304578866 506894.54472469364 282.21613006230405 
8230.398824271386 518189.05602262507 193.17974968635534 
5354.086939941877 1842221.301230594 1386.867648297567 
7353.421812126573 599709.9486072789 229.23138780386222 
5354.022107385501 1903127.7770572582 1338.9538163277864 
7342.593383437006 482951.6904820517 236.64501101918785 
5349.1212295810565 2276135.7485737945 1394.779194543898 
