5297.454514700063 27467962.195022956 4542.19671614408 
25674.854488258577 226222.85308571384 19.767396486226374 
5297.587394567912 27860563.049626373 4296.568242691044 
26087.30467761603 220926.09931746736 25.232113286390877 
5298.592134193046 23745621.66389747 4525.360891646036 
5300.309824738928 10225240.026046403 3207.717191923291 
17107.302002610017 232228.38327821248 23.943049649099112 
25318.462258056203 229840.74402947334 20.081069831535586 
16737.51729633882 243209.62466981285 31.976724075887994 
12996.41035141317 247159.78074854187 24.91712201321002 
5297.760207486719 24230520.59118456 4162.860837195979 
5299.222131599734 7495876.513674391 3946.695374746137 
5299.815152426316 6974095.142935964 3783.0947459745166 
11569.198957570636 252200.14322056252 26.65796062961898 
5299.176692608082 7750168.108984226 4121.904667484889 
5304.111745487234 3297197.2061441066 2066.3807558505696 
12541.90152024485 251983.19293454272 30.85827924512974 
5299.16492501584 7883935.028980826 4315.671095359181 
5313.264326405601 5606453.754073798 1820.2504208375076 
5299.783239930936 8035711.03385528 3315.690148647198 
5346.186728789919 1824598.5411540673 988.643544963753 
5301.192728516978 5163628.068997128 2712.5556868479407 
5318.485781225701 2560911.5659674425 1584.617287605561 
5298.9433448803375 8516047.493917966 3653.5830039706857 
5829.331009004155 616781.9335461116 423.3427449680465 
5311.941847652348 3187631.396869551 2189.117885796992 
5299.496070478962 7244885.41964807 3719.9621115265836 
5300.709607322215 5834987.498833524 3233.872440889568 
5299.4180948886615 7875446.284266758 3447.2750678417433 
5300.354268299772 8579028.743620932 3102.0416946932155 
5301.063520651428 4768412.735563915 2885.711063422902 
5300.037122543334 9275701.16063599 3305.622458620126 
5355.3051129789455 1450397.4656170125 903.33917263253 
5300.626500356441 6768951.155543441 3500.816288279567 
5319.014432497768 5206742.2423727745 1444.735384317605 
5326.626112605839 2292620.9463560754 1140.2241722559545 
5300.019317782591 10199576.31290984 3288.336879476909 
5300.795315321743 4696920.155150266 2979.7604526500277 
7310.317090237908 452151.5715563506 167.227037495508 
5301.293998011535 4516846.220888493 2810.711979635244 
6383.382620809288 1029706.9594046173 233.94345085917678 
5709.0619678964085 1422355.5675210922 515.5547253284735 
5311.606085643849 3887205.0988591863 1983.784692249152 
5314.482524891578 3442544.189632852 1877.031934534849 
5320.284714311745 2485347.871754229 1505.9582037153712 
10720.484588875479 267486.409010776 36.38065621419169 
5343.0277713566475 1972011.8913739077 1081.7570494579975 
5298.987963893558 7946816.514727978 3581.952020547337 
5323.540080899193 2977540.199515866 1387.2881942123997 
5388.694675873034 1163366.2439098633 752.6836289183697 
5314.966277237886 2683049.0037247636 1704.767602655577 
8285.339680406072 350603.8946958984 76.94562100462386 
5301.5397374973645 4291491.388789537 2656.5672039372325 
5651.9047105282725 1648044.92119291 571.4160675229099 
5975.690065225155 818671.6627081799 363.868757744109 
6263.021139374787 667527.1274243215 270.30597251146094 
5326.291472636636 2309340.555522625 1248.9947480753099 
7831.299088989972 437268.09908926766 170.14812537964968 
5301.325702715576 4532826.011476642 2571.0425624356135 
5532.502795970841 1940330.5923263705 730.5308820924286 
10200.320052072462 285896.5232703342 48.938127341029805 
8069.519503128183 388463.55376261286 99.00118540520573 
5313.660147575652 2892577.189743228 1900.0459733741463 
5303.472233926302 4094277.581584304 2440.7626370318876 
5300.605696530118 8554156.77553144 3098.2769621896537 
7205.035814799648 460680.8214261127 206.4189951563043 
9708.038940788094 292906.31635126914 42.00874888752508 
11182.430594594864 261469.89261243193 26.684174656867047 
5318.070064434323 2525119.6869930187 1725.8646101336644 
5759.439817813986 1234698.060241091 597.0882770955163 
7922.903002973964 424741.4994137647 124.16797548343169 
5303.568108290753 3956580.1142378515 2295.118086542405 
5302.155669831868 4342651.496953325 2372.9967993631644 
6960.489130083695 726232.4262265024 172.83208900439624 
5640.521848604851 938813.4952863207 660.984223472023 
9195.963481754405 331869.0007032572 66.56335956877494 
5300.10677101869 9142700.416230902 3232.3877374800236 
6693.826457275148 547330.7022081729 333.25906357015464 
5543.167680511337 1239240.9812013863 669.3212312933442 
8765.804881656572 337436.70129221835 68.90910865957679 
5297.760207486719 24230520.59118456 4162.860837195979 
10226.148724721186 271747.27575697226 34.45089105105085 
5299.851795000087 5731471.585421631 3504.9349880843374 
6115.01024859706 850780.1829825592 262.2665686705937 
5384.749202753129 1413671.3947020397 835.4681719974252 
5303.602936204816 4718706.089846731 2226.7928859036783 
5303.028351146627 4335341.953957811 2517.3223073944114 
5300.959291110329 4483039.564826276 2941.0608229556983 
8676.487380408447 341393.03594473016 73.93395451271908 
9643.449456135473 295146.12160668155 40.8381486279682 
5332.818194831355 2069188.5297490386 1320.4802312897762 
5303.5561615238985 4227245.128343366 2320.763108031433 
6663.804673905212 549549.1020485709 353.36180142752556 
5307.659852926451 4378593.410057122 1973.9710309509526 
6802.1175010014795 488343.0778202323 183.38590117539982 
9245.015823385975 330652.1479322033 67.88278109504492 
10997.553189030663 259871.57606266142 32.31454560029663 
12664.104389267353 253722.50349232298 21.99075060209983 
5324.197572723593 2730472.462437604 1300.3626566487048 
5301.728256289354 4538114.414884104 2462.6304308685417 
