25719.933784964098 242416.9317658874 30.89302588699811 
5302.162984573896 16601218.312745435 4940.509173262831 
16762.578651952394 250071.31519937838 32.500404355140546 
25326.624162719843 247500.50873930365 31.111934863483327 
5302.672732816207 10852151.195024397 3987.345112089573 
5302.313781477502 10068404.183518015 4409.728875995844 
16356.97675324772 262933.93255422753 41.80256556662227 
12927.103867745494 265813.8716112244 35.318945010985814 
5302.923825391305 10596277.197383808 3580.686586010916 
5302.721235113646 9151978.310211811 4152.8521525013975 
5303.092693972569 8387549.720054026 3835.2979045529273 
12536.685115324286 262988.0736099432 36.833881239623956 
11463.279107298842 273856.3253715791 35.130876030962675 
5303.717324521606 6340794.554365118 3172.126495333838 
5303.21191909092 6999733.57287046 3393.3796817907323 
5303.088911332638 8213610.443247878 3910.0195107595837 
5303.126837556965 7837352.413568191 3604.3641136390306 
5303.0978349673305 8687505.202556493 3646.566478446854 
5303.1273777969045 7274191.590333838 3373.6208203724054 
9925.751277568064 291105.1017352717 40.66728729365832 
5312.796357142249 3288848.2768594776 1997.4100247856977 
5303.615044341264 6684994.637277232 3098.22674745569 
5829.331009004155 616781.9335461116 423.3427449680465 
5329.070737509398 7404211.485018471 1191.7027187633823 
5303.833387658546 5541775.439523869 2986.8506532254673 
5305.440274440544 5051401.602248524 2891.1016313863392 
5302.599928153982 8664961.492060576 4179.3980582436925 
5312.0384041536545 3538165.3848203877 2125.4307656929373 
5532.502795970841 1940330.5923263705 730.5308820924286 
5310.786479423992 4482342.802124321 2174.075819074763 
5305.87614773255 5199111.995132209 2379.4486939171 
5324.197572723593 2730472.462437604 1300.3626566487048 
5304.670144110449 6381980.680123661 2774.150579240943 
5304.673881789766 5723648.239403259 2804.107037051522 
5305.354129098025 5968025.357173037 2639.443879801602 
5306.5217031133025 7193348.688250116 2298.0220243863305 
5306.534569026525 4808116.600039153 2575.6521645450193 
5651.9047105282725 1648044.92119291 571.4160675229099 
7297.942591720801 444583.99855303654 168.379651525592 
5306.580313329994 4593053.6553268945 2198.5978497665697 
8376.55101298366 355741.3945579182 73.93407507679073 
5709.0619678964085 1422355.5675210922 515.5547253284735 
10572.26182442222 287105.81715269055 40.93351546298225 
5308.836634836992 4029463.474283927 2322.9439908234035 
5305.815609278764 5344734.301934867 2495.466351642815 
5317.646648852308 2938588.040197549 1788.9821533037084 
5355.2381655510835 1551851.5632306985 834.0863182497835 
5355.3051129789455 1450397.4656170125 903.33917263253 
5323.540080899193 2977540.199515866 1387.2881942123997 
6383.382620809288 1029706.9594046173 233.94345085917678 
11073.991576760962 276483.82889762847 35.032037959347015 
5314.827082951701 3674879.9239165676 1892.8360797766925 
5317.568528460335 3434932.1000421243 1700.9612301268103 
8992.405763488454 333838.5892822824 61.424864782915975 
6115.01024859706 850780.1829825592 262.2665686705937 
5304.115519695028 5907532.510052841 2927.1050337104753 
5314.053341804985 4739042.116112006 1869.7559438748945 
6263.021139374787 667527.1274243215 270.30597251146094 
8682.582913191485 347092.2660814903 68.99541696608739 
5321.186268512917 2406111.9326043543 1611.444269051367 
9458.109569094324 301166.35837874486 47.33430319972361 
5640.521848604851 938813.4952863207 660.984223472023 
8116.278980828654 438310.35207540076 110.81054181622142 
5313.7058626401895 4090506.0414799643 1901.4430122168123 
6960.489130083695 726232.4262265024 172.83208900439624 
7831.299088989972 437268.09908926766 170.14812537964968 
5388.694675873034 1163366.2439098633 752.6836289183697 
5304.817776179759 5204850.155527198 2698.3196060261257 
5757.554278499797 1067080.0598530667 650.9103595858024 
5341.198152992021 1360346.5902304607 1054.164257232931 
7922.903002973964 424741.4994137647 124.16797548343169 
5341.894273306174 1732913.7198373454 1006.0864949989191 
5339.22825493619 2155102.9068687987 1236.2249407791792 
5321.967657861824 2631467.0146356546 1445.8071678365936 
7205.035814799648 460680.8214261127 206.4189951563043 
5302.82098484179 9012464.243193017 4035.0080543824856 
9321.778930552391 310688.8754811732 55.32947790838873 
5305.487496829289 5607595.39657362 2526.4807020353064 
6693.826457275148 547330.7022081729 333.25906357015464 
5341.065949674558 2258638.0397192007 1080.9762080191706 
6663.804673905212 549549.1020485709 353.36180142752556 
5340.941201451567 3491761.5549155204 973.7059530584331 
5320.303612327023 3364490.586251028 1648.958767898357 
10737.052649752019 285505.36339160067 38.4614165767593 
5325.277321598005 1863633.7592610074 1251.298181611589 
5443.421085695667 1034343.5797679533 775.441263813929 
5303.021598222767 8560214.009344907 4068.579587439769 
5813.774816429676 830716.34569649 371.99396566313845 
5302.772230465946 8911915.518575827 4165.064875715284 
6802.1175010014795 488343.0778202323 183.38590117539982 
5322.6818768956355 2563812.513101562 1483.5108352802517 
5332.626731304543 2896959.908783958 1155.7745399852588 
5320.846280973226 3070785.8325081374 1548.2345761434444 
5305.090531462213 6766171.845289492 2652.476267992817 
5323.189322352011 2478563.69780859 1521.6462919065063 
5337.516418524983 2228856.34464431 1135.1516122853654 
5314.938639237704 3076631.071784566 1925.5885580235515 
5304.889310315326 5368964.075763198 2664.2461855065176 
5303.604503030214 6702076.018975565 3155.849948783366 
5312.908726717234 4056613.0437841285 1942.4844622384744 
