9193.260451828397 3601.5201095010398 0 
8010.031894882242 13741529.513949787 6290.894633826583 
9193.260451828397 3601.5201095010398 0 
8010.03204528091 13675126.566886863 6605.830712758847 
9075.786527550286 3663.7683464517663 0 
8921.719822145506 3691.8567672196677 0 
8010.041418350425 7948280.935924273 5205.442457003623 
8010.146286396175 2232396.454018929 2204.076437068389 
9123.461309764174 3641.793004947488 0 
8010.041015502604 8484521.92995412 5351.722251954957 
8010.033923987365 11041433.432862677 5870.486570365845 
8010.179805178083 1820097.6278239018 1806.7405101130269 
8475.294398833368 5573.1039977855 0 
8010.077335709332 3588139.217050638 3170.937545242204 
8010.127352331274 2968360.681058905 2657.94599963069 
8010.04413181864 6267656.8117678 4530.775530076693 
8010.035275239171 10792481.740025915 5813.719621556263 
8010.052684052856 5148307.014761532 4198.402975835294 
8010.032053692696 13090164.741206983 6210.457112446531 
8010.035612252668 10211644.529451111 5736.178966968676 
8010.407116795768 1232907.8346109458 1342.7590526405104 
8144.838141252938 26048.056550956007 17.731674834957445 
8010.9114518346305 684793.4592838765 947.1470601115682 
8581.273849508387 4764.408776907089 0 
8415.685545024948 6221.149213568529 0 
8010.040669117819 9104909.017076187 5029.88638784804 
8792.246789646048 3933.424760492885 0 
8010.042527231229 7246763.041817912 4731.908009915586 
8010.03346639018 11705193.88378881 6001.429300626885 
8010.098030683474 3247137.4660313204 2824.5652060088582 
8010.066617208245 4188732.610447292 3512.8615150100136 
8026.635915905441 2445451.858315143 522.5933003345737 
8010.055585267654 4823643.465160932 3886.5590863506186 
8627.335619535992 4516.2096166874235 0 
8010.036208330915 9650518.131750192 5607.918435752988 
8515.023214116925 5107.405673518393 0 
8674.22597450356 4237.502955268738 0 
8887.801218917366 3744.3445386534904 0 
8020.944458062204 588484.0359760054 684.6889668219934 
8010.091970187773 3440907.1395825646 3050.7320791680972 
8010.309735372065 1479636.7542488202 1498.4522476612378 
9187.347132944942 3636.5755109935344 0 
8010.070738166442 3962509.633560309 3345.3769688121665 
8734.78767241666 4072.533644494364 0 
8010.0327680612045 12198412.795231445 6447.901277252093 
8030.63656055107 1985020.763666064 292.0999464750858 
8546.388016837584 4974.838323749236 0 
8010.137254453246 2542749.3909849687 2366.0618525710115 
8010.038309458826 8837166.357508631 5452.036123704704 
8363.163348864091 8447.74455828188 0 
8010.513620872549 935654.5139359328 1251.7708617497547 
8032.569704714182 251147.14984460257 375.38411674439254 
8010.032521897896 12583937.326710474 6142.545678398695 
8010.036135130116 10100337.920514153 5758.183317961915 
8280.21886294504 10134.383079755637 0 
8099.378785724115 43841.21066237979 61.9437582779857 
8723.826641718853 4110.396964311458 0 
8010.042561611765 6686163.362868027 4664.636948263151 
8010.042561611765 6686163.362868027 4664.636948263151 
8010.057154452268 4713580.557983246 3831.790692301125 
8195.284358643356 15536.53492758978 0 
8010.199038053749 1803527.795324142 1730.5785767817729 
8023.728659030536 367192.2221242493 593.4970805118929 
8010.130110789056 2752100.2809822783 2459.206815672632 
8331.72299208378 8572.3663669557 0 
8010.096861912133 3295290.4632645734 2920.0461108590466 
8010.037562020226 9553548.761360962 5599.626221320455 
8010.058976947617 4570984.80029279 4130.277519679371 
8010.430091176501 1027204.6368820905 1113.5551608111568 
8812.574810358252 3867.418958516867 0 
8010.04129678482 8705401.360065456 4995.191556178029 
8118.358448682369 25983.302863178556 26.822342340733883 
8010.134826903495 2682734.009509831 2553.0899683929565 
8084.049750197006 111994.68812971032 135.29275465077612 
8010.041814374128 7343296.312692663 4787.897878696491 
8394.950457829242 7280.94275245038 0 
8010.702195979763 774576.5922874215 1085.1049799429616 
8305.705523925093 9713.138310236649 0 
8010.032610792377 12255702.162906561 6132.587810340543 
8010.070691973515 3964083.9846140044 3379.639518694475 
8010.050272665656 5443209.898351448 4332.208898829547 
8010.037900616218 9314723.912826134 5858.130672193497 
8010.041484851523 7408390.345271202 4778.457147953803 
8064.34699390566 111550.72404643484 139.46766555289042 
8652.805691125935 4389.659649887035 0 
8199.437707309946 14886.133928986634 0 
8241.271267833572 13073.56104374015 0 
8047.484163226513 1524523.1912557997 226.35333788991568 
8031.884609429625 312682.5302629467 769.7911044838634 
8010.227616608367 1575780.712112585 1597.1591641913742 
8049.573601555165 165315.2828061296 178.19148316498266 
8010.061729347754 4290061.652793821 3670.937968030621 
8010.045776803673 5998208.254668955 4492.1628332882965 
8851.227602898789 3812.441560422009 0 
8010.033597908094 11872470.611106269 5999.396129809744 
8010.065960497828 4321854.01259066 3638.414965041966 
8010.032876862577 11900454.444557663 6042.791740546159 
8244.774416597851 12610.373417011082 0 
8010.048459847723 5751589.382843893 4377.080799969416 
8010.038625212808 8700465.306930168 5435.260689865244 
