8860.166465097507 3808.8724158492428 0 
8010.0473835555285 12399740.225797065 6410.452488279319 
8010.048344847526 11881001.765132923 6352.064517582838 
8010.057250731849 7622676.472084537 4810.898394006221 
8010.049670598866 6416792.031991321 4853.109698049531 
8010.061720406107 5747816.95312871 4405.155911110761 
8010.242115757292 2082450.2559930193 2025.5081865704722 
8010.103036684056 4262243.167748028 3502.556779741349 
8010.059470422335 6421005.31432207 4823.296297859319 
8268.851606291311 10661.399286953696 0 
8609.20697545542 4562.051658477574 0 
8010.084131915706 5122508.319101599 3805.6336771042775 
8010.067855322844 5568238.947398838 4740.379569350781 
8010.085721593472 4660887.400536624 3764.3050266936257 
8010.111706583085 3166566.215565143 3136.923710127705 
8574.745770794972 4670.1189563515745 0 
8209.52737046264 13742.796127688822 0 
8010.21661603514 3262827.8464968894 2341.838898193043 
8240.598263148395 11794.255484617763 0 
8768.07215336875 3964.979494397776 0 
8397.486972514524 6727.44155701348 0 
8437.80401764212 6129.26779361319 0 
8010.0911391688005 3814736.4826087314 3558.2701184158723 
8804.05529438601 3895.975515508375 0 
8130.307250646607 23543.00845592535 21.768684127848015 
8309.25647911461 8052.230391799894 0 
8823.298908116532 3888.2142955620793 0 
8010.0613746009385 6397844.211796248 4817.778570851726 
8108.547820750058 34605.04954539268 57.73443486243958 
8010.092053647477 3714642.7038790085 3644.8381734044638 
8010.292321756014 1528199.8281496875 1777.334386889268 
8010.129191758377 2868851.74249816 3005.1135655421585 
8010.2019765784 2646973.9925647336 2505.306090207659 
8180.961313897105 16102.314756794338 5.899368773190252 
8026.69329924739 350337.5481497803 653.7742368879874 
8012.232079285508 477242.58033976797 1058.4715543071684 
8010.263681332895 1742143.4082687865 1661.0534785503228 
8010.476838251955 1922997.7976072147 1216.3400534943023 
8700.564358800233 4169.962765010272 0 
8026.676057373186 361168.71306504274 820.0240930125458 
8010.06200336113 5739912.6991240205 4398.902604725076 
8010.18018525709 3344259.5391139425 2722.2436306406257 
8508.592914443907 5191.324734201321 0 
8057.2094248676985 75631.38422114281 95.59826320969259 
8030.098935914879 708593.0361857889 418.52815287214435 
8155.275192715341 19540.49188710093 12.653498646584207 
8086.862134773331 49499.125463535864 69.20882828532471 
8010.090616713101 4478412.230933599 3667.4317210676822 
8454.753110556485 5703.220245268973 0 
8010.123922464619 2994278.4072794123 3092.4388086456283 
8010.09004854671 4339214.246818335 3946.5448272075655 
8010.074520277045 5284929.936140979 4108.984893032169 
8855.203154576437 3847.0630064579013 0 
8010.203524672427 2479427.0722413487 2647.6358542205207 
8355.40710513986 7336.732228551273 0 
8010.413779673214 1294039.505571545 1449.696745122693 
8526.455399567618 5032.659961797612 0 
8670.57833207646 4283.427091592673 0 
8034.355306884362 30149.03886039849 164.07799080780774 
8056.08124606144 89439.84155628433 109.43605002324959 
8334.984759894209 7674.785784857686 0 
8010.072989657588 5308503.579500147 4194.470541540528 
8642.674983997724 4425.608883336195 0 
8744.668863699648 4040.757017039275 0 
8713.18415306586 4138.122998369114 0 
8487.402636547082 5389.365550509511 0 
8010.222067652668 2385724.8183911126 2420.1680355596 
8475.571884975305 5545.679544574432 0 
8010.395092598821 2078164.424351734 1341.7785283596904 
8018.82202018952 2498574.4139625155 910.2488733739737 
8010.770694181118 822412.7118752071 1010.7706934739795 
8010.144616078053 2835953.8715349534 2827.588957776891 
8734.017414969283 4097.375375562779 0 
8010.4848109712275 1142064.1934886256 1483.493583246246 
8027.172089636595 1396941.6578179346 569.2269565229163 
8010.548170244083 1032961.8036931673 999.0015913484077 
8548.44499361053 4843.579807830104 0 
8049.747691332424 22601.169904929804 160.8674256484423 
8031.00561705218 1502878.0124076575 337.59829362540506 
8010.33200215634 2283184.6767993392 1548.9731957280037 
8033.100906975076 606156.5682954579 520.3581508878448 
8010.476693333156 2036515.7576564155 1229.9192225765619 
8664.579878251645 4335.426217607984 0 
8010.084901677558 4296596.634543487 3993.2552248572847 
8166.5742339577255 20158.24799320051 9.445793677322053 
8012.412357342586 390398.5029938084 950.0404238014044 
8380.18408449585 7003.641817997891 0 
8022.932475319466 648790.453464117 631.1793522300856 
8033.112053376004 54857.07863668866 297.51234543676094 
8320.624509801148 7826.068526362244 0 
8010.260961770119 2541512.568376422 1754.8314118111998 
8010.15797243471 2770520.101481595 2817.864276028314 
8371.377119859248 7264.790420345734 0 
8028.777840348616 1652257.570277986 521.4627446411372 
8090.479038393725 52392.54811460583 68.27709758422215 
8010.074345755834 5364686.470358481 4178.176039503419 
8010.068094482368 5486238.306438568 4749.998312752295 
8544.853945516166 4918.969801104425 0 
8010.325370427852 2317800.910602835 1569.1768183988124 
8643.37919764098 4406.677080808507 0 
