21872.955684108343 1629467.718737394 81.69201607915227 
22880.28559459426 799699.8241898397 88.70692826571549 
8105.538000565901 50268251.66299962 1618.8392439978984 
8116.90255949628 38826250.52161223 1116.5990106369995 
8108.110810355849 27311741.80510522 1441.4557303282559 
18521.261221032066 3467113.915965015 94.0387059357378 
14565.576969225003 1011925.771183793 135.70769839029938 
21025.487719195524 1047880.8124641604 91.45324964244386 
18679.184155568866 2506962.185863319 88.7281956874382 
8114.393883484083 23485703.474009972 1178.040030730772 
8157.295147144612 17335948.217188716 1355.7902467508773 
8153.827225769181 19554745.866257157 1239.4375545847417 
21957.8059278227 969107.620408457 112.52386307879297 
8128.636144313644 19812744.836550184 1299.301191007739 
8266.619700634703 20250732.82321041 767.8408207390999 
8323.162660392023 14383653.404522683 1011.636382141148 
8362.926824618442 11545047.030556511 883.1045903718276 
9316.623987587804 5203621.838126016 1046.5644541280228 
13858.760250205334 1185967.9569302425 148.10080627283668 
8224.183570248786 15620713.857322846 1144.8270072141518 
10074.657769210304 12297082.69376433 441.78918556887567 
9055.65743351727 5720787.953294785 969.1760612766395 
8410.646450824552 10593110.344287723 1112.8584724635411 
13194.775544977088 1116568.9423728632 162.42657727127573 
8390.853083983146 18322379.372605994 724.0980644098869 
8592.950221069033 6593441.347525176 839.7791706808498 
12872.513107007253 1228429.3027617761 220.80652058926546 
8307.430565023054 10243763.464401446 1152.618748647633 
10893.860706765552 2225847.706266066 496.1028631651614 
9292.467674220803 5371692.046457486 800.0114518725363 
8570.752476194115 8164613.496924919 610.723300650008 
14178.024897703759 862372.0452072514 194.69549270298214 
9075.506742278727 5654648.000752093 1184.8413414662793 
10238.447150526516 4449053.999009138 449.68095967006946 
12518.395020591555 1198607.2681228928 224.15197407292692 
9699.097379621067 6491971.913155053 543.7017866061078 
8426.058730353308 10885528.518257517 871.2746033572749 
8228.210064229499 15329916.306347396 1009.0804860049609 
12907.822497615316 1058004.3250697448 175.1877350254522 
8829.885660569285 5935807.359707639 618.5866290756989 
10021.696000281088 15268570.949339774 483.91896989747397 
10065.783853188324 9537478.909202965 469.08352145235585 
11864.555384158859 1460585.1454655186 295.0506635741862 
8496.377177559905 7489623.401338458 781.6815804863579 
9479.856594743773 5150719.068622151 706.8388305763513 
9757.853361120573 4977380.429910921 551.4441771687957 
12372.868431439272 1216981.1298819245 228.3938504214454 
8601.632223258704 7701128.923368468 747.1074410738959 
10744.516917285046 3760660.149562911 364.569100778214 
8371.358064820655 12092730.184819056 785.9764934213115 
10449.151818462482 4519527.198129815 381.55972750026285 
9078.010587436724 5558845.047545477 971.1615760239301 
13099.86977978583 1118476.933414125 163.80168265873925 
8448.337573312669 9264605.961049492 764.489548164473 
9262.683255374868 6657363.062038839 600.1928464864336 
10387.07212491167 7085193.925437331 394.5636502684797 
10716.082465728452 2638846.999795182 411.2137931983666 
8973.623367607457 6825256.458528384 567.7031678729543 
9965.54541209555 4485685.959230239 562.4367585160265 
11284.557905930073 2257951.774631616 336.77990149626913 
8728.636518175314 6413311.730045074 871.4458915409389 
14207.518717947241 861916.7585007793 192.7818405466522 
10941.650440741407 1874471.1603336975 401.01408281367253 
10521.240927617793 3512550.975724172 464.93579700163184 
9674.133517513557 3989431.778853511 645.9900283395078 
9352.322686141772 4917285.170879712 764.2722699259066 
9596.591865521752 11252973.07587338 544.6580224001113 
12285.233101401504 1803213.6601861198 252.1871286690091 
9634.554128100102 3862140.173119082 688.8093386141073 
10798.572856210934 2630030.2429460967 436.44124768259474 
9407.48601541428 5032700.15944066 719.7274167338202 
10928.106857632272 2028755.955938994 423.3334977814561 
12182.173110457963 1897506.8426701115 265.005226137401 
9999.06748348229 2645302.387219077 485.7936568277079 
11557.905214845669 3153162.089377343 253.3420370168326 
8455.629950279423 11498152.25996778 733.8408189887766 
9681.030487952337 4219214.213346623 594.0353329891523 
11764.91147844434 1834792.1851295375 280.88529353111073 
11138.30148569385 1893839.395406856 396.1459697556532 
11348.721566847598 5512937.740480952 329.6583590298259 
8463.448771829824 9346846.844911544 666.4977547600199 
9719.912857512598 3159297.5499798055 576.1184006183605 
8678.985839238296 7918071.161207082 676.4101538046559 
12100.989268618523 1427676.1596280446 266.33418683970484 
11682.88586730659 1417626.23565953 325.66279295155766 
10571.123668044018 2419700.69993506 564.3563122770333 
11449.269682399812 1560450.661240203 347.9000908086456 
11190.162393216182 2035824.036059733 390.2896394863253 
11622.477353284197 1712738.5694558837 301.85907722698914 
14456.861773247536 1037478.5537512728 142.00004865665602 
14344.488694718675 1144220.8285732893 149.0089658047533 
8780.106212938985 7031719.983905844 625.941781271088 
10875.873550948309 2253395.7085208395 351.1689158723542 
11762.17915227419 1518871.1913157734 311.2567806991769 
14422.146272401671 1054688.0869263152 152.09817391985933 
11660.676233744276 2553167.5773576624 290.0886526279394 
9115.445963243967 5587621.739355281 722.8581173255199 
12105.047226975952 1380524.7866956685 269.662848077992 
9528.805812257904 5575072.656726711 633.1645628949005 
9627.243991475527 4932237.501559813 583.6149372758956 
