18793.61015658857 87616.30067564615 5.249277409361039 
17357.755475042344 272945.81415157125 2.31840689085368 
10598.38280064113 62308.378854318464 9.985878490560506 
8017.373793352264 48278399.3660112 1220.9241123095808 
8017.95762092086 16647543.544001086 847.4679183225812 
16788.979805123807 282333.2243040173 5.418087077595314 
8017.480406694328 14706808.174807923 902.2825260779737 
17747.456905871608 80024.50295619172 5.9157261020392555 
8017.930705866493 9860504.314341467 879.1904176394683 
18784.677487890014 118556.91619283389 4.239748413270982 
8018.110081895971 12927352.722036332 793.8155104161784 
8018.5032148340815 10965427.634514313 780.1863714996098 
8018.500041990055 11506844.24051222 799.9059399157697 
8024.3674436619 2288018.2475790987 542.1760928970359 
8021.52920548261 2783968.1556648174 632.7486200429216 
9426.459728425956 103614.55258095957 28.900926368398693 
9911.058763859975 97957.69836683864 63.26357407158388 
8024.643140200862 1085240.7003112333 497.28548287308837 
8024.126626213063 2800120.8523783744 568.1755811460633 
8020.595090619656 3893876.625151878 622.485957953191 
8032.7701045287995 973587.9976690738 349.37474976024794 
8038.882814261964 744223.6899978439 310.0129889200523 
8203.051827381321 2366905.9325543502 186.49449239843818 
8032.539115265495 1289037.642060204 381.8759537779396 
8038.504293042111 1023109.070961622 329.8075593311162 
8031.164012715328 1381530.9809742798 406.6935972055013 
8029.364223916424 1690384.1311521935 428.18422829941403 
8115.2559637786235 1590546.955481717 212.64496065253974 
8107.967511897857 2160718.982311515 231.00995031130304 
8021.05149190953 3933054.5335620088 593.3463919707804 
8023.0944484212305 1479718.6631134974 604.9469651572215 
8899.980968171407 617212.9788906291 52.555645703630155 
8552.23298621783 166616.62994550628 114.68837528153838 
8054.903383180132 1239438.4554351342 286.68703841318603 
8025.213109016162 1050940.5258964272 468.4813978912918 
8614.513205293051 494773.92582984385 108.8254200934154 
8024.847149172904 1232389.6535895555 476.7683469226512 
17500.965423925 265790.94406051986 3.2225602052151414 
8540.354448098456 662821.821677654 134.97150893426146 
8031.624091911056 1156642.545983817 390.34174340895817 
10298.266498847468 69842.14326476605 17.324141982238494 
8714.466239067919 801901.2450949498 81.41553902267557 
8024.272036629273 2127944.942088509 575.6305499572212 
9116.038138525193 117882.4648457851 44.59907730104974 
8407.658463659744 381644.7650242632 177.0522744245147 
8789.530333900948 149810.90391767403 72.52350529440164 
8659.853367196405 656059.204815594 94.8443715745867 
8391.562040539977 1790773.2296346133 89.06867537521887 
8027.97508650553 1264292.6463817265 447.18320996262554 
8251.45683194837 618003.4173703148 262.0275036872333 
8063.70090218362 988108.6254452483 268.1487389592772 
8167.874543504421 1699432.8862427927 202.8733739262164 
10203.286791099124 85316.68068952364 19.38814352542744 
16912.833710457184 278489.6542742254 4.644026116701676 
9212.891447864786 204195.28498898496 42.73549106263679 
8057.522340030751 1743298.3077821364 280.04664543668116 
8228.115910261935 2112956.079487507 140.00255823121594 
8087.412355252712 1101328.676327262 250.85790914615913 
8478.179097146878 673633.0998792789 169.75482324201124 
10427.517208001533 71397.84430243245 17.28916061902408 
8845.807541171289 494247.7446043497 58.66598277959238 
9017.338350805754 162456.817314077 70.60297184755268 
8206.37197499854 1418848.0550974428 160.12550886329217 
8028.229047759818 1264573.0268942046 445.10553960160695 
10143.823845300862 84637.39015025066 22.083497799742993 
10037.787639042846 93251.06589520871 57.207490006074075 
9297.68979214028 114637.86400486782 36.91248849273439 
8249.236629309136 733195.493202622 239.98874027714726 
17004.859473896257 275773.0096121712 6.920102502605032 
8301.784974766795 1242926.0533152237 165.5215731538711 
16816.338992872643 283002.6008187458 3.3157093617467703 
9354.543208554613 113640.10520463398 44.1998030824074 
8423.970147433247 1616439.6615557014 110.9619209329698 
8723.585140557556 213009.17810790357 70.28988166074069 
17180.94705244715 270739.3327652257 5.044107327491603 
8508.913950795853 256221.11615211915 150.82865894414755 
9285.011320438449 155822.96425483347 42.356750932816894 
8088.469682205935 1301066.3134727483 245.67507807003966 
17109.669570362752 277774.2819250323 6.3664286551141025 
10114.145289928256 101159.04610108967 31.665193002336302 
17398.694452937423 271674.5315846748 3.6018597359064284 
9934.180601473963 89217.29205690621 58.223641882693016 
10540.29437024948 63374.06132042333 10.98778707793686 
17054.691776705287 90772.31341879485 8.290613283852347 
8354.404398149902 737567.3129312521 149.8046460409872 
8167.874543504421 1699432.8862427927 202.8733739262164 
8334.07558300496 907364.6122853652 166.99418122427687 
8524.819900617229 253998.5030330915 142.67363065248043 
8667.032832164434 704033.8624379615 90.69934681551801 
10479.998143299617 66563.22187991554 11.557697559239886 
10081.049629243675 90964.91704680142 55.67499974594809 
9056.269247403388 214495.44220810517 57.898428184273186 
17283.809732079288 268833.6356432948 4.961736000920509 
17247.983716641706 276492.81743566354 3.441018617746024 
8018.5345260837585 3849893.8885663836 665.0373837586809 
8018.104405740905 11053718.094756223 878.2390903106576 
17869.46267265918 808038.3669056956 31.374839040684506 
8018.252445916433 126349012.36495206 1362.0423390468866 
8018.404196394091 36979360.42092956 1109.3138972859588 
14692.498056324515 817477.5523394132 67.13884880026617 
