8198.240327358795 28232754.066702202 2503.6730596629477 
14452.056223860609 768558.3755933626 54.422934823254415 
8204.313746890191 27985344.406626016 2862.2181100612825 
15815.448570879193 587170.9479943884 59.2144629606778 
13198.95059003833 327602.4263099432 175.44657065282848 
8235.257694733624 21764434.39359551 1151.5123064860163 
8212.312772005935 15029280.470124882 1788.2972927022472 
8206.132175418687 10977906.670001095 1945.016484124525 
8212.315166466602 10045958.050291402 2060.7766867006535 
11323.89908554457 591073.1762604378 74.9513190688752 
13121.261576109766 328517.6330137389 170.69057581951407 
14873.677118513464 527031.0766693652 82.7229490133669 
13771.676894417666 991650.0754273337 70.1368493269749 
8212.626504029424 9154741.945076596 1743.7905127765541 
14367.04606648233 536675.7949405985 103.39976581969668 
8260.61022087904 3703199.4250103803 1528.8173470064553 
10525.915255371532 436502.86426329904 206.27865115486424 
8225.567274778256 5213690.251605136 1715.8777612678202 
13226.00843880761 495325.7658338101 128.99603392572305 
8216.118276196881 7829221.023153053 1273.8935848247363 
10048.817741961786 917459.4928670533 116.29330365320835 
8240.793083674158 7678860.974162559 1050.8386049875178 
9627.103714382267 662561.9785985866 572.3143455795142 
8431.775937050903 5643211.84549681 679.2608882591271 
9819.147638210248 703398.0882317201 143.40994367187665 
8268.610832896833 6897446.392123035 1001.7778655508624 
8256.52740556303 6121482.039887023 1003.5196332608552 
8287.28814427336 3085592.018318954 1106.3845212347194 
11158.966511708497 779515.5188016959 106.63709528402181 
8236.266056195764 4749281.340191659 1397.726739160549 
9421.25238985515 836062.6631442376 147.56433514076016 
8562.515574411438 2287603.6593432445 506.56258906907647 
8216.404135380886 6415074.182385945 1442.5952218057919 
8340.174672038127 3043791.3466717834 851.5220759575965 
8744.432053354149 1062221.9870906016 479.92603591434954 
8327.145087768218 3591982.6411906932 880.4553305015226 
8280.217200345378 3776586.6467023203 1051.1011492645628 
8297.386757545033 3256317.6939230636 968.6267780224503 
8445.018880084679 2030340.7710067313 703.8853489527628 
8585.855605026989 1739295.7188975383 535.1247162759987 
8229.87794919128 5181743.895614732 1165.1974623498531 
8226.973882863616 6593260.695715215 1387.1770317297921 
9747.153075599685 617767.886782221 298.1281921010974 
8294.490098870163 5066645.02508986 732.9408729092013 
8334.688664037272 4336168.434995838 769.0061331579875 
9077.557322922701 843699.5890788389 527.6571206191248 
9202.639626320783 826668.9662200725 424.00268280186935 
9270.11277767647 930544.1404004502 223.99630477567007 
8946.874934083318 2405744.833609448 308.93895746537794 
8684.23153927549 1154189.4603011329 654.3885977619723 
8814.691941703224 1033284.0376816419 399.1601255657123 
9184.48590133184 972181.8212312032 260.9761192425809 
8858.274516892194 1125406.8902758837 351.14356175238186 
8219.340575327267 6294159.0758944545 1724.9222373856942 
8684.001529844589 1842539.4806927708 404.41222886924567 
8398.412398881359 1838835.2106384232 794.8109559024576 
8640.137372865323 3266114.965895943 368.11939458928885 
9084.098438099423 3281967.4896636526 241.431216449055 
8843.962345383028 2551821.539521276 289.3565251364717 
8469.355310241288 1667554.074565908 744.6603273798924 
8373.949488681112 2190243.9359950395 824.8327113134345 
8339.975745590482 3459280.499474695 905.1992349103828 
8343.301295096218 2261643.8489958653 943.7414135149771 
9683.398356212841 764096.8003140519 137.4541225580132 
8530.706138523625 1457861.184575005 637.9717321398105 
8473.349777859317 2405982.1064360733 618.742058563902 
9179.015830581378 1401199.5173468431 291.82658740160275 
8596.527701994539 2854584.2855266505 437.57640322947714 
8389.924322518626 2560524.029742737 720.0119564396181 
9110.450513072352 1412272.6477904194 198.64823630902987 
9313.718567187012 823526.5793679163 219.29952928048618 
8635.557141390273 1268323.21573915 630.9992457560584 
8505.666510122264 1610145.8183728857 590.1520285766131 
8307.996061368054 3698405.6238123397 896.1740115711219 
9408.459749496877 940000.3320975122 193.52110495470492 
9370.807215011133 782744.229003439 215.39620834616238 
8492.784021757807 2694353.6535972743 587.6879423865205 
8351.389052508921 1590757.625075128 996.5655990129655 
8793.426697858089 877234.4282871766 454.4333238607462 
8365.39480874804 2444235.9139385023 929.2563521982014 
8718.838768321835 1249364.484986249 359.5954633896522 
8393.127130111314 2123408.828480468 919.6337626336617 
9650.125938478304 646753.9750105573 311.82405352867164 
8489.580303706729 1621373.4689998864 816.2234726525542 
8598.076125785119 1571521.4539023952 444.1507068092029 
8430.754605499658 2435032.1416913904 780.1798103881733 
8267.452362543328 2786908.171755503 1122.0472686528276 
8725.761981316427 1146922.457362258 455.6638062843126 
9080.877077173807 1077125.9882240812 335.79816648557306 
8248.683371166993 3845609.0708320653 1262.76858818118 
8238.458804263777 4553949.645862325 1414.3527304182096 
8363.264371517827 3993895.051099309 813.8602147645054 
9983.160766600846 513299.45376278256 120.5168888537228 
9909.226251287782 452272.278436853 367.91876820574544 
8258.26301133935 4195779.666362898 1191.0056153667688 
8216.11782870973 6782461.723922198 1351.9218063376743 
8647.54827428427 1292331.4973143907 596.2229054850758 
8644.059255365268 1995211.212701863 397.5209961072504 
8947.030762448245 1081551.4257919285 325.74904620353016 
8212.166044826627 13101352.19289272 2482.743978196602 
