10134.589683486192 135.24649995589695 19.833887427209234 
10113.810251228708 135.2252105846883 30.887001321390326 
10082.707953851052 138.17021620535525 0 
8182.604514376745 7078.487217677467 1867.7485602365277 
8164.256181918028 115079.27985342841 857.3430984188793 
8166.422948052088 25626.62625721574 585.3358234364282 
8165.23983940828 63238.47921199721 800.171879826093 
8164.577543710129 95648.84753619351 695.0589689692722 
8189.07743116716 5649.133067629247 1390.8253932811133 
8235.683356393318 2400.1581582197778 1688.8897074452987 
8164.436317672724 103829.16579294212 761.830835927834 
8164.454267686699 83107.47946232883 857.4686787618708 
8208.471774747239 3781.099062723112 991.680680752431 
8164.656029043032 79365.35244016594 674.1591289991908 
8164.420541148443 110808.538655194 870.1576644746344 
8345.197039693867 844.888784487833 144.71374043257563 
8223.41439460436 2929.432190796603 1122.5525718944125 
8164.352587530306 72903.72092361496 875.1293312834027 
8166.067515270488 74748.63340383604 618.3309373439306 
8164.676044917844 69206.59931317047 650.12186168845 
8166.517568078763 25422.49362593348 538.2338880154914 
8201.343690274083 4309.259608753888 1236.7074710126162 
8204.113708369068 4093.2436596629786 1788.0154670123597 
9130.45059311041 194.72992343670393 35.91650590382171 
8229.727739007909 2759.244591207859 1718.2118379817177 
8896.775355125423 212.51621803218217 29.9383071711886 
8164.474075705048 82933.416809985 844.3800951768651 
9059.882182305677 213.26835531191213 8.692901725053662 
8275.689004741329 1390.2269811188887 107.46141970280884 
9866.883667043048 137.78197803230614 36.944954024189535 
8410.70779982047 583.0859708633 83.89720954896121 
8168.268167161898 18256.73249493733 429.1438649819515 
8167.269446588536 21484.014409261996 470.26581153703427 
8255.084488516371 1876.7786915619379 202.42557953252197 
8164.809570747022 66580.09754444752 739.4306398591474 
8175.482650659348 9529.688465174131 344.6936057583614 
9956.123490679292 139.20682040129378 6.139358222206696 
8195.205580116177 4862.017126041298 1300.6657716387297 
9914.017625331415 138.25662857898917 29.026834172932976 
8939.797479958901 205.35616864993142 56.316300235846384 
8301.81679877996 1238.1797943957322 98.99604078957823 
8475.100098930408 425.1595752373038 99.53574107046542 
8692.696501887278 240.30280602754297 45.69008199707565 
9247.367916670857 190.25067610434664 10.105032559267801 
8184.2302808058175 8362.433230844636 292.04479940764617 
8400.555386993608 703.1953377800628 76.93262610989756 
9355.224152334658 179.3544975793127 0 
8211.052285950018 3400.998269390153 930.1671907177589 
9611.221067677408 146.48503552639883 11.435431834401392 
8824.65272458155 218.3519402237716 41.05327259089205 
8630.989258771704 282.3501931289072 65.60229377247349 
8220.49817165823 3109.9575453226107 949.1780841793857 
9175.256141136853 211.72200363156617 0 
8186.917531885352 6072.667709067342 1364.5372809570686 
8164.343702987362 113262.77262610944 873.9992084468421 
9396.409175298943 161.47888118995564 1.1092578291876634 
8592.62975212485 397.9139558819001 41.30561454770857 
8791.4083718815 223.3730848095952 63.48808647975501 
9475.833842897955 149.44069888927098 13.710764382166658 
8173.923847716649 10310.554298102383 374.13327724105915 
9764.84594648597 143.10690431965193 3.0919028796410437 
10061.176968907337 136.91267433862006 10.921967356217085 
9208.00382851162 192.62100945205748 11.557726519562452 
8240.999625331247 3535.9744779395833 171.8288584982344 
8179.161319782654 7855.8455804989335 727.3468505769138 
8164.9551181303195 64257.11712641515 809.9364852951608 
8169.724482547756 15502.180929417727 793.3034711434927 
8195.4059513646 4778.117334522218 1323.7011933851409 
9298.965441950844 169.4268117258579 15.049367497467152 
9020.523096224248 191.18776913874638 43.20390443126029 
9522.737376081242 155.52012203763826 8.20534538014979 
9575.516107896408 147.50641834567102 7.733238528610031 
9814.070085916821 140.2967007915338 9.064306038353186 
8190.919219431164 5075.90022703408 255.74116202938447 
8169.229352399433 15917.894481719362 437.6394868491422 
8657.25132026184 246.06128385672778 53.927223621336864 
8170.920735917105 13653.094887754287 402.84334255163685 
8214.752549267903 3344.9621468103405 1162.6692232562905 
9658.55539802564 146.22313738793403 31.233400786239287 
8747.738640592905 239.51879031173598 45.94472481866415 
8166.685115101987 24333.878057208178 467.52025716149546 
9713.588370956566 142.07650607300073 9.398006260181125 
8196.036487116062 4944.69238790806 1192.9220962924705 
9311.142057885123 160.34456840392454 11.821660920133832 
10010.945522384456 137.25981437447592 22.105333372460592 
10007.650885272273 137.4082753880284 22.94634384620317 
8193.049710636797 5004.728807118655 1824.066462898008 
8557.286034491046 431.5921719855412 42.21535447414358 
9667.972089754301 144.2247328258801 7.1226512181883805 
8982.491805206473 245.1030648231864 3.865453488317693 
8167.450637445747 20941.732373523413 457.9509749658586 
8197.092004664883 4534.016484767013 1834.8117764299122 
9428.851154522532 161.04321459073097 9.330306341921919 
8167.465601875749 19648.457623736056 443.888961122735 
8541.354612692448 401.9279423132383 47.71929249706029 
8248.318614418386 2381.2530993039904 1694.3601757553095 
9543.847245322253 159.81873291565714 7.084849154426441 
8240.661703799356 2424.569782102796 1136.9070894216513 
8165.925683866653 65581.26320984382 623.1190651281281 
8181.489149791976 7264.731210248876 318.05661330646035 
