8187.084117312183 32076.292711174006 387.2737858725251 
10070.750725019945 138.65785973868554 46.266554831152774 
9957.124007339384 155.37283344721524 0 
8186.756548712327 30145.741355963895 477.99759008823213 
8203.456452297074 4551.190923170986 1837.0874339723541 
8208.738335490963 3958.4276552047168 1560.9048785797045 
8229.155692932942 2707.2000899705235 1122.4821037717065 
8202.803400630695 4873.514701415726 1836.340784831715 
8204.086051994413 4280.274155307344 1571.8970223060844 
8188.857579406997 18995.735066614674 336.09834555694397 
8187.958241207649 22555.95430274534 358.0589016580028 
8237.844091519164 2293.116305983853 897.4100472748148 
8199.035655112726 5441.281666408454 752.868671019092 
8196.701882542642 6409.596643083536 609.6043790451679 
8188.161063120122 26626.63253495066 356.86546597886667 
8234.948183039767 2344.267021986674 997.2487297744912 
8187.406517203117 29714.373372367412 399.14941908061667 
8188.961464815839 15962.601168199153 325.98140704072506 
8234.794181574107 2472.580821910396 510.1358681950275 
8188.915453874042 17791.228031373623 358.8645639766506 
8230.056326482458 2592.581532024363 1112.9345248356437 
8187.665079410328 27838.958426216806 379.3619599106805 
8539.945555947499 467.6789286470608 46.233135457108745 
8625.32771161801 427.7619881526369 16.629367922781185 
8197.646631478729 7224.635945172077 237.31291255038136 
8187.22300254368 25234.535736021862 417.1570420494637 
8187.250554955457 30770.494327042477 381.10791122378885 
9749.725617685499 144.69841549725692 28.67176102167462 
8191.266775868055 11859.900649927675 439.3244983037528 
9819.775745881001 146.9335106357325 9.666844353747157 
8193.673073959095 10223.398654523378 289.9445984740844 
8236.308819773252 2325.1448113724723 959.7221744653889 
9518.463785100299 152.12333507735212 14.113181011401032 
8193.80654070211 9050.28940276264 265.5192338598306 
8189.468609262176 15484.048516966424 387.05054826789984 
8191.504955438781 12888.636341784038 283.4275232819072 
8189.647901510341 14317.10983285089 323.521678742751 
8889.038356043808 220.78008834588445 73.55936846503988 
8187.84499778707 23626.55418080202 363.67480727228013 
8665.980114305854 276.05732335855595 65.65492314653224 
9703.105791277445 162.79951175900484 2.0908271607637117 
9081.237807807458 207.27191149815974 4.86483948904549 
9999.311822452326 142.4688632689493 28.638503930917622 
8194.871221131652 8284.099717900723 281.40682572979426 
8204.945271137545 4421.20374409546 734.5736798408248 
9193.852516845505 187.04643346974 46.890562912675904 
9570.035750913627 164.1864664885945 1.0050124840282906 
8194.615744350971 11467.917411894688 252.504207626333 
8761.405817216992 383.9580291060462 17.79800215957846 
10049.2224137556 141.0822527500308 62.406216554568694 
8199.602717781301 10640.505337155771 211.89358444359874 
8507.15384175948 447.7657577322642 63.478995464361546 
8825.612522843965 406.17503576641377 12.493350829463505 
8953.302270364089 232.50845068564766 3.9427907352737215 
8457.32980983392 410.1090398482968 83.03265700137406 
8708.379918395342 260.2690241431177 37.02701831217314 
9233.764357589796 178.74031995400003 86.40490817089001 
8188.892893246287 18184.354541157078 335.7754398905362 
8970.131076659396 217.01755145884042 19.418264727104635 
9408.762916248583 179.92554604186523 8.446651211859876 
8289.983790697315 1308.185549746599 186.58317821564162 
8187.537025529884 27626.043859476442 392.9331639729459 
9859.479747072903 161.08969979939343 0 
8388.281398514875 726.5557597149487 98.6905446590773 
8260.231871716484 1698.2203276801351 172.97660230480824 
8190.498793223619 13422.308963289217 318.4850805884814 
8227.676470737055 2757.3699826843836 674.2480280575446 
9031.36450157218 201.968166501157 20.196512909795008 
8343.075855804824 826.4434041626104 114.75909034482163 
9327.320402666948 177.92305450783988 26.505256446175586 
8251.149859724483 2117.22727698758 446.62421771649485 
9136.184569571602 198.5935265700777 24.398574601474802 
8307.574301617038 1286.1874702081238 129.6153460585606 
8190.255467802916 13884.066784019611 297.53831409815996 
8203.612120519925 4601.8754953063835 638.3917416091938 
8187.236442850417 25030.910097124506 410.76135395496897 
8221.60398218531 3254.1785342177727 141.6881706129535 
8743.411764711167 339.42021899437725 30.09992028765842 
8338.2668595083 848.8767648120837 111.44888995202227 
8430.998298946093 432.32551196510286 95.69345835719136 
9285.417612636349 178.43281558776073 43.34101518902551 
8187.684010882972 24403.228185609998 388.17671071668497 
9463.619268674915 158.31695087138647 11.453169777331485 
8212.170523573244 3615.780164537109 159.22331158148785 
9466.353481957512 171.49263659089777 3.275693819295049 
8199.213143103112 5800.500119449139 370.4824827396952 
8302.519236390439 1078.153074851946 135.6948424077091 
8399.385641741828 629.8020770282437 91.60835036825267 
9654.751611555042 148.83740331189054 38.069146279476385 
9653.44299253208 148.21053793154073 42.09924587768893 
8200.085333416551 6270.078983078404 235.66319067067477 
9266.465555651155 185.46040374735423 9.437124412536841 
8187.419073623214 24030.55571690808 396.2013417439613 
9044.67864575869 199.99516343711335 20.55120581523672 
9920.71421058461 156.59623153344054 0 
8195.375235804182 8954.593537238808 253.17541239829313 
9606.70585288453 149.55310559787753 9.14297488986161 
8215.167260748369 3401.8906948427457 154.20534210217863 
8867.281131674848 227.3993073711422 22.172983807216966 
9898.035247952266 159.29031308620338 0 
