9732.37813096657 901627.9168854357 232.89826320419658 
5233.454500146559 10859399.734303387 6491.947073691194 
9258.466532028428 499967.10729759285 276.0549592101534 
5244.474127726562 20889835.092433978 3805.8996714759705 
8474.07216689426 534226.3995475268 302.9128357828388 
5239.63551240515 13889646.297856048 4712.729257280156 
7614.187186169702 1028155.5580275872 335.6529577191513 
7882.500614379913 624681.1924514974 287.888797046192 
6855.047328916285 575133.6479878059 378.5151894629633 
5235.492019824522 10070518.477102164 5936.190316477308 
5234.759001260715 13815453.78097862 6271.2674332655915 
5236.6253138632765 9126186.532725597 5426.980327882136 
5237.3522763162455 12151631.823747618 5042.292012393649 
5239.765086996789 5844079.002767518 4307.52980680508 
5243.930636153733 7690775.591347713 3882.2769762210105 
5245.406046987334 9052119.89960573 3638.104986678108 
5237.536855777679 10584354.94872988 5294.735870096036 
5261.447549260921 5081176.692937404 3098.0447167606535 
5237.650893698248 10170994.962142067 4931.029873245112 
5238.486928654894 5283944.449979632 5166.921617352272 
6170.93779108689 1254700.5420452242 599.5317187619776 
6814.502132469431 799091.7457143499 441.29709606503343 
6713.480448458347 736740.8718260603 536.2107244894961 
5239.106318816516 9627814.83187343 5054.074517158229 
6001.752746404894 792333.6068514255 616.4095574407186 
5269.933054611919 4555935.932153977 2880.2543077839255 
5264.508039808447 5008660.091134241 2957.428155555625 
5920.578208416264 995638.7262725041 953.0260191660389 
5482.3016269205 1348096.0277152846 1512.288560286068 
5278.852355726627 2719149.501723544 2636.2774496560214 
5252.275552194976 7209777.970407621 3461.502814807836 
5261.632372160718 5070724.670634759 3312.5793676738167 
5746.475540640844 1048876.7862166576 761.3833486550284 
6425.796357978617 1338166.3801371679 540.5258305908204 
6328.017560154771 592907.1837908858 741.4159579382081 
5445.132686283194 1735235.602585196 1605.6685887055505 
5244.797074511974 6242887.180040534 4046.9404958703612 
6635.226674152171 809257.814359691 474.9771720092557 
5254.392264692911 6849869.075200429 3378.136301563184 
5378.158824629206 2086537.7396671285 1936.4893866727557 
5365.420218283418 1878490.6462844298 2231.549570476553 
5271.749818066819 3829100.7407638803 2742.3693432033247 
5292.312993480345 9200020.243786853 2434.406607984075 
6275.983678952945 651580.8767889873 860.5465370695758 
5245.131242880825 4884195.469756039 3718.3415281418693 
5488.98548367361 1464001.050202947 1407.8817841194195 
5823.770762401971 964605.7688293718 1051.5782600184937 
5472.526825180091 1732008.8124127279 1223.5424141583835 
5355.46010369177 3092669.4028196535 1876.8499976731232 
6516.367503584907 1042589.783485452 515.6035409983523 
5394.993507504059 6790246.942866065 1652.1307982857072 
5273.172865881634 6532560.888032153 2735.6588536823865 
5324.576979597972 2323880.365017578 2113.7025706529494 
6216.493215007762 1289346.7978375736 587.5157902847677 
5998.128593349997 974790.2412322697 998.5278223946825 
5603.039619339076 1576427.455502615 1028.0324931518314 
5360.465418536931 2993522.6170047345 2038.7084550761665 
5858.996200021414 1209334.0014609285 658.5632861150268 
5241.849307778271 5138001.275266948 4118.693688169034 
5297.727552149709 3959327.315973206 2328.2290819814666 
5544.016673309658 1306242.5381939178 1278.650031148505 
6556.438919532344 559537.1582078096 687.4788219181538 
5525.666152221115 1460396.214223235 1339.7870228886982 
5250.110773955633 5210828.711345921 3529.577115510626 
5622.769885856788 1446154.229889087 1175.2744974555628 
5435.5000875458745 3351105.6820370555 1378.986785487 
5330.592401304961 3161768.4581234744 2076.457875861168 
5365.633993060447 2498845.5104390373 1826.3007239351602 
6586.98342261288 714817.6470943693 657.99559952452 
5305.085953708536 2583557.462685753 2590.7674133950572 
5277.49558782527 3692579.2191772317 2546.8125613685447 
5407.145519672533 2058702.932233122 1986.2067025979384 
6201.0594895619815 670982.7481116765 888.2638768972391 
5426.370761211486 2532972.49662268 1699.4339019156387 
5508.707176812418 1973877.372922761 1128.403146588376 
5417.864420777865 4925754.072944878 1746.645897656774 
5686.668504986618 1235974.1821469776 926.0742666559062 
5735.417201823066 1034199.5818931898 848.66453612186 
5290.292714236232 4015296.8685411317 2522.140496096311 
6475.8567187313365 619334.1124373438 684.4906946228896 
5311.66006553992 5636097.20330674 2159.290071562775 
6623.543245458756 689132.0488885643 620.5518175107978 
5273.216117395262 5608294.535219005 2512.737833116293 
5656.502388890328 1099548.0605804482 1059.0272823108155 
5567.086142395654 1171948.04191121 1382.202071003581 
5262.713964271244 4636039.105588981 3434.255688399104 
5696.219505773146 1190236.947601678 974.2723118065983 
5412.867758792811 2031047.4778412625 1789.1299764132436 
5289.77725733303 6612123.205678904 2475.2557478832796 
5300.144117767296 3698654.4342098394 2177.708932549765 
5728.596213910017 1094453.007183885 1107.5191574682544 
5316.184616183066 3236704.6756834793 2379.252730413278 
6450.248036629092 861772.2066227468 603.397292104808 
5246.013343617143 6617387.811460147 3515.5246598543126 
5254.8114659973335 4724473.418478015 3314.056998814182 
5554.40281147783 1956744.3424832223 1086.7042090188706 
5247.095348549368 3990405.85606521 3652.1237378155392 
5237.461300493829 11125387.164646499 4731.603230284261 
5235.211797543027 19039560.20592413 8607.254890030445 
7054.417452410474 994395.926883655 486.411701074312 
