10261.421823782664 2649386.966742152 669.3379040228488 
8366.459300172311 4205788.492758747 1249.854012427149 
10476.352946365747 1797560.481527816 559.7351713485933 
8509.095331360728 2241731.671383681 1181.658910129556 
8273.010202872454 2267841.115925492 1324.8363287863115 
8645.945600749621 1891524.485249205 1396.1804689594546 
8140.262256129456 16444130.348837022 1658.4377023277252 
8272.4158371148 5887969.7053116765 1322.2372850706688 
8241.51363657556 4115611.1127500823 1440.2094941856749 
10069.94854358842 1266142.1699113902 674.1017433115059 
11978.012674398216 1051557.29068481 726.9770173925453 
8433.062403590537 2328709.610632834 1020.7550907035035 
11189.066925317517 754688.1602915188 858.5760324704365 
12208.397818455036 1414588.226955659 583.3559644505557 
8893.025758452226 1022380.3196239733 774.51675486822 
9533.116668930985 1144278.8443365067 747.7411973835674 
8251.831618856093 4525166.62538432 1359.6492273103759 
12890.023271820544 993329.1031421858 540.4068237147445 
10549.394630942428 2049508.2962260721 507.31563340139536 
8111.566784577061 15242559.853348294 1929.8073909339982 
9456.829497933453 2777063.325238161 556.8951168213337 
8353.118313336296 18186251.681827657 898.7439919120507 
8765.330172001482 1963198.7542357263 899.7888975879115 
9349.882292686552 5867803.07584315 564.3238801101811 
8356.8458154212 2835582.322015847 1322.1289176140233 
8122.224704525035 13465482.660083728 2718.548018106778 
8681.740529332945 3544266.8812772585 727.3543905611178 
8570.026265721264 2103004.9483155557 1292.6665032793858 
11118.90918829715 963554.0198627054 1031.8965955763415 
10488.942743102809 1770003.6655479358 608.4237664113234 
12060.23262325484 888202.5012693811 700.4495320335252 
8753.251530627287 1238596.9434969365 922.7908254433539 
11193.088495241425 610545.0153671575 787.8261903061037 
8082.31776085795 280085769.78376263 6694.001318736228 
8081.893502731676 127782027.82780133 9648.741583452002 
9653.877554356137 4494896.299476415 542.2716342409128 
8307.024634941763 3101500.5269751865 1272.7620172075253 
9606.733361770706 1355065.403027201 726.4932371423087 
9698.93762795388 5152865.959390119 421.77594122081615 
8094.197814788235 15111157.865892647 4168.127187349541 
8393.507068613611 2316975.942726692 1258.8155862892272 
11124.863521354637 913764.2857006693 759.9652974995665 
14067.426407109935 1761831.5640815813 477.6361137024299 
8158.9790059512925 3972785.0418973104 1536.4189056698906 
10653.992055013357 961028.6785654499 1052.4103178637092 
8086.079599900711 16356822.457571574 2743.061387154596 
10731.62427305455 1577680.3028449467 572.4095488666536 
8148.392484120604 3893380.7752487976 1546.300780517449 
8326.181633603515 4238907.117102807 1179.730125582836 
8372.39866800782 2708096.941072569 814.5733698332136 
8076.771007990407 401648436.9682007 10939.399325725537 
8718.6581031356 2032376.166238556 975.173927069234 
9142.93179381993 4528422.611912416 590.5939492317013 
8257.743564473352 4234435.493356724 1362.1294024001613 
8118.208527416888 18891834.52915441 1860.4727657485093 
10596.052376622636 1653612.0324986747 525.1506974260031 
8129.505415684636 7914796.321688286 1680.6964581247225 
8146.490989636365 6466880.364601046 1940.4425610899111 
8099.569154691315 16336726.515735563 3711.6967232011143 
8119.240048546495 8863257.671219852 2760.024711722659 
12013.623326892188 1479175.563961482 627.9109794793778 
8080.474700823298 205808514.6750296 13339.49623161159 
8151.342299253093 4562452.349235206 1369.5680403580204 
11864.110260500805 3010882.9350162153 516.3129768917862 
13529.773892013272 784440.3782689108 1103.2720947364087 
18007.261953209272 818590.7758503447 833.9941169291615 
8080.89806664038 4576520958.5155945 182776.67479481956 
8082.261516488299 514543325.0745326 17110.24782548126 
14458.02411966476 1785013.592575305 616.3986948036486 
13813.876049180879 1344804.29220923 756.5570183239606 
9658.129055881378 3918980.9772582958 680.1840918888433 
11499.71281879679 1035970.7711529313 890.0031262711284 
8085.274984752219 216047719.24380717 11302.342956629618 
10718.910965040917 1239328.034866986 899.9407175984566 
8089.989351638337 221401151.04341197 5733.278658955222 
12952.96291060665 951760.8772553548 816.2177165098428 
12513.459214403112 1366682.9086174755 789.602945279177 
11094.27291804199 1044746.2269065427 916.015244812002 
12104.441065908231 795761.8070561871 1055.1211491525746 
10112.359732717145 1379939.9731235558 704.6706599325255 
9268.559277106677 12728104.386597687 615.7822406373892 
10106.191772907016 1540195.7991463132 677.3779604272273 
12816.078611732424 2019496.4988222397 570.1212806095092 
8086.174092083054 78817730.96601339 6699.551407732992 
10840.808983598683 1648512.8115582543 628.56697664146 
8403.26268787123 3568290.473730942 1126.090873487531 
8857.544690778272 1887548.650687169 939.2456385479688 
8666.628733615413 2449266.9404084175 1302.9875658131198 
8109.332739728489 32597206.835636754 7606.603288603407 
8994.227347774033 1874819.4248657143 811.5040938007498 
9137.11167467789 1560974.382626707 870.1151894225227 
8570.852297168742 3266253.246055923 1213.3248052884667 
8123.259282671494 17864172.278203055 3966.4199523197694 
8088.691228970651 76171080.39422782 9116.558028449957 
8093.896128130866 75766092.1003214 5358.086915452832 
8224.553405173487 13921475.15992967 1441.5966414282598 
8138.978298763733 14930768.486989263 2198.6269449676 
8177.758107654214 11026103.703108286 1497.4567528545836 
8213.5295488696 7751789.817761483 1481.401993859038 
8161.631357285726 11412333.807030777 1463.598197954327 
