5227.005491647468 55319233.18332658 55334.24560111513 
5227.021730015041 44796809.563088305 57563.881966796056 
5227.229299223035 242074777.5109213 26843.04820550151 
7325.591085157194 295898.90380016004 69.57649512918796 
5227.15254897512 82106462.4353177 35042.997596042565 
5227.086162112225 37262574.87411295 44058.84537181452 
5227.09290953249 32617353.302348174 38763.63640469198 
6744.961882237205 576204.4256310489 252.27893772322938 
5227.021485327534 52077658.07947989 52372.70466698888 
5227.031017844081 43810819.51270379 48530.53514434784 
7151.627391547253 413636.02098825306 150.59782828588524 
5980.00059488908 3063563.8734590253 603.4038760232963 
5846.681909686824 1502209.2389453053 646.4208136185842 
7285.291421756667 402842.70392512827 152.34292894108594 
6585.819107358442 537094.5272926608 299.9568382837677 
5227.023131046133 54134417.29529235 55782.93502774705 
6098.6753451202085 1176974.0027390425 520.5952951108449 
6206.264582891217 1606769.6780013773 514.9597937669126 
5227.356459385601 30944558.575057358 21134.34373927939 
5227.2542609323455 64598872.332029305 32258.277538887036 
5227.30214676043 67334555.19102417 23896.021157555744 
5227.311024124693 64794503.75241992 27120.733838035645 
5227.0068428203485 54857092.72094751 55179.492754654515 
6052.989501701021 1449709.086551855 689.1054188988328 
5234.08565728793 14867583.824012402 8662.280936548854 
5227.08128392554 41650924.155854926 44667.095218613846 
6299.381014126835 1870466.2645499392 488.6483624938707 
5227.415173463556 23130209.843676783 18998.515299803792 
5228.739021586522 26440867.18521123 15597.039406188012 
5227.020938442292 44940904.58471556 56705.719637735754 
5229.324362140907 23443152.75943939 14294.781717632648 
5667.881572050555 2450537.0491854292 870.3545812416925 
6445.325855909961 1262642.4132632632 386.18872156761745 
5598.653836792206 2753905.0217262898 852.1613684984229 
5227.368540446205 29251048.91875694 20841.477531649824 
6370.19228380464 1001280.8998335666 431.40995166199406 
6246.916606069866 1916916.6806448223 499.27369896295454 
5227.335087029054 40713799.10519052 30532.07019717122 
6804.942693623624 546340.1537594163 229.49982718658794 
5227.164386128914 77880820.84205835 36536.42066221291 
7072.708118780807 421757.5853548669 102.80834871675732 
5227.056206784842 43015426.04306138 46834.99854651176 
6466.42992720793 701023.5245147912 282.4397670310168 
5245.453003416196 6105662.263821926 5016.9271735223465 
5502.820951790942 2301370.683456249 1155.3563076557714 
5230.662455522528 28356860.215651125 10339.294007845516 
6533.246333271392 605327.7766905846 284.7289552909499 
6917.9271134249275 406205.5699440409 220.7902452982748 
5239.367073648912 11195357.469454415 7221.301279102031 
5438.557543662659 3447791.2813686472 1378.4266882411787 
5787.150546222948 2174061.005086245 754.878050386246 
5227.203085309582 66498755.235091895 28978.380736093684 
5569.136378537187 2787417.2480250397 1131.61865025805 
5373.93769957047 12982843.18775015 1368.7528732333922 
5227.71595340351 25340731.169607073 16618.502641653784 
5229.43235360926 33720494.64150489 13081.419134968695 
5228.498963690435 24291842.084519356 17595.83039138958 
5227.198171604296 79203047.4184066 27945.986849999725 
5233.518706195748 17220890.95105609 10838.98184340637 
6944.50208174877 540186.3119506692 175.20240678468448 
5320.507023019247 5717038.651135986 2361.576710741283 
5348.487219902037 5934282.408624943 1497.1455470958051 
5295.190097529552 6267748.90095663 3263.8417715025257 
5422.687200136312 3789804.797666039 996.7288922900544 
6854.381461147559 467529.4258411039 250.77239806444473 
5279.682333090887 4233465.121699304 3536.1785985439246 
5723.367779960976 3091252.1298612086 689.6743792877901 
5234.262749056636 12697454.930438258 7935.850345842919 
5227.23396674623 68306316.47256535 25964.702052392367 
6354.582548579511 1260882.5191172478 514.3332813593248 
5247.85110197264 6776740.216436847 4173.164607572242 
5227.292588371992 64307964.704905316 25766.239041203105 
5244.281288936914 8756352.404429547 6549.5976232819885 
5227.228939965849 71518055.22328395 28799.82305779813 
5227.055343472335 43172430.520618856 46847.359637919246 
5227.1870780522895 74749438.9361643 37486.55236461869 
5765.712197345735 2533283.946008057 808.6189703623427 
5254.972101408639 5490138.412170874 3910.898099573717 
5520.075584448616 2725870.1184345717 1149.9990186767418 
5227.239013117083 71152480.98673639 25176.374592831482 
6999.496040113806 498672.46667587 209.21660142098946 
5227.181076265364 78359785.32838714 35224.48540280059 
7059.279473975797 440419.01183624676 185.0466645240954 
5232.558919227056 13406228.411288168 12030.065397600247 
5332.565721848818 3621212.260194424 2606.677312694379 
5239.810334113257 13159918.833006123 6521.939031818913 
5230.214388892051 20837244.93321647 12716.63764151456 
5227.152188673892 32300235.666055825 38331.809352350625 
5227.485206019142 25625156.107844066 18432.82333839926 
7009.566987740684 440724.4417944644 217.12635583317714 
5693.70852767243 2673155.113367983 788.8139659925772 
5227.195526479731 75513791.51745474 31569.42028101663 
5227.355944781637 35612912.47619871 25353.53565672644 
5231.157258666695 20369996.725005697 10481.371424174633 
5227.157761416907 79728229.23195446 37400.32857104482 
6840.211930602893 546394.8572686244 203.03293427845017 
5233.095621272189 13085745.338469585 11417.410408856542 
5227.189451393222 76430881.45285723 31862.642526078867 
5227.16992968423 82000668.5138877 30817.72983309195 
6555.4406071191615 535281.4221502434 309.2964107734863 
