7644.43854687934 334012.4490677834 50.828268798062965 
5227.006758950905 192959753.65819103 103789.8099537127 
5227.205640314909 85419385.39324161 36396.97152906974 
5227.022851022431 61935840.59581706 55820.188077957035 
7101.906318319273 417629.45576234243 195.01439324821033 
7423.1993995444 388545.14595675224 148.5992944827813 
5971.716759583589 3035103.6679487713 610.3420655022157 
5227.100680836415 9833190851.099968 253060.57084995793 
5227.084235506109 52808675.718904145 48937.69383993851 
6102.497927419332 1173107.9655437367 511.973348815865 
5227.095511833359 48179345.16915327 50576.59668959773 
5227.078776749136 61782363.266093455 52839.869744108626 
5227.366277310273 39102963.53194027 30670.016205263644 
5227.094952647236 50094504.06230587 47177.61365229274 
6379.394534743962 1695531.1935723645 489.82292257963894 
5852.009032568939 1523241.534582425 643.3002159149025 
6297.277437520586 1721771.5167467846 484.8575114233102 
6754.876745000388 590926.2277532233 252.79781029640515 
6533.91800065406 530512.1777098904 337.857797983041 
5569.136378537187 2787417.2480250397 1131.61865025805 
6642.01321726122 609789.2030055858 270.35017889928 
5320.425322838596 5000198.508306414 2315.740004614023 
6243.6702295042605 1479353.0157792964 502.0586356780506 
5227.3263028112715 80001545.9170814 25689.978924592822 
5244.338026788071 8864618.353321146 6522.909850569653 
7019.918976714799 430190.52959086094 211.8031326586018 
5230.2159190807815 20790159.527249143 12712.109771454627 
5780.917068341993 1969402.874286868 966.1305021771084 
5531.5672797650395 3205614.5237625483 1182.659419134928 
6832.2526647687255 453201.8794804914 279.1182337919617 
5373.879488179421 13047095.598308174 1369.851642170983 
5232.581581928528 15730218.955963228 13961.938711242165 
6928.494520513173 575751.804904851 235.98205645278537 
5227.553299728246 24224432.0792154 18796.607106301308 
5471.272673081426 2962155.195121022 1358.9422426202857 
5227.283783700981 50239305.569623515 38280.184293640195 
5348.589094926827 5473930.274660833 1468.8217071364477 
7592.135139322869 660524.4836264107 102.51473676859968 
5230.55903083394 27250470.57800585 10580.810789662404 
6896.8712035724775 509439.315109254 251.01188935679625 
6602.04132113195 595604.5648135347 285.72195121918105 
7478.105243744149 376881.7510248517 123.37756910958342 
5653.030282312521 2545867.013507057 896.4660799017596 
5227.540058188176 70188349.65633196 21765.58027488083 
5227.286748978483 72535864.01603901 26788.191046945947 
6989.424486141072 579335.3333494188 230.66341463413883 
6444.830653873467 849668.6940540493 506.4136077514839 
5699.941315026981 3626839.65354412 742.0559322201034 
6467.647036226259 699511.8347121954 282.3373703221154 
5234.39482740512 12844208.061285727 7956.559117952981 
5287.084867504098 19223876.678620275 3588.7708328497033 
6186.051806926121 1022422.9808449848 598.7014339177655 
5227.276375250311 76522090.23921709 28119.753352897806 
5239.354781098353 10794490.059588507 7219.1733758815035 
5231.262432050167 19455928.39664249 10205.446909652095 
5422.712259158068 3811816.9147095913 996.3215996020684 
5227.100743320302 34692363.61510786 40712.66302638235 
6781.648901162729 454164.03424701863 265.5668473597028 
5227.316751626229 66839799.46124782 28416.062392374006 
5227.115530281156 8914944300.81208 244378.5792777128 
5227.384254120529 63627157.351893425 23651.549863219356 
5246.032969636073 12079945.140154336 5488.7774291337455 
5227.022851022431 61935840.59581706 55820.188077957035 
5227.081140577314 62151004.59657581 52806.07005244545 
5248.4923860796125 5311826.329873088 4596.468538720917 
7517.069913760476 383621.4523471719 121.1884524462437 
5279.8109953533 4761952.767589803 3624.926427730118 
5228.156480435509 27903656.734226126 16764.442089052827 
6186.051806926121 1022422.9808449848 598.7014339177655 
5229.43235360926 33720494.64150489 13081.419134968695 
5352.643251513873 3647307.000762563 3577.4220300050392 
5828.7053139226855 1573641.458848495 735.3257755601134 
5229.324362140907 23443152.75943939 14294.781717632648 
5799.587697700802 2297272.7202023533 927.2021548114194 
5438.557543662659 3447791.2813686472 1378.4266882411787 
5227.280006934041 70219335.08355792 29451.962118555843 
5227.236625672219 78656673.97866759 29758.200234194155 
5227.30690936049 72151475.96326369 25738.84267986683 
5227.265963657944 74721026.6579363 28210.973387734568 
5227.388555618467 37320519.305100456 24420.8438546943 
5228.747280805924 23568409.859006014 15638.12477013816 
5228.697518284994 28738866.603613496 15110.425300285075 
5227.100928669923 9135024685.106958 246845.88906510838 
5227.332319236055 40501497.38183873 30437.63022140611 
7549.215836618833 750821.4536457327 115.90222964588725 
5661.391162700157 2540047.4853894245 892.3148250555961 
5227.82414183545 31309054.03515301 17494.59298178802 
5227.380919035892 36575174.26157649 29928.20956164491 
5693.767263533777 2687717.9725623247 791.5806613183319 
5227.463750134491 38228976.583051175 22630.89361149592 
5227.545367776834 30363701.68930258 22644.885214408394 
5229.510783329413 24869820.40423008 13061.440060134153 
6628.249817283646 607077.8043555265 279.6171551197172 
5227.2146883626065 71813469.84201662 30082.072631722538 
5228.499226330045 24674537.862535514 18057.599948507377 
5227.233530537276 72764295.25258082 29906.98166144597 
5227.430639086868 34710747.092025794 23912.49273154762 
7547.86838903132 400365.0627223386 118.7281010929398 
5247.013356540573 5337816.098712428 4066.061926045848 
5227.384862760069 63346260.107941724 24119.29121358539 
