6313.4850065845 275153.3909463596 89.67645700369185 
5226.9393158630255 116893042.3186277 93503.6030026878 
5226.941341082147 102651567.29774535 82703.42187339146 
5939.349922867355 313364.03030628065 127.36328874611755 
6177.386756641004 1059452.316616305 118.0823422260799 
5226.9449375957265 88241736.70389709 67939.36842086649 
5568.554077498163 765507.7039141442 580.9585569911585 
5461.381925299883 1093802.8583235473 419.90402831060254 
5226.942047336569 230923961.8185299 114404.26862921502 
6227.596182562827 1057332.254961357 94.78851380761178 
5226.947064099868 110783991.2942746 64385.98784378306 
5226.941721847328 119851652.60214129 89738.85867698568 
5226.962136993213 36406116.91517129 48157.70031296843 
5792.28496638054 458916.19197864993 199.84460694783547 
5226.966729950623 31112763.22977184 43856.594404346855 
5226.944321287175 116160655.77701285 68976.39126170898 
6223.913605759325 631505.1095530341 229.68701585171863 
5226.942120188425 67253036.57251199 71436.76839657969 
5226.941472322214 79803708.76685534 72329.74316864354 
5226.951554146567 73044018.30831541 61309.62171235814 
5228.5211730526835 37956492.46851655 16047.676501719052 
5227.055748587092 15713040.118445039 30136.876105755593 
5227.055593215684 24966861.44637959 33878.43091605664 
5743.5920112822405 477926.2464701302 217.68666772231688 
5226.952738541774 55913400.763077825 57467.30025007486 
5380.043238514803 2048470.5391865117 589.1422828279817 
5601.455504613294 835070.8943044449 568.941364747713 
5226.957104566476 40703723.89125558 53273.65237628279 
5226.954115929362 62684216.60940373 56755.21657428474 
5226.951468170225 75718450.55350834 60018.39670048525 
5228.157177566416 14372933.899620088 18158.689961484186 
5227.001666643087 28770534.469059847 40903.31845449573 
5227.333279045112 32141119.60238131 21434.121580245243 
5226.944529960985 83359639.982778 70612.47635297828 
5284.444387595444 3198825.7058245903 1426.3476078370568 
5636.790767912139 895275.6710516381 499.24876367330006 
5832.576826365968 775542.3707398803 171.03664610161218 
5227.172371407175 48903585.579755686 28540.862304705868 
5266.426262161835 7298768.950877371 2212.9708152364074 
5416.923702883074 2730752.8327411534 558.322060367938 
5226.956582454111 41862951.52383128 54313.51784828976 
5227.03482466895 26908557.556167074 35976.178403948725 
5227.168953334396 52175114.537314065 28005.629959384547 
5226.948102414894 58242004.54897066 62739.76772210185 
5657.755901386148 924976.1498323355 418.8264482724767 
5354.058050142149 2064343.4343857926 862.9480651587166 
5227.190438275613 35941791.560535915 22956.865556050456 
5226.941312716833 105464130.30839941 82664.94377089824 
5283.537616282982 4875030.344058806 3426.548351320167 
5870.560372912276 584168.0826632553 194.06698627743862 
6180.806425204611 968829.0907020116 121.19215844783764 
5238.494084131845 10867002.516560541 7777.459093677031 
5227.174924428581 52769088.555795595 26643.237214314362 
5226.945851364731 88899540.66040595 70467.9126395056 
5226.944459947234 83899031.03431216 70790.48467616051 
5227.176893163426 46437323.7725506 28661.709053906114 
5719.966630956773 473739.5054599342 225.90051907152716 
5226.94496126765 87966599.59754078 67708.89785081349 
5227.025762364831 23198449.37518391 38469.58844782762 
5226.94769054639 58982503.57292661 66430.65286194114 
5228.618613925977 22249373.895058077 14606.025322287023 
5241.261075921707 9074916.44300247 4662.99141907022 
5226.947031605932 76236896.8768764 67308.5530784993 
5238.337661146283 13140593.9746648 5739.356184419787 
5227.182819321331 52322672.34953558 25985.771777297377 
5309.539634783539 2643416.360442088 1131.4504027340593 
5226.977396668638 35108924.43867822 42424.67170655085 
5258.77148717451 5957497.6448623715 2431.1205466554643 
5226.959890711372 61913379.38478172 61304.767122507925 
5229.754272645227 13697873.152417552 9385.779638233009 
5226.9531684834965 63790089.79015412 55735.08132261885 
5245.105188230931 9540641.542854318 4202.4147873098445 
5688.156209499739 736841.2409448063 383.39645616169366 
5897.49589221463 297013.44906522945 132.39060664086833 
5226.9525135506965 73120848.96850696 60233.629179172516 
5332.691039985236 2174333.7293649632 918.3938838342503 
5229.141119269184 21780971.848163098 12288.50259571464 
5226.942893565438 217123139.0001123 110095.34264347143 
5847.391074958412 713754.3962862735 160.0858239549329 
5443.664823026771 1521689.0325923697 479.4758062948126 
5227.028100905375 29679954.28541807 36979.99030770482 
5233.524761068856 17787636.142503012 8328.546296936054 
5229.218922097604 18653335.077831335 11114.919222127968 
5227.7747775328335 19466367.628465883 20348.096499351133 
5696.050783433368 601620.3025832879 271.714931487623 
5228.697412251037 16463268.17830725 12918.765987789337 
5234.551229967613 16491170.630151043 7060.739319535835 
5227.054390925142 26586601.192487735 37489.25453302886 
5227.6242307501125 20213961.83182919 22580.180831087677 
5227.963299587331 20192527.515863188 19627.839132680103 
5229.681304671969 17186961.83617028 10599.88789544764 
5227.052471998496 22176956.216684744 39418.084146265566 
5226.959286001636 41062669.520740025 51161.90237743242 
5226.949576835633 56425883.87184405 66739.36376342247 
5253.402294609393 5389918.790647408 5801.096570218627 
5428.877521463102 1371984.4576362679 487.383278758556 
5227.181464297034 34651071.819907404 26482.768742266784 
5319.996240277777 2456040.672869486 1053.4878825889878 
5252.322891973911 7034533.468364137 3561.3589320572473 
5226.948015983795 58244210.26075711 66188.29561729114 
