7648.521767643633 348351.55437429034 54.469228865211406 
5227.207232330377 233862962.14517242 28578.288805751974 
5227.005491647468 55319233.18332658 55334.24560111513 
5227.09290953249 32617353.302348174 38763.63640469198 
7395.093123512666 409956.3266931782 89.65704792039875 
5227.0682812520145 43772600.490025125 49600.610138227115 
5227.172134641588 84733012.38641348 34787.21937673638 
7299.451998007101 393347.66602343164 148.21166144580044 
5227.089615105486 259384082.35405856 80176.95940245982 
5980.00059488908 3063563.8734590253 603.4038760232963 
5227.029565239071 53208284.59973864 53563.55639603789 
5846.681909686824 1502209.2389453053 646.4208136185842 
6744.961882237205 576204.4256310489 252.27893772322938 
7135.061511949747 417534.7382892589 160.45514962274692 
7023.569275221643 433370.43333346123 211.12261059285996 
6098.6753451202085 1176974.0027390425 520.5952951108449 
6370.19228380464 1001280.8998335666 431.40995166199406 
6206.264582891217 1606769.6780013773 514.9597937669126 
5227.164386128914 77880820.84205835 36536.42066221291 
5227.286306621475 60441713.28355713 28226.768644683707 
5598.565384372436 2756018.5132170008 852.266313751195 
6299.381014126835 1870466.2645499392 488.6483624938707 
6052.989501701021 1449709.086551855 689.1054188988328 
5234.117385462086 14868826.010387477 8662.26562913203 
5693.70852767243 2673155.113367983 788.8139659925772 
5227.15254897512 82106462.4353177 35042.997596042565 
5245.450597538784 6100335.945191048 5021.254006172538 
5227.203085309582 66498755.235091895 28978.380736093684 
5228.7386257381395 23650054.663457002 15414.989756509533 
5227.23154188306 62656023.08262652 25997.94172825238 
5227.024558848946 56769134.90273177 53876.659591104886 
7126.5316579585315 423341.80327815446 166.42586410225744 
5227.415880447652 254995975.2874224 57975.335167337114 
5227.384038009754 63264737.418319985 23629.468388113528 
5295.188166932803 6283578.310442854 3264.651170532268 
6445.325855909961 1262642.4132632632 386.18872156761745 
5227.317558613142 41364170.520564966 33264.29341405977 
5254.972101408639 5490138.412170874 3910.898099573717 
6917.9271134249275 406205.5699440409 220.7902452982748 
5227.71595340351 25340731.169607073 16618.502641653784 
5239.370798242733 10681822.062932288 7205.551027611671 
7346.968652374486 386533.7120142939 101.9949207300124 
5230.662455522528 28356860.215651125 10339.294007845516 
6246.916606069866 1916916.6806448223 499.27369896295454 
5320.425322838596 5000198.508306414 2315.740004614023 
5227.182762399639 81019725.23111321 30581.865336839546 
6881.651199540067 506436.97763860057 229.51246108939566 
6466.42992720793 701023.5245147912 282.4397670310168 
5229.324362140907 23443152.75943939 14294.781717632648 
5821.958573190275 2514906.735341209 905.9886378348626 
5569.136378537187 2787417.2480250397 1131.61865025805 
5227.335087029054 40713799.10519052 30532.07019717122 
5348.487219902037 5934282.408624943 1497.1455470958051 
5765.712197345735 2533283.946008057 808.6189703623427 
5239.810334113257 13159918.833006123 6521.939031818913 
5228.498963690435 24291842.084519356 17595.83039138958 
5227.420000802568 33972260.46064552 20671.876835950367 
5422.666575841304 3789502.151082606 995.7914575963275 
5373.879488179421 13047095.598308174 1369.851642170983 
5227.309930937311 59007538.15773703 24297.195546975745 
5244.293649335867 8748493.900329318 6549.562116211715 
5279.682333090887 4233465.121699304 3536.1785985439246 
5227.259478428145 74298296.22336298 25730.865345456095 
5471.207263260777 4785375.2102969615 1368.7631619161382 
5230.214388892051 20837244.93321647 12716.63764151456 
5227.355944781637 35612912.47619871 25353.53565672644 
5233.095621272189 13085745.338469585 11417.410408856542 
5227.086162112225 37262574.87411295 44058.84537181452 
5232.581581928528 15730218.955963228 13961.938711242165 
5227.195526479731 75513791.51745474 31569.42028101663 
6533.246333271392 605327.7766905846 284.7289552909499 
5520.075584448616 2725870.1184345717 1149.9990186767418 
5332.554295484385 3446332.131856466 2603.152667329541 
5723.367779960976 3091252.1298612086 689.6743792877901 
5233.516463454581 17214106.518147465 10838.974476153347 
6585.819107358442 537094.5272926608 299.9568382837677 
5227.29225621442 62163862.21793364 24694.35583242661 
5229.43235360926 33720494.64150489 13081.419134968695 
5227.417760903282 29468744.655275043 35946.21357425917 
5502.820951790942 2301370.683456249 1155.3563076557714 
5231.157258666695 20369996.725005697 10481.371424174633 
5438.557543662659 3447791.2813686472 1378.4266882411787 
5227.195621930663 70502613.90476032 31831.36519792897 
6555.4406071191615 535281.4221502434 309.2964107734863 
5234.262749056636 12697454.930438258 7935.850345842919 
5227.189451393222 76430881.45285723 31862.642526078867 
6354.582548579511 1260882.5191172478 514.3332813593248 
5227.403872673096 31986542.34726885 21782.30804349948 
7536.571962588329 336520.0170336871 59.43628795010907 
7419.820317618738 362859.1245542522 82.55888427963346 
5227.045285477275 47150515.97543133 51429.880506938374 
6791.696361730995 564181.9059763254 233.9062321915189 
6958.459688702496 524937.9305261975 234.33257441313748 
5227.020938442292 44940904.58471556 56705.719637735754 
6944.50208174877 540186.3119506692 175.20240678468448 
5227.484611686337 25411483.37243553 18507.067776795568 
5227.008372694452 92821802.94946007 68935.78176088222 
7621.472728899007 375207.44101639814 60.23091256540401 
5227.060468501114 210122269.15600348 56568.51134426459 
5227.060762533134 159349875.02273086 55045.412096234446 
