5227.00187509992 953926188.9028335 55134.61428898061 
7378.3018884934745 317333.376946613 79.50522757839732 
6942.451102363924 286860.288217436 118.4450117375568 
5227.013103415817 294440175.2875887 46205.36576478571 
5227.014403169508 42475930.100933954 48388.856133070454 
7240.42814941468 347091.6833700091 92.91025119410722 
5227.063408505204 179309280.32806417 38216.048537518334 
5227.171515380884 274162677.9440904 26311.15205792197 
6411.450655726779 371981.004952483 230.2167901402164 
5227.062666822315 178278523.97555813 38228.520191188116 
6636.621031956457 359420.6033606408 222.54919599321957 
5227.137774699659 104470434.49025014 28839.9315554673 
5852.207036786872 1347364.7572655866 691.8864451778608 
5227.083402573474 79872427.05763522 34413.10366241818 
5227.102971511591 38495090.69740464 30471.513643750415 
5646.719504932786 1523852.5274289292 804.893435748356 
5462.8260022503255 2171600.926559164 711.5149767873933 
7100.888210443667 356628.4626944911 101.71505907333187 
5744.808287466985 2182086.1475268328 643.1123569672268 
5948.368875686994 702689.2639057523 511.0795753601554 
5227.23224644673 41652690.253919475 23453.570443526864 
6814.584468541562 325928.0435246844 112.03215550519229 
5227.311268505449 27762268.368569735 20844.870580097322 
7107.151826538104 436997.68664305296 101.23674755343322 
5227.0650689039385 35545418.342077166 39911.06676257078 
5227.175564986088 71890636.3487031 24525.97282607502 
6307.644511169298 570352.998387739 303.0796131984937 
6751.710464996226 452756.4630933342 165.03368035159707 
6642.172853204675 358784.6709755296 208.4188947483032 
5227.064671875626 98586702.77007449 36878.676103393336 
6387.592208522218 495714.16151774075 318.92884688217026 
5704.8326838184585 1652688.4538165918 768.600255564256 
5228.443164532988 21857205.49749936 15149.754947595937 
5227.211452067969 56667783.99686945 26285.57632870299 
5227.154514251488 83023448.52013984 27763.040987109176 
5227.013177160526 43545404.76337235 45025.2036149514 
5227.056977532058 60565090.51842513 41670.018403964204 
5227.6991630964 23515944.79570079 16619.931945551434 
5320.516064676834 3604998.118481802 2293.901641233078 
6208.19303351156 827405.4756257673 337.4776767549087 
5231.1531493522125 24315711.297189355 10608.002724711963 
5227.087913406614 30497022.52485972 36364.993303125644 
6064.779835987586 778823.1635969152 416.2304761282095 
5378.938951532315 2485731.4797953535 1173.8961918093823 
5227.066243111888 37047610.12693193 35158.06714255201 
5233.610146316788 56491691.944042295 13451.827162196589 
5227.014453757076 42394851.029370785 46815.70785349919 
6141.738334982123 563503.7568542323 373.90882985397144 
5233.084439322711 13098859.807257956 11420.520846654328 
5227.015500620291 48407623.54906033 43937.22469200204 
6010.455363289871 657901.7010221961 490.5917535496886 
5227.029856156845 37189419.25352706 42138.27069849305 
5315.119276651211 6206819.995935126 3130.178991475354 
5227.783456903642 20929071.427654795 19134.280113511362 
5227.426267790186 35336318.2621331 20154.107852912333 
5996.791522085143 671319.1403488844 436.0162252223006 
5227.016194107392 42474028.200344354 43705.579538954385 
5422.900645813369 3601083.421697734 978.9516346900349 
5239.158361872143 8405498.316675846 6071.093268011641 
5229.219999337553 36511331.17223111 13513.871216972713 
5227.223009652528 46348946.54051539 29610.32834964431 
5273.840123209608 4237059.91777306 4950.932840392404 
5227.485206019142 25625156.107844066 18432.82333839926 
5255.010980016967 5489505.229714401 3914.793999708473 
5227.1758947033495 63072512.814997315 27418.202031818404 
5649.277511158325 3589684.5192334726 709.2583362837897 
5233.440204272194 22299583.95389656 9000.497855054062 
5229.490130618031 21049224.59405081 14219.359439236692 
5232.183679063734 64008961.737513274 16371.73511212064 
5344.485817182858 6500909.010454794 1540.0797583552483 
6259.312904972571 3076282.0748525327 319.9309588819297 
5245.53678514718 7595050.735259999 5282.451398047519 
5248.269500424265 7110153.542854086 4263.542218115538 
6802.66492730787 353483.17756218923 164.091687545332 
6762.070371707183 403955.17295211816 149.84459577215335 
5234.026080189375 20541673.61051005 8142.027970758512 
5356.232729845995 5981220.627362714 1643.3603801185764 
5227.841388198495 22232682.31736388 17434.52469420588 
5287.277660831433 3959210.296202819 3176.26140457368 
5237.740709730145 10239167.050888509 7238.7994668308875 
5238.576548181419 8401964.280136958 6462.260434109328 
6100.832379279637 659587.396334812 387.11930135140096 
6227.956781478211 669344.4822142404 336.7999848608184 
5431.002001295536 4549715.919444794 923.2165172983246 
5234.97797764003 10571979.747088471 7591.460251723211 
5227.290521632275 36324833.36363628 26907.24124385651 
6136.148391626387 637971.3787599028 472.0590876095243 
5227.142973795418 73192449.28192486 29146.18677498851 
5227.5965931160845 23222837.273062598 17813.50041386013 
5280.000884695002 4198898.3370258305 3484.710049208117 
5232.210693891513 14422490.170834647 12214.215824231957 
5230.130965858992 19275698.445393525 13772.677895806462 
6087.744509264796 743813.7675806846 379.5423112786473 
5227.15843392731 102450718.48643388 26354.10174197055 
5460.481304855351 2678634.1638444676 772.5264078247244 
6255.086250339574 485654.4486726974 339.13706952773754 
5367.421993397067 3580908.7310577836 1634.8502625802412 
5227.004049357159 45866316.35315067 47587.18671306828 
5227.035708985735 35001116.09522239 43776.57180499403 
5227.13212734905 80567747.7253929 28991.14738130947 
