6881.332158026336 264658.0441519482 62.66582693578083 
7024.982859976319 273780.74740376195 51.54482671663778 
5226.997599518891 52757219.828688055 50719.08231146293 
5227.000163938622 47616345.303246304 51276.45723363808 
5227.016618605636 39469057.58589928 39724.2502014711 
5231.848935758172 12793810.09237526 12283.958105853162 
5233.364422443249 9838877.944969831 9444.029917619036 
5227.014165147683 46430421.950242884 44739.27631428858 
5230.144229400639 15994157.88471812 12370.319676656449 
6717.12935388497 284772.2946014101 84.17871564789652 
5227.001156572639 48802551.133505955 49531.13210137117 
5227.003363503643 45796667.115744844 45509.69279290429 
5227.029673289771 35036984.22495722 37942.09408364855 
5229.104068470917 17452514.313301496 14644.311803045463 
5227.048331289761 31333859.282476004 34667.10885958884 
6569.617954156862 354344.18576430966 139.92369389633998 
5227.059037310498 41914603.30673886 27969.629530979513 
5227.156213120041 27189202.80286977 20991.200037335126 
5227.873323809918 51394105.495487735 15348.59461615091 
5594.931147041546 1989423.826689287 628.151581729412 
5227.452178340461 21592509.604129735 17889.865539802813 
5227.004575889084 43439368.909948386 45383.695891035444 
6475.905156438692 551623.9165619267 129.88109375489927 
5452.707793225398 3024810.491179184 624.8550949876786 
5227.039797626154 29383557.190158624 35960.51861788443 
5227.0583276180605 36181449.7456246 29345.58669866861 
5227.144970911697 23498233.98900059 23721.574556194155 
5234.5249330111355 7152706.587028044 7199.225235753706 
5227.001982674039 47201235.02325033 95863.8469545512 
5227.078192689694 48071960.31483792 32833.00885924997 
5227.704757045464 20180440.762521967 16696.447525577983 
6089.829454875496 472193.65839383367 257.0354632870768 
5256.225020127228 5355863.917789534 4218.325951759868 
6927.590004965517 269200.51679193985 54.66450344612222 
5227.178564045181 21196194.707572486 21826.445714148576 
6658.133005438465 321757.1111354233 139.4404951660497 
5228.897858602955 25880832.929805018 13706.61697328958 
6340.1809518012515 343668.13358350296 165.30927158222767 
5266.2208079546635 8948598.963232035 3626.8286444016576 
5227.141394599374 22812610.868879445 29658.58841489868 
5227.121175008443 25112174.85993627 31002.16417358164 
5227.101064924641 28291342.926013757 32978.661877775776 
6997.983034408589 277241.3627622036 53.49498648775361 
5227.115673698151 30980604.66634325 24401.710750932645 
5227.12161759971 29335646.76891783 38119.16408241399 
5227.0050564864005 42179415.68708898 48739.90885626101 
5227.10101897019 37611733.92839205 24606.076831451766 
5227.111974835534 27948994.723302312 26082.82274669021 
5936.028218066533 589057.5808388826 354.11628199148396 
5788.8970789812865 665774.3807619998 508.32995396075177 
6285.32216709967 365069.3338271916 250.2032923694732 
6170.457473310655 382445.64837720967 293.66236329260323 
5238.525470268359 7473268.305874288 5968.773220442385 
6396.583098706845 481047.2864868605 149.42416586580347 
5337.555240599183 5029031.515529515 1382.505230086328 
5305.550950459704 3189499.9426742955 2062.3275581406765 
5844.869765478597 743426.6783943636 456.3812747230925 
6422.033195570582 477507.4705322943 135.30645330000021 
5294.533669491846 7618435.385473045 2720.856070704863 
5395.675808866568 1702660.1625579512 691.810770024287 
5334.33429568636 11213445.620285401 1136.042851920468 
5364.177127169666 1793004.346776356 938.7852794124495 
5889.509330445097 641714.4060679978 346.26350357518265 
5279.894444375278 3945561.024567534 3306.544176995742 
5227.074913864902 26673893.74888514 34652.99369660768 
5673.927154664258 941941.1863086757 652.0728519829551 
5228.503237753076 20446364.724174622 16016.718511811705 
5452.705050014276 3024621.5781461177 625.0294656167447 
5227.057515563668 29128107.82235681 37332.57211311785 
5274.172872170753 4127757.3019280834 4931.421395684388 
5227.358077227312 24328768.764147043 17327.898666233068 
6258.625548727726 457857.80058805016 164.443620805553 
5393.46784222779 4414451.446046658 837.9355157545908 
5646.41295648973 1300210.15964338 758.7526078691194 
5316.7295869800955 2589327.653887983 1927.7357877174309 
5227.6735554324005 22166968.713211324 16587.661433467278 
5331.019854085618 7746293.26449376 1598.0550118308922 
6048.094158789351 474748.9870391972 271.09013863747555 
5324.271919997183 6647257.727350424 1693.3008671761252 
5731.603574438151 845075.3229058661 604.7748725477741 
5764.923453296211 763734.9988481893 529.6404493895261 
5703.665330085677 861146.7057005519 592.0289944383167 
5622.606941228914 1333795.4354195627 728.611561821279 
5244.698364834526 7144558.215193403 5555.755219588883 
6682.2741880656995 331187.83582869876 108.89562729921948 
5227.0321403184635 40890840.45890521 44724.20836398357 
6025.641857903214 506269.3808305635 317.3646001558802 
5227.000324986698 46707627.841441005 50809.82178173984 
5227.112902451057 28258854.234923437 25064.519611540734 
5227.060371423392 28080803.603980515 36932.60906883579 
5231.866623920417 12163280.233985178 12300.906822957799 
5227.097996874339 30812711.440552067 40590.9832861348 
5975.398473140676 850793.2886151503 303.7556568687315 
6219.538408488468 553209.2843560195 184.65927521789217 
5990.810432428402 496692.9013883519 341.27212720642694 
6205.057567322574 503030.53007069614 196.79886594408438 
5228.755980812017 21033207.09078658 14913.472696697083 
5863.560268715704 571602.1952541774 409.6032612512852 
5227.11556912581 25572210.29974667 33322.06937416537 
5323.713492261287 10589039.06064682 1675.1464416652848 
