6807.532468358058 247080.36392565916 22.888793397376034 
6820.222539462707 259807.51627936438 31.164930702978502 
6567.629695870103 240882.57042161791 23.096103096902688 
5226.94531145546 102182516.97715455 87134.87008478484 
5231.663745969759 12228865.959825784 14295.239099279683 
5239.664421064923 8440719.74144628 6378.048644514432 
6594.112151964256 242821.9292822192 23.032139728247692 
5227.132702291625 23179061.804709714 24023.026609219676 
5226.952474274489 95820702.34216692 72664.46135157644 
5229.707231095882 16894772.123449232 30492.915495244066 
5226.951312815225 76487844.99259067 77146.32364858197 
5227.219286594841 21093535.475500733 28635.22826521672 
5557.72494186924 1946563.5148354904 1027.3706145527708 
5226.960893916508 72208610.13659248 69461.34758745234 
5226.964086410975 69508682.72883567 66010.0622383264 
5226.947680932467 81027161.98149116 80267.67938220325 
5227.079666839971 49997883.07733399 32929.12405992668 
5434.459756067755 2328530.8199787578 550.1062084766407 
5226.997032206092 44616327.25822212 51990.20284433259 
5245.79969190899 13130610.912700757 4544.265573614378 
5807.166984809038 773629.2176629881 338.7722941137831 
5226.9793195102975 51544201.26768161 50022.04502234165 
5226.9670806280765 67823284.78833947 56310.97476864829 
5251.103994257349 7000578.109179444 3760.0971524869956 
5227.046755574245 28192832.12472108 40343.63499544816 
6281.894869591446 245886.4357505748 67.35526866534357 
5226.963101166965 90257199.99217066 62404.452444872004 
5226.975842933533 53573406.745362855 53972.80166958968 
5226.98487905108 59153180.19103948 44994.48169754192 
5887.565503935094 546011.7110600582 266.70995673271904 
6026.255984319273 395763.60700710356 142.1505201324281 
5226.966418960366 79627648.6695688 57622.33977077544 
5586.582102345824 1238526.4904328224 618.3524305708272 
5337.048576324095 3520173.076908009 884.5525400121778 
5227.001161065902 39413239.55651908 40676.46477898387 
5226.9498069954825 87043390.27368228 74305.60451374686 
5382.450182775977 2561337.053640304 617.4120805508446 
5227.023531795946 35994999.689104825 40891.425619423375 
5226.96783031724 64886149.83908352 53875.09898972634 
5718.533072710179 1883747.225375906 411.8666312663206 
5227.301170884935 19307675.738995425 21145.889825485458 
6335.18141965821 252718.8672436625 64.93612790621526 
5227.015794355069 38862251.28095993 37557.39371653062 
6058.160244203171 299208.8651760639 124.62411747697578 
6219.252985489089 253561.49643859823 71.2837236258621 
6140.676410490676 257662.28196579637 84.99828779561068 
5226.9635496300525 80423948.08189619 67480.65476318446 
6111.224927474274 258729.66914653886 88.85334592556639 
5684.239480140432 910064.7551598764 818.5282376319334 
5960.610078346063 303575.9124477435 150.01181493552866 
5227.021897520713 38488262.36081252 45633.056573896036 
5226.952671728169 92833689.44994324 70817.28676974718 
6196.499251553132 267012.50391393 80.08854032908698 
6410.242053526338 258517.0802683648 37.399401588881744 
5271.779856154727 7664278.664434538 2266.4846821464953 
5226.965109745148 58007851.85191821 62313.89379587074 
5227.04604487826 32785821.50291077 43712.95641174499 
5227.313517662523 19297288.541972082 19495.01812007875 
5227.059338128852 25675913.337162063 34265.61013355983 
6371.661628983201 269275.9811211835 51.22717423375528 
5226.950223835067 89137344.61454819 73313.9507262334 
5227.046492409607 32581794.290598113 40840.43788884884 
5226.9528411139745 83062400.31291749 75741.70105998665 
5227.058339309112 25240508.715219434 34613.23778523784 
5226.950905011934 81616679.03183874 80082.2542351395 
5226.986208788732 47028553.80954716 47634.9424074955 
5227.054269820913 34051799.11195393 40107.05192574626 
5227.857651988166 20041243.23448148 16845.669371392672 
5227.415802110772 24759779.13625107 17142.31850012653 
6450.219094304779 257035.30108480577 41.60011459803319 
5226.967804096822 64919568.18321182 53753.07005752281 
5226.966130505025 68297443.09285757 58467.82165523796 
5226.952928760159 83864275.34339896 70705.19629080259 
5226.966516058583 58695950.499435365 59946.022039288655 
5226.97589963908 53547811.29234822 52616.05570900044 
6478.693685961088 250437.9834902006 32.37609291215992 
5429.4466065976185 4383242.84706943 595.181315611907 
5906.103643359451 387350.76194502827 260.0718141184449 
5640.416688066761 925464.1162866264 556.4588668588536 
5226.949796002827 87327098.11182332 76968.78987906661 
5945.073306450026 324414.27768054383 164.9270300383151 
6528.974645592538 241478.18868406193 29.494694009154017 
5302.089971063728 2759213.0671111173 1171.7020319733606 
5227.048149681089 35819121.11856148 38663.26372069687 
5227.29003128112 19914806.710134085 18978.039342335374 
5426.964438985514 2308090.0982895363 598.4214798147069 
5226.985565135192 45863658.7255065 48253.2088092692 
6512.713859440772 247061.29624741245 32.91424492098993 
5762.770557831771 808538.4877307531 343.1389640933882 
5642.970946177348 1026235.7577606435 550.3518083863341 
5764.5515821900335 699150.2536532509 340.9670575180051 
5227.0381781107035 35486443.179544 44748.039260112724 
5226.966014002678 58176390.50589964 61225.55705492951 
5226.960079155859 82142632.9223844 70380.53204057176 
5226.987640492526 45866042.255431555 47010.543675669614 
5226.9528348217 92136551.61914505 70724.95592188013 
5286.88236111958 8017992.084434536 2121.383134296524 
5226.999590198215 44962654.839683205 43878.719900990705 
5297.03790743985 7850860.332015987 2047.701937484505 
5299.03930198779 3428471.859299992 1202.672886914767 
