32044.419549089493 47289.032994638575 2.3574185530931815 
17416.54612895131 48308.48919846364 0 
8010.022012606854 12411671095.608744 21564.42611524532 
8010.004155592086 1672627236.623166 59968.349990109964 
8010.006135650699 492548187.9166194 216097.455513147 
8010.004511023606 1195465258.0144176 63675.18834683444 
8010.006135650699 492548187.9166194 216097.455513147 
16176.333604638006 90743.41104807242 1.0256793039068954 
8010.004474168488 1669503422.5068934 63330.3392861386 
15561.424001047617 62987.07335821557 2.281348937116184 
15000.547094426776 101095.03605647592 2.189643648161553 
9956.896923432898 304405.49102083966 64.23771574441764 
9265.87880426388 349455.2601761442 57.43347963119796 
8010.006384959019 313116716.11883706 40214.099982688014 
8010.009170796139 164340485.06718558 39355.933480197345 
11905.439939741267 116152.96053406363 14.988607498421807 
8010.025329112277 23513379.284420375 32410.083758598383 
16910.55338575771 70464.17655824832 0 
12311.524156875656 105460.89698679106 11.553166850194897 
11434.662986463445 143067.47891426002 23.350781703746947 
13173.633799427762 102341.98757216672 5.9991237260924875 
8010.010935308966 54116473.60268464 30009.23981323746 
10321.886386620312 281682.41216407163 77.44831503627464 
17036.486490540934 54640.54605713747 2.2311756844369697 
10845.381610549088 275578.4968671012 50.61971556207794 
11051.919137899147 173251.63215463067 44.71961673699181 
13512.09732769818 100157.7854873822 6.150526290409783 
12750.937714710271 221928.47571005844 9.397635960203102 
12954.499011357777 103479.3061012636 4.84742051207112 
8581.502360507093 1274703.9705881455 210.7701811534012 
8873.202577285385 398124.0161371851 87.16760684013377 
8994.751261785288 363658.22460936056 103.75386860345343 
14171.802292591241 71058.45014766706 4.328048282607211 
11309.64218711574 134601.02963967493 30.831905788024933 
10583.809260569256 419365.19110665825 29.193752527344245 
8483.676702224666 2152324.833073839 768.9087791361696 
8010.00628021671 243792773.49945882 44588.88237862907 
14476.068270273481 157442.22021600071 0 
13706.933656570709 80527.64403988888 9.166226615008055 
8109.700796453588 2295475.894629347 1657.5828823232468 
8010.010302236895 51257390.35158606 31585.879803322492 
10472.694168856598 550473.524908514 48.30115641499051 
8297.082966360202 3731829.424863101 358.66796838750236 
8010.033572159383 18180530.601743747 22598.498005347 
8224.404131129017 2389634.6693070466 1141.7574564890162 
14070.723491889561 78820.45189087278 11.902323798788789 
12752.331733620864 103480.15145372797 16.92733880451945 
8015.068979937698 91626967.00882818 2144.2485632872954 
13632.50018483886 71827.6563923267 12.431945884706487 
8010.052715524345 19600244.20306223 10785.762090376109 
8010.025518446568 20048543.136383012 23841.33713205663 
8010.101812388382 7260217.635479776 18876.11831696237 
8010.023442164008 24814389.83311044 24148.396093524003 
8010.060748971409 11965150.459936881 10175.159807930755 
8010.012921341868 30568709.69430399 25402.855553241552 
8010.040120101911 56830881.039038174 11778.30014435501 
8015.906197668975 3097957.9113858873 2018.3494089069106 
8010.066238807207 14423621.835305039 9311.59976973083 
8010.038743466299 25009550.156537607 12174.171139885797 
8010.05369870387 20178551.423244648 8932.795491466775 
8010.029391799431 38965890.42705402 15865.851743367195 
8010.02677158374 40375368.9623993 16239.188594822997 
8010.029030419257 57857464.08094921 15071.290531572376 
8010.0351589203165 24860234.879323896 13000.61366624757 
8010.024363092262 49933498.648572646 17147.86250271264 
8010.030360125146 47564327.113533095 14059.485889978334 
8265.878044491976 7722630.441192971 558.6941515278771 
8010.022693489527 82290266.45630458 19623.17484623984 
8010.072456769348 13913528.198587727 8131.741136174147 
8010.21934051481 7904513.638513565 4606.092348770302 
8010.135676257354 5654534.533193889 18037.21170603331 
8010.032465574163 27988739.569206517 14601.668331149927 
8010.036911957732 17752648.802940577 21144.491252592907 
8012.075029340514 74904322.46577032 3040.112781656905 
8010.267592335176 2976364.9623260847 16926.40569687382 
8010.073923015753 28130852.248423822 7509.700498621913 
8010.064959929856 10557695.415971719 20679.868757548993 
8010.087632792045 12430043.711976696 7038.831894650786 
8010.20503885246 10101322.097782338 5074.527773960048 
8010.126661836685 9436103.05570482 6231.298090882162 
8010.101403288852 10473478.201605093 18107.320454255885 
8010.3053819502575 5858920.911727435 4097.80427061094 
8010.135812821929 7102583.930049155 6658.468440218499 
8010.07444188117 10531823.171921896 20242.839819232315 
8012.5551306004545 3944985.5217170413 3417.2007193531986 
8013.165042307518 13982146.228254922 2452.578250724025 
8010.035120328854 84236578.64667168 13351.416658904644 
8010.26320130049 6024491.392884615 5465.902405643225 
8010.231910502712 5962195.002618173 5824.535027842933 
8010.032553785521 26014101.015130594 13610.32208214189 
8010.8596438964505 10989196.767883271 3784.9787402677225 
8012.551997655242 80664523.39130232 2885.358050162371 
8010.090374263088 9142816.258164532 19863.20739171261 
8010.07156689181 28918411.877682455 7942.597561399134 
8010.006549210439 136277094.11907485 42392.974868705554 
15478.15072108858 100863.69273406849 2.0840807476257845 
8010.01972634718 27178065.472043492 24441.675009556293 
13709.263602592073 98921.88291681622 3.96906591282829 
8010.007430741134 519609849.25087523 55646.376707056974 
14503.159273265206 123576.0075910877 3.96906591282829 
