19084.0365302083 1022975.5544454658 255.38585151532357 
9335.218396273713 1365257.7577455374 430.2462718929343 
18909.79026080605 1403313.272477311 236.12677055486347 
13380.800458854455 798745.2545363384 256.6283617308714 
11503.581598482917 1527018.2370299115 362.25153907279457 
7402.998066545608 1455063.8242547088 786.8352698743851 
6921.449522041094 1439549.105849586 820.6176900448902 
12840.816682865934 923510.480475665 418.9854848518991 
12029.004746947652 1067915.3658424765 324.10541087464435 
35058.3247088367 1541992.4722169759 208.12378995269398 
5944.475801389481 2870025.825240687 1543.6371628378658 
11657.254724141763 1108752.8623335676 460.3071058053902 
5945.626147632063 3479445.367675283 1490.393922333185 
8319.270385121414 1357029.453442588 570.7607109992506 
6411.618335446462 2025106.8312355895 981.1428873694804 
7627.538945572299 1672581.4041023687 736.9967225551029 
5595.7087530999215 6400366.9815043295 2334.0307928151897 
6377.271316321111 1824529.6054306603 987.6584367206102 
6179.748194557363 2035739.465912392 1049.0983022127245 
9953.653250301277 1178850.1503511858 365.66849534984703 
5926.50092627095 2947623.2019275725 1796.2723551797494 
5860.933195954387 5468224.35107726 1439.3978137899046 
5823.997025393124 3212132.608241809 1980.5575365568743 
6151.542816787041 2325002.357878956 1214.8445829164455 
7618.832567585622 1429554.0223348266 864.9310288871326 
6904.579863769582 1807323.3915789332 616.8370169233826 
5509.664677133728 7507546.686402271 2540.2096312315484 
6192.7429756317315 1444204.3822372106 992.0355738412147 
6965.961057179188 1479273.782415358 767.141365734361 
6458.509942915606 1754137.0524067157 878.3549664682646 
9659.184020975677 1590997.5204944296 378.0742941810143 
31564.565590593797 1215869.3383149619 229.7745196117057 
6051.938148183723 3578957.8167573623 1086.8095485342938 
5937.970308351917 2514617.1918007233 1749.8158312438663 
7778.822075080926 1480222.3568068072 675.5926925639415 
6037.06674036626 4243493.20412331 1374.118059311464 
5593.090627957508 36387818.74025259 2191.428320975032 
5934.765082423281 3297477.517452609 1537.45890429394 
5687.075767075115 11131579.395082533 1801.4215507402637 
5873.956893727578 3080271.3490841174 1730.2617255780128 
6367.436334341674 2863724.584441849 810.4332363797779 
6030.394905060363 2891883.6193610453 1535.1465050262245 
6602.223532948124 2086939.7147035515 724.1981664093099 
6041.167013347095 1962591.1015406298 1226.8707994008728 
8422.85022312331 1023915.7970326106 529.1202755383586 
5718.595732823263 3755672.673147333 2137.2762250531364 
5508.1756094269795 7767584.929266662 2500.4261440465107 
6548.23064032611 1729777.8060810254 864.3064819512789 
5707.509146725063 4185998.0097701764 1567.7860085373484 
8275.976706820189 1766174.4031272554 515.2502750005227 
5493.616635929382 17832022.797205847 3204.4173149738995 
28955.497222792415 2765761.6387319 232.3178867197035 
6090.047699025606 3525865.869668062 961.9370204181124 
5494.394088365066 11761141.530378126 3819.0428176673718 
5613.2089127764 7670137.657215785 1853.1858705327006 
8770.975586025532 1083794.6811413711 499.437629335112 
5816.490376708758 3268630.242718175 1826.676574409812 
6897.966788404041 1343975.1431692406 992.0147969114115 
5447.974084770338 36747880.79612668 4473.468095953436 
5962.701777319859 2670443.016414261 1686.391100127055 
6294.7241178367385 2116423.307775298 886.8435690521587 
5710.4340145618635 3889947.403185309 1909.771285678281 
6630.680926901844 1377651.6070202626 936.4668254490288 
5621.110665196342 3259160.655478795 2170.9242110506357 
5703.9679060279595 8685988.041714896 1769.0637188278324 
5724.402651519366 3338981.6139010554 1758.6674579415799 
5826.208577548659 3380595.847646843 1571.0456598923004 
5701.791108610348 4531830.002514119 2050.8922582395844 
8174.783459500757 1382545.6164983937 777.6042854669209 
42683.25021401592 1265821.6873251363 194.60921204551744 
5412.7851819452335 27169362.725636613 7886.287919070586 
5446.745319471469 25974375.597129658 4637.747018139567 
5731.355426294436 3940971.9036644576 1577.138639647349 
5780.626230875283 2476732.2666210816 1987.0169355964942 
6004.0144169615705 4146320.030043165 1378.4244553085243 
5818.025184970034 4561033.510548839 1448.8819424906023 
5963.061093996724 4312641.367118429 1341.7037830134082 
8013.386922298579 1664816.8896209747 626.8217401989986 
6046.736273028108 2782662.3681279146 1124.0836442289371 
5889.060524337027 2978432.236850654 1867.4132291368646 
6227.305269552393 3052472.4629554604 988.4607634363148 
5382.494323681226 41066996.92013656 8230.033612849827 
5486.061272637772 21977973.905825913 4148.945494249866 
31048.292077644062 963129.0740759145 386.31134797893014 
52394.55655675315 2922596.5257281363 237.8541905653145 
5453.711107170166 68572142.99770403 6161.020503576834 
5504.281155372727 88344404.2205736 4297.49951611591 
5482.527156779259 56890012.32562943 5705.951508563615 
5485.156170468276 26797369.89915434 4885.997649398069 
5518.287905393201 17485582.902411047 3287.2368394757605 
24147.21542874153 1472791.9251060379 259.93645016248115 
20228.365169651053 1273243.3722167714 267.7718687338054 
5509.693603421337 13742053.903393026 4078.059869195406 
5650.7843357958955 9840268.308305636 2574.5430565014044 
15406.824781924193 1032141.2213641778 283.4035334546979 
5561.850045617157 20367153.352947615 3036.55838348243 
5684.136174140928 13721936.483254487 2160.3923437617595 
5784.1400580111695 4711488.210941593 1706.4705072371294 
12357.839821984924 1342217.61496822 530.9709289393946 
6043.631846949991 11292817.464366179 1607.8798095119296 
