30026.029447055625 63285.046876369444 0 
30701.114275887354 62029.05348382604 1.0299219532596295 
30701.114275887354 62029.05348382604 1.0299219532596295 
8004.73991560591 26127337.32019298 6001.1853763006375 
8004.728923136661 14237151.135523975 6268.692266777006 
8005.392609780832 22971230.181141004 3560.561879822059 
26601.434853917846 63220.5999698784 1.0299219532596295 
19612.86616217365 71714.58427447795 1.0299219532596295 
8005.972985237798 18313627.83588495 2476.6625866392496 
29296.33242693723 64301.778911068104 0 
8005.369847715374 17207750.26092868 3645.915437036524 
11571.931301862178 331980.96976247086 49.407622462786755 
13537.40678948967 313377.15406379604 35.74312048508479 
9564.098134188871 642299.2110558922 236.5256865568522 
8010.081589679011 16029029.405752935 1215.5404469665805 
8005.227325248318 21831428.88032522 3767.1707007887367 
8005.031816864179 19937240.566196196 4651.368303669 
8005.21326362248 18780251.8443031 3896.244495393661 
8172.0100153016565 976661.6790618588 228.89224673685618 
8004.907345036084 11098315.165988533 6058.784426367916 
8004.753069743586 15354533.842745181 5621.37316758386 
8005.403302215629 10669907.061263796 3417.1989580706318 
8005.047681718024 10266913.613199465 3951.8619507305707 
17955.83853817236 72687.56660977869 0 
8009.381660355346 2198974.547919003 1355.8065974137137 
21762.88853034237 66991.28001182867 1.03667053743598 
22618.231995153466 66472.58326970658 1.0299219532596295 
8139.948175451613 2960975.8233155725 343.56514919784405 
8033.362500238847 5723474.540961292 678.0635661834796 
8005.337247472232 21233529.532096095 3731.821990693579 
8004.969364522981 11563319.413239922 5304.801293257083 
20902.36243357132 68352.47784800552 1.0241173009755666 
8006.667084321556 3965631.733852938 2225.5799918174766 
8005.313810677553 7905940.1947236145 4336.370487928831 
8005.568302901954 4525610.407572171 3250.006949006563 
8007.0408065416605 3280936.5199837843 1904.1594898257113 
11347.138182786983 321107.3819456419 56.28833808881014 
8005.410080865158 5085576.627464763 3515.5483357952025 
8004.96342852653 9885770.08207543 5506.0421642177635 
8005.010041731801 20490167.63597433 4774.840077539049 
10445.797264930025 379227.51875822997 101.56208830006643 
8005.602525203874 6052167.37452518 3224.424036658852 
16289.079505765183 75994.62506782821 0 
8004.986546579405 13955642.241977723 4981.05290663887 
8006.784385923699 7345496.082994565 2046.8594736914213 
8007.575803966476 3476281.130745556 1802.1351078684552 
8005.760056853003 4303240.389087448 2856.603250619927 
8005.163930187747 8724468.853444822 4172.267443324134 
8005.109865242402 6673086.353961616 4457.931714383523 
13735.45253386852 278769.9533981785 30.957578911595732 
8006.675208156544 3746380.231409443 2771.409210379801 
8004.9344115563135 9235435.138991285 5682.144305695303 
8005.011865923176 15654618.65198241 4876.962040409612 
8005.582876262712 8396499.766907202 3049.8639339810957 
8005.631481639193 20412396.100018863 3031.886081953331 
8013.337773302816 6987871.919652747 966.3805120646366 
8010.154852654585 1938638.4859499154 1144.2988618740803 
23376.72602265089 65925.51485532339 1.0299219532596295 
15464.905681818596 88701.75582291344 4.915672614792037 
25188.82999243839 65216.003861161094 0 
8007.758021827239 4311730.459220989 1669.224217662473 
24660.623883724285 65362.634768015756 0 
14599.649388954356 115839.63440576073 21.398293962105303 
14571.712148925599 133783.15144829755 31.106961824087637 
8008.347163893433 12076227.732608087 1570.5980338626703 
8005.04426679996 8469822.06077709 4520.414879603713 
17054.241845209694 72820.55787895783 0 
8009.041457911694 9615726.373411769 1530.2021149085317 
8013.298403009234 1325767.738728914 1048.5618284018262 
24158.092411815407 65628.87609574915 1.0299219532596295 
8021.719397110998 1622063.1305965744 780.5402128903274 
10054.07118926243 525998.152061802 159.56649018120146 
8007.89770330117 2521999.6626965273 2076.680704399917 
8013.671535860836 1330704.9118626826 878.9181502423362 
17955.83853817236 72687.56660977869 0 
25981.16183721617 63591.54110028975 1.0299219532596295 
8004.911182052502 12192120.682375167 5104.969332194102 
8039.394978049107 799948.9777673425 483.80828596423606 
8004.744252819727 12599984.940913564 5873.955966952976 
8005.364321834606 5457519.534314919 3687.3554985082164 
21006.342278015254 69432.94049153707 0 
8037.1799687598 860485.4560530174 508.8812430423227 
8004.790264361915 12225412.926495567 5384.342023196472 
9763.055294829179 499792.1483594797 187.7544405523479 
8006.0038919052895 9502574.618783835 2597.9661851989304 
8005.913766439259 3864587.980546798 2614.647680487992 
8006.099463220856 6695592.864056954 2196.4350497237297 
25702.237985612726 64056.10404566342 1.0299219532596295 
23720.272205499183 65742.58533239557 0 
16980.566063911294 74635.88311874346 0 
8013.724745317281 2632009.098079005 785.0543629736734 
8004.920104620943 9720023.422319373 5813.87882593993 
29296.33242693723 64301.778911068104 0 
8005.040213991891 13408817.304894557 4229.946948269694 
10331.433113098408 406446.6857088463 121.06211521859194 
8005.000229440807 7731292.565520044 5036.052572578279 
8005.016339737828 14222696.11251047 4707.651185927887 
8004.869831146039 12956632.104879335 5092.737733059714 
8004.801601812796 13179111.603644092 5367.08670801787 
8004.909741671988 11625894.905208433 5860.667214260407 
