18736.21444431504 91034.12098537057 0 
8023.106723485739 13362453.82026165 1319.4146056825425 
8023.596284500429 26038480.405535497 1115.4452698093678 
8023.4148293076305 15619370.34749199 1221.0480564230088 
8024.075052164864 10265225.660484187 1023.7804112689275 
8025.538349074519 7176115.133801208 901.5449370984988 
12497.196458948762 488523.11311859544 118.33561695714344 
11137.832594689047 526587.371642356 97.17605349364189 
8023.998269707729 13249456.470925454 1176.6868587171152 
8024.247803565926 9151498.983125612 993.4125357365452 
8028.281899477962 6496888.13007703 764.517182068369 
8026.337750675902 5646912.016081877 849.1330043967632 
8057.454362047351 3394201.0509603815 547.8308763521741 
8024.306660330987 6445342.221247153 934.3007734518676 
13044.714757654116 435180.5451840277 81.05449399310014 
8024.173529647196 9225911.15813502 999.8354258699823 
16917.017492395185 122380.62945039038 11.32038721653139 
8045.091727249843 2707613.122011496 639.9324777047805 
9033.387018605714 1611758.2943906942 244.50465928985705 
15635.285560735756 129425.00852139076 12.132294362441307 
10681.910040807792 644303.7446990116 179.43717290382938 
10403.308439646296 2497014.6200089185 203.84081838149922 
8027.485101244825 5396804.399686188 820.4097887906969 
8098.918446200796 5042905.3299919795 505.43239805761226 
8285.257750269255 1883378.6443265807 469.8195799736375 
8411.364807303418 4646564.89406132 409.7522333835458 
14585.270892258293 161606.7731778234 46.660690744679485 
15989.603864213086 124322.97982689395 20.72321289370564 
18132.644529658242 115777.583145007 1.0191002253757244 
8700.306149285192 6090415.097571603 330.53389725167824 
15144.3887484257 129333.27534375824 27.286367994914333 
16162.775632425068 117562.21656941998 14.180871640247767 
15408.727998404516 124748.36327987263 18.399654489474514 
8024.0276665775145 13337752.823140219 1173.3278423503918 
14992.70413948422 153120.40543757039 35.4481320627594 
8098.922087436307 4977038.461721009 501.5251057799778 
14747.380498860897 147483.9862377577 40.0574183422898 
10051.710753660453 992113.3605900747 226.86117312015682 
8045.710383665725 3590975.948200966 604.0251586036204 
17873.98465631005 123044.07255205192 2.0484600704551985 
8048.937872085018 4395774.024042886 587.1438117042414 
16461.152247016995 143886.24027198722 3.7607796868071146 
9405.211435820005 1423681.5024190927 442.55905752316744 
17391.602663338865 125314.05870562166 8.45905319624472 
14342.681927591831 401420.6264822603 47.657815124895905 
10828.254220503899 806568.727368623 120.53581588556794 
18407.176961267618 124211.43591519512 0 
8787.318945284627 3129953.9582259273 284.85717238760964 
12819.19867134162 477963.1688236849 101.82355740611015 
8030.149656580352 4441503.247464014 751.8530083870999 
10238.910162798002 621064.983363323 228.7616333298513 
8888.666488925483 1656781.4378723786 340.6609942622997 
8030.448963001232 3358515.409338891 688.0596317488946 
13373.057459181999 641751.7146702651 79.24458280778697 
8507.205569863463 6229661.242089337 360.2667354760493 
14218.979991351198 415005.1215222514 53.031904933674554 
8023.560441032371 13336317.807638923 1187.8627799714882 
9513.969688397803 1265168.2946956852 373.7272733620307 
14070.317931302494 371395.97227742267 101.38761522805552 
9439.81349436752 1410987.2018068878 452.6417389997504 
8297.250891925998 5782970.793112492 416.2992901120516 
8149.197055752779 3812319.0945542776 444.01290555684625 
8518.341565654115 2694743.0191257847 331.87717352077766 
8980.38713734654 1464807.6018252126 265.10632027961407 
10576.19180335601 681496.3433395008 161.63692285885696 
9716.725751676106 1120684.578716088 239.63726965880397 
13971.771684991912 459455.72752979 70.32545818301291 
8822.736268648263 1821934.3168338034 429.9634255266892 
18553.32493444865 95286.9466056399 4.247608259098331 
17090.88681626568 116314.67421548071 21.440111268396574 
17209.73991055883 111774.9393834869 17.682555522000943 
8040.135922517533 3984598.7903838065 662.2877666340161 
8027.485101244825 5396804.399686188 820.4097887906969 
10995.421651137527 678253.3070771922 145.7407824577037 
13827.976888033809 468011.2096044013 75.62249088462424 
10584.602975230278 4472711.074468638 158.83689452979164 
8863.787798907635 2320447.9092302425 275.0505847003235 
11124.759992880074 697276.4453595777 132.92803114744055 
17612.20765208175 102605.59010867789 5.931575099528174 
8885.232571777975 2140149.5014019753 256.5103414971286 
16460.784643527033 145039.7833014684 3.8353446819004855 
8030.248153856375 3978094.6290180874 717.3529068433118 
9900.385827964188 805043.8812192132 257.9348591185369 
13508.995894576137 610640.1322400891 74.62008960309227 
9800.316773835882 870604.6146797049 308.99527548533047 
8449.839915340941 4281586.987603044 390.9105098239821 
8030.157130731466 3980631.8249341156 717.6100317907318 
9856.019666041206 896545.850581304 289.6268197171282 
17664.377551380538 97189.85961975611 2.1065753281328607 
12611.961992949122 484262.57266046014 107.93270289464544 
8035.27159408319 3474987.089658211 680.9265960720231 
8051.289224833046 4276607.378320781 597.84146955681 
11010.516785782354 596363.158966634 142.78347594253916 
13673.479966644107 693503.8285016669 61.58887288296521 
9589.58425889539 813619.4803697104 364.97652687856663 
9804.988613980857 1100313.6816233583 304.14326024570977 
8455.413466290138 1894897.3981557828 438.3461080573138 
12674.858919265032 478511.366045927 107.19996934180053 
9585.631830831539 950561.2755397713 386.1113821847517 
10349.978383911148 717970.3357700576 215.45472885395884 
