18869.747648580233 122244.13353579109 2.7114993245611085 
8042.533860125868 365231365.94213206 2745.1435350385414 
18478.573755775047 107155.08739420997 12.975206056067975 
8043.654265550716 56830019.9261109 1666.6373948961746 
8043.942532761305 41424426.39829017 1594.3391276617913 
11007.441076829156 602301.7732802145 142.26816442809903 
8044.1006976502085 22406716.276968345 1285.0239817328063 
12008.66464496682 790643.5520317499 132.35681448406672 
8499.299305461358 3462230.011913971 570.4401385292072 
9373.830890906447 2118403.8902788158 628.2989114926272 
8043.654265550716 56830019.9261109 1666.6373948961746 
10688.197330456498 1221128.9000079515 162.22227635350743 
8084.672595543994 39869228.014692634 847.9110205455227 
16075.06790259531 146832.36897227768 24.13305768356119 
16526.53508254437 135217.3926513182 33.18813157712549 
8065.810710358317 25541233.44301016 894.6821591848972 
8089.872334550737 22268192.898971926 774.9680014017472 
13194.496075714149 712495.752091689 94.85257936512141 
12793.424986778615 507357.79967450094 111.54282403873304 
17468.20309208927 113435.66501165871 18.694532692199576 
16900.93158514916 138266.991724471 9.440772506564091 
8097.947768070446 7265954.707320361 678.2986894120558 
8048.127390998458 17393214.69241038 1195.4658711065176 
8667.682215032448 4205385.228799984 439.0999473516901 
8047.12298287566 17694511.35474565 1115.730389669599 
9657.391359725401 2706263.250790517 329.93874713126513 
8058.35178815698 14046841.805426994 980.2295579790086 
14844.210577630494 184624.36568744495 52.67530356865589 
8968.211655781934 2730564.96289451 389.6114169457818 
14639.971635178521 387541.9606064352 110.50572329486042 
17858.815190500918 121369.64857284364 12.735813336420232 
8789.068679469474 4566961.653277315 421.33976651549585 
9148.690992707538 4159754.785203474 370.3295421298785 
16661.141631692248 133405.84960981968 25.305288374643546 
10039.387471039068 1143085.5204387826 297.7360587186464 
8044.685458255216 19664004.431870747 1223.991952196524 
10417.662971050046 1121830.3244863297 212.17206572252007 
12392.721723899976 545462.8099629333 137.36431975202933 
9816.198922471907 1865106.6878030396 356.87163724418883 
14083.890224754257 476630.32371484465 71.02435910614895 
8043.7132206213555 41318958.27419453 1612.0798468851267 
14225.232418596841 516528.3749989838 62.73118842325325 
14464.423849250776 435906.00423541124 114.132447566235 
9888.031726306874 1180846.797641552 283.5704976509905 
10493.162132171863 620535.8286916113 180.94134894733747 
8056.917410853572 19528867.906963564 1046.908719614529 
15142.90795332695 138826.10316928758 35.006452319759745 
8305.537543596602 4001236.209041154 887.0792400458397 
9561.059229413113 1550022.0359713654 489.5803787744006 
8296.82934417632 4065952.888964881 869.0711952442114 
8089.103373274233 16843733.02328535 802.5498756851474 
12556.273030294047 530811.7427125403 124.74577786723367 
18081.797429058002 110933.97381765992 18.357702089769347 
15716.678928587133 133071.98208631173 34.53210200788923 
9447.40343877501 1964184.030211337 460.91407648130297 
13610.899802336198 433665.21773749153 124.62229822833996 
8099.034376626182 7063672.664991092 827.7687281116773 
8863.272715536068 3112123.070803017 470.75995702129626 
9115.349216608241 2538433.986353166 520.5700440572798 
8079.1198253735865 24623071.39945734 908.9518567788182 
8056.597188090483 13656307.562668156 1275.0505832034773 
10276.850903124085 651449.4376227881 231.28147781025655 
13915.821182533433 464131.3875002042 72.76416320802979 
8132.34389360935 12657727.321750494 666.005179183281 
8075.26525463802 9614269.333929144 1092.0891060713425 
8062.452760533166 10713557.347814055 939.5905706296872 
13450.440864948054 497282.9241741685 92.7670467593842 
15318.827324984344 159832.1472895859 26.25705055547937 
18147.623124434387 164811.955129888 5.682195179536784 
12236.914936009154 591568.3946113472 149.76591709898318 
15552.041658247166 185757.2909779367 22.958306727211696 
14339.32880186709 402502.2479949657 119.1802856626648 
13730.948720109303 489129.46556053264 86.36847784201136 
9552.296145212984 1792091.678155455 408.8025505281505 
10149.64548062281 714628.2162968679 266.14169542467846 
15920.12015424248 149338.28798355433 32.30292014721843 
18710.323735607974 123259.09537667103 2.7114993245611085 
13387.356259338387 524972.7929193125 106.91959284555942 
8053.595899802971 21340545.897242017 1077.2007502577114 
12032.953770373886 774954.9235411211 129.58130544275957 
17131.950520321647 168422.78122590724 6.452147181434984 
13267.650471718778 696840.3619666616 84.18632120547156 
17321.65001534277 130092.19082425971 21.702232266791587 
9115.349216608241 2538433.986353166 520.5700440572798 
13827.976888033809 468011.2096044013 75.62249088462424 
12218.42607673965 745244.6733696803 122.4952248033234 
18331.926677685402 110855.00971976426 14.0367706797157 
14995.583618751856 169638.0587005789 45.14050569499602 
17858.815190500918 121369.64857284364 12.735813336420232 
8058.928893777181 11616240.03816423 958.5791945583243 
9842.72052621876 944934.9685787575 311.60209961499686 
15853.655701704007 137470.18093777724 32.80612099727628 
8145.519832736536 4125019.248738897 468.58348597963425 
10276.850903124085 651449.4376227881 231.28147781025655 
10488.414693941417 660298.9812388303 193.22308109086993 
10149.64548062281 714628.2162968679 266.14169542467846 
17134.14591841198 164192.1354128218 6.142028678296415 
15017.616303918567 146071.96590030674 39.921172700100826 
18628.80792901157 157915.6464165055 5.949974501490564 
15318.827324984344 159832.1472895859 26.25705055547937 
