16005.677178056094 175388.2342508251 35.598375423584756 
8105.078691550267 14146110.712914381 1142.6792873754293 
8163.755880818306 19157114.88005893 750.4441468246662 
19543.061330577693 207506.69032935507 13.67078839221605 
8128.561395734998 7112219.635310192 839.5279946326489 
8132.747057785753 9795121.22586745 825.7960542763784 
17550.605021771342 229413.11577574734 26.128095618227206 
9225.316896309514 3427119.0663455995 488.38283979256596 
8356.629001489775 15515487.13575022 529.2093521952547 
8107.038369599915 13305995.561697148 1065.281616417929 
8161.385876293074 18974274.99846869 759.4047738632087 
8667.682215032448 4205385.228799984 439.0999473516901 
18561.058332456072 213443.39894405563 14.86133433600778 
8113.011419656268 11090166.562356297 956.7731797997188 
11745.091289802227 863467.2064069181 171.39623737322506 
8106.792062215202 17681533.023249216 1038.5259241202248 
11529.810837636935 1734836.62486046 221.737887454464 
8305.537543596602 4001236.209041154 887.0792400458397 
9683.864442242106 14508189.60719196 404.36655676417973 
9331.23197622299 2241830.572909019 574.5992297472219 
17594.71624216898 226098.59349053522 23.902363800747693 
8116.7741360265645 14078897.795974113 863.5105736445182 
15249.186906281106 412238.8496050121 112.27323333283466 
8193.366287093384 6041417.768722573 671.5277762386404 
8117.27322300527 12144346.371878736 949.3280154563143 
8110.268364757382 12926093.259661524 1023.1538604896373 
18378.703182346573 215296.1512628015 14.944135305840568 
8331.976206712323 5347610.498262534 648.715956192749 
9706.67801519618 6824431.714039176 372.64448638718034 
8378.461661506579 5562074.924256641 596.2008728734475 
13913.103220116973 479276.76288063626 80.07454916813242 
14568.977999350327 420665.7810345021 97.66305009483885 
9520.941723891889 4149576.6093707895 455.93643475895146 
8178.470014056548 4860624.673575368 710.8438673826164 
10020.94401343779 2658448.477066358 433.60529624673427 
15698.082593480116 211915.26365384314 40.940695733392474 
8225.316264460773 6794207.663181125 557.0344126599742 
10491.666449395148 4340166.562239575 263.00335562404365 
8110.983009897516 16392831.314701308 998.0546224538083 
8115.5813263632635 16090157.959504282 931.9740558273484 
8124.982709433475 10523359.358275421 925.0740570394951 
8138.055642555745 6964866.671259413 779.2767407564779 
12289.528458555478 692076.8353457163 234.61984862662618 
10772.563598721896 2201511.3341670213 259.0817737534327 
8109.0496584873945 16923354.193410005 977.138535246142 
10234.51665542511 1335424.5169039797 325.5291157739956 
8387.37823616674 2837997.155748985 604.7984174074369 
12918.974482122872 705956.2766217703 118.03757857763351 
8106.792062215202 17681533.023249216 1038.5259241202248 
8218.665300422992 14346142.658888234 627.6191373859161 
9716.69236187078 3385204.626795175 523.4317670466912 
10385.116389580695 4806633.224120018 270.51392360760514 
13698.122307237372 549844.4538989379 98.51243344939752 
11201.395154420457 1300909.723590276 285.9637220395408 
15447.237735166984 213965.72405189037 62.13257618614969 
8117.27322300527 12144346.371878736 949.3280154563143 
8109.0496584873945 16923354.193410005 977.138535246142 
10934.604513519891 1348052.6316095295 261.99071835431175 
14198.587397207895 437816.76326065726 131.28115997701062 
13506.342462282784 569793.3638660518 115.38897439915561 
8173.401407640176 6223219.192887584 808.2330399785674 
12611.92047675287 530191.1656795456 128.11765484305724 
11962.769232402748 812170.9103350454 153.32398188399662 
9578.89332352857 6355657.639094383 416.0564339202393 
9882.585601075432 3309234.569629329 423.22635130507456 
9904.682324393441 1851689.1839116784 481.7293086198291 
15257.582374333186 388421.2403713325 57.51990690643454 
8219.520546956534 10226837.69483922 642.581869006098 
14518.002516822595 442276.6180778347 68.40823127171555 
9797.866971403137 6469370.256780968 391.0334365048696 
10286.764473766458 1277698.118082393 292.0345793699363 
8117.702744221212 10792097.389011422 1006.4233096487906 
8178.470014056548 4860624.673575368 710.8438673826164 
13265.132035025943 709963.8212245558 87.49907793825207 
14287.031983253453 420471.7921323549 122.41549936373488 
12470.918247070365 597650.8299711131 150.60670104749948 
8122.429365602868 13158508.735286985 880.1428069769044 
11707.878862010111 803438.0926792787 247.6316182140523 
10256.070798252073 1346226.2969262926 316.5991684911289 
11467.569638883808 1947866.358708012 226.07255213792365 
13161.592003690805 718701.221089418 93.53752619749031 
15955.10355531425 178704.59750744695 38.05029634569023 
8107.038369599915 13305995.561697148 1065.281616417929 
12009.118347681282 807036.1514196518 150.6991922653193 
10114.451766844677 1165523.2637879802 404.61644399257625 
8112.276521607167 16258748.195124036 1013.780539605687 
10163.407673007005 2802955.7524363417 386.4685891556953 
10207.481403218108 1487144.7504355912 387.39019714496726 
12542.030425676858 548395.8321809132 141.74585691250633 
8216.516611550844 10096071.576492785 670.3600149733459 
10489.295912190424 3036342.693670384 267.457765226942 
11341.733270967135 2889607.262137065 242.10399216280524 
8132.747057785753 9795121.22586745 825.7960542763784 
11412.998906057914 1854289.1411758289 255.0599840067964 
18378.703182346573 215296.1512628015 14.944135305840568 
11311.484625312583 1268277.9505518107 278.0238580214198 
8171.177621734711 6556790.952530852 813.5659444175922 
8134.76422109831 10083070.792456523 816.1289126672064 
8131.906315087817 13033419.1764401 819.4751400673617 
17550.605021771342 229413.11577574734 26.128095618227206 
