18567.95330331727 84489.44318872133 0 
18567.95330331727 84489.44318872133 0 
8010.6708389992955 42219192.2379411 2318.8223232355876 
8010.765256371006 11022865.328635152 2029.2570000808478 
8010.676583201503 40123844.9054749 2253.275893823755 
8013.008556881379 3879648.5803374588 1819.4031094779998 
8014.082159519112 10225446.999118783 1233.1732827798626 
8011.347342114325 9388037.138712056 2044.9914371674943 
8698.03383739153 6070277.786309492 312.4454258544787 
8014.23291253703 8773683.543091444 1131.9745372695022 
8016.168832116878 1682551.7669364146 933.0706644159498 
8014.653653002202 8364317.405321017 1177.9270377542653 
18000.792382856158 85701.11866593937 0 
8010.676583201503 40123844.9054749 2253.275893823755 
11469.13347813248 485851.85224608367 102.45164303125766 
12217.07415905905 2041817.9803574474 94.86223326389884 
8229.662429993736 3076925.0635909764 373.3012424742727 
8090.068936320411 982526.0195119365 406.7804310212539 
14614.701549552494 150847.73685216173 32.75263387024925 
16584.688784075235 102999.28682921127 1.0632682897362478 
14278.706884287138 397220.47652467364 43.50431066868926 
18483.901954109977 84680.22619133403 0 
13165.324154819657 426560.09937427123 77.27726041993881 
8019.194747474565 4790937.222028775 864.3405600183655 
15097.225523567598 187772.66060659624 12.958309046966388 
8474.322393293996 2795922.7514331685 353.61070703456676 
8028.5272775523135 3373270.798547562 665.2999775982128 
15407.439306863705 152897.42469900253 7.814753392316174 
16263.955945657028 99447.06410166537 9.030974878873288 
13508.995894576137 610640.1322400891 74.62008960309227 
8537.895153237348 2230671.606347262 333.52673253202283 
10341.659241872507 730917.5591777769 221.01968294492974 
12546.253264431394 687757.9513260596 94.38283955237128 
16976.802452753378 96212.82445510692 2.019751867934878 
10154.35078072398 2014685.8303034157 167.7861772038053 
9551.674222175663 1497316.3379447402 209.8193774676964 
17588.51367976333 87053.67890068999 0 
14780.43157589709 137777.65824100023 25.28675573863233 
9182.97487599577 1310675.500160736 254.87863186087517 
8024.263840989725 4561415.7617482385 821.6775893557318 
10905.931672799992 549091.3372911849 119.63965167255785 
8027.568607570247 3931774.4086204413 707.2677843902566 
8032.251421830043 3227573.3770142714 616.3538609481645 
10043.716906728525 663496.2790338334 249.81864057368477 
15693.213065657694 111768.98835221822 12.794507569746564 
8026.547589865921 3528957.2928653965 735.9200296265288 
9856.019666041206 896545.850581304 289.6268197171282 
8980.38713734654 1464807.6018252126 265.10632027961407 
12217.07415905905 2041817.9803574474 94.86223326389884 
10553.834168597683 2532189.7229329967 144.94212719943528 
8052.347765764273 2783282.2427832624 466.1578049464162 
14958.380104567541 119481.03104349363 18.58205667776411 
17346.043361339955 92944.73987035058 0 
11137.832594689047 526587.371642356 97.17605349364189 
10518.794719558595 1613215.2096037033 161.502682914699 
17227.219448114443 93180.46569880837 0 
8047.739096408441 2161569.507713662 518.9772358081431 
8822.263837005215 2569809.625812824 269.7754003364919 
10674.36665774879 932555.2832592225 182.7552049480504 
11469.13347813248 485851.85224608367 102.45164303125766 
13022.674121585555 438011.1325500165 84.06709725731346 
8021.681266459391 4742452.582585078 785.7155154589118 
9373.60240027233 3900899.8113485137 212.35104436845506 
16408.8710881313 95292.50196280183 9.027018283620553 
8020.0804648841195 1637305.6846836885 893.606639460837 
15966.467781586392 134473.2088826878 10.60795439564082 
14156.84681010582 363522.829183248 92.31017848479027 
12906.329864905065 452115.2432707015 91.5066287006655 
8015.0737976919245 8376795.941713577 1148.0815976092904 
8051.505101468488 1817691.3825536263 477.1830069533848 
13790.746304961023 598351.2777363018 53.68180314054652 
15959.526735542786 140549.23171396437 2.711740943635974 
8030.433011976022 2989711.6604997385 762.597010694484 
9815.35615544 1437041.8469574144 190.90290030726814 
9655.729375013805 1058328.9851868614 285.5906218202849 
8038.0436172356 2765517.6747573633 565.7478046795543 
8045.7186892511945 1951284.0524336274 541.0007880256458 
8888.666488925483 1656781.4378723786 340.6609942622997 
12748.758039050454 477749.15228486806 101.84800843604516 
17001.383180219214 102447.00857686468 1.673842925537307 
11137.832594689047 526587.371642356 97.17605349364189 
9716.725751676106 1120684.578716088 239.63726965880397 
10767.424711441337 455338.8110855328 133.73524343431916 
8023.47192065889 4396358.58404601 853.0467050348288 
10813.344188643003 820859.870127259 121.6600994096642 
17588.503459997894 87092.93882451697 0 
8032.884799707086 4166554.5937017407 596.7711046016965 
9283.436058532221 4355200.267097064 224.5246486543969 
13931.00112739194 467976.4426917761 70.05444770817677 
14023.564131447663 425223.6166179117 59.12718286926304 
9286.266860885173 1170606.6447110698 236.10467932559024 
15512.475700845942 122535.1039940472 15.361453664000752 
15590.706129336768 118354.08228149949 15.289945115220675 
13578.528085164407 590775.0874849751 68.82558953786376 
12615.980299087494 480385.68175245455 110.76096225004069 
8039.105496187945 1315036.523248478 590.0227959958256 
12674.858919265032 478511.366045927 107.19996934180053 
13697.382438407094 611743.7008917467 61.32469310340667 
13667.81163620725 723488.6155848629 66.32300414877182 
13984.582740237332 422729.4465205737 66.44847079702771 
