10262.311663241218 3530239.268295189 491.64804042238427 
8417.065067102663 14016238.445125882 687.7247611716568 
10402.548624148827 2224878.4453786416 553.7928792976506 
9405.745122676088 4166605.993508087 798.2426476480698 
18030.23698888921 618569.0490001576 89.46662952534996 
9860.460684709951 3714695.057474254 711.6357126820889 
9520.941723891889 4149576.6093707895 455.93643475895146 
17892.011041040678 1104413.8591860572 138.44122145380607 
13306.583289603182 2288158.781858725 190.13131130791555 
10644.228819215034 3690431.300704371 392.07759503285496 
9142.681668342571 5073791.4359955015 957.2935681486363 
13436.970917985309 638043.4529898276 142.43937985224 
10184.40911238174 3600093.9005824495 538.6811203556979 
27445.663448077816 1576568.5636229992 60.5724123627644 
11341.733270967135 2889607.262137065 242.10399216280524 
9376.464850163466 4804067.01096271 850.4926533187719 
8716.328589735178 9749448.998173878 678.7383054110342 
9400.015619496042 4900067.475068785 578.127237237245 
10006.93063887035 2748413.723957526 552.502658393141 
10376.214837663018 2422463.690186617 613.1296671899563 
9411.34252702247 4110576.048610219 766.7536610658217 
8742.293641919805 6144128.2618446965 556.0613229206963 
13362.230465250339 2147125.582657031 212.73376374645989 
11194.037521642193 1311198.7660879644 286.86368474277594 
8288.48685251978 21853949.328743093 881.7549223210876 
9322.900613492748 7263372.448362615 519.2092622928305 
8522.66885953785 15408103.369104212 630.0524392489717 
9396.93127297275 4200968.947151128 689.5350915395705 
20673.55859410869 636432.03694196 66.73575270770829 
11472.00622597245 1038820.4623308254 268.1764829428103 
8463.050869548766 12127537.581391118 664.4276553329044 
8409.382293982972 10508409.724399716 846.70549980353 
9835.454879983 3458488.696270259 823.2087102358768 
9931.484541421196 4061305.3803450023 644.8712941201567 
10778.876529928097 2461737.4610618316 361.7091530839888 
9425.338348953332 4108805.818023895 740.9968390740397 
9415.581403800601 4199925.557328902 465.2213198340151 
11930.073482737807 991267.7904095324 214.3179092676439 
11472.00622597245 1038820.4623308254 268.1764829428103 
11472.00622597245 1038820.4623308254 268.1764829428103 
8730.928472493026 8232145.254361274 663.4978309072222 
8262.749927109044 30595565.606046736 1089.0145939723873 
8389.09004649959 15956308.609151443 663.4124255131551 
10393.818053988938 3323990.388039252 452.3609499228011 
8988.914493339635 5411853.874536986 808.0609495643475 
9775.108663222803 4294558.999425499 398.9323949095138 
10383.468847967039 2305397.3282715157 529.1498676230743 
15750.536583896157 1584361.6244637324 142.077594684581 
8337.719671098153 20200609.446522735 795.8465189656713 
8340.338658962508 15881585.135127485 748.3006978031997 
9951.499367955128 2818924.3444597004 564.0670079483506 
10750.0965249414 2562302.5184234874 501.15504882027363 
8265.059492582395 14445330.244806487 909.3158235710816 
8293.283382853695 15821638.980286961 859.8889471839834 
8498.267876818343 11241382.906522512 680.6329989229089 
8613.89825740079 12494288.817208586 622.1104813966399 
11116.26353456492 1690500.4613692292 307.0936862111941 
8438.160426017796 6677036.581242963 723.2880969312985 
8248.049388668736 36717497.98783042 1431.9658898440491 
9168.066570042662 7348247.900855691 540.9842798937134 
10806.493116027914 1517482.727612243 328.60117186879967 
10348.24683136629 3164057.6796095446 533.7392664887789 
9205.030676166194 5050028.026614373 589.1352298295201 
8449.414310497656 12891741.395945197 680.5981226184757 
8251.985604688136 99444916.37603863 1108.8487356112082 
8683.90762692385 11618484.423705548 614.751234099082 
8344.977329666557 11479200.80040135 690.5734807832657 
8235.953783780617 36205737.01938105 1453.7787428693136 
8601.626927951416 9824846.026855253 685.6326712704822 
11870.832552704616 1404762.842172752 227.67295693670206 
10335.465734735411 2583729.402606162 583.7931939350251 
10445.710001841784 2058895.280105001 512.3574899488594 
9683.864442242106 14508189.60719196 404.36655676417973 
28101.69869193295 1312648.3202211363 45.7486057378843 
18821.379281756257 780197.9371999275 118.39765802539331 
8318.593706153913 15312454.116447406 1161.3122428050524 
8253.399567057662 99603546.21504878 1112.3567537816 
29262.717626539175 1713643.9210894806 60.919893291981076 
8311.735309743428 36977751.00615065 924.1789106831766 
26352.910877153805 1759718.7625648328 95.31054687269364 
24329.421389926025 1548521.2014576944 109.95063182615303 
8298.100233660572 30412864.34922736 979.7940314455084 
12012.109506473611 2502547.1393285324 376.36876015630656 
21628.924909769175 1183906.0427640146 110.89337329625502 
20905.76302241703 2037506.2943811724 95.04750885434858 
15675.879450970084 1548646.0868964354 217.3531839452602 
17493.616449017467 1647962.4766086135 164.01939086861006 
8310.250215795093 21040557.91673234 1020.2342017665969 
11904.395195187344 4046596.88211029 307.6928045285825 
10522.41026399335 8070109.620648724 485.801581925914 
14841.244926529622 1013213.8044604175 218.56603736236355 
10182.039380108374 22251744.061899185 533.2818631335133 
9305.470436960939 5762915.404784672 648.5347004652809 
12885.028525395002 1897383.215915671 282.0611227707397 
8597.21525549784 16860057.046975207 685.1121417575953 
8497.249841792234 12108013.640389407 761.0729347310208 
13895.894851641575 2087378.001639746 184.93405563253782 
10036.644777119856 4346767.134913752 837.4469145141941 
10709.51144842748 2355869.1084454022 512.7284658482389 
12243.204881208832 4752425.363019125 251.50406146704134 
