19095.455908614327 70635.5836204128 0 
24685.793236158806 67623.22760295094 2.0581720622224293 
8005.222057789553 99925017.59140165 7889.79612821147 
8005.30392353147 46887068.778582014 6737.309999708239 
21273.519436546227 68925.03537891844 2.0698147508049205 
8005.30392353147 46887068.778582014 6737.309999708239 
8005.311015040803 36220952.95952155 6553.861411460079 
9564.415141573274 642102.7614691778 236.29541096316333 
23835.998149037678 67947.50499831254 1.0427449108963636 
12730.234996527615 398116.27813035116 54.686502923686575 
22671.26611646294 68716.670823169 1.0427449108963636 
17229.36128911181 73750.72474836883 0 
11220.895225203683 317188.64707455714 60.07264856419525 
8172.0100153016565 976661.6790618588 228.89224673685618 
13507.469664310474 321749.5699386798 29.24258320083483 
14571.712148925599 133783.15144829755 31.106961824087637 
18241.174286574726 72404.64529155649 0 
21925.593831581835 68167.81930479617 2.0698147508049205 
16508.05610377624 76595.52097545381 0 
8005.877248581688 29768255.80201587 4108.280435245095 
8006.46719613514 11131527.378122604 3036.4798181131373 
8005.982477238764 10308522.004617065 4344.698488191877 
8005.30392403599 36167245.78685288 6619.016974825764 
13101.177732814996 316684.6358970308 39.02849121752679 
16101.3497545151 80021.52760664388 0 
8006.375565732576 15318622.48336517 3365.6267210619035 
8005.423035580528 27591435.908838693 5703.21086476898 
8005.526729679896 19700377.169369187 5396.865027407422 
8005.591422773419 31998943.111293692 4945.628057394544 
8008.080260441255 13245198.281905897 1943.5623836705417 
8008.293584792863 5816519.554657265 1852.5525739795207 
8005.41187222082 32827967.394987747 5813.723979741906 
10681.36877977143 376203.38008332625 104.83199013138508 
8007.135531295406 3820771.790257926 2386.6246563081995 
8005.488176419854 15113633.296918496 5583.852642642405 
8007.490483881595 4459055.262582338 2119.94029599402 
8005.311015671783 33356905.086697165 6490.238834005739 
8005.61640473966 22617099.319842745 4805.942493908396 
8005.602583993586 27651101.079660047 4850.922412764527 
8005.470743978025 15909759.916849338 5945.850400736663 
21476.665656950943 68946.12713650388 1.0065323827428423 
8005.653000264581 30801609.984685887 4638.1747137675075 
8005.6336550043925 18354266.077557504 4689.823918588533 
8005.345541478828 22295204.90292889 6406.523661101282 
8006.3209945394365 7724909.753697886 4559.0847832079035 
8005.721639142048 12615267.203258118 4450.770376085997 
8013.641470263099 9072638.755058698 1012.2907634268347 
10245.564048633183 400575.07078820915 120.71376920240013 
8006.083628640765 9615972.549162127 5065.023893286052 
15059.084887381821 109489.4363916217 14.129055134278241 
15413.17914524214 100075.79135498524 10.466877329544324 
8010.3770408489345 1398189.5330889095 1132.3655712104314 
8005.323978866284 25610125.295185324 6506.2994773436 
8007.281786378919 3148909.694422365 2270.7739581725873 
8009.796773293105 2188059.998571726 1444.0783409078592 
8006.861921814681 16064978.163542233 2696.150008756283 
8009.176606816482 8710726.478774006 1553.6097209578277 
8021.889157105944 2892431.725463539 690.9908872235153 
8039.091020448909 1622980.4563752504 535.7878084641454 
8165.995531170578 2463646.806435816 373.8772356694776 
8005.38365222796 17942184.444224503 6289.62846864008 
8052.601917370099 860750.1719597231 378.0306049140604 
14828.264701580432 118086.69442486536 19.63394110014342 
8005.55732800977 13792777.894005042 5200.498449788065 
8006.769781889133 17439206.411371775 2876.319407087801 
8017.982143703699 1125267.065659733 883.2513952549019 
9907.856576459333 458227.4119608423 177.17519205198596 
8005.381766339142 24830138.365745455 6208.657305230473 
8006.400290805741 6680440.193656044 3980.75278449251 
10914.129531816716 434898.8340907927 99.69904205056153 
8006.893314393819 14428200.747944519 2566.726267224941 
9820.61301412923 477283.2884190948 177.7819400885956 
8005.372687036308 20810697.727564394 6452.784551978519 
18881.04192667641 71003.00744846699 0 
15679.375830961846 92889.59150143633 8.437700660116892 
8008.577186762463 2211938.803000106 1654.9603436369393 
8009.945436683612 2013626.4705151776 1286.9528012587061 
8015.027029609683 1140058.1916562694 784.3330337849834 
8006.568001200122 8074035.5830521695 2959.2471796452874 
8005.9436447568605 20478800.474138204 3828.6837180821867 
8038.115820516525 5235518.152486658 593.2249562710663 
8005.448207991555 16520681.608758561 6098.63922246048 
8006.382395056691 6138277.194371427 4067.200930476614 
8005.357845774159 24243138.424331166 6227.584071272555 
8005.449604088484 14561001.23581243 6065.178258385156 
11079.855597793035 340060.5363713559 63.25626779815872 
8006.941260322919 11568485.452933395 2494.794735016806 
8005.890746946661 20417425.038966835 3897.009833706828 
8009.988957956242 1784208.1762186694 1254.6540236539352 
8006.0285766829475 12132804.18115114 3600.3473416290126 
18538.01834326674 71717.42747564013 0 
8005.724839065872 9744881.333850894 5371.624591785166 
8005.998545945215 11568537.280603392 3727.4988896022214 
10198.335665229477 416224.62950817525 114.84647856375288 
8006.4758442185475 8392477.405298235 3470.832358379817 
8006.295768612169 9230407.357536368 3503.5504353460674 
18626.124335247947 71703.2289269099 0 
8007.4431158352945 9654394.295647014 2184.5678289035764 
8006.943995763759 5246983.299073663 2786.3963894123353 
8005.54285187608 15139596.25307236 5267.769798705509 
