19032.548759735386 72405.6402898969 0 
8006.149996892864 62737035.0506894 4766.659484764302 
8006.254852870483 13889023.839847272 5306.997088147332 
8005.95930246819 14318717.118616745 5208.280706854416 
8007.2976336608845 34256973.38524987 2420.791305964723 
8006.650372218368 54776211.35691613 3526.119358299085 
8006.665206791135 28480434.187048394 3342.94399115352 
9599.094953683747 725183.8050449132 235.82768351758756 
11111.258864973963 333952.7269247713 59.95688609606482 
12730.234996527615 398116.27813035116 54.686502923686575 
8172.0100153016565 976661.6790618588 228.89224673685618 
8006.256242419469 20943511.62319602 4376.64681301396 
8006.455370834009 23208067.635304905 3850.1632655679437 
8006.201620599868 16112395.768884374 5161.701076689345 
8006.557775546355 19049562.971043166 3677.4187936785165 
13507.469664310474 321749.5699386798 29.24258320083483 
18385.35688472685 74296.53507272819 0 
8006.25539237763 12171005.893841343 4551.7316336114945 
12841.945612363112 323337.32802234835 37.68612540995399 
17438.97468511633 76672.22303915805 0 
17733.57481349537 74721.44691556781 0 
8007.04058030781 9587590.60138824 2646.4072532931586 
8007.76140861305 16667853.74594628 2126.339576798186 
8006.675413637884 8455396.133523848 3238.6668628901202 
8006.994454747684 58044865.101789415 2873.7292018520975 
8006.2025176741 58549748.16398846 4686.062137868627 
8007.010216770539 21878446.743070558 2821.720343047363 
8025.784320073684 1087191.0263786975 938.6425256953125 
16505.29784491199 77926.30117687618 0 
16877.711507187894 76806.20252286775 0 
8006.585511233845 59428394.16545335 3594.973396909827 
8006.53887361874 10876595.30505234 4085.55612064084 
8006.5890720693915 59039328.572261974 3514.763342612733 
8006.727019779178 6606026.263362657 3080.157832559281 
8008.040854942086 4602534.075089176 1827.7942573204955 
15624.461750616829 94247.6008018905 0 
8050.39770918202 1007662.7934125448 389.65634386722724 
8007.039790611656 16450369.171582308 2605.1559073553663 
8007.413146723728 6195588.93118687 2290.298967768603 
8169.507854832715 2899937.427062543 320.3631428365504 
8010.240942481394 1869650.7621207032 1267.24492449088 
10233.316802580299 408129.0410203697 111.04947681045861 
8006.595974513879 6663745.822175894 4146.753428957715 
10096.65897904063 428806.939650941 133.1152086844831 
8009.699244107742 2502859.8220568174 1372.4963211428599 
8008.798974374988 3820099.8792916974 1743.5057871494826 
8006.4511273152275 61443184.125151984 3860.5317920774196 
8031.781362258422 1300700.4407535281 607.9185439142336 
15948.693984766933 81439.61575403724 0 
14895.410038216849 113498.63302681102 14.174659984291083 
8011.097217955077 2715638.9658206142 1102.393400363281 
10851.723986062718 360835.417958446 94.76448320282664 
8006.442490866326 60520214.1096781 3890.7478119500183 
8006.693683658359 7601248.5485051805 3983.1118217900903 
8008.321921495957 9224513.67900816 1698.384952224582 
18599.56054813983 73498.88837763856 0 
18821.125318892617 73375.98175202853 0 
10532.417848057792 392750.89156931173 104.34192089345801 
8007.110417140533 4868111.758645854 2445.662823950499 
15322.39288516616 99396.33711703541 7.240293272983565 
8006.595106546816 22105937.390067864 3667.8287892779877 
8010.513668423273 2095437.5317391152 1153.7559205260595 
8017.162595759855 1147225.369126745 718.7298992535702 
13783.33655243265 316213.8339157065 37.43794219470585 
14318.967847026552 304926.817242301 29.67837616667706 
14571.712148925599 133783.15144829755 31.106961824087637 
14184.01395851891 319418.33356018557 31.131579486060435 
10613.764548178933 383500.40293880017 91.89248186932863 
16877.711507187894 76806.20252286775 0 
9725.213728814999 600572.0744818426 203.18168956849618 
8008.929286186403 7799414.228668499 1619.509975031451 
8016.377259415489 8251260.582242136 787.6555390009026 
8016.073422210956 1901773.8334235596 835.3727340697003 
14673.800004713423 117697.92868422219 19.214842434737214 
9900.948862137871 492265.4269117593 182.11344110645814 
15125.70401698269 103627.04943321689 11.790636869233435 
8008.273697241722 3413079.0462611313 2017.1124282905812 
16293.28585916287 79309.02363244908 0 
8007.541407767789 3133626.9348438866 2201.2482871915336 
11038.828429208008 340583.3018599018 71.67718475768456 
8009.358607874703 2245966.4179771873 1467.6778416931281 
15826.015695172387 93455.92395903771 0 
8009.117653254385 2732889.2203801908 1510.8610714551078 
8006.457788168116 60542017.38250849 3777.1243969030543 
13944.387956893524 303675.94929151866 34.84456671659022 
8006.860879472437 4940695.2930748025 3009.0681034577765 
8007.893053283007 5343792.598577079 2147.8913834171126 
8007.4131426938 7540714.159516027 2363.311857671698 
9830.147369782087 1186710.8771647282 176.82219319183548 
8048.992332322375 2762264.167967334 502.61675584385307 
8007.258662742162 4650139.209107473 2963.313289768761 
8006.6385699353 12619678.220783971 3773.337912304114 
8007.003208053766 11487920.090719555 2838.9025822541826 
8039.091020448909 1622980.4563752504 535.7878084641454 
17641.346992593444 76092.2398421868 0 
8006.299624571862 12712541.933072492 4085.656564904899 
8006.790508094621 6889226.411116449 2877.1200396088248 
8007.792257737874 6339006.268414955 1994.052656284468 
8008.000056548326 4928246.752803586 1925.2674191354681 
8007.863788393453 7098440.278794332 1935.0551555458883 
