19032.548759735386 72405.6402898969 0 
21942.92081604242 69469.65123506075 1.0427449108963636 
8005.82450986134 2983606769.095238 11107.614460829678 
21942.92081604242 69469.65123506075 1.0427449108963636 
8005.939505185691 32154229.276231874 4933.972195708936 
8005.853186833694 20431630.344549064 5459.85207747975 
19032.548759735386 72405.6402898969 0 
21605.10218764514 69982.98744468561 1.0427449108963636 
12730.234996527615 398116.27813035116 54.686502923686575 
11174.010910105333 320174.81067692715 58.83716610819599 
8172.0100153016565 976661.6790618588 228.89224673685618 
9599.094953683747 725183.8050449132 235.82768351758756 
17438.97468511633 76672.22303915805 0 
17912.795466275908 73884.83443100587 0 
15948.693984766933 81439.61575403724 0 
18690.359078582398 73114.83697367852 0 
14184.01395851891 319418.33356018557 31.131579486060435 
13783.33655243265 316213.8339157065 37.43794219470585 
16877.711507187894 76806.20252286775 0 
15355.930312859855 88299.84612476517 0 
9900.948862137871 492265.4269117593 182.11344110645814 
8005.953892969969 12919472.979622563 5097.085322198831 
13022.599910123652 330082.3102276729 32.55339099809437 
10526.003726948185 382578.338850062 96.50459826584787 
13507.469664310474 321749.5699386798 29.24258320083483 
14571.712148925599 133783.15144829755 31.106961824087637 
13281.832030575539 323429.6181023554 33.895756805667176 
8005.904370246669 17537196.903821725 5376.191045238402 
10233.975088919042 412159.5258630871 110.44302570290168 
15321.255690922215 99280.82539609642 7.240293272983565 
9599.094953683747 725183.8050449132 235.82768351758756 
17733.57481349537 74721.44691556781 0 
14949.50181969336 109939.43040845293 12.8502588002847 
8005.976234881009 16867824.48931213 4519.631580720299 
8007.674570788831 3356848.1937228767 1994.7604342627103 
16774.86013457759 76985.59062943074 0 
10727.701609422431 374801.18898997054 106.35727535490636 
21605.10218764514 69982.98744468561 1.0427449108963636 
14673.800004713423 117697.92868422219 19.214842434737214 
16290.446387052489 79809.94017448954 0 
8021.939097272378 1227713.6041506953 715.3850714261989 
10944.481084967674 360686.3439631733 77.11500382363049 
18720.26994774652 72985.80256383558 0 
8169.507854832715 2899937.427062543 320.3631428365504 
8007.23576639923 3128600.3188536773 2310.2364722017583 
8006.045441842411 10423620.621508293 4377.653691120074 
8039.091020448909 1622980.4563752504 535.7878084641454 
8009.480883863671 1961389.2741514123 1340.7071121445647 
8006.434431369235 11119471.961876027 3433.6600124382703 
14895.410038216849 113498.63302681102 14.174659984291083 
8006.888733014099 5282508.930205474 2881.5211063265383 
16505.29784491199 77926.30117687618 0 
8007.541407767789 3133626.9348438866 2201.2482871915336 
10096.65897904063 428806.939650941 133.1152086844831 
8006.320118582622 7831528.6958751315 3963.955903304727 
8006.5481941873895 20067766.78937196 3023.6538140256553 
8009.358607874703 2245966.4179771873 1467.6778416931281 
8006.912725640394 24088502.741492055 2808.7415939760835 
10877.20193318995 355613.3228963209 81.35335425401024 
8006.389017515948 7466827.658858094 3853.64211520848 
8010.2964237120505 1827826.0126524372 1240.6459016849672 
8007.7195793187475 2764194.5298953727 1904.4043447975666 
8007.031218541597 25684767.544542532 2547.196483039659 
16165.275939908153 80049.38487307298 0 
16505.29784491199 77926.30117687618 0 
8006.135518638995 14607655.633176683 4286.161369407122 
8011.2132217757635 2638667.739078884 1076.2991790893373 
8005.997289462157 12668973.767359039 4798.967960845901 
8025.784320073684 1087191.0263786975 938.6425256953125 
8010.513668423273 2095437.5317391152 1153.7559205260595 
8052.601917370099 860750.1719597231 378.0306049140604 
8008.193530363848 3527019.104032133 1806.9117745428432 
8006.549779057508 5794304.2784093665 3638.5195492689463 
8006.937522688175 4030881.5477063265 2598.6339987968686 
10132.299920941952 420585.00565259607 139.41728813727104 
8008.929286186403 7799414.228668499 1619.509975031451 
8005.9713369872725 30504381.391279347 4830.515953105469 
8006.279965410621 14086608.639893925 3776.4203180987197 
8048.992332322375 2762264.167967334 502.61675584385307 
8008.95650837766 7362825.0122146085 1541.696106849089 
8016.073422210956 1901773.8334235596 835.3727340697003 
8005.981127470973 15174269.108934427 4669.696349279091 
8006.655458007337 7801632.451612836 3176.889480267998 
8006.412415537085 13997686.761101065 3293.2029749687463 
8011.9929091925815 1458871.3298638049 988.1482019043428 
17846.692765584878 74141.39680071718 0 
8006.439013463003 8189323.110882208 3317.2234497032405 
8006.291635007644 13026103.028494386 3700.2426155749927 
8007.1296262312435 4828362.967685747 2444.8065049475895 
8005.981127470973 15174269.108934427 4669.696349279091 
8006.2557092898605 31267766.303750042 4059.881916057605 
8006.186944135463 9715363.991537672 4211.018570824 
8006.723697284935 6562658.612858645 3077.4332366498693 
8050.39770918202 1007662.7934125448 389.65634386722724 
8016.377259415489 8251260.582242136 787.6555390009026 
8008.321921495957 9224513.67900816 1698.384952224582 
8006.191582335384 9014603.415051134 4157.279436762876 
8007.535346884428 24413386.085716624 2207.931065191192 
8006.331276918356 13252807.17153109 3533.0597314689844 
8008.798974374988 3820099.8792916974 1743.5057871494826 
