8009.977274192657 30086257389.423363 9924326.929005584 
9045.214917834493 179.52550912547667 0 
8009.981214013522 25811255.62273789 3316.975452650386 
8009.987494054596 566946.8710963803 10340.234750986994 
8701.640800189132 205.5722621083998 0 
8971.342393459086 199.49373047237606 0 
8604.060432225153 220.4852305460343 0 
8648.248086370064 217.81787780223075 0 
9010.483534199142 187.66075917210546 0 
8539.745561436865 227.15956398572848 0 
8567.461553772686 224.10161381727335 0 
9005.648662404026 189.79067017012005 0 
8504.989358675177 244.8836575975936 0 
8670.34687182017 213.84729517638206 0 
8367.258856681949 319.0015573684601 0 
8419.662270510706 270.7034248043901 0 
8447.061731669875 267.6485328592978 0 
8315.197035917556 362.7160634970968 0 
8978.322898305454 195.08208171326834 0 
8567.028124789476 226.01403733074142 0 
8348.061053938476 331.85762215010635 0 
8203.155358978298 575.3505550763314 0 
8484.416920535143 245.7914555884966 0 
8149.211302548953 750.6725454965886 0 
8222.645379215595 505.8265844857656 0 
8459.671111400814 260.7425576241245 0 
8065.730867425986 2044.004503459978 2.2110195716513514 
8528.250209280583 234.27019354360448 0 
8159.757337732428 697.0681261069435 0 
8078.1618771594785 2014.1800804221725 3.4463014200324213 
8212.171144559195 524.9338388098668 0 
8233.601947043051 488.40452805491617 0 
8188.849193352733 602.2587414425244 0 
8405.492176250329 286.8892108965165 0 
8098.228056593687 1158.4557051773165 0 
8114.68217211483 1047.8990082890286 0 
8136.126800590109 787.6808030303976 0 
8046.115716258587 3146.939251967426 7.324351028459563 
8329.51308578244 348.4415996850105 0 
8120.621656363778 903.540081737029 0 
8300.410202692787 365.3424736366268 0 
8033.320319733195 36456.88268100805 12.659327693867382 
8678.590431852324 211.39193165741352 0 
8342.449719480948 337.8011690398827 0 
8169.165823857362 651.6873325936073 0 
8174.945873754223 641.8260045487424 0 
8692.148627196868 209.62542481590214 0 
8056.9451262816765 2428.549509916714 3.421088777859647 
8184.4303040436025 611.514791537955 0 
8470.242593453488 256.8816870503314 0 
8396.214834089631 294.79354856594756 0 
8285.724003837191 383.62752487069287 0 
8515.787942233224 240.37319948778352 0 
8376.916782309683 310.9868236626834 0 
8137.6566038774645 778.6743414096901 0 
8331.231872944787 344.12911023229833 0 
8252.170726110018 458.65514640612037 0 
8448.925799895162 263.17826256773327 0 
8518.485388329396 235.70454936937116 0 
8473.507040945933 255.13545518697535 0 
8254.605199064796 456.2143797416511 0 
8414.890694837433 282.2279282806471 0 
8297.028084924876 370.80381487654006 0 
8482.687970264156 249.6122173653189 0 
8241.896416748523 460.89389377257584 0 
8265.893268500502 443.3937367276232 0 
8016.233558327926 76476.01533587117 148.33733472749302 
8085.640069829733 4561.870622653568 0 
8268.566894858646 416.14564867358797 0 
8087.992425445425 1413.4388857551255 0 
8024.281888226025 1536689.4169506398 132.32685240784392 
8095.000460392843 1251.3870712429398 0 
8686.022703349438 211.19788430337817 0 
8241.781054623714 461.8632679103801 0 
8388.205089032992 299.93129088156667 0 
8391.800553259302 297.18019115431895 0 
8383.58256962917 303.50821261652385 0 
8976.915089839997 198.09861957871766 0 
8274.263955604643 416.0904255075094 0 
8380.687321203934 304.7517065562825 0 
8051.244390203485 2633.80172159213 3.3854653445243326 
8687.050025601195 209.68544330966023 0 
8275.470949481069 410.14040725556504 0 
8280.33661474624 394.3588772150835 0 
8029.764199118922 130862.48893805317 44.71383593524487 
8116.046505070811 930.0499287484421 0 
8024.7117091131495 15530.47009712225 92.00923325229707 
8417.631792355985 280.7483107101682 0 
8283.57853052724 386.7955394351126 0 
8120.179371731962 905.8935831148755 0 
8049.973348553389 5268.723118206455 3.333561522680192 
8264.635247258451 423.5168286944551 0 
8014.3956068488005 31763.053089789046 194.5139019621929 
8030.315717480667 26443.789841293565 18.447781834046626 
8281.113863527225 389.5988891833957 0 
8096.497709425956 1204.598770763901 0 
8299.291239134425 365.81852485609875 0 
8012.46305705464 49434.50894240906 248.36055851742574 
8297.221156448268 370.0758678175594 0 
8010.351816330525 62182.82852518946 514.8226957278082 
