9116.172902265322 193.92750992641913 0 
8009.976755381117 33616066567.29082 11319816.418135459 
8009.979677528107 8488671.881947003 3821.0435259625483 
8009.97677548291 1082290.5965022983 6724.364004558974 
8921.582032019704 213.07881580163888 0 
8692.309164082122 218.201518358341 0 
9031.914724248907 197.4134139311648 0 
8970.534364472967 201.94616609810174 0 
8631.512807639607 228.10112521186 0 
8541.203279488347 243.91745514875856 0 
8664.519696631492 224.75179623095943 0 
8569.603672576088 237.25559720608166 0 
8497.932404411098 253.59483708240518 0 
8520.83071834422 249.2767649994602 0 
8594.258441840344 229.85036444228382 0 
8355.67335373768 331.758035942499 0 
8408.10762926039 291.48168544371003 0 
8468.404894949299 263.94752883859337 0 
8160.015040814039 703.1812133635949 0 
8441.43727830247 274.1843806378633 0 
8268.973862416953 419.0773522365252 0 
8391.648447335494 298.0349002988661 0 
8427.15876139654 285.2500439612863 0 
8679.529230491715 221.2138936726086 0 
8068.218857500413 2219.836072647482 3.416997647082426 
8181.537545368876 672.8088695616254 0 
8319.570064119034 365.64059988111336 0 
8334.417754021624 349.4002026195222 0 
8588.877049426514 232.3857099647422 0 
8149.341450107804 750.8804837196742 0 
8231.360847405915 504.17214556140345 0 
8476.83637244691 262.8815347021481 0 
8136.238423512905 821.7621200013182 0 
8030.7684965824965 5763.916127281269 14.524683597484149 
8111.788836618882 1156.810595456557 0 
8051.0465890469295 2614.9232960375803 3.339345523677399 
8304.440568589616 366.67390052662046 0 
8047.274187380948 8724.368408752316 10.348429663740912 
8299.122123961857 378.5450487170673 0 
8239.528429380234 497.07010500032413 0 
8217.289274606484 516.6194631400622 0 
8378.378660709124 310.4264904589247 0 
8080.572937317615 1555.3617399685306 0 
8254.56279407534 456.0905842074155 0 
8195.2931902769 609.9539867115121 0 
8096.829676574925 1202.4067340782274 0 
8372.910564183661 318.4352897942744 0 
8127.384194558439 912.9039301177766 0 
8204.465414770697 552.3299958429986 0 
8284.660894732348 404.86420046035244 0 
8025.592650411666 383101.76891750423 100.25175230672592 
8119.240875770228 982.6753424163653 0 
8250.785788324189 476.1810423472996 0 
8098.264648957795 1162.8738016019195 0 
8330.395854459413 358.19113367211116 0 
8284.739984045555 404.69104810236166 0 
8437.013793069562 281.31591038960886 0 
8186.759295150125 619.6219657637705 0 
8212.278914186661 524.5012169529758 0 
8078.175848142826 2013.4988373356528 3.443314770286789 
8015.2399751038365 33040.42179325784 150.0863180696615 
8475.973186822805 263.3737340894562 0 
8372.926811184007 318.3975588099802 0 
8012.404368275158 43999.0723636727 238.120794544198 
8014.395661780862 31411.447474138982 192.85099859891506 
8011.170240341298 88788.84528446647 370.93166632622706 
8010.850313552681 1686271.0749009813 491.7776210812114 
8010.395517589565 111489.57987115698 606.9330143335856 
8011.166223446447 136884.1052107826 387.1377245925104 
8010.275533156406 146142.19350566616 662.2451175004923 
8010.142011711064 196219.77378178443 947.6551306634576 
8010.019025902944 211972.5192270162 1572.7496848128328 
8009.990147474381 5903799.004377097 2323.580209887151 
8009.978735474192 2645903.8167104768 4444.781661735281 
8010.137005544623 113860.76193969497 1241.7008999636055 
8010.347925456066 359606.66129055794 536.507867174065 
8009.995596057465 6978454.106632098 2144.888297186795 
8010.007012388226 8213497.824286846 1728.4408645408414 
8009.985447279285 535493.0170833374 2627.997312554954 
8009.9826368712465 845728.7368359738 3253.167516539667 
8009.977238349609 1217073.1485497681 6135.843844064063 
8009.977545132834 1505289.5972481852 5545.82100780796 
8009.97841973028 961207.2775578763 5263.403344889937 
8009.976824502948 1201301.8288153685 6462.897027666997 
8010.013059633048 809801.3202483146 1255.8966361678129 
8009.9895885747665 593281.9432244449 2417.035310172184 
8010.0005144845145 568446.8347533946 1902.7123961315283 
8009.981522160505 913415.1373428187 3472.4770204719202 
8009.978824124128 1462426.9027306114 4273.577057140539 
8010.01683185621 229537.91923012442 1047.3244644552449 
8009.980304095623 931928.7459178148 4715.461612399884 
8009.97790173276 910938.3695844088 6283.77112538401 
8010.002600223959 435690.7719901366 2078.457566219643 
8009.98038052019 923800.7776117868 4829.33171279161 
8009.977091606006 1574866.76129908 5534.711968159353 
8009.978475906173 1513185.3563590623 4451.561967726553 
8009.981331031242 1217841.3037581693 4053.037072997414 
8009.9796303869625 786911.8560327889 5078.021001950334 
8009.97927602014 1301595.2140287836 4089.3844062020994 
8009.977845029782 1371078.4638448993 5053.201893815793 
