8010.446989092058 35135219.27604287 778.7120144007254 
8009.978683539043 9176680.220380303 9831.938613425831 
8009.978777671047 915535.7367973453 9932.433101772884 
8369.076877382417 356.8695083525301 0 
8010.013410665712 99644838.03441824 3131.495829170537 
8010.07190480795 11317918.35042905 1494.9429429404192 
8009.993502552818 792673.4081620213 6929.717567020627 
8009.98010943127 8095041.78950404 8978.51031152575 
8009.99507463117 2112946.5937490286 5251.483340816822 
8313.179380940073 391.2526062458253 0 
8009.988759697389 5407224.471785495 4688.074815959359 
8009.992486517847 1137191.8058825 8199.966841454587 
8010.028773800961 1604898.6999797286 2485.632121278446 
8009.990261298904 9596323.954706134 4194.93194073398 
8010.0050350670645 2348688.22573441 3740.8999533129336 
8010.025028430993 445717.58449429047 3099.6512520239917 
8009.989990609371 1703422.3679291734 8272.495685021806 
8009.979727454083 724908.2313187735 9457.109928312617 
8249.581240516847 459.71612351392844 0 
8010.040751010678 1025708.4906403442 2051.200268869056 
8010.587714495359 120383.71717479236 483.2469910998954 
8009.998346003968 1141714.6009439933 4788.246467360908 
8010.058102325263 747885.1491027904 1781.616487591194 
8288.020487893624 417.0771993917578 0 
8010.074449685128 579408.8026298635 1324.4913406154476 
8233.735526312705 482.4264278964166 0 
8010.023413045736 997918.0827073975 4318.104566462336 
8276.07399081743 426.4525708472885 0 
8260.308148651236 448.96356007773505 0 
8010.0046705924615 2210506.810605516 4010.8080316684177 
8010.262858151775 334553.931284937 1004.404267142399 
8268.164962764915 431.1416420920557 0 
8012.600896877073 52340.031206305655 266.7347974098123 
8296.403930516248 406.3910394800522 0 
8196.969768145576 558.457933409971 0 
8207.231300109195 552.8730548563414 0 
8303.293875441279 404.0718380175312 0 
8010.194812218897 489773.2081176657 1514.875220898387 
8212.77270781286 529.7812136133076 0 
8047.7494003308275 2983.92724941978 7.220853173081167 
8184.292705662975 616.8821050617197 0 
8308.05178421706 393.0582420799729 0 
8144.073551962579 765.3841595592659 0 
8178.7502671989605 618.5715426961789 0 
8220.575340504382 530.0700396096232 0 
8010.266054253293 263911.8791673962 918.262899858229 
8112.5876552248465 1029.1620360195313 0 
8126.729404018175 893.6841397099117 0 
8131.082530658695 841.1107591221075 0 
8086.637665454082 1390.0407669361957 0 
8116.410367069306 1024.627409681793 0 
8053.694268652959 2792.776241727279 6.150581435948628 
8094.416075954934 1216.8179595273393 0 
8140.12353170056 800.0052149255247 0 
8229.435317954523 492.82326853642485 0 
8149.800320814547 746.073225070153 0 
8089.711972667197 1263.421116358786 0 
8225.840359389254 507.34091054997754 0 
8167.919886692807 664.7733935375909 0 
8019.0696047689935 21494.356067057724 83.33541576736685 
8097.711408970108 1165.8896349235079 0 
8027.8999514910465 7514.088796209977 29.209099770774195 
8171.666307605783 645.216818006034 0 
8043.3759325921255 3441.1532358223785 5.160525637956989 
8175.257321071431 640.6519504718419 0 
8017.469853262801 479292.34421234234 131.67575638995888 
8070.398581586474 2013.6006468965966 0 
8067.025642973328 2078.260486664451 0 
8188.734298419782 588.9379127138861 0 
8009.98743451735 2166428.413468267 8069.016356252097 
8014.982872251026 42582.60754240394 200.03024301746134 
8162.277629893374 682.5189167467415 0 
8102.070307848853 1107.7621178521267 0 
8076.692724464021 1530.1546708332382 0 
8063.503533872207 2170.285150825186 0 
8157.3349387838 704.2294710101067 0 
8073.980155887458 1585.6751150400037 0 
8120.649817707156 1008.9655809955316 0 
8151.89938167541 739.190577738904 0 
8081.452717437151 1450.012974980911 0 
8122.626417523617 2724.5877540600864 0 
8193.888541755958 571.4981506952441 0 
8040.515626359043 3860.398809521225 9.107219717123142 
8032.603396279646 17590.859697622407 27.4509612115041 
8163.974971715886 679.5999284384678 0 
8010.376084498772 278329.01925409585 804.5416528059941 
8209.601063250975 541.3000175092765 0 
8021.626517563964 10335.249178136544 41.61412433897394 
8015.274122602746 301460.0015313652 159.8084043929852 
8155.949215097644 723.9254053443838 0 
8108.002564213414 1078.827343198361 0 
8221.778766533405 523.711357777058 0 
8104.2639091462515 1088.4030088486113 0 
8191.162595151115 580.9397343482615 0 
8035.4505332417175 5037.2646065212075 12.166685947291617 
8058.647856404796 2768.4085767422116 1.0309314496793505 
8037.834213300175 3912.809407374651 4.125946731677193 
8055.702920280722 2601.430956664935 4.074869046222036 
8025.449991910023 9903.200769744672 39.65299509475217 
8135.064120549299 820.9789027092622 0 
