8009.976391377266 891051.0660383062 9616.700386941066 
8010.028889838758 21139058.81287052 3248.054231085008 
8608.882959330378 241.2825980129798 0 
8009.982625113876 9568477.738388881 7538.921043485186 
8009.99900338534 3105577.723588832 4901.28980092229 
8482.929790620221 266.4319050796241 0 
8597.371523587444 253.37980402623967 0 
8009.9879538148125 1984185.6723853953 6307.316214533749 
8009.979040774408 1785747.8242939957 8702.294704686738 
8010.062694266528 721201.3971778055 4184.574760566495 
8010.003395646484 1015604.1220085443 5395.78867962255 
8009.980264896741 1482705.6306729848 9024.11414102086 
8010.016820819135 1737544.7132141283 4609.356257450378 
8010.420513917946 272057.98991503136 2714.16832388145 
8447.714565702638 286.06704621082963 0 
8010.010198382584 734570.2401013401 6969.519740668102 
8010.051372514859 1228320.4580774596 2435.0634176701788 
8010.036714288574 1921634.4337316547 3228.4095816760955 
8010.6772488717415 1613599.427382284 2105.606083698545 
8435.977047608212 301.5353885544292 0 
8010.064375884311 700626.2406358352 1448.6700237756781 
8384.552799058145 312.70899625692886 0 
8010.360379846176 488765.71120003925 1005.6208734047352 
8009.985626690739 1393034.535947714 6669.822612470734 
8412.35752600718 307.1434136225754 0 
8010.438489392316 1055444.2537277206 690.415499379184 
8010.006482982362 914473.9860049149 7339.278855599003 
8010.062676860987 1823906.2102111783 1677.8497854511488 
8412.847797794746 306.02349988976454 0 
8010.088110481918 433705.9397717307 1218.9844814772675 
8010.033331585211 732545.0079933503 6540.470224529816 
8369.454447262384 332.5762007572306 0 
8010.0123966383535 904832.6908753144 5245.488167060706 
8010.057253264208 836311.5269132977 1907.0710456285915 
8042.81563623269 3532.0166150171863 3.3822498243343837 
8272.715428137597 428.5113237217731 0 
8105.377138997266 1077.8377205905865 0 
8355.1698844068 338.8982964820128 0 
8010.2048605015525 575530.6158257388 1143.6614452955791 
8009.997576681702 1963052.3087980042 5057.677353894818 
8011.760078475672 58245.80650521384 275.9712841261628 
8011.222362676814 537897.1259953536 444.94670938278045 
8221.583912529775 510.30701157800223 0 
8093.097909214469 1201.6168326753952 0 
8288.286758526332 389.0854322586045 0 
8031.003199967428 6262.562039259351 27.101319103405658 
8181.9777695545035 618.7848014176509 0 
8283.534034491853 398.13032175671276 0 
8064.442225690838 2145.1829974116135 0 
8150.734246170254 729.5959836419896 0 
8140.182286886402 799.6356762208768 0 
8010.005505263503 948266.0793822407 7378.095359019759 
8190.692025517734 578.124478620731 0 
8053.402412031446 2702.0333912474844 3.3599577279734407 
8232.739166311665 489.47235494605826 0 
8299.597030155146 387.00950999329905 0 
8112.588882704833 1005.5067925804258 0 
8336.953974467275 348.45745915623615 0 
8011.171731995061 163448.44257129668 615.2989938949223 
8013.112297249338 293755.2181531336 232.96965626503507 
8319.513454040636 358.46348468128366 0 
8017.373011165993 198039.36374706434 116.60380424079393 
8081.847660710876 1384.0081420475246 0 
8248.190943924274 445.08776316195724 0 
8345.710042471303 832.2022284952507 0 
8075.620255394277 1925.2946188715032 0 
8010.038639978005 1340768.2256693672 1796.9631117218928 
8175.063798268241 640.0577605684992 0 
8264.171060152597 432.8715041019522 0 
8011.209273706729 107437.41875630277 482.20641807485237 
8241.698657849143 461.89988857885413 0 
8021.042617524145 13177.693520875764 50.30190917724394 
8160.4349406434185 698.5806707226468 0 
8327.72297111054 354.2231865472883 0 
8255.25972100267 441.4029828497468 0 
8597.309263228331 250.08373136902577 0 
8119.770157542913 986.8464653790436 0 
8089.235527305903 1266.6440206300915 0 
8068.650057255523 2058.021001259326 0 
8309.737051901122 376.86145338704455 0 
8376.977615762082 321.4294324638229 0 
8010.0244258033845 1218929.0649942583 4974.406581050717 
8216.519172595421 513.6542285087806 0 
8197.149860669108 560.512825660886 0 
8049.826057276368 2965.638228159414 3.382748971866033 
8132.860851100729 874.2408929706356 0 
8210.702640832398 533.4582264578669 0 
8302.71390131296 377.70371494547214 0 
8010.061692286268 1446649.1821700512 1775.9340259025244 
8313.765037426292 360.87853258069305 0 
8155.585937666002 713.7274014031922 0 
8017.310235175808 280481.69535934116 171.27844557135083 
8350.322420419385 341.004397520212 0 
8206.359538488754 540.9767847839385 0 
8331.401733164808 353.1103244224715 0 
8201.41653321919 547.9902084129087 0 
8236.05950670554 470.1791993412015 0 
8125.171495826416 895.5266244538658 0 
8259.942568221115 437.37514381968646 0 
8167.597742740906 667.1357157499899 0 
