8009.975965987945 1906532.1536522913 14230.574765388803 
8081.209144168162 1558.7332014914869 0 
8009.976780645645 37152735.779035576 11069.313920756305 
8009.9759867742605 1931547.1146789985 14960.212399916505 
8010.030716867522 11866817.377371632 3635.6690854836443 
8009.99827947265 9376244.299765792 5058.494502001939 
8074.574470478843 1615.0041672149036 0 
8034.756562413784 4322.336711860775 11.692754445464436 
8009.985630993412 4957746.727209797 6800.706297365777 
8009.975971677412 998238.4826138967 12301.181235674592 
8009.975916525126 2868863.9863625974 13649.872164709825 
8009.9875816990125 945500.7756611165 10121.724308079616 
8009.978727948207 3168817.2269837162 9730.725692487616 
8031.170802890678 5837.387452073555 20.138884907690695 
8065.256036079469 1982.921399006178 0 
8009.977158154208 7280743.168213384 9771.50497416839 
8038.825426645893 4040.177924557182 12.334376318915822 
8010.038180397576 2931439.1265258975 2784.172106604623 
8009.987686488433 1731824.9193805768 6071.7816141543835 
8061.033940409364 2026.6867845174447 0 
8009.980152993335 4089772.781483697 8526.219852446235 
8009.978341726188 4787799.843848109 9067.547493650953 
8009.98251283597 2292207.0129467426 7175.5471917863215 
8066.510959972681 1930.8603125020577 0 
8010.218479175013 604638.0794424528 1260.2466567884562 
8009.98169809096 4439452.430966692 7658.993191916562 
8024.576126086078 7515.767786025726 29.1876401992014 
8009.988500762458 1307640.5679631326 8152.15989772908 
8072.172608294149 1711.7875761118758 0 
8029.044389334373 16593.68684811014 20.590896265781204 
8069.33011412053 1923.39246011273 0 
8009.986187050927 2009831.0981532577 8413.232790088658 
8053.03642230561 2459.768967215776 0 
8015.851152632243 83533.54362222631 124.79712501158076 
8044.467143491935 3383.6199607412354 3.2827050696151074 
8010.131480141409 6865007.18488796 1978.46697496727 
8010.095120713016 914060.702396719 2181.075796555961 
8026.622083148012 16944.134551034287 24.258593790474404 
8010.174375719824 3096106.2732419847 1638.0592084100551 
8012.542714492227 292206.07130659604 306.22360635448894 
8009.981195071552 4396324.032104412 8935.131001920789 
8009.975955359833 1584093.6431391255 13662.475326009779 
8010.030374433522 944357.0058519728 4708.178680282026 
8046.564530455191 3207.558899956397 2.1659646091755658 
8010.998426374079 284624.32369266823 647.9509182154495 
8069.957569866693 1825.1241167243813 0 
8054.516380559502 2553.271880060902 0 
8009.9772731164085 4466104.431542433 11607.25392737176 
8009.990185135088 1181070.9176210263 7816.689771431864 
8051.223016145688 2703.974848260692 3.625714709888335 
8048.3310289834335 2966.3523432107304 3.6227761862155234 
8020.015378104085 19693.37098460865 91.97271097874926 
8010.490571047448 360282.5419824565 843.9666277333242 
8009.9852209619985 1687669.799364888 8838.380227634781 
8009.987902603661 1711302.4562253896 5549.67079005548 
8055.840380943349 2337.0480858805586 0 
8010.0046972470445 2197123.48012227 4286.253921994555 
8009.994187687054 2108051.556258864 5324.421656897429 
8022.896097090687 8969.786054324757 35.9596601084956 
8010.004260216866 2626835.7879628143 4913.335572430287 
8020.86100827372 40192.44223230701 71.74211780485705 
8018.036840922357 20997.89400225461 100.04026711604442 
8073.53994068126 1651.3844656575081 0 
8010.324746419555 366242.4506969162 1040.5695570225607 
8010.077319605079 2271449.1848772704 2450.3452867905426 
8027.67928257181 6147.769413167394 20.126540139585906 
8014.020678649238 66210.8972690082 253.8257128615159 
8011.079748995125 119552.86929042282 440.40784942708865 
8022.262457926521 26196.448410880585 84.70889582783872 
8011.577993093946 75105.10774839082 367.2057899482355 
8010.008626061172 2051516.9323410098 4035.8800140417493 
8010.011186503376 1897808.8853027418 3792.6472309083692 
8009.981240233809 1779124.389633094 11417.547027798622 
8010.147812296685 1108220.7573313515 1847.9214580955088 
8018.191849344372 20860.2393827413 98.08481259062921 
8041.4507442223385 3468.4691433838407 3.602783681954553 
8009.976947912423 2990643.786148227 12206.143412638481 
8050.093263963662 3283.7111328579076 2.059208216642273 
8043.262168488942 3376.180063662813 3.383200721015766 
8009.981026123027 1818960.790420192 11207.150590933077 
8010.004951831863 2420879.4189072335 4212.126331025558 
8009.977563988744 3065368.0091524613 9854.65940267223 
8015.121874225837 37907.577223519555 170.3081552654565 
8042.539798233038 3359.4170951624774 3.611982672444639 
8009.987161948541 1992927.9108444934 5826.314087639652 
8047.345124180539 2839.8252230935154 4.40527869632284 
8009.977438838581 2083117.351945845 11937.058809721511 
8039.805937897671 3746.3694688551936 8.970137454072052 
8060.498562082883 2054.7234183209584 0 
8010.05304642875 935483.7538797994 2622.381484226842 
8058.869019275683 2121.9416982365287 0 
8040.5392602114525 3604.730245863159 7.963513761544807 
8057.370021075857 2284.951081681234 0 
8009.978407213661 2071615.2513182717 11855.713451455822 
8014.303383536768 48205.6884151992 180.15360103764263 
8057.168837190314 2316.1740596468894 0 
8058.816337761442 2178.245887804152 0 
8009.987151198484 2846068.2257325216 6824.341625495446 
8009.998664007933 2887015.9470055606 5061.515662670377 
8050.290615684964 2821.2246153975875 2.163773543407561 
