8957.828935078793 466.1417192515988 0 
8009.975879942414 1451084006.5917847 82861.86997754073 
8009.976607637795 8201843.172250208 6936.732410374226 
8009.976096227814 684312.0238334266 9631.215672390028 
8009.993010976003 4276381.044718671 2689.0697590327245 
8010.355176923037 14572730.855291152 738.9994907600872 
8409.00155414905 660.2323261227044 0 
8686.233032967728 491.59952685022506 0 
8173.165194069174 667.0675886661618 0 
8009.97642997366 3499271.9072355526 6743.930427481617 
8010.13575163676 582720.2505904713 1079.3706167374307 
8010.103033664123 1278287.6587428327 1197.2567766421396 
8497.288387563167 610.2913854657232 0 
8676.224285921491 509.2307968091921 0 
8570.822668234203 538.7060033916853 0 
8009.98097286588 1911960.1985518227 4620.636564204183 
8565.05244752421 563.5109447999191 0 
8102.566678211944 1120.1318605788465 0 
8092.659738694985 1305.0135786512562 0 
8115.220562633598 1069.95276665752 0 
8141.367515279583 797.9483508912922 0 
8081.434295884722 1501.6418296204113 0 
8126.564965945334 898.6446625753779 0 
8009.976118195616 705180.6011821401 9167.923897550983 
8074.298257205364 2067.6031160165016 0 
8027.591564858487 49997.88844858316 22.489186244822427 
8036.825716729099 4412.8797015897635 6.227193296992317 
8168.224595781048 697.7853763012122 0 
8009.97599227339 1009951.2123009232 8265.474447081384 
8009.978565568894 1657346.458728675 5065.721334351055 
8009.979834077689 650009.5401488937 6295.943714627327 
8009.992652328271 1873281.9932145886 2826.953226689049 
8010.029682321725 240504.30903916486 2970.868666459742 
8063.740140074245 2251.8351365811395 0 
8009.976037146023 1154184.8610646953 7483.711143034862 
8049.158481973709 4951.785552359057 5.28568960941848 
8157.254627428748 713.2641039123519 0 
8009.98265222495 1684595.4374029064 4233.262412522058 
8123.236898298206 965.7916930145576 0 
8019.369518602094 14588.780799713602 62.04590227991335 
8010.037329175036 392405.3549608896 2149.496529378595 
8017.439848543041 770564.5590402569 123.06322148085238 
8150.8670090929845 762.4824268510997 0 
8009.987797831291 878222.5135906164 3421.00037691165 
8145.7720145566755 791.2938389262697 0 
8009.977937757062 1620666.467145663 5591.233619852378 
8012.2011383734025 899628.7123309742 269.22688566095974 
8009.976100897851 1297260.5213378523 7345.6386921798485 
8009.986863270075 984853.0275487808 3578.034609496898 
8010.008874121157 411265.37589334865 2442.471447889233 
8009.976499814081 600379.5741511275 7877.241870995909 
8010.159828868107 441812.3594510878 897.1669595857467 
8060.525312853419 2592.7511784578724 4.250596054350033 
8009.978785934621 1216387.3433749797 4757.725997748532 
8014.407728522444 43201.732811034395 222.44258618143246 
8009.983869679647 1348969.8509258258 3926.129148218019 
8010.535073664106 823903.6330295082 466.9251515749064 
8009.976730343968 1104658.5029149824 6866.979718496545 
8009.978349526448 785985.2807186804 5865.598587024321 
8010.048043419866 2354278.449702498 1511.5364583304618 
8009.997222471028 3333567.15452921 1943.0929979425225 
8009.980937091566 538401.0374865507 5318.006527886414 
8009.980822793343 732308.7996900821 5916.292028491962 
8155.9227157200585 723.390117984574 0 
8009.975993441889 1030994.472220202 8124.718949314336 
8033.233530003034 5582.978354340308 19.183742796719205 
8009.98235212713 532503.1225898676 5033.1634708287465 
8053.645669054122 2719.439643008626 4.166796841269404 
8009.978665063597 1283926.6995785455 5097.563215403059 
8012.398791295639 91325.22757707752 467.36679183798765 
8009.983487128662 940420.9866436651 4035.5700065023357 
8009.982483520335 1267727.0909111886 4413.155050266858 
8010.035087537769 484849.34903000615 2146.3623126301172 
8055.778962740434 2625.542150647154 4.198747728014256 
8009.976612969942 1270721.9883989098 7105.6947978210555 
8012.551237894915 194130.9094147683 326.1354682551705 
8010.072844420079 769618.0697308676 1366.0789015847758 
8010.0181402331455 399030.5269062069 2162.4353622230255 
8012.150576220564 127850.00050454517 594.0094408618934 
8009.982966216259 1078609.9022700302 4634.195652058965 
8011.387765412414 2637845.327689435 609.6159933192073 
8049.1696244674895 2829.568505944339 4.171643280061842 
8009.981930004899 1374621.7588911222 4488.153605857221 
8009.989419367959 745725.223922544 3212.8199777614163 
8009.976689855467 584945.3512234112 8032.495820784932 
8033.327307922365 11499.808347022488 18.086765119313927 
8018.289445026314 27249.277943892295 84.47458409112146 
8010.096773737188 556609.0053031928 1477.0927144360564 
8010.2374311137455 161792.98331945116 1715.5863427426073 
8009.978671322141 735934.2851124995 5580.82991829489 
8010.187594098779 209105.97291603524 1634.2115857080703 
8009.989407320783 752377.0462990403 3268.0536975432206 
8010.381457526304 152763.27741760275 656.9645931963361 
8009.976173456808 612005.1450552883 8042.3933081742925 
8009.978677148726 1254230.7554204662 4697.110009595415 
8010.050279343684 418358.2750069973 1757.1392329345324 
8009.994100555092 706447.9991268388 2843.368732872417 
8009.981696815781 1356101.5077196988 4549.808052319785 
8012.603048858951 49438.92965024828 266.8193991108143 
8009.981528083765 494313.14477527153 5581.442714363381 
