9578.550644554745 532273.6714141844 76.04105750169842 
11340.04365820456 219357.92449178974 174.0949106623496 
12735.135797000155 257529.96747717398 140.87260341377265 
5259.739010148895 10988547.762610659 2286.622698749914 
5250.769931361122 5699135.619220446 4033.405660017038 
5261.212628219856 7759852.4492269065 2265.70772064271 
5252.981635485221 10380491.48119775 2799.1421197581294 
10243.868516113174 270364.4559309354 138.2503541832771 
5251.908332624808 5315411.478362333 3607.2782801866383 
5251.154353882763 5331735.721941514 3174.358736366421 
7615.865682373502 523569.9857844083 126.57747236416165 
6990.6117085254755 427721.4636480857 127.31806077507485 
9616.382930301044 247569.6798270482 252.6809083308114 
5256.3169315825935 3615777.573241166 3042.690593100525 
5252.142969634011 4147164.5128196864 3071.6926317096627 
5261.02157922788 3071822.588148045 2884.176321512219 
5260.700567261385 3087135.811734129 2440.5666689949303 
7927.225396907373 380365.1614330507 347.30422881417496 
8250.777021188187 349265.05151708913 188.1932040521558 
9478.690384836116 283105.9437767556 112.58937705324267 
5287.454488402478 2445892.264174197 1584.3248506154953 
5259.946042881073 5072763.2818268575 2340.139284437185 
5254.6638821052475 5302856.329336125 2622.4873571658372 
5320.421317977594 2098136.7893625563 1422.7399433890284 
8506.672324207202 328402.5150410291 279.93247314521494 
9168.85153873691 287236.83681838994 109.01497727793594 
5269.619061658646 4383097.7361759525 1843.8124606017507 
5687.303109451843 962545.8506959971 1006.862789989144 
5268.372577331564 3435008.101697744 1906.1121409612651 
5837.065725269812 811872.8935613488 696.7416986875523 
5271.6584430438725 5235343.665545014 1779.0077904310788 
6354.44502308125 541557.1649385199 425.91536316744805 
5266.622528908623 2424340.8022653796 2647.769927240069 
5477.490765837939 1485115.7738997263 941.3479202298581 
5285.01404610604 3789569.2841246123 1618.3307325532883 
5256.367264061469 4661214.1987630315 2633.0834983391915 
6266.677808761821 558163.7056946836 486.8993383423721 
6119.896897593645 694534.687253755 520.1127818408827 
5266.875790347812 4787608.815165227 1850.9344113339746 
5775.987834208655 990233.7807380506 550.277556007395 
5487.772483254453 1096201.2098388071 1062.9198642124074 
6503.87959152411 517226.93557934917 373.9874383377753 
5504.861070955021 1256115.79440063 891.8447697288535 
5262.003878045745 2749933.0122287604 2182.4929196668636 
5253.472699697929 3705129.8982832083 2814.3526022348688 
5253.219267438289 3930361.7446377296 2643.319137255078 
5452.352201008957 1189039.5236928659 1170.9378975518798 
6030.792138495318 634378.4781697827 583.0697135045058 
5268.8586601278275 2840345.474049292 1970.3398532931583 
6663.544581451991 484173.867198223 263.0302878117278 
5275.231651330969 2514583.9827456144 2066.672518618244 
5937.404168113639 610159.2213305284 622.9778792093289 
5351.697991447864 2278316.450000105 1306.1165026274625 
5567.7919461472175 1869883.6553205953 847.882151700998 
8920.869995681172 311062.80668289436 299.31627223061196 
5271.8910495349055 2596784.0734690903 1746.4476563577273 
5260.6415141800135 3260390.852174394 2332.950318834564 
5672.037925939261 1730588.8906719792 661.9169791541169 
6798.715081036531 424025.3914949236 282.4377049231291 
5262.867886296426 3006801.1654964834 2108.929739254277 
5265.599663806808 2654228.4739862215 2149.849308273889 
5606.630380838318 1786980.5203798737 806.6001167877351 
5295.623111683266 1602342.5379918548 1666.6547724767063 
5326.849226600046 1394376.519011499 1359.43327535535 
5366.296469300053 2056332.1120666282 1245.7560826118254 
8164.291608131463 607391.5544916873 117.87341067909551 
5259.856684648024 3188677.3834124506 2396.1630275835932 
5383.344600816333 1933023.4401722546 1139.8213199702404 
6428.905017326641 579266.4298888178 355.62338622290287 
5267.959906969909 2758952.1089658802 2023.8580258681004 
5263.4970810241975 2942292.5024825297 1982.816120406721 
5805.603253433453 882846.6759156918 602.8937885460068 
6754.078332967708 468429.7881504919 326.9800669847102 
5402.76637178937 1368420.4010176763 1114.3518488284826 
8618.48656026589 388572.51867177995 104.59174297088504 
6566.226468599245 988377.8880804782 294.81793621815086 
5387.93595778386 1668396.1250219995 1322.0751137825505 
5288.635586139546 2135883.483199459 1406.8682132594379 
8827.962016672109 524116.14217895933 101.04372762046992 
5256.632712713533 3410669.3979883892 2410.231325315454 
5971.228480084694 714331.3203333237 465.2893321086992 
5296.238071303321 2392065.401696758 1218.6194762432328 
9006.963204986116 291400.54540977685 172.96409833899682 
8674.152243690603 337154.16303959227 166.12227462516907 
5642.767555784154 2212021.1717761564 728.7243636905124 
6772.314539522358 468276.2146057247 215.22312486680445 
5258.844040915121 4283549.568554836 2398.197552805379 
8051.154276857758 419638.8255408755 147.2117884482154 
8774.103220212988 323076.4063479581 136.20421570376354 
5401.776937221185 1538195.6442378652 1206.3401181920715 
9089.176640435528 369903.2122156397 127.15295557988995 
6002.658364413976 843251.0860712558 457.8530337521057 
6169.39270645214 596665.8485032029 348.8354360119237 
5276.007433113356 1855724.0521673122 1695.4873862577124 
5512.958475111451 964889.6083989888 1106.721157694227 
5650.638084300824 1234262.4972513565 767.5588481557239 
5377.790305887689 1893956.615875147 1269.9992071475044 
5640.975877094042 1437656.3318589907 744.0762594025156 
8026.642927228002 381225.686396958 157.34303507685829 
5654.632491003559 1125612.938188657 816.6681116444398 
