8952.532535420694 316683.854337742 415.0154666130294 
9431.65403966855 490539.2822613202 134.01267281235752 
5265.318075062537 4563818.7881312 2879.622633203975 
6035.567376676774 8258017.984023042 415.0185939342313 
9734.473257516336 407264.39582053834 141.81337364579164 
5269.488354334857 5192615.640972484 2794.4496410817305 
5270.389565587005 3516654.260091966 2434.9689620305294 
5274.78375842929 4173969.5930587403 2344.9305193397063 
5270.991776442725 3343560.4426029623 2581.9755538755535 
5286.491593919961 2356995.617850924 1954.090468365643 
5272.741271446368 4192405.307612526 2187.777631477553 
8217.305006092427 485856.41632401675 146.43087415675217 
7554.222120214196 491578.86919061176 292.50104683760924 
8460.048981403412 389299.59257132 399.23676048004495 
5297.380644801056 4377523.445593199 1624.0922793722125 
8024.527462963542 472070.6183740369 187.9682622528961 
7347.319124494333 531574.9544417857 302.2278379662381 
8749.956527192584 432340.54403645074 138.59993235516072 
5278.060619943728 2737109.495330411 1919.2180492867794 
6729.085918348941 525560.7809342071 349.87295222508305 
5276.787410951827 2227935.7913011955 2209.9662042204855 
6900.702309026942 505682.8659137966 347.97367487732436 
5413.298506815647 1435788.6016545286 1345.5330065716196 
5291.597857661504 2563159.7130504474 1830.563462779374 
5490.281591348773 1027699.9375563299 1124.3424336691949 
5911.880924820686 983003.8786119053 446.1673769674447 
7048.250773408559 449941.6571128647 353.24323232385325 
5712.05692472081 1675163.7374088138 704.9657888066184 
6000.826230306718 929989.7304799667 582.0536741446184 
8363.823495595378 395801.86325518606 375.37927279591725 
6133.152264770764 809498.7658599592 523.0212961031291 
7161.982933849765 592715.6982665446 262.0046728263701 
5462.052665938243 1285374.1763038246 1088.0366017993383 
5607.42673350304 1237918.6680977205 991.1862095709555 
5393.01550422806 1810219.8666543835 1197.8485779687264 
5307.334669021945 3164021.147731688 1490.3292139018283 
5664.5791679230215 858948.8311348881 938.4083999293252 
5315.828477061685 1941954.9901044352 1441.520013650157 
6500.704672811197 614120.8145932367 219.15654316760285 
7636.6430058627675 438419.99331932137 318.27587017081663 
6610.295549111816 540693.0146286151 363.67235425470665 
5578.9562387045335 1099267.4297061919 1041.9834667611142 
7278.347558732925 635002.7041921505 172.77090742825368 
6303.4240854975915 846439.9663482847 302.728692188941 
5358.93248700734 3002933.9221830927 1403.5815711988616 
5320.974632295632 1834709.7054282094 1663.0053190058727 
5282.711549372014 3122647.525508041 1777.3383300323671 
6404.234670511874 825005.0714636659 378.2515711064184 
6084.0947088232715 867081.6811835348 384.065462115091 
8674.152243690603 337154.16303959227 166.12227462516907 
6177.705510396369 695617.9784125809 565.8538467971027 
5838.600940102508 1569483.3569237534 629.6700696114449 
6962.193087268821 455121.95549628366 327.18584577908103 
5810.848120378318 1050210.0150884413 761.1060313719713 
5288.434225240677 2681248.4667071123 1806.9930203896654 
5532.551949224083 1160432.0439200893 1012.1088898177154 
5308.950469876139 2242450.514669231 1540.254447583083 
6266.677808761821 558163.7056946836 486.8993383423721 
5569.088938363013 1527102.5712274704 861.3022169290125 
5291.767771932973 2960907.858779514 1760.9290068005357 
5300.6620734934495 2820699.485107054 1589.6689016080877 
5764.108076909206 1090910.2939728016 823.0931872123538 
5366.296469300053 2056332.1120666282 1245.7560826118254 
5758.821626077516 1144529.5547918803 658.6838028554571 
5304.541800566065 2507915.313119109 1590.852238622407 
7194.138123945279 735989.8325081627 211.45722548805236 
6473.406884241076 758306.4029352429 478.20495298311675 
5345.56127719594 1738847.266761647 1677.8349004200008 
5300.761595967279 3240464.420658214 1573.2669094870962 
6225.87759545311 710190.3325280151 555.3154949722481 
6645.681433460124 528423.5725009937 328.3095074965856 
8405.745977172608 418139.4691341921 340.0055303972397 
7951.642437220925 436727.8764463473 414.4599635672704 
5642.767555784154 2212021.1717761564 728.7243636905124 
5377.7085189944755 1531766.5556769234 1370.7543133629372 
5350.155094678748 1594568.3394669497 1519.2955487779407 
5612.0686596837795 1341205.938000686 803.6042864334656 
5537.446925619082 2199078.964279764 862.665119498292 
5445.065003163642 1317445.6217299197 898.3254173010334 
5292.658004397935 2148643.9862692785 1718.2235888219543 
5879.794411816786 803227.0506670865 654.1484637766097 
5508.721911585238 1022312.1966204382 1301.8881528333782 
5311.157096734317 3272013.956892847 1426.4348374336444 
5846.281796446752 1094055.953203794 596.1089900574925 
5365.768974449927 1637082.2771247467 1313.6132774638484 
5694.184566827922 1315225.952613012 796.0382688195436 
6215.319223841294 772952.779796248 437.1574461954141 
5629.360198635689 1135517.0622993878 912.4153840250033 
7910.802488321983 456951.1034999285 259.533224184651 
5700.35518468266 1779582.5568534618 759.2428717339651 
5308.405180166861 2410809.370263478 1670.0646692838156 
5392.397932742124 2607743.0407183883 1214.3286407872586 
5381.594936774509 2006468.7441776313 1264.7143004883437 
5359.364984124712 1972225.5042097387 1276.5668447294129 
7615.865682373502 523569.9857844083 126.57747236416165 
7422.318639444807 559503.271067584 194.53953646675586 
8580.027975424857 411240.0344939206 216.9396486539212 
8919.12265149159 341464.67558583437 344.24292704324444 
5311.49910492527 5045478.201710012 2236.889309143936 
5662.134477655787 9646399.546270033 1291.187955844127 
