9058.285081518678 142.89265395616454 0 
8009.975568058263 47263304.10110325 359221.1681947205 
8009.97556911179 1681574.4141676482 7851.626978355978 
8009.983641659257 2763871.438180968 2051.712163709947 
8964.005732489197 145.0249132645403 0 
8702.783729510924 162.29286965380672 0 
8666.531199626801 168.48957479585016 0 
8900.567851686099 146.74487994044645 0 
8845.2877869843 152.0642378043703 0 
8222.347415219656 419.53136323790875 0 
8740.019042722788 161.13292440570868 0 
8460.358363111247 224.0707329556107 0 
8189.334392634582 495.9688510463504 0 
9046.085681393086 143.10917910372945 0 
8638.640252027726 171.88970038850084 0 
8274.733320800891 364.562789438556 0 
8809.76374747053 152.9905326288222 0 
8594.351571998131 182.0545615015985 0 
9004.972951534939 143.9458279144156 0 
8431.09666108096 235.02050746477255 0 
8615.793887078398 178.1454337410496 0 
8323.681155549375 289.71409426048876 0 
8167.606493177965 593.922500136203 0 
8568.248466050838 186.6577172168528 0 
8519.37292382826 194.87869411843295 0 
8350.779578127025 273.8788030355543 0 
8146.209541446748 769.6158385379094 0 
8129.107721048511 881.7510446726124 0 
8976.296567216403 144.90391376071148 0 
8796.2680312878 153.9341741455286 0 
8364.350621722753 269.8390396735223 0 
8108.62332995488 1574.9364556150422 0 
8489.205658537612 208.95769327267303 0 
8415.990518580715 241.34279298649895 0 
8773.346269080794 156.58606512787884 0 
8761.609961709199 158.3987167473139 0 
8536.540062040638 192.71057287586416 0 
8299.489561824605 312.49653953445113 0 
8387.13174646295 254.1826696283527 0 
8552.360351088548 189.6071415079933 0 
8093.770269631756 1584.0868457431438 0 
8068.802890035845 2244.6216682205772 0 
8495.50974223845 203.95546796677132 0 
8871.347334099763 149.44621230384368 0 
8900.489560677404 147.13051483849966 0 
8396.066141471863 251.24411130373767 0 
9000.739864801031 144.33812775279966 0 
8023.19350706124 6922.666887842148 168.72660732471752 
8249.733862666153 375.13502072556463 0 
8870.853966244213 149.47578596489544 0 
8046.466947197359 3922.97689163821 91.27570704487297 
8077.305672432405 2120.998351743183 10.605384779807892 
8249.77263227766 375.0541772470383 0 
8307.032352324724 310.5866843362606 0 
8041.357832747881 7884.4498431495085 110.53214238040599 
8009.975678225712 2055789.8014531704 6531.857620613985 
8009.986377780674 2439390.148129122 2101.3941388109197 
8013.515302307054 25171.218255790376 264.24851714653784 
8009.976595820898 1331339.4366147353 3748.971083370425 
8009.990115069491 2690602.8331453707 1944.542331326631 
8009.975575233922 1705967.8715986612 7234.162885381763 
8043.265166768064 6644.012365552238 166.06764629195345 
8012.550633370224 45842.33452668011 391.11264705965505 
8010.1834353832455 67224.13682846157 488.96226885619035 
8009.976481258863 1207405.7263103975 4042.905614766524 
8009.977505001479 1027069.091444586 4247.510526572205 
8009.98086021959 391042.5880863647 2466.683714942451 
8009.978570583755 483082.1824791409 3447.2792276103514 
8009.977511283807 1113103.1837933017 3893.3689470013305 
8010.06244784764 174945.97309368587 962.3114656467959 
8009.975966907074 937042.3438479376 4788.730876952534 
8009.976133809715 892661.8359372317 4577.1391007844095 
8009.975838187373 969183.1395331104 4701.952747324059 
8009.976019231443 643516.93860239 5991.079799917714 
8009.993783266746 226666.59738664812 1516.4955156965204 
8009.976706541647 1110700.3756527507 4343.022536095777 
8009.9755989794585 1694770.3257436932 7585.547818427056 
8009.975592980948 1705745.0624050603 7216.9366357366 
8009.979613472373 566180.3547445816 2979.864589387309 
8009.978570544856 483096.9724511684 3447.4619432313007 
8010.065117699901 136587.96116725478 1274.6425032954141 
8009.980814574481 367814.84763854515 3104.4229725847435 
8009.975865187196 701994.8298590473 5111.325213975809 
8009.979258755708 583950.3052180534 2574.6729360839086 
8009.976278225239 814948.8822487346 4441.763644670185 
8009.976267940516 836646.2631698524 4568.405348026046 
8009.976937665424 771384.412869083 4509.67486947523 
8009.992154275011 235775.73427502363 1614.6897232896008 
8009.976045893538 637409.6074306772 5656.512982749888 
8009.9757175344075 749685.4116789934 5592.94191792445 
8009.975780151448 721470.9300148952 5249.495114711829 
8010.068534652326 124807.69720980072 1169.7583410539837 
8009.9876424715085 271144.3532616141 2159.2546915219127 
8009.97637597491 1286592.2618463004 4269.330006035706 
8009.976434381009 1258604.371334127 4069.9617737653034 
8009.97601858907 645589.164522656 5732.575529921415 
8009.987568434697 317859.16603355494 2175.9773125188026 
8010.158612497033 93727.87066107526 780.680072789096 
8009.978008744217 672509.6256356057 3545.550731629943 
8013.514899459533 25172.041306776 264.24815411710256 
