8784.82537056477 275.765752093603 0 
8010.412239787398 1191598.8465733805 2593.5377083524863 
8010.42778213581 1574381.9960539667 2453.9043232982754 
8010.503299657043 1039493.5808015971 2332.9322478036484 
8010.518786986669 194426.5050008491 702.5994779795055 
8476.77690385183 304.60611184461715 0 
8779.389322348543 277.85721361969513 0 
8328.92627742116 324.5350819047235 0 
8134.127796481627 1257.1058004444462 0 
8260.960909201985 921.2967512795813 4.365271368397978 
8010.437664573482 1395087.9795582914 2573.929797412816 
8016.34142538941 36600.218670217255 225.64169352175787 
8010.428488189099 1443326.68143627 2469.97361431325 
8010.453136053879 1054551.3168059257 2369.7546044952587 
8010.438162069793 1137496.3797995048 2504.331606240914 
8011.508586608613 148604.84590064015 413.3954985716872 
8010.449108734256 1286623.9692129716 2469.27999019705 
8275.595500317364 528.607593724248 2.1016097583540505 
8010.449275280553 1286613.239343014 2469.301885791744 
8321.898607631412 589.2607015480734 0 
8011.538422100567 107658.8622224326 421.74429099024303 
8010.452548091489 1127123.4554569842 2477.5237186955924 
8028.990539060824 19504.95620883347 133.29029260320186 
8034.062174732414 8318.853676700632 69.18358574677322 
8029.962791008249 19339.227892246116 135.1470213527607 
8078.240880193356 2305.022710622883 4.3688098210252955 
8124.070874859394 1307.4698793769396 0 
8111.05592146824 1452.4296944642203 0 
8022.240022517509 27593.668648908555 189.43234186623062 
8099.445933949581 1572.170371585842 0 
8092.112536085908 1751.645101357616 2.7809831670095244 
8028.481628746189 30971.16817829262 182.44229826086993 
8010.533840161717 188632.4213230243 690.6095940732187 
8264.146956880635 624.5757847982611 0 
8034.530192468296 9341.865933530571 61.81704339770883 
8010.452548091489 1127123.4554569842 2477.5237186955924 
8116.348796295484 1322.7236695898666 0 
8010.925454882406 135468.91927854784 487.08101240664166 
8064.817334682614 4026.110861753787 14.5265204747325 
8274.058915790552 530.8064678867161 2.1016097583540505 
8074.308079937234 2258.0259427274204 4.972525098660454 
8010.550114892552 178613.05865311908 665.4447018742134 
8010.524957776421 189288.7625603683 666.3064643750043 
8028.473563353081 30983.286212196777 182.47786302103665 
8010.815764891079 121985.74864451161 507.1453216444759 
8021.340115657818 28707.310842799354 197.09576277137774 
8010.556180320588 177326.73784003573 641.1161895849018 
8010.580217833041 168704.5261247208 621.892395251334 
8011.000328709802 123783.29472478734 474.4714974569165 
8010.563332611425 174954.23267206163 635.0502021995488 
8057.867047907309 4748.275898819165 19.645415880682506 
8010.6132624409565 159060.1960644667 603.9147507104615 
8010.769149019812 131646.63406134123 526.4543138129719 
8010.614428562351 155388.13147468533 589.6516499461933 
8011.081683051457 111291.30804775855 439.82744799281 
8018.464732610613 34244.0026705761 217.48888209847576 
8068.011792474924 4167.24618687284 14.267590420285776 
8011.474880993476 108232.3150793766 428.0920313014477 
8010.588251323066 162584.22092357665 615.2376445189291 
8050.873212823257 6499.133805985867 43.526599629857174 
8096.237361851701 1581.744905963159 0 
8055.879481809653 5721.991843254003 24.06237983793823 
8040.323291232613 8135.864880023033 49.705093514535626 
8053.320418572276 5194.046891798878 37.82156677978984 
8322.156107111898 387.09127025693647 0 
8046.132727560889 7731.5084960430395 42.345030613394826 
8010.787571697927 126855.89569772672 510.36836580295846 
8010.543460446801 183693.1124708915 640.8748827440158 
8010.730434945246 127512.26311375936 535.638027229555 
8047.747095557382 6516.556591841586 39.54679362970707 
8011.043933881023 116232.80400286778 461.13071333123077 
8010.649031661052 144434.6944130878 576.7218400154825 
8037.451519505796 8856.076516891082 65.37022390289845 
8042.253592835528 7560.838838015304 47.169179763823706 
8017.6837171159505 34916.95738371343 222.14234243566193 
8011.023140894928 118108.92758041921 459.8990226726629 
8010.5874294639125 161881.59922621786 625.3498502890959 
8010.606533653627 152486.67045087714 607.8938087528771 
8056.676495626343 5091.8150224475685 33.45372552253322 
8011.058531676519 112648.4401628941 451.6315886746414 
8070.100830307724 3261.556345044104 20.98977094673428 
8011.061473422217 114586.69056051178 447.138644725644 
8010.685078268308 139399.61839415005 562.0739180859312 
8010.651308154345 148246.6784510402 568.990476644213 
8019.373579037581 30637.71356908513 207.51506683087098 
8092.147313893727 2087.100027379569 0 
8019.373579037581 30637.71356908513 207.51506683087098 
8010.698670015476 135461.58415375592 543.6396695368508 
8010.7271018067295 133612.57336206926 548.527907145163 
8031.522081564226 8912.52661696113 65.60943123177947 
8010.6942658426815 147043.4145705681 552.6378217581675 
8010.642190934715 150038.9847035677 581.5222550464105 
8038.9716238989895 8012.541862364359 66.06194387050817 
8010.6892904375145 141391.51819833976 556.4333918142675 
8069.652601482276 3891.478343113443 19.032581743777556 
8010.633085287365 150956.79884955374 586.683003443126 
8010.749674831969 125432.74250204694 529.2592380965606 
8041.860723057347 7172.934173843434 47.5739075364686 
8010.687797075958 142516.6275701903 561.3102617094341 
8057.113287860377 4203.039326637583 21.80665009968221 
