9038.570909651902 145.18792564454486 0 
8009.976262203477 2905006.6992544997 8127.731865720474 
8009.976394390279 2933801.773490097 7690.212753155389 
8009.976436276901 2759293.237549901 7717.491723543079 
8009.976540658315 1748118.9804839347 5504.360514029847 
8009.9764966939265 1509564.6274708994 5880.792800501115 
8009.979811939282 1072457.5441761073 4191.368625758527 
8009.978880675554 1431914.2869781007 4632.312916831303 
8898.047328687968 149.12465127062075 0 
8955.40769559177 148.57748635269786 0 
8434.107840340823 233.86011243772023 0 
8477.452506356945 218.7648942591933 0 
8605.056045703666 177.80946839382418 0 
8217.532093593441 481.37518456579016 0 
8009.981163647323 1000955.721713437 3579.470860246609 
8398.215822571925 260.02259878442567 0 
8009.989220732925 751373.481739396 2326.463386547749 
8009.990283374925 666127.8578085602 2426.791374991858 
8682.05799059453 168.2058823908572 0 
8009.991742816795 623187.745992107 2192.798596007761 
8758.300506843032 159.40817387925148 0 
8009.97650862995 1606144.581605781 5711.672123849739 
8985.806277968812 146.25723885006965 0 
8832.97674160836 153.55066912022357 0 
8174.234443970738 559.7249632289758 0 
8009.977204009259 1509294.485482156 5260.764998034503 
8639.12463498006 172.39831932786134 0 
8009.979214404977 1181786.147550049 3993.0046231726033 
8528.127221126339 195.51492274109725 0 
8369.767271884612 268.08968335240996 0 
8508.599195205345 209.6135920880509 0 
8009.993276927459 575992.3703523945 2070.692220858508 
8010.084909490117 209011.7457265793 1009.8803457810897 
8010.028094094683 171965.79808247898 1103.3186026556637 
8136.663692599654 759.1514017605497 0 
8022.103700341393 22393.69135659628 676.3361897356385 
8009.992507565238 477790.139251924 2523.40924030492 
8085.502481852042 2731.7318379476437 32.14070725656417 
8009.994118211896 512888.78801537555 1998.0058017723659 
8240.043705192513 450.91224871604294 0 
8009.979369572677 1259590.322765701 3477.96379969177 
8809.648991042832 154.56730968523297 0 
8009.979315521683 1189918.1175816292 3974.081377552633 
8010.014047946223 208308.309398421 1454.2487796398816 
8341.098777427249 275.6679677991112 0 
8565.688034755627 191.17271330278058 0 
8056.473263515834 5606.7223308625935 78.27669290555345 
8009.977016541753 1659390.4571602046 5056.952177979617 
8010.005524705306 433591.36020347965 1526.4380633622425 
8010.300433825354 132980.99835475994 478.08673410924735 
8009.987280522923 775350.5886362734 2594.0971913850544 
8658.47737488627 169.81457810840124 0 
8010.0193437952175 249734.13696496954 1263.6820949324979 
8009.98197686075 932464.8068172126 3459.0098334144377 
8009.97668078215 1534618.9551996163 5595.959322994679 
8303.03890857713 374.01518293080005 0 
8009.986431098035 840832.1478936881 3097.275989574974 
8009.981628275548 966418.590259474 2991.7032119215123 
8009.978063587374 1358112.9623583998 4895.216117667618 
8009.982786248455 895602.1092141222 3115.09821923127 
8009.977690833357 1471771.884753514 4692.244366893008 
8727.503140263487 162.91781948012635 0 
8009.978804269424 1298487.0662576857 4843.723397943697 
8865.439667686038 152.896490352427 0 
8018.5967082139 39977.99522362212 334.0282543702969 
8010.245297586853 67594.04576211111 494.33718241740945 
8009.9772650642535 1378929.0403224102 5147.049650703235 
8009.998491301853 365610.03263379296 1788.0690521340819 
8009.976544157452 1741444.4156305196 5525.9313978107375 
8163.088264635971 657.771075394294 0 
8010.000001991229 335212.3033736522 2009.8410084618495 
8560.890252968165 191.21874443837262 0 
8010.004427687518 349102.6450604553 1907.3970437299265 
8009.979738675918 1118518.0861240416 3474.243569992575 
8717.099580720263 164.0845639542974 0 
8010.000889139904 418785.05547237955 1699.083928217422 
8263.432886479191 409.0454442031818 0 
8010.004675083511 247355.65507723964 1635.9735598129214 
8009.989044376631 591689.3835145341 2748.125888109823 
8276.907860984487 390.7873115004874 0 
8017.1846435428 46344.34864717766 824.3773416034134 
8114.645171201435 992.8782619620168 0 
8009.977483519745 1457374.049882148 5015.488156814322 
8038.279330351267 7656.547518361527 172.45141218971466 
8009.979081064769 1284718.846864874 3814.9507119028976 
8009.9765590562065 1576768.0522708579 5561.401508213816 
8009.976566712218 1747784.8244924122 5499.57186470432 
8010.079707699106 111429.08543657059 1279.9308214884418 
8871.66590593462 150.16555769432227 0 
8017.1108373920815 49557.385649211676 372.16488495508816 
8009.986508102096 967460.8302293501 2706.127107283573 
8009.98050117532 1049642.928352655 2865.2155973931362 
8009.982908864609 821297.1064366788 3248.7095386068186 
8009.979822119882 1078445.7959646485 3284.7453120764094 
8785.374960737401 156.40022257391672 0 
8347.18332742254 274.75805432597593 0 
8030.140473556811 12799.705434559328 160.886334140219 
8009.97860937825 1324016.8711827311 4667.999294272233 
8009.980121444167 1083077.5424753423 3219.2204145606984 
8009.984099405384 913116.498053148 2857.5350167495567 
