9038.537638246044 146.16219244606313 0 
8010.478757626431 4453851.029765643 458.0831149711423 
8009.976382351511 2915928.4936419693 8149.9045919708815 
8009.976428571954 2933638.5440238775 7686.99549513688 
8009.976493830657 1531760.7008891967 5888.567955226013 
8009.980207902826 2663851.168029623 3326.2350512652174 
8009.976549133036 1765658.304956291 5529.753621439004 
8009.980002060838 1045135.5221970353 4145.242146014594 
8010.002191969721 331967.86374464544 1695.5734914900809 
8811.670330972884 155.25245806681883 0 
8009.978997069875 1350868.4383372713 4683.24400653449 
8009.976463917296 2846430.943218554 7810.102218041058 
8880.792719465728 153.3796194028754 0 
8202.143926748957 488.5515224920555 0 
8009.998126389307 485561.53689648956 2407.8768605106425 
8009.993993118307 689687.13943316 2065.6135326333483 
8283.97023636111 325.2709863469888 0 
8010.017347680205 233186.25771109725 1272.8954201239558 
8382.191226602863 268.65806379803126 0 
8009.979161101959 2831603.878226895 3850.8623657255293 
8051.410168811264 11750.577548230998 94.20139444018125 
8009.977077582493 1500038.2364819078 5384.307608190047 
8988.368473212025 146.92586422980568 0 
8170.589664152961 575.7565769853335 0 
8009.977688908853 1377065.7691926337 5103.637406174401 
8009.987787593918 740097.5799786302 2776.699231441477 
8009.998017734048 552874.326501245 2584.1523074787037 
8009.991942040976 635074.6122167974 2374.0005967911925 
8450.746752559206 226.78674368920463 0 
8026.537509402809 5764.63522455366 157.3433037652349 
8753.944030433795 159.6244567442812 0 
8010.094694460465 160078.59415624177 844.4609994830869 
9038.352037475186 146.4715467770557 0 
8338.706137737046 291.0270851065102 0 
8143.307424257091 853.7785060201846 0 
8887.700021875191 151.16458049976373 0 
8009.977455790972 1587826.3314206938 4845.297739111207 
8010.014250867707 255789.1037817825 1818.580416133688 
8657.596661937732 173.97646113329668 0 
8606.211020153052 178.27889899925083 0 
8959.19067448791 147.83964244800316 0 
8024.313148158993 40993.49927502337 304.5828639782365 
8009.980461912634 974725.1395839601 3089.8755049232004 
8121.031597003421 875.2679848647491 0 
8306.229431153532 304.19973258987125 0 
8681.184480917365 168.9633307630529 0 
8929.671703476199 151.13101765671794 0 
8425.90980398904 246.20331464719243 0 
8009.976828011298 1644069.569334438 5028.683584721143 
8023.208031727398 21207.837882761374 680.7201967595095 
8009.97916531676 1284387.1903293775 3725.6086962603595 
8009.976521605568 1624194.4340619172 5767.092520902043 
8010.083156260436 212157.23308808717 1013.7434295921794 
8010.226104424078 91436.25353911889 526.0934599632645 
8010.007855402759 296604.4459765661 1977.7489571469782 
8243.271131951453 428.50080487376476 0 
8009.991178819124 603225.684136046 2543.290167533168 
8481.450341818929 216.635959063574 0 
8009.979139298779 1209970.850781766 3881.118858405215 
8243.499794190597 427.08404859971483 0 
8009.983841558667 849454.2722802972 3052.6182485073905 
8009.986821036186 785910.7988277418 2863.4155179119516 
8009.976600137715 1684303.687689277 5487.9600594276835 
8585.539508494574 183.98060696794042 0 
8011.479048084468 36159.428656596996 396.7428460823248 
8069.612170066806 8047.565230283738 23.288942743121922 
8701.937416108476 167.0571704065281 0 
8009.982844301052 910257.2577372567 3414.7646252870545 
8731.799980432259 162.14351633399062 0 
8009.979674463507 1138933.712412834 3340.7044678885723 
8552.252857802596 192.6663496370728 0 
8009.983195395909 905876.2377850345 3502.098726877605 
8010.142347214339 113644.87862987169 650.9650465993419 
8566.892596528112 186.27839676022128 0 
8009.9781228807915 1324479.1054683386 5214.379044687474 
8095.3867319739 1329.0734946860944 0 
8009.980330500455 1100540.3938433314 3168.9539936899305 
8785.789297550731 156.34778469356772 0 
8491.782753566156 209.15728570890332 0 
8009.979455503803 1205785.827400937 3579.622327730433 
8717.804986382567 166.0949392452865 0 
8931.972097038026 149.90539364835712 0 
8978.894496889003 147.43820165039662 0 
8009.984941479775 1221580.229411152 2989.118267663948 
8009.977668857944 1590178.1259785101 4748.7766341650795 
8009.979248661694 1249067.0360683207 3651.4021158128194 
8009.976709369686 1505934.456727507 5241.746428756507 
8009.988862548574 660314.4644947614 2894.863881781115 
8513.057053369577 200.94989760458606 0 
8010.02919208662 188352.32538560242 1127.1024186649386 
8010.039228732766 207043.54018196894 1111.2377193381462 
8009.980337672124 1076295.0924449377 3236.2653289656964 
8633.116699896444 174.85945024125402 0 
8328.385754510742 297.11234319423795 0 
8785.966695358384 156.34636131530678 0 
8531.536820009285 196.7306462482777 0 
8098.086455343327 1151.9300141288757 0 
8633.301208105124 174.59519218131078 0 
8010.027152198796 153619.2995108993 1282.1252528333757 
8406.705210581178 247.4528768101853 0 
