5407.671666383893 21179420.11733354 5586.162195155919 
5416.068248758205 32479386.602882653 4015.0150049846748 
65416.53592650348 81108.76686912717 58.64111573680614 
34101.256925825466 27757.739563466657 232.505998448983 
21359.21654981225 86813.77291395146 36.010116142737765 
5417.8569164774035 30959036.13416576 4493.831196193911 
38073.66144966225 31819.78982435707 159.56761469687888 
5422.015053734384 22391920.870906703 3977.1907331809903 
5467.464198555348 10960193.94150537 1921.1092253646982 
5422.771166002782 9703163.719888005 3130.9701453729263 
5425.79102417083 10607662.12707332 2746.3818038291442 
32329.902382357992 35353.25279962041 133.2241578540717 
26587.22084409401 36765.697963784536 104.4870920496963 
29150.215840077268 37807.885940646105 68.98128505540775 
5434.241203369658 10332119.077092286 2573.006049201703 
14123.151103615739 79845.54780420169 137.03306445227327 
5510.947310800545 9171452.539682632 1729.6203738222748 
5444.153338317582 8544793.528562754 2444.978697940001 
5430.172386328498 9613599.162333779 2674.916748495134 
9850.81928885103 290337.5592518489 334.21368369365257 
5445.854155015725 7551719.303583948 2394.4685621310105 
28657.79560326432 39053.68516329942 65.82438312984505 
8126.634354553211 293790.41022403666 220.67680399946894 
24677.823477923605 32178.490166190677 199.4096413422122 
5490.837779772257 5158895.397020562 1968.0809772270754 
5459.519011564938 8017340.928559334 2176.379002540834 
5453.320017703302 6907680.059065485 2329.856971365742 
5473.00704213829 6138290.426267282 2084.356939250872 
5532.693535994236 4395350.410520183 1653.0034996882289 
23002.049134115347 45651.922509149656 82.14577574345573 
23831.06532558091 32842.8252273117 232.9218335356473 
5664.920057480293 4253456.054146092 1210.457541587296 
7260.566960193629 1344564.284940241 441.76303772850423 
5824.261541725557 1745779.8807542555 1003.3495538706088 
5563.838185668521 2632295.314140539 1403.2035424856444 
15647.28355971141 112407.22958115418 114.9714653020795 
5553.042704546309 7770323.968907987 1564.1480928115914 
12421.851650919314 173843.68970439784 113.15846957018093 
5726.644100057209 2255593.150879602 1124.2444750049995 
10874.279414577075 288506.34917355754 298.682840281756 
6308.909361779742 1001299.2900390783 706.8042658762142 
5464.0856850330365 5916254.943628194 2501.0998236069777 
5560.33903294483 4945902.276396874 1498.1758256972214 
11266.164907330738 466039.89781228965 150.2231010774733 
6100.028427436226 5868226.927344417 763.9762933260731 
6309.091335866589 687901.0224195649 618.3352241868143 
7498.53893231714 472184.7763018221 402.6224849236992 
5666.9926047103845 3431474.3896744363 1124.825471147095 
5531.632234916622 5462886.6369416425 1874.7573616032978 
10479.236217034508 235059.4390831161 320.62798110523494 
5640.628022072488 3041379.785157109 1293.1330531882195 
5746.704030757629 1266979.8696563244 1039.4603249053762 
6542.714673612487 817270.1106805935 587.3298250321229 
12351.589208983427 153346.91806434293 193.56526698837973 
6231.281440638441 762724.2441430725 888.6654704798177 
5549.494814008709 4784245.958483534 1626.499162230584 
19215.477760198366 47036.32906161993 168.20492452254834 
5858.866027731108 883921.8166277473 835.6714842859723 
17691.766283577323 192937.259845803 72.15977026048076 
5807.11691738932 1920103.5261424931 963.7686214866877 
5969.347648836137 1150730.1891026967 797.9468844058079 
6556.882850029162 458717.11621149053 515.9120789493203 
7279.9328702535495 654286.6283932611 358.35432787803336 
5476.969819093417 5264379.460081412 2194.4752795461945 
5551.562713665997 3761983.0561555577 1827.6451559797154 
21826.703419013975 42392.17803219676 94.34226452500629 
5723.2650671586525 2777822.709624648 1324.0970135976143 
5512.3686033394115 6354535.552141316 1767.7148969366658 
5630.669897883846 2132877.769812076 1352.4399077343974 
5557.77168065743 3622414.246092923 1516.7396666604943 
5530.311078562098 6423369.203841111 1610.9537530078044 
16299.392040181996 142183.51484820538 100.96415536661038 
5535.102367796471 3948155.30753811 2128.45439172084 
5775.4113396499615 3851320.5473389137 943.2724196410325 
5452.470776025747 10828780.371629644 2278.7484143999295 
5472.046897908655 6662173.690826524 2322.593050946902 
6906.7521750831675 784072.4518637139 467.0890620976889 
5646.596781186074 3965412.240596763 1265.0103097651677 
18636.649039714852 51174.89881989554 217.9269043556875 
7677.648797162114 352523.06576857856 205.488174811545 
5508.751139809778 4092329.4778304687 2248.513918777205 
19746.838376048407 65951.61939238867 110.1273940588037 
21147.707115075213 55451.31967333623 111.9151137636242 
18260.71203724734 90483.041569808 64.67641198216556 
5617.44564095999 3270115.774695221 1341.009125426484 
6809.920282385423 1232934.9898382504 502.24317390865974 
20347.171746093245 73095.48276185 91.61893805609489 
24346.13703968408 45940.44532588575 79.54446910354837 
5610.923693775843 2627690.3052391214 1500.605401144911 
5464.786457229977 6287770.215426039 2426.641554558465 
5505.738546214231 6070740.987244796 1851.8532126341177 
6134.1478478528625 1213926.4755022738 729.8732741655822 
16949.18439615379 62952.739189167216 119.58097731271266 
5503.069028734836 4120393.557093983 1925.9697686649565 
17053.76637855888 107032.99485802282 91.41750202229812 
15883.828543047828 158256.05948015206 89.55995582912763 
20233.11412396649 59840.97672322888 120.47845596094876 
5456.058997042319 6773882.317762344 2271.782799471417 
21779.141325142064 65136.40581811929 82.14068496340515 
5504.284385866379 6816504.174867342 1874.1932731821128 
