12546.55289113199 270031.7752291382 26.01797804945007 
12907.000924193302 279927.91877557343 14.249166349988675 
5342.727357075228 3601520.994847816 1322.3835325275502 
5337.765820310243 3233333.7170503684 1445.8181687585682 
11008.293400442719 292945.02871016297 12.914642602902282 
10658.93124374499 304048.52552434854 24.510566179497737 
8750.025022435917 279460.57476771285 24.852411675946815 
11856.625422920702 278906.61694975273 28.23738600917366 
5339.002880344979 3095330.5731631257 1410.4734232469486 
5348.209138266864 2343350.758098605 1185.4380982351365 
11026.362944424602 285139.6490501558 16.265937963242227 
5341.202098388909 3406548.2130535813 1329.2960289272485 
5346.977890038946 2223880.6454809587 1282.1466046382552 
5346.2659621726525 2514207.43205204 1255.557990770016 
5347.138367341742 3585637.9985585427 1247.2467026666745 
5355.055905971617 2031252.07854074 1119.4824669266038 
6638.102918565111 452684.12023233814 138.8978087521829 
5352.818811293215 2278554.2074658647 1089.9777154819649 
5340.318792117366 2714586.0233922545 1359.3553788863956 
5349.681040460613 2917094.3248908664 1166.7727858574797 
5360.139089860546 1830229.7804852163 1047.685255619154 
5338.970211635989 3289584.36250588 1419.8237692597952 
5341.8316597156245 2968225.1655574045 1356.0961169751688 
5654.144172434373 851443.9145210102 538.6707038023742 
5345.490459407534 2668707.1182884797 1270.7254178303508 
7092.158487913216 490966.8494690771 117.29119270485504 
5754.564439720523 1006626.2591668783 426.45557935821085 
6202.083707020787 517384.1650148588 226.09506826602947 
6959.096433241496 512543.289319962 107.75554614899457 
5363.838563040229 1702515.5003406673 989.9970682232846 
5370.938381692719 1621833.5421733921 938.202671798849 
8298.26966807873 637260.264913855 83.92086006764532 
6284.150968586715 654220.8584637599 198.67019176330757 
5704.9751766720365 1131973.486559563 495.2969885882414 
5356.780738643327 1874570.0498506862 1029.2339748108895 
5368.239061595067 1950914.83356677 960.2988564975483 
7660.268215847086 390190.35410325916 110.536216502896 
5753.630129055213 1143997.4770364193 456.2936187529965 
7875.218662193514 370189.97982462903 97.27194799724211 
5361.1624339291875 1759520.5442171618 1010.9470215229045 
8007.813679449517 712046.5326673822 88.32879640728198 
11982.67234464257 273792.43597042916 25.951226637032 
8489.299998302962 309545.92655306903 51.88449199439163 
5375.437005548913 1488985.2287343047 911.3002664563679 
5493.227625254527 972062.6728232696 662.4402291977714 
5790.35057891778 570401.2300218765 381.79384441111796 
5378.27073303657 1428857.9519303548 873.102180100525 
6057.432957658919 516861.1154953006 248.7326511043811 
7763.0933308341755 405959.35661509953 101.63308595746815 
7396.713671076478 370444.5282240509 124.542820046776 
5391.630702214645 1376443.638730695 833.1323412723249 
5586.746203102672 761878.5044154815 622.6900003572355 
5870.360654065944 555071.1633331934 308.2390763849025 
12750.075071288595 290854.23554922466 15.076875848726914 
8069.161123705397 674279.8966974064 83.37345880806508 
6380.879863917695 594550.9422726278 180.8322119700982 
8580.182170279162 303727.71835356375 39.687697178919265 
5719.270781932913 786506.3516264019 481.58142443328296 
6464.797847905547 498818.3701731905 147.82448527999782 
12286.551289483476 276013.8786883648 17.807963353298955 
10835.59908023694 287512.2071753512 21.209426577983237 
6028.437170382907 528686.592241737 266.5264262148405 
5417.12998141027 1220659.3661915069 767.6207798347176 
5435.440213744928 1413907.4731929775 748.8619631907122 
5356.093648228311 1996495.292247586 1114.235485251739 
5352.488794543776 2834683.0728750364 1176.3096723448543 
5821.501581404276 681027.8100975725 344.99891946828467 
5399.703501471845 1341744.3435420773 779.6250483717992 
5559.038619440769 812569.7591292041 569.9508069802 
5447.748965918825 1189848.559017389 731.4962756403896 
5398.137266284794 1560897.5612733357 806.4728326664066 
5623.58272971247 981094.8750552093 559.3813137168685 
5493.1674047325005 1023678.2821666081 698.5994832360117 
5990.858358906809 589164.2079147823 285.5050853119666 
5377.692913907263 1956657.360186927 898.4823076989248 
5549.989164173165 937248.8091129537 599.0039176842917 
5509.760447944638 910207.2593433968 611.7263040086058 
7327.251662499428 495015.1798505301 109.9982123624642 
5500.232534686246 1052352.6523416492 641.38755920455 
5538.552552397539 1066128.9799716573 584.0114885707542 
5442.577451550633 1278123.0560464323 723.666806153662 
5371.986822876697 1584610.8709880698 918.0299014342187 
8453.79678916303 603016.0776968836 68.163742853787 
6570.047498151843 504533.7435752721 127.44015805972509 
7362.798156572393 396928.11261262954 167.32611001044842 
12312.95145707637 280285.41557924857 17.792522754356668 
5385.884489397244 1723748.3351545837 856.3177584921601 
8417.963964638879 1052523.2171241837 73.62479057576829 
5844.708400436156 666541.3476326345 336.75894391653 
5926.416733424458 512328.05111676257 295.5830433812025 
5845.505185026506 567809.5898643878 371.57688147670837 
5449.7058136443275 1251118.6342982126 714.4099440333252 
12542.689627542924 271918.7000805721 26.00281099740217 
5352.488794543776 2834683.0728750364 1176.3096723448543 
8713.985473954663 275268.0231362828 28.562815708676197 
5509.202458909149 870200.7833482337 705.5185014769453 
5474.272909194002 1332508.5447062901 699.8368284783586 
11003.919240177824 294245.87094506645 12.924700150528045 
10681.441837841265 291257.37653551745 21.208938987679645 
5398.137266284794 1560897.5612733357 806.4728326664066 
