12342.952110740489 295581.83831226535 18.629360395052213 
11985.432469406524 273494.6388483469 28.26555990704474 
12575.71412754221 276143.9763813255 20.07198247289257 
5353.180880575598 5498326.68448369 1395.9137312324551 
5366.491170336175 20303703.8765783 1117.6709905255905 
5358.140114484669 10973891.907551248 1365.2588518889822 
10597.37589598981 298227.9010635363 27.16745782309192 
8868.07293908894 293954.1363290418 29.382395567777078 
5366.915914731113 2270805.9866720005 1064.8449761724112 
5362.755047802158 4774447.057813879 1237.1356414996774 
11012.918645766114 301085.2579294073 19.582281375082086 
11800.317750718392 286403.7742272309 29.02479303049411 
5362.742861534231 5106211.885164563 1233.7977805215335 
7875.218662193514 370189.97982462903 97.27194799724211 
8298.26966807873 637260.264913855 83.92086006764532 
5368.711042074959 2078664.0756549705 1005.7673977132166 
6202.083707020787 517384.1650148588 226.09506826602947 
5360.382921224159 5288407.677165609 1278.7977961865981 
7362.798156572393 396928.11261262954 167.32611001044842 
7093.196508581712 496158.1337963957 120.40975847947335 
5763.0573158620045 1027238.2893900558 430.27593979781227 
5370.515646739477 1779069.9527609723 951.6009270886799 
5361.342700516767 5285239.165961662 1329.126379069154 
12214.005898620651 277654.34344249876 20.81844239430589 
8721.608948369852 300532.1390714704 34.03253117799666 
5769.178094888428 568409.7133171405 382.4226520132108 
6949.9204699068105 454212.3153086052 192.2031176104723 
6284.150968586715 654220.8584637599 198.67019176330757 
5957.876304455978 972540.9748503614 300.0054826493313 
6057.432957658919 516861.1154953006 248.7326511043811 
5369.738069826061 1846100.9758536734 1079.5247261379047 
10841.354211467326 291009.6794200542 22.161121783983923 
5661.782682329773 858770.3832250787 545.8039655196451 
6682.0958424137125 501994.7843053332 134.64364898841447 
6487.381071631679 515428.3715906963 154.09637003186484 
8560.684673415222 307887.29211027565 40.89748298859773 
5422.112732684053 1331375.7252689349 770.9313142623525 
5489.231075788294 873765.8017365589 663.437729346852 
5915.439771377241 650970.1118538309 328.6761733799727 
5360.741528363674 5350645.102567542 1255.5300078352589 
5511.936249860984 920914.9100811366 639.0818047464933 
5710.830067484744 825502.0317451217 502.7287059982672 
5693.696532669287 849315.4432993553 520.4938354372691 
5487.560816353936 972711.8084877699 690.8616473294517 
5374.997359879622 1497012.6829714614 909.0003248890145 
10728.280405924783 294253.6622105875 25.990957959603563 
7490.333848755987 376319.4741961005 142.66475366953333 
5878.900406582741 564871.3939960928 344.32987243404415 
8503.477845672014 312173.54812684894 55.25153549469086 
5801.886438036021 572225.0679926393 370.5981586576982 
5606.266953671495 868404.9805825624 562.1986604666896 
5740.256841909962 641745.6751861811 477.55855388030176 
5411.6712724078 1283801.7914612242 857.4256863476833 
6570.047498151843 504533.7435752721 127.44015805972509 
12342.952110740489 295581.83831226535 18.629360395052213 
5586.029892430027 802254.8933165581 579.3136913873219 
5984.995375983329 726625.861383333 280.3099985104308 
7660.268215847086 390190.35410325916 110.536216502896 
7596.349723734174 387054.8292140129 113.22305733205465 
5409.381696617814 1294788.7436397658 802.9891314405387 
5368.73553807111 1878981.8497656689 1032.256231560468 
7047.250572607922 433467.04742204084 165.53899946642352 
5483.481276118797 892040.1674791044 728.3314744243042 
5393.729008830032 1355372.2565483644 886.9212068180602 
6381.089591474613 514332.4215075739 182.0361851714167 
5521.902270723897 936372.6202029892 616.9574497789395 
8414.248830413537 1057248.3681057054 73.73933151940524 
5452.381167707106 1246159.4149453864 714.5181232137002 
5753.730810878429 743471.9043737084 448.2760948689101 
5358.833816059469 5002977.410274269 1343.352806373282 
5442.73908358346 1129489.31048799 752.1561606163438 
8369.759874743726 614820.1773806098 80.7638401544217 
11802.550264485417 286263.64410704287 29.02479303049411 
6962.2288108682515 467365.5409870601 177.03060398348077 
5749.462734954567 763067.5348770616 463.03717203187597 
8428.67179335752 313963.98917503585 50.33371593153322 
5378.27073303657 1428857.9519303548 873.102180100525 
6046.675585796271 526410.7731826896 258.59161026844697 
6027.379752479562 867505.8352070469 275.8088022643431 
5368.721520941645 1999292.3139440962 1046.5516577637663 
5374.529215002041 1737521.677541115 927.6103869605334 
7434.10791181907 400067.55516877485 126.996232167176 
6335.491486570762 548570.7766505522 187.67752498914027 
5391.630702214645 1376443.638730695 833.1323412723249 
5435.808891023782 1189887.3231614584 753.6517811457777 
7774.183452976542 385402.65895096597 102.45824838517595 
5810.5618580102155 572209.09182656 340.6722911415486 
5358.987935270609 4961902.537748735 1337.562735660324 
5517.7485445109705 979468.9453734896 591.1778984800342 
7764.781351897948 406340.1675508586 101.63308595746815 
5373.254093434655 1606080.8930542083 932.1893660187885 
6682.0958424137125 501994.7843053332 134.64364898841447 
8868.07293908894 293954.1363290418 29.382395567777078 
5372.639421368374 1895493.33559205 939.8126265118462 
5385.926883575117 1396435.0880512747 823.4425764128014 
5409.2796032019105 1449707.1470802617 809.1220802508955 
5473.918170799681 1065393.3288821517 716.7413748405154 
5549.30067856645 846699.1434526846 606.0924050161535 
5542.170721722229 949759.0092458775 603.080847238389 
5371.014048057412 1743710.7885333714 1043.9375377248527 
