15734.276602290502 212929.6214055639 1.0730066250224104 
5284.202074587178 3421930.172630867 1730.396214277914 
5284.078511517069 2965481.8743761885 1808.007809478289 
12187.966049584918 225820.02683127314 1.0018415777784766 
9440.232024328203 233652.08136592055 7.127451898996232 
14120.91304831665 215887.27003032446 2.3741996618808274 
10966.400713284012 242772.81804187174 5.634711406573979 
12268.428394466866 220812.26010549424 1.0730066250224104 
5284.435484115288 3022142.1944054496 1707.5464323178433 
13730.870929984225 219805.6157552143 4.655600502869635 
5284.293920322382 3367847.4660364715 1719.1589376557877 
5284.086717375218 2946996.121651753 1803.8033166498444 
5284.43774300226 2687231.3806759324 1652.6686019451658 
5297.892956244632 1497468.468397532 1077.0413337145667 
5489.273691226807 1174933.6005468501 642.2378863069553 
5300.219225956072 1339181.6160949422 1027.702409811019 
5438.067966166853 1080846.778935596 799.5045612517779 
5291.175492130096 1893173.8762181362 1306.6036709009804 
5409.709649088422 1512784.5482212652 750.2968882937386 
8364.428025711355 314396.4296690397 45.582470241744275 
5332.965502186974 1373352.2026272216 876.8226971014889 
8902.887465552843 230945.04130963312 12.153480995147277 
5795.817755440534 527765.3939634109 339.1405444823106 
6340.440542096282 845960.8888483881 216.71976857854304 
5364.487565279437 1628207.4678998988 857.6978929495456 
5457.655327022871 947343.473736841 700.8579540823389 
5285.530126061834 2463118.089185606 1548.3575569298764 
5731.118697403793 693579.0987082089 429.9879105978834 
5443.870517225195 1126773.3922163078 777.1646364874222 
6885.519280755376 417976.2556240833 184.07292708980145 
8034.702216194609 905327.3477951618 70.72446205678204 
11046.520102390612 238147.18001681624 3.3691687017948113 
5287.679502420985 2109828.5570103694 1442.1109841983985 
11533.51569356436 233754.75220255056 1.0018415777784766 
6436.439407323752 904398.5111541601 194.27833484436186 
9241.626481457653 232023.9740585362 9.33983793324924 
5292.595981408673 2210308.3049941487 1250.6209227224708 
8264.222833445952 440440.7575908337 68.47057568366637 
7774.305443442649 469169.03890401864 89.79688506296036 
5285.712331122919 2353908.8649759996 1581.506751906709 
5285.323063390012 2478763.4705451266 1679.3737042901103 
5320.583376379474 1364757.199734715 930.679060338134 
5286.83743825975 2222189.3745897673 1488.4245341132419 
5463.936029250739 1059048.000957596 689.2324000910759 
5290.106061534022 1766349.5678665794 1387.552076552849 
5287.891543246753 2141634.310341139 1425.0497612417498 
5290.2308250090555 1957943.2249967395 1358.9601097366299 
7574.737970060018 356261.04884018074 102.0757052517366 
6196.324007851537 496185.1560912894 227.36791864079171 
5744.933730050132 574629.8811799395 388.05400496039954 
6140.515267980831 594348.3779275499 274.8517136421175 
5770.4176304594175 745192.8387737481 374.642105397272 
5290.49355677515 1823862.6882532903 1327.1120252477924 
5629.546122767178 793487.8105460344 520.3568157499743 
7465.810091063543 341342.07324696623 115.61244817953079 
5284.806850293157 2573156.667921143 1613.382094776762 
5285.522140587354 2532405.9365338488 1559.2209001136393 
6033.571955752359 1215472.151393365 293.800423493491 
5537.127011079593 988003.7534572015 572.2755725852716 
5291.74615339744 1595356.2279032154 1271.0983671778754 
6173.7899647486065 547777.0404019793 244.97912457179945 
5307.389899172333 1277633.3898991777 975.2942983015487 
5309.62832718786 1302284.941364088 971.6505646087359 
5293.480806405068 1547321.346169888 1166.7876168995056 
8610.888322462039 245098.7379386622 15.485874427578251 
7877.701333137268 454716.13445306115 81.80392241362298 
6582.849802469143 421192.2803605172 126.63806180773103 
5293.0934796951915 1578762.6301407549 1194.855523222766 
5286.506903720434 2277291.8770239307 1519.7956501928184 
5289.804278154978 2033607.3668811724 1393.0343214631064 
5570.134290253856 997948.496672404 549.8853172903905 
5665.033902180545 636320.1241532088 480.6297631981215 
8445.014434945246 259922.16725284274 21.813814766552184 
7263.977507128224 362559.3906631185 128.29706642121195 
5638.959774085679 836640.3751805428 500.66763890424363 
7038.38430328443 367965.78866084496 168.87101753442238 
5292.995066010501 1632751.3799130635 1219.2253232817566 
5710.632694213802 721313.5674619521 473.2105693247267 
6527.325428053698 428274.74171081505 152.0599970872053 
5323.620482602335 1705935.3665952007 891.1669802284711 
5297.401900314572 1546232.028530541 1116.7173375680397 
5687.737887988645 773786.2305714902 442.59354097394 
5507.910406165351 1016175.7255555601 595.6105051509586 
6950.483266317666 393312.0785325985 166.4841636333036 
14067.91171368579 217676.51354332577 3.123425536836681 
5596.657131119427 782562.3271847767 617.7067258423626 
12115.986613549701 223037.04499869037 10.226296457492143 
5286.805481894875 2074652.3370920096 1497.9957076601163 
5290.619476169555 1809274.7626878272 1346.5435632255628 
5285.537619596342 2349927.4116668426 1590.9796604961157 
5940.50505797353 1345144.4401137952 299.3929258724247 
5286.583973750907 2297974.875052072 1512.1484589048011 
5323.46725728767 1662037.6951355883 896.1527024342939 
8520.191674665204 250758.3712732943 29.758227896511627 
7291.235978295971 368833.8869230969 115.89796879512048 
13738.123554918424 217752.38537486643 4.655600502869635 
6094.780789353208 620266.8554345933 308.1174103914698 
5995.916700883055 1258668.3253067988 316.0069377722118 
5284.715023348282 2626202.9567104955 1624.4541245654293 
11610.41897060751 230709.66708391556 1.0730066250224104 
