27263.324695370116 117704.76070472029 6.952972304885878 
8015.217803076672 197993018.2743478 8186.900801212825 
8015.254517197716 48324683.139053196 8718.332737051973 
24054.148551498776 126817.46412442748 7.165682349004123 
24562.495549836247 124410.54094387886 4.2388238158746745 
8015.66713630711 49698186.7058439 5037.292429092458 
20608.490181107747 135624.19046341404 3.446461838666484 
8015.41194362097 26098025.248448685 7244.446051289291 
8015.408467908881 27893393.297079824 8124.037478541382 
10024.073211136445 747358.9570432149 116.02895018743652 
8015.800865632085 66429435.167128906 4592.953857347133 
16938.41944246717 150009.8555049769 3.1153571540495215 
12744.803442174794 312307.3971279942 57.986573935030066 
13629.21193500045 342878.7441355494 57.353014226724525 
10824.859660926206 1122037.1019246762 94.12604843269368 
11921.295398216074 605686.1800643676 72.5582423612496 
12517.053751597228 456243.71061438276 86.22597034375849 
15065.182200328149 213295.57172430624 9.337097714045917 
8016.625770456043 25034083.173904378 3670.9852549035513 
9672.86047361591 625373.149336811 120.61097012553715 
14623.335199673613 211545.78084675147 16.392018596825025 
9446.896388608391 536182.6199949102 124.48578157556767 
8016.529372263327 40827193.804625 3887.6876963227346 
24355.90114163522 135293.75474614027 7.010898938808555 
8016.684190420339 10383128.749220688 3389.54938506306 
8021.241393264361 7150586.513159275 1530.800094680119 
16813.79171037915 211576.98991335894 0 
14169.971113759288 248316.81649826758 34.2307980010095 
16489.299868954316 216179.04343748777 0 
8023.809736939138 6786874.0584407635 1773.2850736450148 
8016.129022105406 24154005.040679894 4068.0575231178095 
8017.829526692331 10414109.008374117 2231.7285801689186 
9180.78847989714 693070.1556359397 178.9680803173477 
8017.054633278267 12839501.131605772 2998.1705026166633 
8016.977994729148 11770581.911069816 3199.4603584527795 
8018.47228710266 12003044.35441642 2117.022055087476 
8017.455806030223 13775257.374435812 2432.6835945570956 
11744.912610476986 415033.08718358673 105.83802765224057 
8015.985769654678 21474211.947522305 4387.069835071317 
16392.403299636433 197111.84124108026 5.409194715997065 
14451.316492535077 238859.2998297015 24.52604388160025 
15260.059533785203 200405.16366157468 9.353610631687904 
11306.205576679318 504893.0101446833 73.54940868220929 
11486.537294003598 482228.2862311267 168.8132351859889 
8021.379212077032 6551405.324838898 1947.3970374102164 
8025.942913508464 4520800.413997972 1401.6556062862808 
11600.190011756486 453827.298382919 153.44672499272508 
15587.158574684041 210265.05760087568 5.460737266556901 
8017.585303417507 12849618.573010266 2667.7643451669433 
8956.057475515245 841570.9661890456 213.66597009591007 
8565.215018546207 1339973.0735455498 409.4765952361527 
8017.472177398689 13061602.41509952 2513.636240598937 
8342.395528164065 1528877.6760301162 460.66970082738516 
8433.809383145803 2771974.6006774255 349.3605636758205 
8028.136249346931 3154802.973493994 1241.7768199206225 
14027.260866427827 258561.09555396577 64.3883838421747 
13909.067431652955 308433.4630586328 44.20633662368044 
8015.831329729245 47292978.859265335 4507.542773768503 
8017.281863533794 22082278.229054403 2762.3337231284736 
8271.098023932855 1574841.9497254614 511.74448878765253 
11167.805691092753 517894.5792881465 78.44799976413778 
8027.209605743422 4184595.431864769 1087.2690118853313 
9093.41938622363 808524.5709787627 184.72448877523294 
8752.236345878628 1161705.2495019461 204.2404075306176 
8501.44168691913 5088446.5330836605 276.90529471967966 
8016.401312391361 14322404.754458083 4233.987673091489 
15820.910297150103 215368.27794565208 2.0134649266023237 
10951.567997209891 649488.5481026571 112.24534938788986 
8875.573776832123 1100416.5986607547 307.95972284255015 
15760.320221209091 170648.3923081896 13.832089302982933 
8657.70755882479 1268849.839943015 308.5667381120602 
12619.861319460944 364176.46431983676 90.73438151179663 
8017.747027711457 10356876.98018672 3290.403140227391 
8016.2180961826 21338664.577817418 4206.722509234003 
11057.381564502837 522179.31441195955 80.7858201230551 
8178.624003769979 35077725.12911944 603.6569941823295 
8020.213167215772 10174864.196274228 1862.8773658414623 
8132.693178851957 5453086.528471086 794.5153043931456 
8181.789565229086 2731895.3531932016 539.6779957344163 
8023.167512126445 8368854.955531813 1279.5812832934262 
24533.837044287022 125023.79116557525 4.195142473591334 
8017.118864097669 32086271.946383126 2874.0946006451095 
8065.066944784165 11196925.127306137 1038.2037601665165 
15399.147351409601 275101.416165892 8.523248425003995 
15452.479796250176 183096.06367445705 11.689242780515855 
8147.920667650177 2847664.785875916 725.0091249815041 
13781.923440883624 253542.06019555603 69.20895630384413 
8119.568409546462 3240969.5262858677 874.6103236381553 
14491.32006070845 200752.62238269547 20.357571119283516 
8086.906850570502 13285991.423574638 676.3368944781355 
15854.512662354951 184093.9114098098 6.2482406872535385 
17853.183348743914 136210.6109267527 0 
8139.369110581949 4298852.174442122 780.971932116712 
16087.820698187017 199067.95230897382 6.247303638210739 
8015.363579761494 636674181.9330838 7554.48341622558 
8020.627810789932 9990712.54530178 2202.0231400815883 
8015.571572592796 13778034.01062196 5517.4674019898 
8014.999436280565 151362906.41200957 10274.759085573422 
10867.960584699827 1060045.56343241 110.19780437547857 
20790.980996468847 137741.44426991788 0 
