24581.110720900157 205151.91094844052 5.59013977920904 
18885.931628271468 179491.98924159678 24.419084192410995 
18021.358749894738 243726.90878587076 1.0125228286947539 
8019.731601772682 30312143.251474693 6839.495463479712 
8019.418719974567 33384820.72700732 4338.571651204315 
8019.676852144643 56293991.9786909 4300.712964592914 
8019.872437652761 24016201.021614287 5006.982554692275 
8021.919645487479 10851056.064499183 2428.3836772444265 
13629.21193500045 342878.7441355494 57.353014226724525 
8021.6696835058965 20482522.43199042 3004.308411130722 
10024.073211136445 747358.9570432149 116.02895018743652 
8028.095662660533 27282276.755567104 1468.228273258762 
14486.963514339344 395193.1603365118 48.65542158104503 
11744.912610476986 415033.08718358673 105.83802765224057 
8022.747126472789 14690406.626686443 2211.3226866197792 
8021.96320361902 15633860.539915973 1979.797701972246 
12744.803442174794 312307.3971279942 57.986573935030066 
17784.37081069949 219862.8302105054 3.6231487022168674 
10824.859660926206 1122037.1019246762 94.12604843269368 
12744.803442174794 312307.3971279942 57.986573935030066 
17035.578427468015 215111.67753848806 29.6122107818424 
8021.296554287946 32872547.449129753 3077.175401542996 
8220.748965098252 20923337.950669046 530.6691857907185 
11167.805691092753 517894.5792881465 78.44799976413778 
16744.326484962257 261965.65269378148 5.165288642387946 
16160.929901604393 245994.26907841003 5.250967612780891 
8029.811858106864 16626929.742788743 1299.1901186528294 
8022.9080673351045 10454547.493564073 2294.460759197224 
11681.691494651826 430989.00151119666 124.59618572290181 
9361.641956945448 763545.6956966866 222.48921886278563 
8086.906850570502 13285991.423574638 676.3368944781355 
14683.687606063184 310166.21062028303 27.373008176426765 
14994.127618881848 287913.5321313168 40.85188825726281 
18405.23739820964 220539.40304477184 3.0509605689027306 
18762.29447640454 207350.9697211208 2.0303893491478457 
9093.41938622363 808524.5709787627 184.72448877523294 
8022.222267486682 19997326.053474527 1865.8676746776111 
16036.37866399534 280583.15701475396 11.588030831220806 
8029.848766142553 15395359.461864807 1360.1445003029949 
9672.86047361591 625373.149336811 120.61097012553715 
15165.218353546352 277525.4008836824 34.92126083315217 
8025.047165892622 9483929.59157156 1805.61822212903 
8029.770622979033 18853707.549639873 1507.692212172747 
18264.338519493966 184652.23857365106 21.380581629928994 
8024.386309867377 12100053.796229916 1634.1262249806757 
8100.187663835988 4250802.041479711 996.4765329184605 
15371.550448638045 229569.6593370748 37.78133960444237 
15744.18670915323 224917.25916545812 16.822772062586022 
8527.988945156947 4031578.753760139 316.1988183682996 
8049.085870298424 7314736.1986749135 1409.6430806975188 
8089.853700694088 7545992.677292311 1049.2645385275327 
15508.703414540187 227302.54880269803 13.147705954955587 
8272.918456439162 1895334.5779726105 767.169059485698 
8752.236345878628 1161705.2495019461 204.2404075306176 
8039.86652031183 7479339.743012702 1587.9767534106622 
8898.44580348074 1100719.9068157803 288.7553258052561 
11058.124984346217 509931.4619978533 159.4426608233868 
8022.933595535662 12451467.176306471 1808.838211775864 
8087.033427936514 5517638.771238782 1177.0008170943127 
8342.395528164065 1528877.6760301162 460.66970082738516 
8029.978830725805 6502546.357491717 1721.4330386247507 
8164.573452369727 3601030.8234487535 586.2935669780168 
8565.215018546207 1339973.0735455498 409.4765952361527 
8098.420748004442 5946764.470296754 825.0871988415557 
16872.396246663542 303996.98189918953 5.122739980824044 
8054.195953658687 10202165.660536602 1143.1872309118505 
8101.3107802767645 4342798.284783361 915.3714187848877 
8457.262276844505 4776143.124088465 388.01822496482265 
8049.69577117124 18859600.111692183 1085.811388669717 
8501.44168691913 5088446.5330836605 276.90529471967966 
8025.236746184502 11177020.288456965 1714.3841883439432 
8119.568409546462 3240969.5262858677 874.6103236381553 
8147.920667650177 2847664.785875916 725.0091249815041 
10916.70232585241 598500.3350259629 102.4940230681369 
9036.577160416758 1013873.399177192 288.9468439803682 
8040.275412840286 8646669.371290244 1512.29613683421 
8074.223608040382 8344549.87987016 1094.8036958600842 
8090.791943901842 2903763.7387380563 1223.7968093325223 
18049.593133281982 207451.7930311662 5.59013977920904 
8059.796182580279 11309222.356042331 849.2412911898945 
15703.146914208659 218171.79128071156 31.52356174633319 
9651.747726526306 944843.7078977545 130.8803613056989 
8458.223163582443 2222015.3223118153 369.7263970177955 
8273.564157735738 1695970.8383062857 481.62178177102817 
9453.843818633726 776925.9777746891 154.4494635365712 
8687.63974952211 1004729.7114528398 377.0356745076956 
8251.988007583363 5128473.8430507295 440.94171669311913 
8040.0395067246545 11991535.91531109 1116.1381969461986 
9528.89618058861 637731.9766676995 158.813391039225 
8055.728748668789 6792336.053556127 1277.287988175683 
8181.789565229086 2731895.3531932016 539.6779957344163 
8156.182214233091 2636099.6022806796 609.8010462004224 
8121.430327982827 7335299.793810166 642.402182033618 
8059.654555943482 8964320.651210263 914.6272018472337 
8035.050564316198 8891690.590145394 1256.780921613738 
8040.599201039299 6194524.298685839 1488.529199368247 
8020.5076979675605 18998594.285615355 3129.403121225661 
8746.003240761955 941701.4308168986 407.853126367598 
15550.761146732506 286267.9582591392 26.39651859623452 
8020.553033661341 113867193.501329 3701.892501941727 
