14940.383785341495 102295.09408899446 0 
19757.558711061203 46858.17442889111 71.60377361616422 
8069.128292679216 22719640.02137748 2125.2931909190097 
8069.640969163703 19479978.263430256 1523.8394416844933 
8069.71647349762 11769524.753799142 2034.7385538052538 
11242.575768266486 232421.41796409304 14.72122056100482 
9036.237398865123 167061.02250047616 18.16462952089442 
8070.092753588531 8172911.174625091 1833.6848366827455 
8069.720683480111 11675889.779772816 1976.4216398722017 
8070.15962049194 7902802.749691063 1417.4871298736853 
8069.726995429777 9881582.358188983 1942.3803387668106 
18937.681705386745 48675.96617881606 67.64485724040003 
19605.250600359213 47320.58276637899 71.62398787336967 
14430.266094312956 100065.83255229468 80.12272346681316 
8070.103310862092 9463153.299628627 1465.5038695157682 
8074.22563459803 1750943.2688424948 701.5351028048419 
8072.225287466923 2913798.821358364 1072.388952366547 
8070.1792491787355 5194623.813133954 1297.402800355343 
17143.02416490405 56877.336846065285 54.664826107535596 
8071.362942578838 4428099.52780468 990.3614375075915 
18595.02381180876 49936.1246038212 46.52520277671329 
8070.9089711773195 8726492.627991544 1161.040778557489 
18252.60700243393 51255.7836791009 46.55978720994774 
16740.845988063244 63299.977415047615 54.5745755457976 
8071.821865462693 3836653.293457716 898.5890538988783 
8241.83591481503 3352797.4402682763 241.96308919970897 
8069.89168943647 7272691.2465996165 1860.6528439057938 
12329.45070408788 169356.68604821822 0 
8748.66527706035 296856.7964306327 111.35639336998872 
8077.812475174165 2576748.546435336 639.1212236565908 
17944.35488176499 84055.2657904946 37.905080732217726 
8079.661300465819 1014317.4058923868 540.4990212653591 
17449.61510228016 55432.898460679906 65.0208255586023 
8073.704460775109 4555132.681312859 798.3673492775126 
8069.867738624333 9792472.519220423 1879.5428598275068 
8146.125046509892 718236.0238172491 266.73798822229975 
8415.120141708469 476046.47840338777 212.50351373046692 
8074.129919771061 2827049.425598475 753.3511910631 
8070.707740806274 5316098.367243206 1186.8152634401033 
8072.478102377698 2014145.7284313166 829.1108347940357 
13146.776241887143 121538.81983040505 17.04085428156255 
8070.613482288667 5783901.846282698 1249.834549755273 
8078.74020079172 1379389.4857852273 613.5282110025775 
8071.6130140544965 4109659.893667444 960.8487205443398 
8070.157958482896 6793754.022796091 1450.565326513409 
16458.870813329973 78904.92524451247 54.47987700797502 
15687.663065776049 86533.42512250936 23.999082518453324 
8328.644122652213 1453564.5723623591 138.5992444095233 
8069.732355759719 9625262.833102532 1939.8923957363081 
15799.920363209772 70662.02160233268 57.839540274875546 
13516.51105133375 115240.55559673649 24.35724195872591 
8079.416143787321 2093022.7703675136 583.4128763605357 
16135.745263785768 86031.18771359633 25.97352983443766 
8071.7796852263655 3525874.915444963 935.0624732303335 
8070.476168081555 6091118.781317172 1236.178402253017 
8571.573108128227 364333.5346466842 150.77740954361587 
8070.454980757129 6634177.798808014 1262.57578321984 
12673.975734582 158886.58870787546 0 
14099.788243923334 109624.25594666542 96.37635726503686 
8070.6933487594715 8501398.476998884 1206.8955953450943 
8532.44770497416 422881.8874023645 172.4358758697294 
8306.57670222837 608392.7615115354 301.91478502222236 
14064.363283186332 110023.88023163946 96.37635726503686 
8073.681810200622 5192221.228592309 783.9416600061194 
8070.673204482138 6367919.666886201 1217.682252150205 
8070.434824253289 7148158.877908412 1294.1094525467513 
14826.90027516167 94453.58359466225 17.284151143967613 
13739.697396562531 112250.59889050707 0 
15317.426320032026 89129.59821679039 24.87394179614629 
12074.933760870816 178498.23864225647 6.747488595131735 
8101.580876343378 937940.2695207536 320.6249763955423 
11578.243395138874 212663.88428074322 11.94574313596793 
8095.679728646469 834275.481717985 374.5188603996801 
8083.866423032963 1903908.6025886517 491.7083723042919 
8083.864408632608 2647555.1715344456 519.8304492828318 
8305.986068370865 2300171.512726043 194.53405694792593 
16260.403468159207 84541.19981704708 31.545716359314497 
12987.93647235262 123952.08276366012 0 
8087.372184537138 2405119.0239379597 426.65724585096103 
15275.303966047692 91371.30163208974 17.284151143967613 
8087.999667991259 1757084.0574592836 410.9137953301312 
8097.13676057785 791305.113258927 352.1717926421065 
11362.104970936707 216355.61438835118 11.322598029750004 
12768.727832080393 132633.3547059638 7.262544202739663 
8908.275492810812 277832.0614624881 65.64392957927627 
8086.715256992342 2201715.4948506136 470.2961149619405 
8085.702419891245 4348477.4726910405 454.1560990791246 
8074.068625655273 3849099.554870851 816.4164419406716 
8071.247215060313 3165585.5949182836 1100.7296073968046 
8070.996400727175 3620252.283167499 1127.8120534125626 
17675.289406928532 75807.81959572987 42.62164179829557 
11917.915538250078 183107.38039562711 7.181917463152565 
8070.9381564507585 3692921.1895679366 1150.0675183045419 
17708.203005211875 75532.11710191859 44.340948202089415 
8073.721312297471 4289971.39476197 778.0407517999228 
8071.881081245996 3160286.6063051936 1110.247969398053 
13639.162949767615 114412.66138380833 3.0437085896964513 
11746.901964733232 189843.30734584405 9.696173166182176 
11786.273958634696 184778.7980824213 6.713860627835473 
14849.77952646335 106895.94862790735 0 
