14284.15602113924 110795.62451540193 0 
17878.960176023385 53776.82639403167 51.97982261925108 
8072.269447362287 12617512.340907115 1350.3589423779083 
9036.237398865123 167061.02250047616 18.16462952089442 
11242.575768266486 232421.41796409304 14.72122056100482 
8072.961316284254 11384593.510717858 1192.759914001856 
8072.337401040715 10602951.291891702 1250.4104750598685 
8073.193855237707 9960632.999973033 1031.0492130332286 
8074.775099438562 8276283.725916881 889.4514354472598 
8073.317480247343 6444301.812847719 916.1699045256056 
8074.476082193209 5798601.123587746 984.0032255718924 
8084.287546231124 2647050.6169096325 538.751099523905 
8074.07586934859 7241044.888672333 903.3422006370878 
8076.377721049172 3453769.6336114733 759.0224689580688 
8073.264962133395 7813638.030815582 1243.2752377501292 
8074.072087131319 3796565.555130904 1073.421189322362 
8072.349545056659 9156333.448521987 1235.810990509675 
8101.580876343378 937940.2695207536 320.6249763955423 
8072.349545056659 9156333.448521987 1235.810990509675 
8073.824996159197 6005158.600388957 1121.8731141166704 
12271.068581734558 206631.1847901481 0 
12832.99025950905 130686.8862145753 7.228779108055211 
8074.776973708787 4502482.611761688 876.4003429792256 
8076.3830594959745 3045794.437021398 731.6252865635026 
8077.940587113225 2115093.9660900277 648.408606899187 
8079.802387885167 1316070.839778904 574.757414437838 
8086.796349063365 1452882.287081442 435.5408961994185 
8074.80216930475 3218738.10156577 844.9927273435658 
16563.375223057254 66680.3025868219 71.6804312821812 
13695.574023367313 111512.06021378908 22.59610883259225 
11786.273958634696 184778.7980824213 6.713860627835473 
8411.079427868677 569870.2820100343 239.4238891432767 
8074.280478247343 4335499.3530632015 1050.9049239801877 
12407.897627510076 165369.04344081972 0 
8075.719748284075 3775938.6541259545 784.1216679922474 
13879.181547552658 107177.81435318559 36.97895022020022 
8077.368916676125 1686044.9511252537 689.4742502229235 
16748.412411818565 78762.35443485819 54.25112331561283 
8426.195391906398 479249.5516245085 210.74644681291113 
8085.522685094501 2389185.587882952 483.1578954502361 
8087.938985889573 1759194.4926331406 411.2117561614067 
8074.010609122086 4773185.32400763 1143.2609597301932 
8094.559058321597 855700.4959650934 372.9502386828705 
8075.615519117033 1878408.3268487242 801.8484305691765 
13280.57238995756 116918.28243444888 4.06837377815107 
8074.12405339373 6020663.217211502 944.8522215994619 
8079.1541737727985 2296905.486994267 599.7510811321865 
8072.658398969838 7364933.145923024 1246.7146320913919 
8073.555661492119 5179822.8517641 1223.9479845931116 
8124.81955856865 1536636.0290717247 286.92539194729216 
8640.070706050057 235710.95757579154 100.23159117491744 
8098.2916664238655 795978.2353417982 354.3664019945074 
8148.208886337508 663514.027452133 265.2269898283748 
8306.57670222837 608392.7615115354 301.91478502222236 
8541.182362446913 355854.32969506516 165.54633971472765 
15862.052913611491 85921.06064274622 48.308333327660385 
8075.5759088964205 3066993.354696945 831.3279298918707 
14885.108812874321 91968.09589331105 20.170473277400394 
8084.460401544924 2413912.487592827 499.1311680624619 
8507.204443195767 469570.1783418149 186.15750375656074 
8566.252972985605 304547.7759465879 133.5653464278193 
8166.781585611145 729472.5435693156 181.14673489706715 
14235.818054910169 111745.19377039227 0 
16045.433116146762 69154.63008202612 57.82773784536414 
17714.766786130476 77668.33425897578 45.54717013979982 
8328.396109444231 1457120.8755662986 140.0811327484285 
12987.93647235262 123952.08276366012 0 
15184.772664492297 95429.15631480212 15.770394427751327 
8073.769277689849 4112384.8823372046 1177.4046350122123 
8076.921597904561 2024011.0250369573 734.7971821026723 
17292.547529237472 79100.23327403542 43.00130372037658 
8074.050493148301 4126046.0876460047 1144.0223398532216 
14461.737913838826 99461.23791206404 15.759151426849002 
8074.004269744717 5025334.105805508 1171.764802048578 
11500.998221871809 230667.63627161164 14.507085319936866 
8077.419080905416 2446550.1523000803 676.8523861109898 
8074.285928961397 6223281.945209391 890.8756368597969 
16289.831053522446 67251.72164037047 61.630190940144644 
14648.771392852763 95187.91381169844 37.70478738548821 
8079.913840761236 1779938.9719167782 559.0666477990695 
17104.19260530841 60475.26792375689 61.82223539444577 
8074.667044577942 5298076.6676014345 893.8432167664564 
8797.932420032239 326931.6351511374 87.12433622857272 
8079.504007231642 2271187.652515522 591.6895475019161 
11678.377415313775 187084.27745965304 6.695755356471202 
16231.61939542277 82577.01384269464 32.66181626492242 
8074.623865994308 5587099.860811099 934.1622078933009 
8729.256257531466 284256.97506154515 94.10128402605717 
8074.658431395888 5576616.881344383 935.0757068764614 
17466.16449857492 60430.181534718235 65.06964243356134 
13221.821877445305 117219.45768425924 0 
8857.937620966437 212631.56410873224 42.99530587097491 
11369.775841431134 224914.24635734226 16.374839165964147 
17519.037978012373 55974.865835860845 57.51280357588536 
15270.153468204737 90993.12494438927 23.034077880366997 
14775.990491304121 98083.69975825486 34.378388174940895 
15447.37203481141 89103.500359017 24.32913831865607 
8073.978426087879 4980618.894955246 1174.5661279600151 
8074.589661063749 5261531.188361141 1032.2233480775244 
8077.433684150918 2423953.3149147187 663.2884037874073 
