8034.641850925819 3396725.9049321674 658.934027010905 
38966.496390387394 11768.874672739043 0 
8035.678464176278 3285668.9637281415 742.3851565097832 
8054.244313081901 5349267.79179637 358.8206781336422 
8048.352558640229 4899265.297347111 404.5071143317083 
8046.826455089538 3753147.0440798155 434.3618605247241 
9616.035537117103 178998.95781980045 26.32188649147822 
12436.862525854762 158447.8690497639 88.95631278403205 
8038.240888851516 2038844.234963397 536.5194852183263 
35066.85016455744 13840.997933488323 0 
8066.9081852368645 1427431.6602324247 330.3777025674939 
32439.188991686857 13723.731547498463 2.1054646017240977 
8049.731790181546 2973402.5840816717 410.55864926998254 
8036.236721686733 2756736.496524809 632.33849243956 
23535.800722669814 27856.84238961363 9.264854334453453 
37990.22291775069 12239.573151374236 0 
8051.86478394899 3229649.6599594536 379.3131392152003 
8065.21593499056 1497761.9855460103 306.0445394673453 
36337.50127243384 12856.389341979666 0 
8036.351290972146 3530218.9399346947 590.6074172517424 
15455.4631245322 82041.19946038905 29.83369647530693 
8043.279369079546 1674416.5604915228 456.43074134023846 
8037.846968482938 2880704.5710453447 564.5214350657503 
14235.104840406828 122208.72461894137 38.62490781623374 
8050.923945490696 2365139.1783685754 382.399240771254 
8047.275585003435 2547544.5720900698 432.11824019348796 
8050.244435760895 1873489.0583668193 424.6001384800669 
8127.206538383547 1125139.5207559709 237.00091431091337 
25255.475258590486 26482.44409472795 11.920800677146302 
8038.230223748801 2660558.9286145736 577.7659164674526 
16262.178731560087 73130.83138635595 41.93841723462178 
28179.830245886904 19424.86862096606 4.368184481948813 
8127.216223887017 986349.1471812055 269.56702283662753 
8060.824847559886 1277640.1502806246 510.68749085630293 
8069.17197578065 805630.0473844842 282.55494379088884 
26701.91361451568 20446.69544365967 4.506536467182598 
8052.439069682974 2302693.4538399717 398.7321708759813 
31099.9633609543 13919.777194663027 4.405356973090484 
20713.175439667957 39779.01793835355 16.34476447926974 
17133.15289406269 57790.800775415635 22.50344185255621 
9154.47784068151 252372.3715655796 135.2720425998994 
8057.652102445329 1545935.2622146318 274.6760417759465 
8514.306349294424 411279.8614487265 113.10568153255996 
8035.818377950693 2807164.7859739033 594.3621322053898 
8969.202874127115 555405.2251882725 97.90900840943084 
8035.28079079925 3347921.670472774 610.0641592326557 
12691.603219728437 141991.09908785598 58.90350667077813 
8040.237633909077 2146500.54676692 468.5660343607209 
8050.168759096321 2230051.0368979233 441.6040423415784 
8040.782797805528 2054176.174396052 483.50485999263014 
8128.631527320588 877982.2406492062 254.92541520027882 
32423.677991018743 12997.701950503053 4.176708860997728 
30048.48378741052 14338.53234639886 0 
8087.480254337121 1137995.6713122758 212.051504314236 
15924.764307178808 65339.64764664179 53.0308969843565 
18823.35840074833 67099.75808642032 20.433514956500627 
21470.60225258219 45082.851445284454 15.716390436311597 
17666.751044083467 48768.65590095197 25.56665970371568 
8039.947390737307 2108301.622756049 499.51012959845514 
35611.42017251764 13518.59539261432 0 
18247.035304470817 46462.125042455664 22.11170601200585 
8036.8496308916165 2059786.8571529023 614.336350046091 
8061.788675777954 1312031.5864589983 362.0420105213864 
8627.352115156642 323143.0340954513 201.67638980024725 
8278.660210072845 525734.3164178443 188.06545771828613 
8052.720420637613 2163357.8327196892 367.20605163012317 
8039.124265426435 1779413.5535224576 502.2829332126506 
21912.709450574628 33688.13294489889 18.384021347724005 
22503.43632651448 51498.8047793797 11.423517509058307 
8252.408589806984 580011.0636292426 174.08974056766522 
19368.52443333086 62885.35492785786 18.211046638282077 
23020.97214827025 31047.17910891154 14.60188029695378 
8148.555724401018 797323.1555764615 223.78006931296173 
8168.545120325014 1750544.6166253374 193.05421195091068 
8298.950166584375 458331.03380127775 118.33549718026092 
13529.710662640562 101598.93791603397 71.35985255596337 
8207.621392821613 722057.9142878018 141.37873520319363 
9346.792392458978 210791.38314772342 56.090543097466394 
8828.571531482108 397126.55048036843 144.68507839302947 
8988.09625730872 274015.0787206604 118.82826571783839 
29397.19444474805 16314.893709683449 0 
30725.564919141758 14008.968440519937 4.231806870058316 
8072.050361369333 1245792.1315307645 270.25578588027395 
9033.745883145491 342033.0099938902 82.56969948496155 
25978.50314362174 24953.787754763667 10.834581428884842 
38798.815247727405 12107.027421479102 0 
13274.552531801648 109140.09382962849 73.71906706503789 
8135.791214610747 790798.8982637003 251.5408010397216 
8037.517800583935 3445509.0550532835 591.2420037780385 
28994.437391356718 19682.838781364433 3.1345121977642316 
8182.476958945708 917928.5199725989 163.78141260870913 
28520.790061591175 19696.30685157368 0 
19897.81107659829 51268.07146322042 13.36987027650712 
8169.3790927037135 645757.8333794015 189.20517310327605 
13911.396275644525 77865.7503897289 53.888557016314735 
8044.372466111616 2695087.625540928 441.4520067606373 
8048.284108920771 2902121.806587415 424.8524840636103 
8186.950602069999 760895.9318738827 165.53581245786887 
8278.225444920656 606216.5935628013 159.2420112357609 
8206.587371549052 1475354.4223693328 153.3496431238568 
