8020.64974586461 108134045.69720717 1409.5292213179673 
30903.32698924747 18479.59331753444 0 
8020.806501949265 108105383.60529536 1362.820345651416 
8021.879031783857 10528407.878170542 781.007326881736 
8020.913725268155 8264465.847705997 893.988043366283 
27576.842763524022 18837.43407130182 0 
30135.59649004108 18827.169661641154 0 
8122.21266696044 2380149.030194194 263.80449151243056 
8021.329091387626 4079309.4962282884 864.7804007776821 
8022.34229352717 9219857.209082182 735.0690134704009 
8021.348383203418 3804448.9176438684 800.4898701943348 
8025.358880437582 1930720.02661202 576.7212351155961 
8106.01656972248 4501347.958204249 323.89751430425906 
10179.359815859667 517054.43292377976 170.98302439263915 
8024.172740530381 2435948.1086078035 635.747135380429 
9294.4819686149 510469.7236136383 201.71029881503028 
8026.323389593749 1588030.3762813234 447.9393369199164 
17135.59020979435 35871.333068718246 0 
8022.386711113293 4568984.916068608 761.3671640440655 
26882.254283441238 19089.79444810358 0 
8024.475024155314 5848871.053272487 535.4771624912587 
24315.950801341776 21555.085185943124 0 
17868.630447636955 33664.37068852952 0 
8066.982304391193 3592131.3351009004 350.25598440107206 
8023.510196570723 2249270.510690602 643.1003995613298 
9196.857770267783 1521545.36000592 197.40030774038115 
10680.304021347567 219046.1896912229 146.2336520985379 
25852.16684699521 20023.138825424496 0 
24971.606110887686 20899.143265444596 0 
10893.23304127402 181002.821114216 116.90353803662548 
22273.477364658407 23894.87163248215 0 
15724.900463679316 43827.32053396528 0 
22781.6793438646 23863.827008775304 0 
16209.549945050401 42119.01410966058 0 
10306.733140873874 420770.0726580938 229.40130170581114 
8023.434015504694 3021341.4019430233 692.6174011819512 
11135.91633600749 165639.87977367776 98.72136170744837 
8144.277142266879 1324821.007057179 212.7642596623777 
8022.750356693996 6462027.052579334 691.2150914266723 
8525.876916290374 1233923.7022719248 207.4636453611249 
30179.977952274683 18608.327284728966 0 
19472.36909500249 29454.647483259876 0 
14786.597142478193 51473.94212444691 2.2196503165080586 
8024.548108213536 3970174.9102774085 521.916840361058 
8025.760304983328 3057110.1903625755 493.2730160945134 
9262.793179451375 840098.5592542996 390.3640052070193 
23132.1133005729 22777.192657980257 0 
10472.32444554516 350156.26876520534 189.13484169119866 
21298.762885523498 25961.12125224588 0 
26312.491194216127 19782.848075251233 0 
19841.865693232714 29260.34706489525 0 
10798.56907661757 198749.36222441087 133.32840699694242 
13079.639331482816 82071.85221181092 15.374187539551073 
11960.360177787796 102423.15471976699 34.136004530672864 
19079.771191750413 31038.536928773025 0 
12798.52064161776 80681.97145306734 18.87542987835733 
18454.394970081536 31687.4485322322 0 
8028.744941462881 2673474.8600512627 432.38313342829156 
21899.85815306549 24720.249858840176 0 
18800.263480181668 31675.548480505782 0 
20175.158577586546 27953.163061033032 0 
13579.446130304199 69425.333843769 9.671916273863241 
15378.284466809604 46592.116780019496 2.284009313220219 
8024.27179079865 6457044.122382367 560.0039154262744 
21637.038658287554 25442.82168745029 0 
16571.249328291604 39611.14073013569 0 
12571.186104571363 88122.62089900352 29.793196675930275 
8021.879031783857 10528407.878170542 781.007326881736 
12318.45413645047 94018.13449488806 32.235014848647175 
13346.86865804208 74028.73693477413 10.26936173504419 
15132.797195410525 49429.86866823433 2.264574286018035 
20929.68228549587 26408.538947158486 0 
18136.123183962336 33152.55426092833 0 
8075.091437861574 3302766.6288909917 338.1358471482906 
26557.092860815468 19621.710160959796 0 
16806.933417392742 37306.95655433085 0 
11498.37640252706 121354.44077593261 58.00203303043457 
14387.801353763087 59109.69496770356 2.1957627486891673 
25349.72840744471 20130.00004290725 0 
12048.196576036455 100898.78837671029 25.11538212488794 
20463.64535369567 27683.568152295138 0 
8525.876916290374 1233923.7022719248 207.4636453611249 
11242.065836366233 163163.31229112178 89.98496505936345 
8025.760304983328 3057110.1903625755 493.2730160945134 
9238.794591413913 985682.3517824229 417.6070105933602 
11369.729807299824 157588.03158119257 80.79429843639554 
13846.722618094976 63404.50879054732 3.2616835050379027 
23522.415076199708 22768.10990752164 0 
9262.793179451375 840098.5592542996 390.3640052070193 
11474.434620200249 158051.65046697052 73.06162671629511 
10179.359815859667 517054.43292377976 170.98302439263915 
20706.73647834943 26506.540602185636 0 
10409.146161388655 403346.49906738487 227.31565065081776 
11655.611309858605 115393.52367604703 50.20287709071272 
11655.611309858605 115393.52367604703 50.20287709071272 
14262.418599938232 58627.688235105416 2.2823320931122497 
13968.937697081394 58963.972302176655 2.2246815109145706 
23642.065448947324 22512.730528269123 0 
8022.750356693996 6462027.052579334 691.2150914266723 
23963.428953054157 21754.060081859723 0 
