8027.730436070844 12350775.941269118 1147.7428962886809 
8028.666775458374 22399350.867037456 1050.852663753848 
23194.10298055365 27231.781894725085 0 
8026.874960641202 18225715.240578722 1112.903476693451 
8028.771156102103 21515758.319131553 1014.9169032639021 
8028.861107222243 4218113.206924047 642.7115860978654 
8053.687483819696 6636791.203354283 438.1352261193479 
8027.688679564259 17681233.019392412 1067.294613058108 
8026.874960641202 18225715.240578722 1112.903476693451 
8029.703274066765 3790364.3961631004 614.1126375587569 
8029.804627969858 2678754.5350936987 531.7889708900682 
21657.587970777033 28563.210123232413 0 
23029.66322507317 27235.15696240565 0 
9290.159483074405 1281439.7453019775 465.44154507482597 
8035.352218822083 4646066.997716102 459.477009810184 
9517.169337872889 1104310.4007733986 386.10398765808276 
8034.268989491895 5702273.099857258 516.3160580111506 
8027.624027438058 18166855.581957363 1100.475261133282 
8043.239499209868 3232436.2498790147 479.61955722582 
9676.490082069911 811581.8851299352 317.8705349966797 
8042.588742338492 5722549.974098571 451.92988218091847 
8072.722696014001 2040611.6119600774 348.9597824438538 
20088.85951040278 31128.927018667175 0 
14721.926512562895 64271.33004410097 2.0465809310573526 
8545.603829299778 1297089.7882351875 218.43474953289487 
8027.688679564259 17681233.019392412 1067.294613058108 
17211.352743000127 39294.933427120464 0 
15070.028093685216 55126.7230498632 3.583410610536623 
20604.868720549584 29915.254019555996 0 
8061.913651162213 1780506.1230640525 421.2970880891264 
18687.66673333957 35101.56609077609 0 
10408.241517888991 387973.8639050522 220.05163161993244 
8067.923991799344 1389011.4939512513 366.5199040806508 
19259.504859385583 33748.29658382912 0 
11464.812220972997 149640.9879875976 75.94058301760683 
10152.286123657472 510478.9275520593 173.54325316136658 
8144.277142266879 1324821.007057179 212.7642596623777 
10001.518078084553 548706.301120886 206.68272780847786 
15426.161015632772 50911.31414341983 0 
21060.680127744094 29374.88460086522 0 
11169.280917085121 168427.8186095565 100.71676413381255 
18967.638041758608 34073.31718895437 0 
14285.294643354195 62340.33389085534 2.1911850250052654 
8037.399893791263 2955791.2884651115 502.13656988514333 
8064.33907038204 1589492.8569367835 396.9337937390453 
13695.047468600702 69174.0942275698 6.6204190648241585 
9837.86234336998 607718.1631722858 251.13763276788842 
10472.32444554516 350156.26876520534 189.13484169119866 
10911.161022866356 178473.3713374193 112.00104672349987 
16814.8173717071 39368.676146255115 0 
17578.14007494705 38285.970452379355 0 
12095.976792919702 103300.86229025436 40.99819909930596 
19721.40957344651 32233.80202026803 0 
8041.8101239226235 4276278.69826437 494.8489098837961 
16392.85457225842 43933.54475842415 0 
12342.444541981065 103726.57601820953 37.50942661322785 
17997.230685794686 36793.74204972228 0 
12853.457697677604 89059.51876891832 16.346206629413402 
10851.051251667088 210594.68183451542 134.85688198004712 
12564.226448522391 94240.72000878451 17.859634883506715 
14011.794299367626 67587.97382420675 2.1943773518265495 
8545.603829299778 1297089.7882351875 218.43474953289487 
10588.3725361123 330467.97343910835 181.67578184071567 
11536.51363506057 123197.50629117295 60.00294643026391 
10671.263239427386 228589.9407496962 155.8835693333375 
8136.802769729835 1353404.659442461 290.196218017191 
15881.281267150554 48228.26069639995 0 
19575.402684268785 33006.58423783425 0 
13523.432531354378 71100.45562955673 10.947560614803912 
15626.640755664732 49518.454928036874 0 
20817.243376869767 29684.694347439356 0 
18287.57129457314 35985.122188090725 0 
9861.874088766614 720902.4206609025 165.43964549385495 
12999.963255491219 80732.23465254517 22.82334255416246 
11980.056054751323 116586.90543190812 49.25475386981604 
8130.837826274871 1529167.7644716413 262.27468652821415 
10980.156961560104 181515.54491155752 104.90619152720538 
13334.413228552072 72811.42375242853 6.561321981855726 
16683.7075141841 41735.998402556055 0 
12456.37039284135 103237.99498130183 30.74152721121039 
17734.474967789756 37361.280498731685 0 
11841.056979517849 117175.78546319965 54.94913833386196 
13129.09703336541 80413.74105575756 14.090247605369372 
8088.175430352172 1644261.7508248654 286.7732515266861 
8072.745933124412 1893147.1088496929 336.7993276456345 
10112.982150027943 540063.6814671521 233.9032771756986 
11673.892796587854 145457.84660812645 57.15067156788759 
21395.072451863012 28907.626269347347 0 
8044.059244871282 2719133.9946139525 439.2439253433082 
8036.985795737225 4187636.7622933923 511.536417255417 
8039.246540690614 3946982.074832404 496.10710751434124 
8075.073798350955 1936499.4191033193 326.71042904415145 
11336.934034110474 344646.5814481264 89.75747834571409 
10746.433829402045 223716.80838796124 147.4520965339928 
9730.196867534822 721650.4050080002 273.3886584730909 
14165.373992284965 64139.99745369228 4.628805767046492 
16176.1714758245 45798.31077820497 0 
16088.605014655266 46507.67823438637 0 
9732.900623335234 579654.7732503054 270.12597065657195 
18232.326756756345 36161.02942468557 0 
