31152.16202356957 17872.709060404097 0 
8018.538099596361 10966884.738047678 1022.5565643446605 
8051.699567134023 15783310.528125413 441.41516329375105 
8019.09356425801 15457324.62264247 969.0472221562385 
8019.946548391652 9606341.371447029 852.0516603940081 
8023.290245945431 7063320.57619077 601.773060554585 
8020.009809244503 12192337.367184518 825.4941845650534 
8020.009809244503 12192337.367184518 825.4941845650534 
8019.886769068309 3815775.8501539947 867.8846707722954 
28914.33739256111 18377.618822194254 0 
8025.145817174758 5557934.1746595865 484.71872451100944 
8025.137056631453 6184414.624826739 494.31382988695293 
8020.863046851128 2891264.8117425977 733.5051869851414 
8020.043501654893 4948923.684516778 839.9175626708476 
8024.548108213536 3970174.9102774085 521.916840361058 
9262.793179451375 840098.5592542996 390.3640052070193 
8066.982304391193 3592131.3351009004 350.25598440107206 
21703.223786776725 24567.648508535094 0 
24315.950801341776 21555.085185943124 0 
9892.705926643343 1800415.9355436768 113.39751301967856 
30409.521096887238 18174.678262497393 0 
22841.23466893484 22992.718722376718 0 
23226.376142999303 21660.145179690066 0 
8115.35262581756 1953081.8662666955 261.14340180057803 
10096.03671611505 526395.4565853616 177.28010937300178 
8020.863046851128 2891264.8117425977 733.5051869851414 
9196.857770267783 1521545.36000592 197.40030774038115 
9238.794591413913 985682.3517824229 417.6070105933602 
27948.68576727392 18450.985661695315 0 
8026.323389593749 1588030.3762813234 447.9393369199164 
10678.888725532914 220919.5590455006 149.52712768777735 
8144.277142266879 1324821.007057179 212.7642596623777 
8110.864199655597 2602734.536155684 306.7616593628295 
10306.733140873874 420770.0726580938 229.40130170581114 
8020.947814950016 3848348.467116381 691.1048724278758 
8106.01656972248 4501347.958204249 323.89751430425906 
13756.633367376959 69057.22634103228 9.91262542699074 
8023.3388276011165 5939377.496729554 556.3704476749124 
8023.29112628933 3003847.998258516 577.2574882877552 
18136.123183962336 33152.55426092833 0 
8114.764499549429 1568093.7517565242 289.7936280703922 
8025.202124352927 1959382.1185238224 623.4301107821475 
8022.313130318766 3289439.4864722 667.049809378076 
13283.162576592904 75095.3849451015 15.389804601840535 
10505.501757712938 937101.2830180017 167.48668505844608 
8051.699567134023 15783310.528125413 441.41516329375105 
11655.611309858605 115393.52367604703 50.20287709071272 
19992.473223181005 28636.877338811526 0 
9294.4819686149 510469.7236136383 201.71029881503028 
10798.56907661757 198749.36222441087 133.32840699694242 
21135.93333240976 26133.05748053054 0 
14273.84892612907 62562.12495070061 2.018797100868605 
8106.01656972248 4501347.958204249 323.89751430425906 
8022.378830048857 2354980.8517106795 651.5388126291648 
19386.22123253677 29373.19646153491 0 
8021.1484818419185 3355974.755069604 680.5792684991046 
15724.900463679316 43827.32053396528 0 
14690.77101831688 59691.61151092866 6.262390049049631 
25230.139118513238 20217.152576172673 0 
8525.876916290374 1233923.7022719248 207.4636453611249 
16209.549945050401 42119.01410966058 0 
18706.55374342839 31501.69918162314 0 
24868.719619472762 21501.894199738294 0 
8023.510196570723 2249270.510690602 643.1003995613298 
26887.63846914597 19081.313749554778 0 
11110.351020816484 181146.08384162057 105.05584403591916 
11474.434620200249 158051.65046697052 73.06162671629511 
25798.89447488667 20096.169838972015 0 
8525.876916290374 1233923.7022719248 207.4636453611249 
26117.316185951495 19446.576231308267 0 
12318.45413645047 94018.13449488806 32.235014848647175 
10472.32444554516 350156.26876520534 189.13484169119866 
15328.464825282637 51218.22969473398 2.240917958334683 
8024.234943969514 2567745.3402300053 631.8819415618738 
8023.346848221155 3739892.9894587686 538.766154667688 
10893.23304127402 181002.821114216 116.90353803662548 
11960.360177787796 102423.15471976699 34.136004530672864 
15029.345128547628 57702.509935331014 14.067375137302442 
26627.038397600383 19432.077776915983 0 
17393.43454960445 35496.91191857051 0 
11498.37640252706 121354.44077593261 58.00203303043457 
16806.933417392742 37306.95655433085 0 
17565.842466466842 34208.07144276287 0 
12791.476609376063 80967.12721320767 15.369732843997436 
20706.73647834943 26506.540602185636 0 
20412.106048134257 27132.43711024341 0 
31025.57242724085 17978.603544512793 0 
8075.091437861574 3302766.6288909917 338.1358471482906 
8025.358880437582 1930720.02661202 576.7212351155961 
27535.03722330754 18888.378630119987 0 
12582.550436436659 85071.19185673793 20.369553350701523 
19051.226239029857 30965.350737056106 0 
8076.605139167508 1585197.2693649107 403.8412430574747 
8024.484695822645 6063126.165844771 535.2967484821952 
10409.146161388655 403346.49906738487 227.31565065081776 
12010.397641878764 100160.443716143 23.95660601906349 
8024.475024155314 5848871.053272487 535.4771624912587 
11242.065836366233 163163.31229112178 89.98496505936345 
11351.531872574058 159185.9494814849 88.94622401296144 
30446.908882395885 18049.54215262625 0 
