8015.53807940506 6014230.023246858 982.917756893685 
8020.009673265277 9967291.097612519 637.6452063829611 
29178.306671983526 16502.293768788633 0 
8016.58787916244 7993788.733499643 902.5262239749268 
8016.6031967433955 5144968.11230114 783.4679476475576 
8020.547368344325 3327062.6088687945 602.7773609148253 
8015.98501288883 7558477.152397975 914.2827575130827 
8021.0091424460115 2703653.601171869 846.5983788659576 
8017.260771598617 5485423.212663872 774.7827166810853 
8017.6632781567805 4805899.163525454 902.447422536874 
8018.628602343729 4010330.175764204 756.4494478512775 
9699.639605344475 1190346.1823317076 304.35596942202903 
8021.104382042919 2691647.968299443 713.971857623017 
8016.512666527206 6778565.848040169 959.3679889704986 
8034.889726925756 4289098.177711002 405.19085521484 
9262.793179451375 840098.5592542996 390.3640052070193 
8059.018043374163 1371649.303376597 253.48026976483914 
8016.5062956479815 6872751.69853082 950.620291962729 
19588.894616140453 27123.8756281347 0 
8020.66846320028 2742551.693836514 565.1861999565531 
8020.283462387788 3165696.4007624243 620.2264107404816 
14026.705284992295 57636.46166028312 2.2743449858657985 
15204.608741954613 44447.77745778621 0 
8023.235097285701 2963831.2835759185 494.3434360777376 
8018.646119760684 4048906.970539419 751.8515986651554 
20268.4207619026 25503.397055119232 0 
10798.56907661757 198749.36222441087 133.32840699694242 
9797.08915575747 639539.7732277757 317.20471111617013 
11318.68350567088 188608.31870546303 68.77808948159735 
21969.657362820613 22662.122838721585 0 
8020.105098740727 4592242.132664577 660.5216911158392 
9196.857770267783 1521545.36000592 197.40030774038115 
18664.11579186929 28501.434359148883 0 
16158.856025242236 40689.69233714929 0 
8022.4458028464 2454293.2760471376 566.6264955133588 
10306.733140873874 420770.0726580938 229.40130170581114 
14699.245383841822 49000.117428177575 0 
13530.082592190305 69432.99344257584 14.343880425000897 
11625.989596099966 117511.59927816194 59.51534670338547 
8144.277142266879 1324821.007057179 212.7642596623777 
8019.221118993544 2924415.635066073 682.92564935834 
27872.847660062085 17189.018477210317 0 
11053.452033197347 169880.92411752528 95.99839060770222 
21025.54587915079 24944.877774294546 0 
8032.033677206608 1020203.0968776013 419.8166729269207 
8037.332552283253 1773145.6680268275 358.43305263809253 
10096.03671611505 526395.4565853616 177.28010937300178 
22729.70727850416 21010.85561681891 0 
18280.21595079868 29660.623380836518 0 
11041.084227255762 173355.944227627 102.38671571774286 
8022.8195492964705 1613077.5505924504 516.7301713333883 
28413.306004201717 17143.69653642349 0 
8031.591773228452 1155231.5925209275 435.10295898614277 
9845.576539417001 2180190.509489389 137.8895351413944 
9348.450119742067 1783792.5390857682 158.11923408173408 
8040.748735219589 1986223.1109235592 332.42819192275294 
10472.32444554516 350156.26876520534 189.13484169119866 
8525.876916290374 1233923.7022719248 207.4636453611249 
23805.20453647878 19957.21046435215 0 
8021.834530491114 2477085.4023443293 666.3424804910626 
17572.229376518473 31730.700296717056 0 
21382.0869271986 23393.11809664638 0 
26941.65689928815 17649.359978315955 0 
27272.211265968006 17391.71015583995 0 
16494.277793711957 36871.194952277714 0 
25577.675709995583 18474.339226858083 0 
8129.265246425188 1427220.4359614993 240.79182397915565 
10505.501757712938 937101.2830180017 167.48668505844608 
8018.256323946812 4036893.158524175 920.0693965695918 
8016.5062956479815 6872751.69853082 950.620291962729 
8023.886914542581 1637264.4353773096 473.1511395984232 
10582.870797028258 1717618.2633369826 154.12808272430954 
17079.716719297572 36844.532709016436 0 
8022.654329299384 2257310.8753324347 648.2328363949453 
12575.641892175936 82747.00802000231 17.9030156806377 
12289.612306286064 95669.47713217128 34.16017294073717 
28945.736582897134 16566.343741787525 0 
8037.337855501831 1523288.6675021732 345.49532502942344 
23339.234498599428 20522.411613195167 0 
8025.316107342427 1679779.5399708545 451.4500141154151 
11877.884504807831 106250.64509497149 46.21722000416374 
8016.512666527206 6778565.848040169 959.3679889704986 
24970.595021084784 19347.189652188226 0 
10721.214889551069 489667.9527962042 182.45082313495396 
12025.20595570296 103073.59412912713 45.77103339925377 
8525.876916290374 1233923.7022719248 207.4636453611249 
26338.831006114953 17879.995567468446 0 
8021.834553159975 2101606.6449451772 654.870367946427 
8022.8195492964705 1613077.5505924504 516.7301713333883 
24399.213756894493 19532.205043290516 0 
12505.976496741243 92728.04657111493 32.752899167521505 
13116.209934736667 74132.51896037372 17.18713256557997 
12951.885872058696 85517.62331805806 16.576773704198775 
8025.207348632091 1928318.0241565714 461.2102129155137 
23067.319028079997 20708.03542570523 0 
25104.93739751151 19011.209052933256 0 
24313.10878039625 19777.93507038365 0 
8022.731962558159 1916252.6302983689 637.9941928458115 
26030.884648447565 18202.434671854717 0 
8021.483028290825 2236685.5491407164 682.0796484537798 
