8229.599552269907 1566517.3778272553 339.3663635175377 
12184.963538012167 600470.6107992204 83.01492694646505 
16908.316667732935 302567.00633040315 104.89388658290072 
8094.332054332317 1600684.8993674633 457.437336668531 
9517.412977239732 556705.2571779335 132.74674103880488 
20683.95257309905 659245.1683054367 56.662111175958294 
8241.329382628752 1298736.4059619023 401.13338077616845 
8023.889390052153 9202890.012602894 1288.4507152977533 
8053.995835176123 2771337.3561543794 579.2733839788713 
12833.879230317034 307808.3544159811 59.284205685407244 
8745.10835461708 1138693.7122809184 165.01359970470514 
8050.382195094476 2283612.948843161 618.1679130947074 
8675.937621993164 2017336.8157994219 226.95334468091096 
8059.463821164355 2071125.8758051556 655.976784714115 
8023.272348659356 10797862.042008413 1327.832361977382 
8041.923566837284 3273507.5830049105 644.8120412724102 
8020.937558948555 21338509.397342257 1480.5415443046718 
8038.800881833883 2948452.6401038165 660.2439283567084 
8031.247950466006 6026893.602265917 651.1579073922659 
14756.383322193642 294030.0811325766 209.22892876752098 
11411.73780164435 539929.8739617331 114.62051389123509 
8038.605614468308 3490916.9787299996 556.6772143927622 
8067.466092414128 1944180.3967571235 391.3696578453499 
8058.673454825024 2425228.5487760967 538.6420247364716 
8027.242590218471 5160585.240017184 1231.23764223751 
8257.268857604611 1004714.2592810164 231.2633987257783 
9436.0330734755 781130.4976465355 133.09399813368367 
8025.832950994068 5943059.912614791 1440.0117582367643 
8188.6943960579865 1586820.2293726143 336.13832304517695 
23368.546401051237 179382.5528900915 156.31267672443428 
24227.905839683826 862837.5996768642 39.88119405790635 
9538.280890584425 724341.6679342268 115.10269847649269 
8183.798470267386 3970085.0892774374 235.11899616740484 
8049.796702333155 4709318.272818794 481.10426373389765 
8016.319710452418 15017885.553639468 2130.48379526009 
26608.55194164748 759573.2581619021 50.56828976526858 
8668.520040504452 2030247.347356119 193.608913323884 
8035.896210933809 3440502.2719322657 1190.0772442918578 
24435.803440114585 168644.9581461239 115.7842447953879 
8941.968128197896 1973787.899818329 143.54905634933925 
8028.702844794381 9031769.698683297 1014.8411072927134 
8020.233287966565 7227721.919904873 1684.3239180714374 
10045.598288078196 608642.8496045552 125.61648816635432 
8021.330882171432 12371207.477114469 1304.1008711380714 
8067.6996404636075 3108393.502003323 347.8661143888472 
8059.266075575297 3476991.2685508234 461.7715396172181 
54352.334815790324 99260.54842801979 155.2343588426586 
30963.11216303542 2541602.809055662 37.759004000975146 
8012.195513139834 12135104.915948307 2418.2466237736953 
8029.054099198689 7879131.970152175 768.6241478066743 
8032.225503954831 5235883.215829865 660.9306513824429 
29661.516993844743 115095.19244354901 159.42063512113683 
21704.902593034825 180724.41835881936 77.88858927669263 
8100.361360840563 2828396.363682776 266.72839434286055 
8697.460538981453 1383265.005676936 192.8209095034225 
8074.732633542082 1693954.644312186 292.8070128493012 
8617.483781452016 2599880.066476764 199.7063939689297 
8028.721481020553 8691290.927570732 1181.918708944669 
8026.283305674202 5721255.2904620115 1371.8546660978805 
8040.972771522851 3485998.159795907 585.1684881072255 
8396.560803643702 2522149.6776156835 205.11851236213982 
12166.221523314118 404205.45567804965 97.84193945675379 
8023.070043507793 10165152.860025026 1371.1635990918187 
8062.902902380725 2572349.7479938525 397.6518170129664 
8036.733856173625 3735140.7280898695 540.5482633272122 
8019.00201064662 10978148.245074691 2300.3150755765805 
10738.157308489395 1507252.279707666 110.89124631930292 
8016.58719992714 14212977.03207201 1704.6787527105766 
8025.286371428754 7044356.3227667585 1625.8599076778164 
10896.490116552566 722356.8059308848 115.89715619743883 
8024.105010256259 8875552.141876325 1634.8457051049377 
8063.47023388234 3628495.9338962743 373.0250784949176 
8250.421395519325 2267459.3815364726 228.2623554271854 
8036.623462051155 4055979.1780568967 951.2270906507267 
8029.283454635533 4843311.8028059155 860.1796251836182 
24785.127292956768 121762.69461240142 125.28077027262444 
8030.24153389641 4127463.479853426 1203.7976480313027 
8043.780543553315 3047648.349520455 545.4744892555743 
8055.302560559083 3732897.538143272 415.1200610527335 
8060.52858959836 3188276.822141917 474.8256326173498 
8016.220881113128 18351213.710475802 1619.107394827115 
8020.428415731551 12748071.684455164 1561.8856590159912 
8062.983542725787 2354864.0796452123 374.51024709103916 
8152.586385520517 1759045.022340945 289.39271338486486 
8019.207264127002 15849183.314823318 1517.0162469465122 
9226.541598448912 882131.1416074398 161.66680055833217 
28643.973501838074 185790.01454243323 39.035795838289744 
8019.335004815834 11058337.804990223 1831.5965513222773 
8065.794787347881 3273258.811512968 328.63229864615573 
8031.284698545527 4420371.187630463 794.6851621418591 
8026.264615917197 9695908.204947319 1140.0361454581148 
8025.324635810646 18004827.723877594 1134.8286193193492 
8026.564777655396 6575922.394098498 1335.0319982736316 
8028.471232684167 12429464.202520337 1068.7428999086014 
8031.664491307058 4689179.57564725 792.0180102752195 
8036.833638860507 2317323.4887486403 661.2450936673727 
37613.46178382502 144884.09783495165 99.50037404012086 
8014.044744951383 27597816.079674095 4098.093309740936 
8012.414636489335 31433865.46791079 3099.979428138264 
38354.61766173947 126610.48503457621 153.76017264058797 
