401521664873.1291 31.67435157007524 6.0055029155337625 
8011.950033289566 79387686.28975616 6937.382473377143 
9713313607.561293 302.92309056488136 0 
8013.000781460677 62883399.50675933 6303.9873889794035 
316493555746.65735 63.0600528447935 40.60487475298043 
130311603061.95227 216.3109840560345 1.1824900021369604 
8013.77040984192 42976248.78572977 6578.738564455829 
8014.992454316596 28707482.571050406 5269.108633377973 
8015.556842373972 22333947.6929173 3707.744669052433 
8017.779649379783 19590781.950799298 4883.430410720572 
8057.548625373712 33191269.180635855 1034.529761393454 
8026.828498104533 10638236.050582534 2264.8971408791444 
52438990612.131226 67.26041066689193 35.22326466268445 
373914347099.2325 34.13630239722394 148.9231116319734 
125804029461.4489 54.42361451364669 107.36900976365641 
8019.578918599259 19453150.29388055 3406.0641978942135 
8030.882106690227 5775451.552431078 1406.4219489622876 
8024.05653587165 14498293.89418202 2769.916632697966 
8020.992465681089 12982646.462911641 2983.270017907902 
8059.384464812289 8279955.381116688 1099.120020095453 
11069551.192408372 5856.886525794722 551.6510535793611 
26516970892.827873 36.96039358732176 115.32033559632858 
8021.346510764646 14095757.9893463 2807.2319892784863 
8065.599174381798 6033215.710391293 1350.5708206629054 
8058.046321172151 14262207.156756397 1335.8204891923003 
11425.16699285351 3075016.321317451 213.62660950775359 
8484.044714967658 4674676.113654819 452.0965996647902 
9456.339932547537 4050468.626901129 240.6214989197154 
8273.970175445358 2179004.094562093 453.71548505251917 
24881345520.2286 67.29598926890584 167.95383971494275 
21747076569.401016 79.09914683732502 1.8530882916811766 
8072.335333544859 1375250.706429021 474.5468401747304 
17103875844.788591 88.88252727582233 13.578631413856318 
15478309336.875687 143.17831282132477 17.927162992120742 
12887256941.057018 73.57183531810756 32.62775501577516 
13075898288.120232 56.9511422584558 169.1398233948833 
9166.237745672064 1808991.0162051313 246.0521715583481 
19352651911.084995 72.23985229057561 27.06931251315539 
19471605187.243748 82.48494213834205 16.958389138292763 
4713122980.899177 2130.6789350847657 2.4382836417043494 
8622.549558690045 1581411.4671091246 421.6589126526227 
79164.8098787237 81263.62110303709 397.47345752988986 
28550.06042897384 1079088.1916575967 141.29276895182966 
8900.913049552446 1053550.865035107 276.69529917171576 
83814.84810242655 230500.05082919664 284.18725487092684 
8603.773837273984 1780826.336730202 320.9845065888418 
18171.326846548363 393322.48453227687 311.247795263428 
6561477915.254804 560.9501614386072 4.5683840459802925 
29031.847001655828 301013.8127303021 439.01196727386684 
8141583308.082228 599.3550642972126 0 
8281650801.651212 104.85844112755265 18.612180847971878 
3412993728.3180494 151.39886468110615 6.14977689212126 
8672.168463551474 1427873.3048448092 342.3843580715485 
54347.87096383372 319807.01502485987 121.72088146783136 
147370.19458552642 802309.3588771113 47.39723978563208 
130410.41675425273 67493.82712949252 381.6576557961804 
10442.940370795659 868688.9649060785 349.85090696034064 
8701.397754094136 1298999.658546088 373.0987199267403 
1414554095.273352 189.67543641002777 175.1727363024673 
5933974825.459143 454.1120263255826 4.647633462142194 
12592.646949399637 1195110.0535789009 198.33501387603573 
8397.91398326405 1425480.7519724101 473.48004991619894 
40866.37864611733 387268.8833712198 151.51524085167904 
52123.175211449954 599477.381572687 53.55521015607385 
8725.564992860001 1549407.5210252767 331.8924873768321 
2731284992.53639 236.882012344561 20.24291286538216 
317784.9342035694 13018.446461613157 359.7517650050732 
9178.731732751723 1563346.2029387297 259.70531766697104 
19781.267133393834 908333.0206571285 204.46403388841847 
75516.26781447374 503145.05693027814 113.29657264910595 
54165.40975066747 242988.974793419 183.34458272935035 
321262324.778978 870.873403644137 192.47664721112568 
26949.80760292698 311528.2437235442 423.4314238160628 
100723.03422626833 441092.57858668594 87.23225377478566 
857417264.5410858 245.8931236817179 72.00831232371921 
431291441.70202374 714.9519302852545 82.71233599926698 
185070487.52549928 1347.7564259130318 58.11707568431103 
33541.32400071729 710219.3698219652 200.50169572449323 
142453.5494260622 190158.16524965645 76.09604083919915 
125646792.70646887 477.4843402802104 222.64738842793778 
144097.71779115056 107515.2588481895 234.79958766330083 
16100262.760215955 37958.366869809295 65.14632869726546 
50932362.638067484 3478.9124728297984 97.34602120470919 
1892588922.895191 205.95997447883886 115.01922559978841 
3215432667.292464 1283.8712422746498 3.3261971033620306 
115982.2819083374 183077.90281921235 92.34687447468993 
11530704.207409754 2035.371712332207 370.87372236846926 
11500.087298710781 655999.7926117873 226.11785218684827 
120512.61534005987 325801.5567278832 70.92487691013002 
249757.2369849923 20343.451806607278 255.42156207725472 
567595683.0338174 23644.870975882386 28.453810536874492 
179060.22834715684 54704.671496871626 316.59536625409174 
24286.270210166844 418862.1080426641 233.70234102187487 
32977541.9203521 8726.861752957826 332.4586948049427 
2363481085.7902565 3233.240528892391 0 
6297801.7151825745 39416.63832045853 106.45389533220384 
768347066.2777202 129.58304498711664 206.19810268478244 
33730.58315106852 274110.9274762069 174.97786849375404 
737083459.7463362 528.8744130477041 8.953222295211248 
6172778000.906561 94.68075889104323 257.5266574937409 
