8158.020677466422 10619871.428912185 1013.6763380050936 
8154.61568125717 8145378.3748834375 1086.6860963004247 
1624515.9817865225 2663.8883517778577 0 
1268634.131080172 3003.0806200291872 0 
661558.3396396297 3121.608604391945 0 
1416343.7801635738 2685.4569070588277 0 
966375.7225037029 2787.7533854274766 21.706502634355342 
931705.9624035814 2941.4440937882528 47.8890544026596 
8160.814411889464 7893461.326889045 862.3176871963815 
8156.173402108658 10074221.141174914 1016.1708224233337 
8239.965410344728 2788579.7796911737 355.83488610676204 
8159.393114539813 5260115.534469598 1057.0502213556433 
8194.317132337175 2308453.599439967 560.1258192951061 
549126.054874963 3268.7455616726393 46.04970732716686 
391717.99948429863 3262.696255850711 70.97202761122492 
8325.861876594487 1026918.7215386508 315.34004007450994 
8220.75341322369 1823797.555541369 381.19688914039125 
243293.0490488857 4260.708734567831 0 
8177.414516123326 5762432.159529489 622.7769394338181 
8495.877356800074 732690.5588912785 270.19409183104796 
8257.181263504279 1550758.623173537 575.8793646966049 
8164.933702576975 6428580.45560988 861.0702539737168 
8180.344845244595 5369792.511576006 508.3952718984208 
8206.216576488237 6092032.126414253 431.465481128538 
9375.02619331488 2912716.5041187434 108.63117494541281 
478245.87731875194 3591.704446975347 45.22856684914636 
8206.821198764963 3687307.071493168 471.1062496107875 
411309.07687278464 3608.0783002885732 22.039571368523855 
8196.163815501408 3140190.9389130576 521.4636155415442 
8187.461899080949 3117223.5458619157 546.4332124134352 
8185.394866881376 3491648.7709294716 796.2539460188167 
8276.400388792616 1353324.34317816 615.2283584493039 
496283.7000487759 3502.791549653344 49.673365912484954 
9199.998533733393 667823.229133443 126.71455651317339 
8186.199659931195 4178536.4279186674 560.1087489248271 
8634.46331189903 449803.0022873471 208.8310871298385 
8162.684909063606 6713634.4337367 812.4778246032836 
45624.430235181455 17009.148624872447 84.04403529774272 
8363.956578097226 1330027.9598632194 246.27669003306195 
8163.914505366194 6338975.77188403 904.3469634700709 
8200.860580714381 4362043.8514462225 447.9371289134039 
8203.922505763796 3895480.884549608 456.2820412150439 
8185.597797675095 3565885.0775955305 769.4324737341217 
8245.52550189615 1596432.5174032133 282.22736518264634 
8173.305331455525 3918559.2642436535 897.4739593312039 
8329.51445076962 1071347.8260365261 284.3453339709881 
8422.02388350431 1103640.3796623733 222.73796928152498 
215278.6792594316 5197.449686413849 6.556680725505803 
8183.999555390235 3719994.753797656 661.9523668728425 
8175.895603622758 3699691.7116478505 868.8647891736364 
8185.475558727275 3636276.469274103 793.4967197775245 
166874.92205158225 5512.5549813842335 3.2764101853980625 
8214.595145187808 4025697.8213871345 419.1649539199282 
8340.56266231349 1440510.499645413 228.917540563808 
8838.487588209788 330404.2229228602 140.67378955516708 
8534.547854373246 460733.5988184439 182.43472915042676 
27714.68963326106 136501.54759044468 152.55833922420857 
8195.99539935348 3954623.6458239923 527.0467965220438 
84371.20057543286 10809.69581862749 10.828709617869608 
8322.243110462648 1270704.673830954 422.3904922168747 
8299.72334691675 1353127.6647544939 402.70095539393657 
12339.98939589187 257948.71187021717 181.1255024638029 
8270.873701723822 1428601.162907503 672.6472035495613 
113523.93978073112 8436.636589944865 60.83832017275004 
10186.5786340001 517164.98608977505 59.8632666731166 
26890.886844617926 397193.0345412038 14.75807113497283 
14191.558158620814 306275.648773516 112.2486819076885 
8305.911838579355 1308565.5823242022 388.88962211838066 
17077.546179108493 85255.23640973872 163.59334969456654 
33418.443013770804 183114.6010071282 54.811689741901134 
15719.866437638142 147597.08671698795 166.90285624206646 
116639.37288057414 8877.099336715451 40.44125793421241 
242183.83196142767 4892.7797744176105 29.664730918516803 
40322.65257419464 28180.84289160583 73.5920870577207 
133099.61086988318 7269.3070429368545 19.476884089849854 
65267.86016453125 33967.46791935821 42.77729443588858 
152900.8312869704 6444.854215711473 67.3973802897042 
8178.531976815858 4001888.4470912395 820.7811546204125 
8183.147977180307 3574753.837838119 907.5649327326971 
71834.51178390623 10599.35170438523 32.902039967177174 
55941.494024804735 16805.122305488792 45.99911665501319 
144189.88131661442 20342.08446708417 0 
75142.8652620825 25819.34073386174 1.2620488500730072 
225476.68404662987 5857.918556453134 0 
70036.78965502589 84417.02187720411 3.3886533670869583 
223831.11560081737 5154.999464300476 52.57684061757567 
136150.69902192758 16662.108337482194 7.803793164278943 
162053.93147607316 6557.1539348965725 5.717070524927471 
397832.6442298549 3626.865138220902 59.98999999556389 
404792.34217346495 3620.4618318744583 0 
156679.2907805612 9145.894732903222 7.607440471478617 
8165.137685193167 4360361.177005554 650.3784653383805 
1008649.6547917177 2767.672736011709 33.665551341804374 
33609.314187748365 89036.7002563952 117.6357990855602 
8192.54994786537 2992374.155637742 726.3694132033119 
375856.98312298214 3785.3930852802187 7.513799797609352 
80846.3971199099 9981.994148907088 84.91869319440525 
1454285.0783909452 3141.183057127305 0 
8158.664400546282 11259112.03916476 1303.843011192033 
8182.94305998911 489841461.64776593 967.2031881879822 
