8158.020677466422 10619871.428912185 1013.6763380050936 
8154.61568125717 8145378.3748834375 1086.6860963004247 
8165.449246829255 5871031.843188406 1166.90437360164 
1624515.9817865225 2663.8883517778577 0 
1170361.6464142653 2933.2646060283087 24.68107077224826 
8165.411468405363 9353426.613898272 852.2845291359846 
8169.559058531522 6751710.388528377 682.2982171941978 
1416343.7801635738 2685.4569070588277 0 
8156.173402108658 10074221.141174914 1016.1708224233337 
8160.814411889464 7893461.326889045 862.3176871963815 
8220.75341322369 1823797.555541369 381.19688914039125 
8173.305331455525 3918559.2642436535 897.4739593312039 
8168.268598278993 5265985.608740852 1008.9744371800319 
8170.6430451964625 5565072.13386179 749.2180297598071 
8171.0420489693315 4408154.4564517215 652.7156880953407 
669794.2854944866 3932.347913172979 23.446714489919806 
931705.9624035814 2941.4440937882528 47.8890544026596 
1071646.6177083096 3735.3367556124613 10.312270786202639 
8164.581015052981 6212195.434518753 1157.9903081413563 
8325.861876594487 1026918.7215386508 315.34004007450994 
8168.668707607461 9685263.738544403 806.8469826908768 
8196.163815501408 3140190.9389130576 521.4636155415442 
8184.059507273343 4214424.7770003555 693.8204795950123 
8180.344845244595 5369792.511576006 508.3952718984208 
1079195.7207278619 3432.9460714799006 31.10711720637117 
8239.965410344728 2788579.7796911737 355.83488610676204 
8495.877356800074 732690.5588912785 270.19409183104796 
8186.199659931195 4178536.4279186674 560.1087489248271 
225476.68404662987 5857.918556453134 0 
549126.054874963 3268.7455616726393 46.04970732716686 
8185.597797675095 3565885.0775955305 769.4324737341217 
8206.216576488237 6092032.126414253 431.465481128538 
9375.02619331488 2912716.5041187434 108.63117494541281 
8206.821198764963 3687307.071493168 471.1062496107875 
8175.895603622758 3699691.7116478505 868.8647891736364 
8178.531976815858 4001888.4470912395 820.7811546204125 
8188.126818044204 3339407.5367690255 677.305362655046 
166874.92205158225 5512.5549813842335 3.2764101853980625 
797921.0533598772 3729.0024717028687 24.65664717023533 
9199.998533733393 667823.229133443 126.71455651317339 
8164.933702576975 6428580.45560988 861.0702539737168 
856217.6401784907 3293.2395755645302 37.451352712024104 
917955.9305585228 3303.1447498737307 35.2401055359048 
223831.11560081737 5154.999464300476 52.57684061757567 
8634.46331189903 449803.0022873471 208.8310871298385 
8257.181263504279 1550758.623173537 575.8793646966049 
8185.475558727275 3636276.469274103 793.4967197775245 
8189.8339695245295 3893137.675464325 615.0891252174666 
8363.956578097226 1330027.9598632194 246.27669003306195 
8276.400388792616 1353324.34317816 615.2283584493039 
8245.52550189615 1596432.5174032133 282.22736518264634 
113523.93978073112 8436.636589944865 60.83832017275004 
8422.02388350431 1103640.3796623733 222.73796928152498 
8200.860580714381 4362043.8514462225 447.9371289134039 
8329.51445076962 1071347.8260365261 284.3453339709881 
872052.0436709323 3659.164527301631 13.786093547159512 
8214.595145187808 4025697.8213871345 419.1649539199282 
391717.99948429863 3262.696255850711 70.97202761122492 
8340.56266231349 1440510.499645413 228.917540563808 
8838.487588209788 330404.2229228602 140.67378955516708 
84371.20057543286 10809.69581862749 10.828709617869608 
8534.547854373246 460733.5988184439 182.43472915042676 
8322.243110462648 1270704.673830954 422.3904922168747 
152900.8312869704 6444.854215711473 67.3973802897042 
27714.68963326106 136501.54759044468 152.55833922420857 
8270.873701723822 1428601.162907503 672.6472035495613 
70036.78965502589 84417.02187720411 3.3886533670869583 
436517.8501633707 3656.296527926083 37.26357585582549 
133099.61086988318 7269.3070429368545 19.476884089849854 
8299.72334691675 1353127.6647544939 402.70095539393657 
12339.98939589187 257948.71187021717 181.1255024638029 
45624.430235181455 17009.148624872447 84.04403529774272 
10186.5786340001 517164.98608977505 59.8632666731166 
40322.65257419464 28180.84289160583 73.5920870577207 
14191.558158620814 306275.648773516 112.2486819076885 
17077.546179108493 85255.23640973872 163.59334969456654 
8305.911838579355 1308565.5823242022 388.88962211838066 
26890.886844617926 397193.0345412038 14.75807113497283 
8203.922505763796 3895480.884549608 456.2820412150439 
8179.954610605844 4369979.243464996 759.4717323380308 
419546.2443856602 3987.99806468808 55.34648238878006 
15719.866437638142 147597.08671698795 166.90285624206646 
33418.443013770804 183114.6010071282 54.811689741901134 
55941.494024804735 16805.122305488792 45.99911665501319 
243293.0490488857 4260.708734567831 0 
8195.99539935348 3954623.6458239923 527.0467965220438 
8177.414516123326 5762432.159529489 622.7769394338181 
496283.7000487759 3502.791549653344 49.673365912484954 
8165.556666438528 5436718.81995859 914.2237105869158 
242183.83196142767 4892.7797744176105 29.664730918516803 
215278.6792594316 5197.449686413849 6.556680725505803 
8183.147977180307 3574753.837838119 907.5649327326971 
8194.317132337175 2308453.599439967 560.1258192951061 
1268634.131080172 3003.0806200291872 0 
156679.2907805612 9145.894732903222 7.607440471478617 
596530.4129242086 4054.30157114254 0 
946129.0961836609 3492.082428898844 22.30334955434208 
8162.335691490947 12077779.54240388 1092.0696743147782 
8364.178983373931 15504653.586569963 581.1734405830705 
1379572.1380818207 3305.7758757220063 0 
