22588.36003019829 180702.79337706018 0 
29615.754348480274 174934.430431266 5.121535639444371 
5226.959671485064 48055002.202339575 55253.37648120617 
5226.959891345107 47418990.83618511 56539.38249346645 
5226.9895606790815 77010977.83858389 41846.66619834765 
23141.85461775925 178472.02283092696 5.121535639444371 
5227.014424905256 56759126.39013937 34722.328923194225 
5226.972542606736 63277609.05124516 47673.70596714835 
5226.997951947707 67454366.36705233 39525.83848451354 
5226.972382348171 74039123.22005287 47741.324021617256 
19797.751027067698 180792.4657720922 0 
5226.962131550151 44168875.13614912 54565.48023084833 
5226.972687830521 51312473.22959697 47694.14075000724 
5227.017239785592 31221692.198260847 36903.406875236135 
5226.998124000855 49193790.107446015 39371.081589490896 
18969.813571430444 180225.9717662774 6.208205103582084 
5226.971093421116 37804578.64559102 50735.31949125336 
17801.101369690183 180832.66097104808 0 
5226.9718655112365 38572690.18519409 49319.29827700075 
5262.5756068822575 4597958.146651159 4444.062364644325 
5226.98005879591 67430026.49829043 51756.24476771747 
5230.655832421879 8093283.914539639 6775.874223969087 
5452.590025698445 2962948.5180510697 1757.8698640337984 
12529.787592153403 204480.92495951557 1.0484335456368157 
9009.129581039158 270112.58444206754 22.513791134432665 
5227.14139072177 23691946.68669399 26424.79078351853 
5309.430077823705 2083965.7801295433 2243.0247785940915 
9619.391095331355 234244.3110001644 13.709989957315038 
5244.522710016037 5995922.624399889 5466.801012776217 
5229.709709608902 11227807.174418889 12239.705273018124 
7929.47452072444 425482.19533108023 50.25535706821944 
15098.896745535041 187667.95060856195 1.026338996109151 
5227.18102002815 22710866.380419925 24531.328040832665 
10511.24618338034 217318.14369523842 10.839341996461584 
5226.961202065166 44344395.34601865 54997.338082769864 
5227.1357546063355 24382734.34967894 29438.45413695058 
5227.01412445926 32109499.527568806 34869.488087816506 
5227.119100127048 27439266.10664008 30673.01286923201 
5227.018511896997 29486141.825119015 32452.53501530002 
13393.48246188426 197195.23811747326 7.557116240520058 
5226.995145899441 35188196.55477471 39958.84918268418 
5227.01824126921 102888535.97792539 47678.97993053747 
17149.61226769368 182480.232269616 0 
14385.904904703237 190989.78522144386 0 
16521.83106070602 184590.99819688694 5.101698846809935 
5634.398282519236 2171813.86258626 938.1736373501184 
5226.974823840584 40816190.02759732 46475.3539924046 
5226.969267315942 41839204.578417376 50614.33677053542 
5226.970164486491 76032683.42832696 50190.190864148826 
5227.0377126278 31567392.12103162 30580.131323123238 
5227.269714726232 23506526.397247504 21726.250377429475 
5226.9889162343 74472420.45523588 42503.504564392846 
5227.140559202162 25902387.616431423 28558.829395002955 
11808.803443077813 200791.77439100653 3.14563047850074 
8093.153127937491 399491.7040377387 58.35778358765467 
6900.875177813405 304210.03848624724 68.93841608023388 
5228.406995150252 14079474.179696944 10104.389506062247 
5227.4722850042945 16250796.635143157 15893.067467239036 
6635.658552581972 1299312.3247192705 659.8799907568991 
5227.786746126416 12344600.469837476 10912.484648809577 
5235.660585885873 7465181.336086007 6728.48141968743 
5226.990756134233 41025440.047547214 41339.661952831186 
5227.1062526174255 31821117.895335943 28519.090884177007 
6037.37077741667 5861945.268132495 846.8851811915447 
13821.443187296501 195137.39168790999 3.14563047850074 
5227.281776897432 26750421.5733433 19769.879617569444 
5227.251050733388 20376645.801412795 23548.904054503902 
5226.975912143192 34648057.10375997 45831.19624561791 
5228.704058480977 11525866.72026085 9343.346650872365 
5227.0159172656295 31767744.266278856 33829.55057386356 
5227.538335813073 13135291.98548691 15231.606297091994 
5227.407936200355 19861749.124304995 16612.31603797306 
6247.229195050366 1585121.854186077 754.3960325716923 
10944.513293545306 221307.43679143194 8.56227524670595 
5227.460003561104 17207124.10540119 18438.96907534973 
5227.618256079808 18519025.095266737 14580.220263204841 
11401.57481977572 204661.6867565617 0 
5256.768706769029 5009368.755551819 4576.28602561809 
5227.735453051429 15230577.902342543 12968.146962851535 
19722.17351238289 179368.21959794685 7.139094319413118 
5227.018089637292 30026292.27545788 32600.78644042824 
5227.691289051853 17994687.83629274 13716.168947569375 
5226.988181760486 38452883.410238475 43862.60887813287 
5226.995369853272 34285086.793104544 42068.44901941156 
5227.4699001801 17099569.003546678 17360.695120283268 
6900.440833320191 1064745.3287568768 165.7140680576896 
5226.989668150125 38184110.2732859 43302.634450045065 
15802.14442532004 187355.63820269587 5.100594364313789 
5227.443604056245 14922551.153249374 19033.57268156184 
5229.87089605028 7669494.812439231 7888.705895525895 
5227.0173037087025 30593158.490220457 34350.95375033449 
5227.410118981386 19316929.955656555 17289.090014632144 
5227.246398124746 21874211.595314953 22278.768242745326 
15880.08294188177 185316.9493398544 0 
5227.367742448848 21426164.023744117 22879.596160272962 
5229.738593691182 15138782.026999597 8135.557414763831 
5227.125701236679 29547460.058543812 25446.774109611786 
5227.268679701043 27248172.846297093 20639.175124739406 
5227.624765299588 21332889.954407103 14414.56714989798 
5228.166692422134 11531057.925423874 12519.057148319342 
