13379.772167061481 246430.84569733407 33.892967865982634 
10010.18005329039 262495.9164431187 18.430781622223346 
5227.041808483489 75469792.16960292 55327.42379610508 
5227.061126864891 44874333.26526469 34145.16924967169 
10257.601131941456 259050.5582584086 27.760167722733176 
13328.950459788202 252034.94586319584 36.45853171307796 
5227.216622155726 49534869.40291251 23641.59130489381 
5227.049873207891 73851318.52948418 52358.318233181206 
5227.054247213837 73895025.09874678 51900.019028205206 
5227.068182738741 47716796.7740322 30920.86837826527 
5708.625894131321 2275252.797403476 741.6279410324531 
5227.102822309361 41048702.34191164 28069.730642934315 
5227.075871839876 42434239.708410695 29957.062361734646 
5227.069926039828 44429408.762841575 31341.428524885723 
6133.906157962035 3273289.3659981117 557.8741223437235 
7722.117105297261 309243.54751656146 53.599733037751804 
8978.618237855175 281903.83024000877 41.33956108546215 
5230.603666485575 20257366.136955656 6607.852622607901 
5227.353563407678 30967756.055042647 19079.082352407375 
5228.351656204144 10505538.975925297 10618.1577332123 
9243.725254128505 285495.22878175863 19.118127409244625 
5227.361473541023 22286580.54667107 20956.28152311841 
7408.3229857682945 388203.9511254389 89.69062567565574 
5230.8924632192775 7882449.528955389 8308.562540314713 
8758.366137108243 287748.23746026494 37.10565995260702 
5229.846732453248 8599205.86094963 10058.374660181062 
5227.04648248946 75181449.98504409 52894.749852968074 
5244.011486378622 8873898.353866838 7976.799411754737 
5227.284074932252 27360130.523268286 21994.475605635973 
5227.232175894172 35342991.60116934 23371.67750995631 
5227.138597461239 33607032.863690116 26162.13806455294 
8164.352700265836 405995.1429726661 41.46478504788836 
5227.124391256606 37379523.13848154 27116.090313048557 
9845.64646104038 262784.209771425 33.70229905294167 
5227.387489282626 24953991.860780157 18304.771802397037 
5227.378826025109 29842398.33053732 17922.08292333088 
6518.775479812808 799970.6611039873 259.9734658889976 
5227.74029545418 15664004.92007165 14806.992910982668 
5228.188507153105 13005553.453087546 11692.979851386139 
5227.34613566297 23549612.48539619 20783.586704720026 
5345.645285278778 8046610.831752449 2530.413334393143 
5230.268440111371 8438186.833672265 7270.837014555084 
5246.052169576503 6756168.289800014 3808.23487720809 
9657.22524802027 271308.3767958761 35.99786340278215 
8347.875076205046 302346.12108668993 60.745324574377044 
6390.588180480081 1087666.1307929107 231.66606814424557 
9427.630202788978 274336.1960427302 43.853130223944554 
8559.34804716276 289753.5807238845 44.598149981034396 
5227.245965289905 29779096.250796784 23086.535130362972 
7161.441606581252 401207.03526830976 87.65055009990888 
5227.1178058481655 38916167.57937826 27615.032959371794 
5227.1237609845775 36955583.996319935 27441.171504878395 
5444.162653956172 2665835.3990464937 1347.033129811479 
5227.863575603593 14174110.299037736 14402.242650675389 
6253.066655058119 867135.1618853747 302.9621336662247 
5228.311399081313 11074941.130177716 11322.916534677668 
7896.994701041071 409974.9304800405 45.81917742857655 
5540.885653318581 1480243.447417378 799.8197152350465 
7990.947215479524 317105.28747509856 41.981271280425844 
5254.091653337175 4555929.1107915435 3231.277856169792 
5227.935473355592 16809187.02050049 12395.028569738359 
5228.709513466216 11665096.849185461 9194.464511491879 
5259.497036270347 3832294.437664739 3014.3297341958187 
7301.5661437498675 341418.6831025474 117.75086447651819 
5689.438687069234 3019804.5054540182 616.5900392134986 
5227.294008893028 25903236.145805564 21732.33590690405 
5227.339787787729 32348661.60236956 20026.285125086648 
5227.700303592674 17111338.446605302 15904.374376689733 
5227.158501816875 28473422.585937746 25729.865483507427 
5227.805188541605 14967358.46318731 13522.701606715693 
5251.09882802896 4256457.697361134 4054.533123713265 
5227.109895880125 44863542.866225705 31379.82217164852 
5227.309298510541 34341615.15869875 21301.66210442851 
5227.171140289369 28958366.642573807 24475.45970077433 
5227.561380902515 17967624.68099638 16623.463496725955 
5227.471935510017 19443415.85865094 16861.483118017728 
5227.338120209081 32860446.67622474 20747.167894525923 
6870.812638728991 1145377.7535403736 178.0445170859253 
5349.957196883316 3596920.8994559916 1878.0406456012677 
5227.073971901548 43245091.2774905 30363.055425870043 
5231.326367814774 6080311.574844275 5128.120322287499 
6708.44932746572 713877.9507153892 246.29471390595364 
5231.126404870794 6256066.656013189 4948.831492587197 
9542.44343718185 271761.1964865997 35.36708385891989 
5228.0590705997465 18727794.838154837 12212.464981333162 
5228.057756628837 12363270.87517055 13779.468083732703 
5227.339840996964 26759528.775069755 21393.1168544173 
5227.621684191036 17750953.315882474 15336.434026867462 
5227.211248161124 39411406.4812863 23999.781564752368 
6179.444726905918 1274893.2687772233 907.6195027213272 
5228.411267428896 14289168.109094568 9350.279406012502 
5227.198635828075 28907016.613384828 25062.050393776775 
8460.109208311444 298711.56082581845 41.94355146098672 
5227.44099378154 17426926.59262944 19730.712379785484 
5385.927630927863 3377364.058582168 1533.0143187251783 
6723.199343690275 517194.72378559125 213.87124746797576 
5227.228731886205 25178742.133671604 25563.14037788311 
5227.390571178293 19600947.52428685 20082.496502800113 
5227.895123491751 19133858.651448447 12962.110320972344 
7010.98854128343 759176.9019187985 158.9509831477574 
