13492.388132978294 197984.17012875696 1.0005340133816951 
30738.66206977963 181547.36229216945 5.647126343226237 
5226.960690782708 49903785.31618293 60218.770293989604 
16492.502368508027 188802.14418356217 2.1144085850099916 
5226.965176884819 45386185.65929562 55721.34593516603 
5226.9692989372825 38703915.09390557 50035.651001439444 
5227.211894162047 42140156.91718721 21726.602113547975 
5256.735371206314 4367910.020700079 4336.159447400631 
5227.568494537745 14471172.03854151 15412.813060092276 
5227.140450894284 25060181.35479878 25734.566519572127 
5228.818245261511 13251706.636682322 8447.841661219065 
5227.021647224851 28027622.027784064 35739.55006630297 
14960.96524568557 191329.0715877903 5.322393014585189 
5323.761907040448 3819849.5154428147 3591.662972110131 
5227.16631687283 23967781.454691168 24646.327715496507 
5227.318772669683 20407756.03728152 19665.01815668747 
5227.038823441703 28618953.64140816 29748.028542194534 
5227.484245905206 17972253.072580837 17056.096935111444 
8734.875377863142 249696.3058999692 6.1358414951626825 
7929.47452072444 425482.19533108023 50.25535706821944 
5227.018494937676 30122011.11144013 32960.85707948313 
5227.128050697416 25716800.67820303 27656.937431216196 
5227.12905020346 29956282.720402915 27006.94307736818 
13083.03337644284 197376.52048846683 1.0289791686227572 
5235.366236259134 6226427.219238491 7203.122615051432 
5227.602054208205 15884683.452798653 13429.286394729213 
5226.962807815298 48042056.36911917 58011.09010091547 
5227.103397129685 27742314.45801504 27163.360674005882 
5227.475422631597 19089949.862978514 16526.96323016468 
5235.346161913291 7850300.7602197565 5726.823638019334 
12129.79563734341 201597.79153933638 3.14563047850074 
9431.68149816491 240158.1939496383 19.833709147457924 
15845.868584668575 189061.1342062208 4.263473131885677 
5226.976084723349 35114103.95778633 45772.15635912252 
5226.9639309739605 45986300.661860995 56548.041812077005 
5226.973907896816 36950338.06260992 47149.01671833836 
5226.997294011321 31721330.06707003 40979.099178017284 
5226.996398100723 32229513.80130626 41373.844359232964 
5226.961213516716 47393044.179291405 58903.937237539416 
5237.759659327724 8464626.850758221 5023.085279601316 
5226.977524928406 39121139.42563036 45251.066799456894 
5227.264274191709 30659909.215503015 22660.481496696764 
5227.282508121739 34131505.02696476 20722.12881231217 
6635.658552581972 1299312.3247192705 659.8799907568991 
5226.962726844155 47046267.940971166 58234.22067780163 
5226.995704815779 33035994.28839563 42085.318732651074 
5227.733736668808 16873972.295974355 13009.121754934873 
5234.306421512982 9364679.416183444 6742.593118308465 
5228.275737634252 14973437.100238811 11555.073114858094 
5229.026021911583 12008052.057606902 9304.225531511554 
5227.700569577095 23355234.822956942 12631.961671236006 
5227.20691243508 22059127.25411583 23473.179184063687 
5634.423600274666 2320805.7438544463 965.2058422273069 
5226.992015581049 40637308.698899835 42659.307990110035 
5227.185191749528 22066187.63207823 23198.248386820578 
5226.994094632886 39856596.71076131 40574.82584422836 
10915.309289392944 215624.14275517827 4.193696171835537 
5228.398151953933 10983863.40455541 9972.363715765878 
10339.225667846023 216201.161435802 4.029066743182161 
5227.281635365305 33310525.98770948 20875.524920013795 
5226.994689041166 34621017.204567246 39697.913295205755 
5590.37245623054 2931019.4840441295 841.7511371723057 
5227.037415986109 40109179.18170801 31518.5033034529 
5227.015198525586 37366178.579661034 36320.68605954846 
5406.467044478186 6666143.504171901 2180.779349483003 
5234.834012046164 11530696.562473562 6270.832240451819 
5226.990879552255 37817261.694120914 43725.95162526414 
5226.962885952744 47616715.170383774 57840.628237069475 
5227.035322822851 35328259.89728136 32445.937860932572 
5227.285820079824 21234733.38005243 22272.802422127275 
5228.621599945517 10634793.324193692 9580.419240200361 
5226.989381252871 41537580.53352899 43162.11472360658 
9942.920497269895 220917.79445781623 3.029483142327499 
5226.97377260195 36549859.0893127 47827.57718058412 
5226.996291246765 37658936.695904106 38945.53464250368 
15257.243381460117 191075.74070106534 3.043369862743971 
5227.037620730123 27905556.934696816 30245.842601921082 
5227.048418701311 27770339.607322723 28803.986327783314 
6085.306955686928 1692972.6948467107 553.649674631253 
5227.037238462525 41219760.93918624 31566.991189526758 
7399.286410116882 323713.79194689664 66.06800483024138 
11328.32100118374 213070.55601199073 6.204760884606087 
5308.859041373529 8203599.977201369 2330.8599284625075 
5873.938245169327 1679376.5845207486 1113.141349177786 
5227.126571896887 25586677.03333783 27864.740163614104 
6249.74465699218 1548302.9432877204 756.3854994333374 
5227.451236731851 18719968.18848197 18022.108777588528 
5227.38916585628 23673173.577098396 18965.529689539442 
5529.994992391911 14762879.765159957 1676.835551108838 
5227.009834165672 35803640.24008816 38099.387818845455 
5227.782206381671 15236941.183528747 12276.937951420772 
5226.973637304581 36767705.794063166 48135.292929741736 
5229.411787187252 8137210.84382009 7714.025344493436 
6926.838787627065 869637.7632472548 121.87336432314 
5226.969281154689 39219531.942548394 50031.059736106756 
5227.734241088925 16372121.994849283 12787.764797670392 
5226.971172777359 38416197.27021541 49340.132432598424 
5226.963939210925 45862334.50758509 56524.44002297549 
5226.9714497389405 38505210.111080125 49202.260850029066 
5233.756466194467 9220736.040030243 7229.3909299764 
