8513.028889942729 514767.2909985179 244.41750360638656 
8012.75846013356 119402800.77386634 4198.258551452244 
8012.154077293281 33274434.449358724 4598.4192048939585 
8013.109404210006 19450133.248091675 5073.4858617058135 
8640.79341780369 360560.5330830788 273.7598252774085 
8514.769329610335 214391.06568088266 436.214317297231 
8013.9528681094935 14953978.375757946 3576.9871906644344 
8012.736412513707 25425363.63012565 4486.438386513586 
8012.782572154271 21837705.612053137 3855.22899283096 
8013.962913040896 10695705.172644548 3268.883610839568 
8017.411087260069 4025376.157671225 2118.2822406116647 
8017.721384886246 2235469.2136592143 1578.1924181385314 
8441.114819809156 428563.08366934257 316.25210172549055 
8014.518563862999 8668354.607547782 2948.261305338422 
8489.696887113423 1022958.4914778542 296.38190275877196 
8606.80643151612 399120.0296983303 256.79202924471167 
8017.237170724857 4180125.2119917534 2196.5116153426106 
8015.7510699397035 9655096.870879907 2438.5666559254887 
8136.514585127035 691134.6898862842 561.831774135363 
8580.9256782978 262248.7221176169 324.9263399001071 
8545.733294423939 287659.698853328 356.9350112853809 
8557.129595219572 471251.9693050849 277.55918639954854 
8108.680817815928 807459.6264280132 617.2722142329102 
8242.672230823406 418081.2489364417 541.5737222849589 
8015.129709502985 8898931.699662682 2714.31754868374 
8521.273954203965 360851.96454734093 285.9235639376003 
8268.195489327158 1029236.8244158106 441.08768338769517 
8015.935204787991 7231841.043947328 2843.092308448802 
8186.519062988735 470624.676570975 540.4787234243405 
8593.611280668089 483197.5184837885 267.9868800731859 
8021.306474431381 3720351.4691877235 1518.9105352561232 
8312.555464822832 694761.0427244387 430.0244824737684 
8016.97175110678 5918590.016331747 2546.3108973663357 
8494.45845997077 681203.3133726998 288.15626033116894 
8199.390992813567 443060.74603302055 610.1322032619871 
8338.330185786 310814.6557609584 714.7476218453112 
8351.445938771867 1827707.097744306 345.13991668798496 
8171.053043427194 278692.43350370147 819.1941664243429 
8015.962803310147 7078540.6813204065 2607.1841813242004 
8207.49230901308 260246.00420255892 811.5008759591631 
8235.5962587141 696683.3926543999 496.25742772711135 
8366.67472565753 522682.79968463443 484.73703069874546 
8327.836082441692 299399.11879970244 750.2459972626725 
8014.663740660972 9930358.39113256 2882.172443875684 
8224.993721827164 900416.1616856102 528.6472989990574 
8086.534002816467 393835.44105420675 677.4033959669943 
8282.387789921304 683195.5972529501 518.5687990283498 
8145.022709423923 640011.978366067 590.2132794868774 
8016.4222355788315 9039557.443784129 2458.4311894446373 
8078.767013066486 1529939.6224947907 655.0156730102074 
8418.835950457535 567717.1740045194 391.3981512827402 
8093.426183839393 694125.15198101 638.4502665260886 
8359.9111761401 347419.17643030884 670.4785394331685 
8038.13262886624 2748309.718767277 986.449810067994 
8072.140181385109 803233.6479566947 706.9623546031036 
8165.019988401255 260644.6101637865 838.9085667626871 
8103.365803054267 354829.6871704874 642.4765421501218 
8378.609785486919 242572.72010369383 638.7860957840533 
8272.66983019669 323637.86114818417 751.3982066943302 
8032.255301468687 1709877.70909349 1140.1999448124752 
8301.739437636872 319792.7338087681 778.8104602754502 
8028.30351842866 3070765.254215393 1089.7167844046282 
8041.968284362947 2647307.0483421213 1008.2974315547906 
8017.2047663784215 5363003.835196804 2595.407975560821 
8045.063936287649 1578828.3217145633 884.6343883551829 
8043.622193994446 1034073.6784261131 931.437396404742 
8023.95233997935 2294839.3226312706 1387.0532677333665 
8431.213496898199 357131.18262905494 375.140168001126 
8028.144209494548 1275110.8836869602 1453.340969210446 
8409.326499141825 1408544.7375319963 364.6778462965777 
8155.686512636621 306814.9872120894 843.1650306741321 
8035.136469906238 1145037.7048480723 1208.6531289153756 
8297.169014358267 616214.2238197966 495.41060341509524 
8025.0296861682855 2908502.1434198795 1303.7693111811977 
8065.848975556991 692497.0633054834 772.2514661080977 
8383.146457961091 864517.3400512163 414.16162554056984 
8151.978043974945 406843.9479045287 627.4165123173912 
8406.212593847617 327307.28859768884 456.13213964023953 
8059.316453456066 1068743.9732819423 779.5387063009598 
8215.251482434385 752861.7090388236 534.9710367525486 
8332.309523734473 677250.9981424479 425.8780850440626 
8393.02679792891 849650.2203509359 368.33164918950166 
8027.602788070326 1936447.5380182792 1261.4342887353982 
8043.0499212820505 1093988.204921275 1052.3321064802121 
8025.978529891287 5633361.365360329 1233.0414965426826 
8030.212401622838 1117152.2013996826 1419.7028766324115 
8024.288420913497 1870378.4849367668 1340.7616381080206 
8387.456867792764 676920.2233690041 378.1711481763688 
8422.787324243232 1362916.1654344485 331.8395368327001 
8062.028264214681 1452096.0220923598 745.8427620591136 
8398.355502053037 301597.65417845483 583.5316980768416 
8218.130612581635 1429657.5567579293 524.6558836519524 
8288.216072338077 675040.1976676474 480.009349688254 
8028.814891215485 1858619.5314111616 1172.7683392947401 
8053.338242751857 2079312.28469139 848.8846390211909 
8289.721168029255 1028758.3660883857 443.1833485665834 
8401.025235636405 253217.3726968665 563.0989001717242 
8427.277865564149 1078855.7895042081 344.54748858359267 
8049.31463152729 2153852.194888632 825.1576208881003 
8051.798396181565 1194780.420292385 861.4388112575318 
