10152.647525200855 851958.4487991554 201.51885695036637 
5592.459435263718 3386465.9673281726 1398.1640893562512 
8168.598570148042 898060.4425764517 355.38518000190703 
10112.262706179732 867270.8684632343 205.25548986818833 
9125.388336404776 888889.6537736066 425.54124033118643 
6024.316787829952 1808238.9567365062 850.419388088764 
5918.2545172115115 2188847.9326037657 1145.2302350275081 
6141.868108689421 2389050.8701683106 751.8760219919227 
6077.876151518235 2365432.5325774085 810.7664215252066 
5923.108090697848 1916145.5658123377 957.5998747282932 
5466.429982195094 5536816.775716964 2381.9541018247282 
6073.4560993970845 1842466.7412860484 812.0923691121627 
5884.368685804255 2389359.751339919 1112.7349734474656 
9174.944735827536 716266.8317632054 295.0168561449581 
5479.722099551463 4642902.213057482 1938.3972153371521 
6223.937329466808 1618448.9163768366 774.2148471347792 
5555.302435707641 8793558.325099546 1476.7330882406968 
5960.28416286987 2458787.7429034207 877.3673809803536 
10368.015916520675 886166.0330720604 199.72289826955608 
10233.23903509145 1018588.4381611651 199.93841601586882 
5706.56898968783 4614924.091800397 906.7167381787918 
5801.795401316242 3680527.0332155256 935.5410018786408 
5945.815141837877 2003320.1228086464 882.3437799833134 
6052.56923999969 2191410.249591997 848.3679532310751 
7232.045048213351 1217590.899959991 454.2702282168619 
6015.599996611683 2773451.629823091 774.5824643698006 
5531.188812602191 4033668.3973676832 1513.1292956857237 
5561.681714216016 6379689.763312099 1495.5069882138132 
5601.742756616548 3247841.788183052 1180.4034569640771 
5492.825196760054 6477376.512749358 1616.3119197593148 
7299.70824418585 952757.0503139821 257.0025432593983 
5818.613069693093 1759926.4328685591 1187.1911468601575 
6415.542337355209 2211867.026197179 574.3670880919228 
5508.348637498534 3719701.700031002 1685.1095486919328 
5600.048273990843 3554293.7251418587 1319.0612851251753 
5467.698664811055 4645880.022611296 1631.902485873795 
6741.633735378434 1188733.4814793167 512.2719742376701 
6862.624160676933 1977729.8141841572 429.8017206287019 
8752.999801987922 903943.2364133346 298.42771634244104 
5807.981007961827 2628705.837688884 860.1409867946837 
6153.364051978554 2015643.2486158507 795.1347705500324 
5606.615509348474 2662335.214396042 1201.1414382423477 
6756.207564155414 1427957.3580718345 431.39788580285807 
6224.224199159822 1117923.0371917472 588.7380912603157 
5632.805429718739 2415696.6407861323 953.6920393481043 
6663.740385480056 1571248.5543189887 484.52582298921345 
5827.154264843189 2569768.3773826556 782.8462465688465 
5437.593245220436 8117282.647053958 2276.7463193927474 
6503.144097703044 2319691.0633931863 498.26005649324503 
6050.764509363861 2389737.579111073 770.7361947541469 
6447.778799810628 2396415.4904695475 479.6296814015292 
5556.670224753055 3854807.5302586746 1606.4911569955736 
7014.261318089624 1891574.489230371 423.16242150270784 
6658.274214782829 1424706.2294192715 502.8860487864259 
10176.222080035415 894611.8191995403 216.13273753208028 
10672.248056638327 850698.9081367331 341.97983930579846 
11678.073931192777 867615.8880265133 336.1493929008557 
5480.13338980663 6032059.246868307 2612.9877728800466 
5463.659827284146 13272418.86722573 2355.610215209328 
5589.01420527894 8852447.487619428 1559.9594474690946 
8398.081089511441 1068162.7068130812 278.7502960974104 
6440.968034139103 6621728.417247697 609.0842720581256 
9286.689282114758 869121.0691738705 358.4596787403513 
5481.587581028922 5244218.126839072 2109.8956481918985 
5752.119552913361 2452861.205467754 1293.785705389983 
5490.7593257150975 5538326.265370235 1999.009955459343 
5469.946858899273 6044268.180482934 2220.6482157530218 
5610.063046669699 3297374.809494775 1272.5772559006796 
5584.610535945805 3881655.406530207 1736.9693268471995 
7916.99030256656 1007259.6849414223 302.009126712404 
5637.675288403436 2962658.338665884 1143.3953844455723 
7394.3498026620655 2289695.5598977758 403.6509648784917 
7689.110008457942 1485480.3363246832 457.5428705477191 
9679.570111897085 1002069.7036818708 357.35288373054976 
5487.310388850763 5919482.199087271 1857.2714152301962 
10066.338654129366 926590.1895350765 355.61069709095034 
9519.120873167218 1015837.798105961 261.32301899061486 
6495.786196056458 4678684.81065665 619.8416151512597 
5530.401500989345 4371705.58258263 1934.0369406686182 
7849.923557452696 1139865.2401400546 377.5088959552744 
5562.448299475195 3998765.193437089 1635.4582462817943 
6972.40188455438 1736126.3665638552 516.3580059048218 
5835.406923007762 3239529.5477412874 858.2696266931036 
5474.365568869645 6259524.916808421 1884.9453203229973 
7108.370509831928 1312078.8959684563 681.7451501387737 
6189.612008544647 2346951.538012057 801.4281713056482 
7199.002764221816 1690843.478699594 445.7367592307801 
5552.187116273446 4075881.381559811 1705.7258428536209 
6716.930500915409 1762876.0183740896 621.6546207792428 
7254.661979985376 1577437.888039061 463.67401917117814 
6824.784413394156 3220286.4261772647 488.5788080367752 
5941.90666958631 2514095.5371726723 995.0471945287651 
6554.750042840573 1326772.999350427 676.5213693805633 
6056.150016453069 2215179.9130102964 892.2031966565789 
5909.942233283946 2430218.2165411604 1100.5288605801504 
6496.273412737735 2248516.7316210535 586.4133116082238 
6897.572627578229 1936764.8654148458 515.7171575836768 
5912.5063513007335 2569058.6992004765 1069.5608159356948 
6229.730013688072 2755242.1776742972 750.4552646495304 
6381.122784774849 1556643.2897004834 806.1661882496242 
