109174.83351813683 156771.05635154704 37.147918064668204 
668396.5821619448 29788.684700457983 218.61167140753608 
5268.370128058026 402008682.42173475 18133.264497291817 
5272.36918568193 100530142.64857276 9324.860427552536 
5271.893352403891 77555605.53199555 16952.192612083476 
459300.4699615038 30823.56858067387 427.9121864073937 
571548.2363067098 37634.36513815945 260.5996957289659 
339950.62454735214 31659.961109771364 283.51615134581436 
283139.0402257992 63650.60623398172 113.86690989137148 
650105.1054108299 41010.178544451126 150.05762704256875 
169766.1976557494 69345.20101423224 89.51372774828155 
222780.21174590976 60940.631802035794 130.07843825080772 
234269.698285673 85391.8339929255 88.22378632555815 
133751.54854352833 79613.97487518041 89.4544868427125 
5288.756492776508 21591152.841639675 8817.574884691876 
5291.472868069504 18399095.88387385 6103.16539044989 
5291.338865587466 19911621.679674014 6360.616572629876 
5282.999902315508 45175442.516581446 5309.619456653123 
5286.054002377215 28447367.532109227 8197.156045632477 
114144.36473295077 90488.70831498563 66.33405882652258 
5356.03867281136 6632035.159041819 3448.3910120479604 
5291.495214355677 30213379.820865173 4360.350477834962 
5273.14933789427 38662549.237151094 10326.693359514009 
5350.777730167584 6832913.358956658 2620.1178969536486 
5451.758440137262 3384675.4204449197 2183.7103983197103 
5289.964500641432 32658461.807779945 5262.018727104005 
5311.793817373145 15346192.672537295 4064.880625975813 
71221.58715253767 38007.45084466219 589.7319813395701 
45714.28044061445 122640.60759614944 97.08859128560638 
105820.66783567 94107.64313338639 70.86299016857737 
59331.49151785365 163863.50253765465 77.14169167816097 
39559.38222797314 53325.898760861244 235.5514310316387 
95870.9151748367 86908.82025289773 78.37359255898939 
5297.479935291516 12351488.899806205 4902.711253759482 
5731.596175356087 3469485.516676693 1244.9136014503085 
5363.860532486262 5530374.67256492 3114.9810296205633 
5287.680054145255 28085761.07203087 6332.548720208214 
34479.84259667601 65438.72163447256 286.0315571608079 
16822.03456860099 145832.7896364819 549.8182505078303 
5343.800808221269 8263931.050467023 2995.0260134236146 
91292.78902651175 38652.87536533138 409.03666315163963 
5311.58385661751 11642176.8151448 5104.586953901851 
5314.260004582546 13177485.562800402 4444.7117425577035 
5315.401502347023 11254012.58242916 3328.370983041904 
5831.865936752215 1248489.1483819955 1043.2350605827053 
5464.073135412512 5107007.117076695 1832.7635918068459 
5447.806029605886 19539269.1945154 1939.527662892033 
5337.670378880349 8545036.037485102 2813.0054093371755 
5366.210880263083 4012624.013737301 2119.2560592297 
26577.49206033449 189687.1310733914 137.64154906108345 
5303.645624580303 12885457.150813736 4719.638242459794 
5490.564210882608 3099476.8102191743 1741.8368380887239 
52354.99767584769 211582.17175433744 79.22184679136667 
6045.560861590106 2796455.2930525164 924.4433625675235 
6949.397280233908 1462902.6749573213 824.3835132346771 
5295.122562769953 27415016.705649808 5012.83429627729 
30373.267276260587 90859.8665035312 461.80043223630844 
13592.568919627764 974147.7554226409 264.9593410899685 
11039.99244659676 1620812.4864792502 357.45851088245723 
5597.061815873757 2907796.4458012944 2016.8956783003255 
5318.634915795065 10766864.818612559 4521.760410762196 
5498.7979487327575 5286238.39844005 1588.0947934660148 
5674.750304448962 2163063.4172237357 1459.0225721652573 
5720.427049207778 2381086.7968717692 1330.6330182194542 
5331.471502238854 8967899.379640942 3048.3524400192073 
19302.31679689342 306627.1460981984 457.20065761692894 
7138.320394341207 1288820.9063043566 751.3548945700172 
5658.24884805021 2465357.6034119506 1623.3144581020656 
6252.928526341962 1976561.267741485 1009.1502775071588 
94191.6004107479 44807.29081616459 169.96327413319386 
21915.750403679354 166308.52554891608 343.52239253041205 
5297.449854206071 16742664.554200144 4699.898989546773 
8945.398252105235 518204.2932758764 395.17335495013594 
5668.87214122591 3319683.580391624 1416.0511974858855 
5342.999669262574 16080904.161452722 2767.545430688964 
21698.62286922125 668741.4124333675 331.9607567625781 
30896.6079152597 149132.77978606522 237.57642978977003 
8136.783228541378 2234798.2699028444 666.644065121421 
5337.968247154738 7176768.986456654 3440.8850931464362 
7629.133484549472 722329.1907114835 678.0919759122146 
5308.000908032106 12315935.36974831 5027.751110408355 
5344.186896235482 8503519.179597633 2703.0594886170743 
5358.489005759383 5911127.468275952 2724.971597814507 
5309.0288943735495 15565351.048324427 4634.644328002146 
52968.63361544992 61078.59966362602 129.96320084654363 
5343.516558137074 7210323.933878671 3214.865807176495 
5325.743090795803 8008395.222240457 3250.6482898174027 
41432.39850135248 159968.8353638765 86.02172700543163 
5281.501100577615 30080839.363009404 5501.2693142863545 
5277.01803165337 30955482.147148654 7254.9341315846705 
5322.608720306248 9105074.313285654 4421.089002810166 
5305.417839811059 16352982.937286563 4383.8329382189795 
5296.094704422244 16818760.49250729 6592.994285769827 
5290.293014967344 23514721.49488131 7420.670033993476 
83811.72402327193 61012.16864725581 157.88023086968826 
5310.769558378549 16749727.284153437 4368.483653816021 
26388.046568232134 202615.1292112872 186.48655738029322 
45519.11870816706 133837.76827324188 177.3823716964711 
5287.624231600225 28258366.95575184 8857.506214005884 
211712.18434746133 113327.24649115266 71.0983149693122 
