173530.68730716468 7591.798439176253 23.30471823402455 
873592.9430364247 9782.1373404421 17.106278283952676 
98484.40711372426 39493.800385696486 3.4426352602523558 
5314.01588222072 8168609.978825059 3238.866486975519 
850542.4809220055 23223.40636382835 5.993142266876118 
498408.98573594744 11371.393047691272 17.082872952079924 
479889.9681968894 31159.220947111913 3.4527943740049047 
5314.20356117677 7561607.007675528 2845.1643347379427 
5322.901180501739 3686418.6162176398 2009.1127704893142 
5325.343138722633 3359381.1309900335 1821.8122604865985 
5738.86816354804 1197209.9513046416 520.977676466386 
5630.163406333194 1606514.5101583893 629.5176731892337 
5521.893428300763 1315139.8905945786 1001.8033337841276 
5526.187142015853 1039124.9713587617 862.923146321283 
5371.6842547279575 1431805.6923220383 1153.7176261392283 
8628.364213468058 370436.7694877026 251.04312814825138 
5314.151838784407 6969552.014298109 3084.662925797368 
5314.764065230606 6708670.038416444 2975.2368772150217 
5329.5497855623325 2958795.241810304 1694.762762169369 
127858.92301956871 10554.62299402189 17.10632302296851 
5333.851517688535 4149323.1212620432 1507.5587809846525 
5318.41012855806 5300374.01871177 2238.406837192235 
5930.464205214941 674498.5218210527 409.31321810184124 
5315.513222150501 5831198.497750683 2836.984706963707 
5444.394946419687 2353616.7864169404 961.3517968229364 
5410.663868718812 3198996.4559438154 1086.3822514611427 
5355.599244557716 1939634.047503877 1291.546533515463 
6556.899376686806 606345.735180356 462.9319141288484 
5315.221969798666 5543649.875471583 2907.5515131180946 
5322.562590698401 4193551.631804112 2108.519936556902 
5316.230437178624 5608089.315186774 2612.8454059964542 
5322.740930929171 3916791.7496530977 2161.266014649684 
146036.9696097131 25070.694950934572 4.9842051812061055 
5320.026224564474 4459244.811780518 2412.6092525686277 
5322.382903399157 4729686.104515011 2172.810109461168 
5351.20998952638 2253399.798064335 1378.868214672006 
7019.714378867741 520723.2587161644 204.4394556733873 
5323.03691028289 3485353.1955023 1968.8839718313077 
12144.878182715562 940536.527460014 161.05759735639384 
5319.583116735257 4999181.294322792 2124.3987753533133 
5320.436533713088 3965838.24032901 2331.0716643677442 
5315.551236705178 6129506.636081413 2684.782224874883 
5320.39942285154 4846121.684983246 2356.3890809577842 
5698.930606450949 813121.1226114564 715.5347952125705 
42024.93578559313 37611.00522471043 122.91838703418183 
5341.785065999648 2460918.550676558 1558.434522312393 
5353.785682024962 2043226.1352510897 1263.3544408904781 
5315.735560255254 6550837.874637086 2573.585358827835 
5316.487590771716 5096108.43192633 2544.893055644643 
5371.816089228216 2631287.75090757 1112.9412411593926 
5314.748242991553 7477114.355641707 3011.2500580541223 
5318.3680526120825 5213009.446098195 2284.7665775954347 
5804.948795524283 1131150.2228473828 665.5683121677748 
16917.822999326287 171755.05408101517 65.22571725376879 
5364.609592789791 1660320.4112394098 1208.3039630882313 
5315.801700212325 6387735.583085552 2642.940703866542 
5319.962621571339 4273955.602224701 2497.6605002816023 
5351.888303381161 2268862.547803439 1329.6473276575764 
5325.112396597218 3028360.5351103 1873.7159178091636 
5314.857035759644 7191672.22342354 2752.1973395958903 
73342.48338199205 26436.17421891739 4.973314548392098 
8246.016976667539 462380.3271764247 330.1436818583268 
5314.970924462012 7102628.4343768945 2706.5305464259445 
5324.87278260632 3052313.068647476 1854.2858434381994 
6401.199230121339 1070631.4573984866 284.68539961733774 
169924.9746766959 7668.232757634305 23.30471823402455 
5314.561068295912 7315608.375317798 3049.89171252578 
5315.243545609266 6805297.681123088 2767.9124710918736 
5339.630184072991 2931020.142341708 1605.190798684834 
5335.984870558682 2668535.7500551553 1676.8668523115823 
5331.205033836292 2839748.1370226042 1630.8386129799617 
5319.965657529644 4546150.1237099245 2461.399793173663 
94551.5542979262 42666.749270058834 3.449649296814595 
13496.621182526813 796752.9438766576 126.0716969361524 
5378.231030005723 2120374.4621048 1096.759216278639 
18566.683521995423 113167.82568363077 69.45247972328673 
5315.955646716516 6260771.672456879 2516.338353257057 
6709.328870347584 655777.6309209534 340.6157196430705 
28248.795653140176 41166.94764008754 37.761625349817 
5361.538309266731 1783748.8132907054 1218.6485356051946 
5549.971206005333 884747.4899394201 799.1542922218251 
5314.284806910455 7372171.8361308845 3038.9183462328842 
5317.711687033814 5473660.299018867 2377.08372091973 
5610.812588225788 897590.7958106945 778.3285841866231 
5315.321666203831 6459728.591754228 2800.3312043236256 
5345.809185970279 2368106.7271824656 1441.0243062370503 
5316.050990426642 5993908.177442826 2571.2072485306862 
5315.535292982602 6303600.391954286 2726.610111540431 
5340.621459937067 2763753.9712731508 1628.358245286824 
5347.5375186158335 2391449.685055198 1423.7418815527321 
21870.794060845637 87615.49540223126 54.025296682595695 
51629.00537279962 32161.975078202606 7.672858271207093 
5320.478821050014 3577975.471891278 2298.046702889506 
62515.11073611758 9662.088976246445 22.610105405891538 
5317.792837550066 5387732.884506995 2504.831244150341 
5324.580938140851 3617102.734175063 1943.1219101820368 
5315.629215610255 5954454.739768675 2694.7861707724433 
5582.385005858635 1786215.1152272867 792.9481954050714 
5318.345981779981 4740607.551894592 2395.141173018711 
5345.655836501405 2445744.030517759 1532.2114142072085 
