14343.669109588089 89610.75388678035 100.7983687388766 
14417.420090481155 90954.5671690927 99.58267862292772 
5383.428879785056 28579619.50885649 3392.761393969771 
12917.301621248844 149111.1819611403 32.56109636737856 
5389.665842110203 9255517.304006163 2313.7235325190827 
5402.756961288719 4076126.02241754 2826.8353148382234 
5389.047808507517 5408048.416121871 3015.1174442861097 
5385.184389612841 7432807.022741737 3321.6533296741973 
5392.912890706037 8091434.306904346 2193.61318236121 
13820.111234405394 115721.66360950193 56.27241744217394 
5384.84487876201 7504141.484450623 3004.167578986335 
10897.223052760826 141787.41452286745 96.92697397701934 
13349.877374136053 97314.13782106465 59.88727469325866 
10433.59297250796 146008.40797546506 125.98976418211262 
7854.004293269296 274930.7690611295 245.3800358847478 
5440.9841726243085 2577608.7656876724 1382.4014039977928 
8482.920712098175 283418.03138566954 227.61894376422342 
5398.031331670001 4801665.058192949 1946.0212899726446 
9075.186554231203 213889.49810020073 75.033174714591 
5402.557514626258 4105283.944590929 2833.589020674005 
5389.665842110203 9255517.304006163 2313.7235325190827 
9568.15883073653 191173.51757750826 132.62421512082824 
5518.407454224898 1703736.3213551366 1185.9727346900563 
5393.726303337962 6585826.495074066 2117.1764407790256 
13537.536183539898 96654.17563821469 70.4039978139358 
7584.010992176495 1107716.805852687 167.29550213532622 
12041.255572075006 104842.0225608461 89.84754620910171 
12957.716469543571 92051.62674450039 84.35451511101053 
5776.73499690364 1409538.0406322132 775.031347741754 
12305.833995099805 163195.6601977455 52.75702038082762 
5414.350810180145 3313077.6933489856 1818.3704855086135 
5571.467708772025 1662345.2877640515 991.9282226560254 
5433.821729326569 2784671.779411502 1574.6350580631054 
11361.34611018038 108529.44152921537 122.87023715457993 
5396.4779467324115 6331748.748245735 2099.075231789295 
8710.294212028331 251333.09566068364 193.13247312875856 
5394.011534464648 7130993.926747836 2021.377160211778 
8847.774764745001 364707.74687688093 190.62715025925357 
8234.58155848267 321129.3848595761 243.08624382354992 
6512.056180650842 529267.9860671251 345.5052543675797 
5423.101064141406 3055865.900953238 1707.6299488542202 
5480.171707888532 1960323.9396841319 1107.3708735400862 
5632.190148025446 1345446.8065341963 901.997148589069 
11519.0125258796 169030.9837684656 65.81456737031729 
5408.704074633573 3929262.0263914065 1647.4330744117317 
11723.452430011781 168253.15402790607 35.60384808956081 
5416.411844851115 3268896.847908792 1733.0270135083401 
5858.2497621177545 2200353.823735078 659.1383499795658 
5460.238981779236 2280704.118488534 1302.8644597464465 
7263.245459644274 374038.17635882605 288.49357835962155 
10124.355469609349 172814.90977219326 114.85271456092116 
11126.236200576683 114271.38660729241 81.75366323751814 
5474.176379606699 2040177.3152078674 1256.7078196281998 
5680.094468242375 1502936.3952781563 820.4927297217865 
9809.905034382422 182231.6876402217 134.05524781952812 
6055.548762796263 750716.4016265176 553.0511155627008 
5393.1097103759475 5704812.476946418 2253.801626303747 
5403.769079134244 3688313.332739589 1893.5093660254583 
5866.181279159484 1841593.6275738827 714.3268160474773 
6229.5016567736 999892.770597766 475.31807651567794 
8085.951151003521 538201.8030173163 112.81128271748378 
11863.40530472972 164735.9772534724 63.63722820868109 
10314.316614017645 156745.00001849091 137.5921598327142 
6316.212838281905 680343.0228399695 519.7855601097235 
6636.961657551813 455129.50527151127 408.8921340273494 
5716.12079366883 1424833.2530426485 859.5916068857066 
5443.437223882656 2269148.5559279835 1455.7171226494654 
12473.982735020902 144392.34716001834 47.90366094271079 
6415.439788510047 1241535.3428439803 430.44410700505364 
6136.67692961704 798191.947745457 506.0746822293568 
5405.677764494125 4523281.123891202 1849.7639464615283 
6863.4861053484265 282682.31918511615 310.64435229533797 
6680.924136532884 422224.7121360899 311.26654406846507 
7089.288423128201 471319.0939717742 279.20415126986796 
9063.498078400022 302140.37591412605 175.87323803293663 
5945.8305140920265 813030.3826863257 606.4069584530118 
6004.907027139303 1213887.8806919293 591.0328793845327 
7394.791924521527 324475.2173679251 240.94382794313287 
5533.207114919938 1914259.8558166325 1026.536842800081 
5546.330029905388 1471473.0989565584 1074.9914960460085 
10148.309521153253 154486.09056254578 150.48810389713586 
5427.058437885364 2772885.0828162804 1615.963896244825 
5397.342751293672 4671970.79133789 2064.6267696932164 
12700.827227195281 96469.7138365949 83.3776588251297 
7091.992427099627 378856.81243019004 267.80310503708927 
6283.039169273476 889300.8394863221 448.0825112424817 
5418.121969722269 3285523.6316932105 1492.0855508898944 
7516.582969879476 1253222.4290483696 231.15307258020954 
5467.034173364079 3648659.4513396993 1289.2103916747824 
5393.1097103759475 5704812.476946418 2253.801626303747 
5400.859720281444 4614270.060389366 2011.6495416357393 
8103.920717725677 339223.27098312834 201.918600092549 
12863.06945345565 144980.64714004289 44.027461366522004 
12603.572515879077 102987.30960038776 93.13525161611719 
11017.488228651306 291504.5938565295 51.489149123052606 
9779.100433498788 204619.1604914189 126.09051447132713 
5438.671983484597 4279185.608523156 1484.453462997019 
9578.791718210903 187842.32434606447 129.5560756578465 
6651.766556180275 383400.54117734724 367.01266612210156 
6844.450547682337 400340.52301083127 286.8429665603882 
