25619.76676967708 71066.5158662854 61.3215489168289 
22940.667893519963 60467.081143376476 90.18626466110877 
5342.975714385684 8912875.247586459 2864.4149614791622 
15752.279382837358 115991.6268176133 22.787356580046087 
18666.28160890666 68023.9645844287 89.19499947113638 
5348.643787969027 7139702.635681083 2179.9863755097526 
5344.675311589173 6930548.804520408 2790.3922378980355 
17195.79754977093 71421.30727511569 82.47938851414278 
14172.041885412358 113322.7833027796 31.839974101675985 
5533.428395405949 1686973.5985552717 950.6692303862922 
8730.420014595606 314257.40381670825 147.86879094008043 
17116.95529771379 75892.72416132041 31.76926821436501 
10259.043921924234 261031.1497092215 101.31251520497996 
5567.190549128541 1246073.4471150704 887.2758626497338 
7586.434053845855 815457.1473805684 234.22618215672455 
15768.347575448573 73292.36839984599 35.19373772946841 
13123.905731453004 115689.9195055816 28.342435977287128 
6361.891438714922 423393.51027676236 415.73138903737697 
11680.196397581905 136938.39701230064 53.58164110970125 
8993.958476341339 212196.95539157419 198.9729331342835 
5346.742410122142 6864825.888849134 2319.02315895394 
5374.136915411019 2568445.2781340405 1441.9118060944375 
5581.463554492126 1082252.813438722 801.622835096126 
6199.672984227884 462727.1184889946 373.27429394904044 
5986.198613707175 917807.4873957083 486.60814762168525 
5353.58051237214 3742614.2742105382 2036.1341456251805 
5417.654317565572 2320460.86905043 1069.6354340174753 
5366.372673643773 3558160.8046052027 1661.5001354277576 
9712.148652483564 169832.1919204018 107.67480016575817 
5344.824589641274 5878443.724175549 2686.444415640725 
5382.813696636804 2688367.483824198 1382.2240465176571 
5346.761655080927 6599730.884212414 2408.4015127499474 
5345.2059682123645 5710622.392139018 2555.9243225214677 
5904.078844012843 2135399.9024689114 555.7538989479452 
5347.683177205862 4676388.047464037 2379.2457970528817 
8085.951151003521 538201.8030173163 112.81128271748378 
5349.323598043603 6412095.227442483 2161.436663963121 
10791.25906544865 161181.9002840013 108.93756663703054 
6621.79969775731 424355.5891303045 336.6382471613805 
5344.850384291673 5431410.969211197 2659.2677316069044 
5436.240012045942 1542935.840945349 1028.37599613673 
5483.522407991138 1467124.3253764955 1227.8670471892044 
5367.973860776059 2981321.6943100714 1697.989768423942 
5365.336840030787 3392262.717949272 1774.260199911197 
7359.407204201522 1366236.522726666 241.05599495257962 
5366.800868272001 3183373.2857702496 1734.1865070712904 
7091.992427099627 378856.81243019004 267.80310503708927 
5356.999017499067 3133439.9021839974 1828.002262882387 
5417.277362440335 1989415.0596966 1178.1165426015382 
5345.209580578253 5215169.587598402 2643.092672822191 
5723.515072899192 977367.7042887707 585.591936080952 
5347.627270708094 5948501.06960163 2262.6207710342874 
5418.287369825648 1890790.469854761 1146.8187799084237 
5347.267037327824 4899375.399632732 2521.545459318474 
11216.222820590094 122270.84633224053 112.3921830559124 
5974.347676322788 1160470.0933040385 529.0669723666551 
5351.373286705143 3842012.8480723742 2111.4258225121293 
9244.871895981687 193217.02129063278 131.0567813201626 
5344.695971379604 6469906.530239133 2838.6315767538035 
12871.247186602746 97895.42800581937 69.92004106522114 
5345.757505887762 5042301.362431106 2578.1828279495944 
5347.64828888511 4833580.342696627 2478.9437267177464 
5371.361226621277 2841271.493005864 1584.5563163646834 
5381.272408408935 3344030.2836058103 1411.901891754313 
5359.914190569659 4480174.231717576 1613.712726956957 
5816.556459510845 626723.1550140966 728.6533043386819 
5388.908664930886 2874491.8725159494 1345.0983155163592 
5352.335496126035 5860737.030858699 1983.7997454844042 
5347.477970412777 5737304.248430581 2446.1346298144113 
5370.683820210802 3101161.224361898 1532.0859200817297 
15138.350211556204 114349.03917489617 25.092000596118048 
5349.955576076247 4225733.341773871 2232.9505732421303 
5639.594670573671 951044.9512244823 672.7450225171503 
5389.621860370669 3498580.3381621703 1307.5825040751452 
12274.944125571494 136339.95422718584 37.190553470383534 
5352.5360872845595 4107000.205112899 1961.8487145531842 
5352.337536781366 4202120.865115695 1932.7251767133196 
5406.682114487345 1452466.0636057162 1467.9407228099378 
5394.691684853953 2282610.732006405 1285.5932711100722 
8028.5723761303625 575648.370102925 129.49786884889002 
6898.7661381541675 324625.60781448206 312.30341943862913 
5372.557024680052 4013459.6833569524 1517.4702720683106 
5356.329687769248 5360329.9931056965 1888.537010856721 
5818.654516749782 643256.9207759111 653.2951454670745 
5530.5231899845185 1288820.1037537807 999.7040705110196 
5349.353648675058 4337487.6543188505 2282.506839597594 
5792.4522366938745 882012.4487054832 638.4770641824053 
5348.602052538042 6215194.703775451 2251.7056664131774 
5747.416908570029 833111.5298659026 782.3174431626478 
12318.835293407708 104176.9272678929 71.34085676091152 
5349.348528288446 5017602.307817847 2180.1310923201427 
5352.150045247771 3924318.8767626598 2086.9754377317076 
5366.8556373635365 4535277.231528321 1600.0900732082353 
15522.495426686848 78099.19120294787 34.12294366684034 
7021.760964173833 607514.4291036354 303.6187995146262 
14742.011005696762 83525.17654129346 33.01668858197927 
5348.7302797538505 4732667.61973696 2309.2514366914747 
5505.19992091804 1324198.6201144196 1100.6673086450346 
5353.376144206561 3967440.2374115405 2058.7529675952896 
5397.047990532899 2227074.946554263 1127.6607074360331 
