497098.5873811232 9717.918038742479 23.467539880798576 
88405.53101387652 31472.199738929554 3.4527946101146174 
5315.788764763365 8171984.1470040325 3149.01647811787 
864560.4849083059 10523.196097198756 19.013169976204182 
5332.201415624308 16251329.81779716 1841.033173804027 
5332.201415624308 16251329.81779716 1841.033173804027 
863519.913355836 12113.54397896278 17.093747637951516 
246398.33689062844 31343.007060347198 3.4527967916071396 
479858.8325480107 25319.938775874 4.979593468406614 
5322.460019949087 6314552.100617652 2581.3272966003587 
5321.4668223200015 4522997.33268775 2610.8937053011323 
161748.03720252134 10228.49301203323 20.97445031367579 
5323.184036016207 3858910.3331111297 2236.286061695699 
5320.368943364403 6894459.559588066 2896.9512569301355 
5317.092421814809 7257417.837049669 2694.6433431747973 
121722.72222233262 12359.028128417613 17.08490870634787 
5321.460958003599 6536711.5311356075 3049.010177069955 
5327.018214133095 3363045.792753261 2116.217803450247 
5319.881431881751 6924463.587957859 2756.6051238666396 
5317.039143376614 7873537.168165311 3007.7587734996105 
5338.762299109123 4090773.3032383285 1715.3144940047835 
5325.861035594336 3741648.8147857008 2205.59676751408 
5316.352619436428 7830839.398652833 3026.9727693939744 
5328.103644930231 3231339.957920319 2000.3625456059392 
5708.041796393861 1923619.2324768433 649.7660997014718 
55844.00706629651 12414.116131021125 19.17686909049261 
89871.7871776263 22693.655124981407 5.993038788799092 
5351.20998952638 2253399.798064335 1378.868214672006 
80892.3792572396 19778.595761238517 15.562312406938945 
5334.506238743224 3953650.0972325616 1779.974875473702 
5761.761951941898 1035649.7713759622 564.1738742428091 
5349.115868146878 2546139.962459465 1447.526731575256 
5354.609869047339 2091003.1660694096 1326.5628605039483 
6463.096442443307 616051.1855228635 479.5638142870974 
5662.131519385509 1174154.2339257887 719.5254593454841 
5348.455260371291 2284895.396502332 1644.2445033364631 
5815.362909546019 1654338.6730242153 535.372291882263 
5331.204547996275 3560317.1806985363 1961.7111545363946 
5332.432384121363 3175357.078528693 1888.7108047369957 
18922.682793557706 155246.93174233788 64.77149291920557 
5335.481045760268 3076361.841679549 1928.086462760647 
5370.982043721931 1542124.8410464 1233.77660621492 
5528.542641606089 969803.0292205955 828.8418995636209 
12279.193744944872 413824.2171096216 231.0781198945869 
5345.102268983085 2570763.413088218 1536.0546922790886 
38942.21983927513 16957.923285646713 33.692173064332984 
5883.943804935841 1426985.336422455 446.99522782646056 
5334.17171579932 3428550.1103701526 1805.7326790532716 
6058.718948015368 1396405.0442912371 365.40975428670146 
5348.100691251042 2411397.234301312 1573.492324724619 
5930.464205214941 674498.5218210527 409.31321810184124 
5526.187142015853 1039124.9713587617 862.923146321283 
5358.150937422219 1813270.7661461416 1280.3927129971323 
5753.61685766409 1097053.2267295977 689.0246390733882 
5342.060952428694 2740979.4124829173 1608.3948129157923 
5472.9983690144445 1228430.8718857549 986.1823022281244 
5376.174493736236 2805695.3671927154 1129.734109813358 
5336.1915758219175 3144532.109447979 1727.7216602340714 
14959.172145352144 504767.41367706424 135.95830629564176 
5493.815311549114 1340851.206057199 961.80472004941 
5334.6126533864035 3327345.3900364046 1849.6771455955059 
5377.13843755559 1232729.162591372 1079.771202799842 
5947.079762632629 786373.2023463203 400.4951768508002 
16787.982515602736 171398.08883711984 88.0856436680132 
32543.114414446056 21592.1037493445 164.38653989847307 
5502.548595823288 1543614.5303358918 900.0715728858293 
14034.356243075783 272382.20763246063 188.63775943845292 
5610.812588225788 897590.7958106945 778.3285841866231 
6682.2217787370755 813267.8055210311 307.7853416825349 
8628.364213468058 370436.7694877026 251.04312814825138 
5319.881431881751 6924463.587957859 2756.6051238666396 
5592.509749364391 1264457.383249584 802.8144687876705 
5493.927428174188 1324484.728019387 926.967070085142 
27868.008077249313 39535.161467914695 165.2691572175807 
5366.552809657786 1602448.8891858177 1204.2297741910631 
5348.21153893643 2715581.176644294 1501.2982863711397 
5331.367590647074 3472759.8105269945 1989.1845689594538 
7019.714378867741 520723.2587161644 204.4394556733873 
6401.199230121339 1070631.4573984866 284.68539961733774 
46139.69362914524 24470.5125947239 4.9842060311999425 
5630.160220283508 1472567.110879582 764.5460492123987 
493097.5045029122 19702.59410794644 15.581671814311205 
5348.621351919051 2342967.486664258 1484.2551299194367 
5380.808786794177 1460647.602483209 1064.745156980019 
14648.863463521895 255874.1959623783 336.6471408751734 
16605.976082070596 161023.46524309483 108.8227938612199 
5374.220487136562 1802373.983518113 1184.2726361010796 
5384.3139378851865 1487099.107538506 1026.4665693067275 
5374.997939599521 1760309.105103693 1141.3429469961452 
5353.740444502224 2955527.447880036 1302.892222557543 
5340.363921001193 3002517.6848770916 1632.6720136922706 
5336.153504359897 2858098.308778034 1949.6951996754956 
6826.287623426586 587347.573532219 257.1027649440106 
5372.125999015938 2811854.5876428448 1157.1196143232503 
8246.016976667539 462380.3271764247 330.1436818583268 
5356.25019586728 1845723.6529852955 1350.5435894721404 
5730.0343748205305 1317834.5011326093 662.948126014083 
5381.132068228108 1572493.4924263859 1029.1896821231733 
481052.9906855402 24028.12569013531 4.9842051812061055 
5352.80933409793 2915232.494111605 1356.9682054802186 
