7995.072685721629 437876.43235589814 60.10358507552625 
5274.7014998910545 10633804.562699422 3835.394340645151 
5279.6159038004735 11311937.93865031 3522.176404989743 
5275.320688093512 9796268.63350664 3952.2773133827295 
7820.236614576779 427814.67099450383 173.78616502056988 
5280.730259259353 6418076.549154926 2881.4370629434425 
5280.580446121319 8870313.593337063 3441.2313389899336 
6128.84801778702 653546.6857097625 412.8358112009273 
5923.281771171868 663415.4464781836 373.6826291478134 
7480.323001435074 433442.746530481 106.35894152317707 
5281.954161997503 5618964.788274468 2629.5761600264395 
6216.781790190296 614673.1090011992 381.53531996093153 
5601.744327357812 2391818.890219079 823.9269920532727 
6302.473154361664 1261464.8464325373 282.1439932008002 
5332.992893735987 5846271.189888405 1599.375971176901 
7876.93509443447 436195.32229062304 64.68803021378743 
7642.858981909663 470485.21243628947 102.69754113648925 
5282.393575081147 7057370.860892378 2531.4164277735995 
5278.707716744771 10822683.137990102 3587.5544908905754 
5281.738689476988 4835960.036775085 2777.2937655451365 
5300.364805393006 4663192.995478486 2134.772640288986 
5508.895236971324 1547177.1692588362 942.2668521058692 
6417.262933277236 566441.9378536216 238.16410268175167 
7075.289466620179 479201.84807502246 130.28510945597395 
5416.488283744584 1892504.4594685817 1127.0483912492934 
5278.949981659447 8231472.888206603 3525.0056333095968 
6981.314462362402 521896.31967372197 154.74432099714159 
5280.639444839964 7277034.781643757 2871.684628595858 
5326.9057591022665 3517075.5164414905 1654.8699417155601 
5439.889164162019 1692631.9489418475 1067.751097487072 
5274.735419178605 10287980.437385052 3799.7278243407573 
6350.830373210227 605047.9336006419 324.0924796208616 
6465.618958435068 554674.2166535398 210.1115223419957 
5530.971311099283 1417823.337152786 990.2813416931747 
5281.579557343472 8690454.702800069 2698.0203653308185 
5280.49802145795 9089908.816064809 3442.3608085185124 
7336.676142068736 482440.1171399151 112.55698388010143 
7402.721661208616 442143.0652427381 107.50047387059604 
5343.539855368261 2243555.9235849082 1723.2909764020628 
5303.72506435521 5343887.594814014 1936.181487550859 
7139.737734414014 465245.6501929146 145.666899349891 
5643.080533377715 1249401.4767839739 890.7616645807768 
6552.082563607726 559236.1670567616 202.03926024328376 
5322.3139969830645 3243162.352327306 1825.9181061833929 
5287.887664447115 5063336.365945885 2290.274188411148 
5310.42124592003 3778706.8142959205 2039.7418726702306 
5285.944093384 6355353.643711367 2459.9276753374957 
5574.459399883385 1753419.8462756667 868.6651068494357 
5341.8301591532745 3092469.074564194 1442.6947662233188 
5385.069411014627 2150628.8567153197 1287.6563663376126 
5885.91133505349 869142.3705897734 503.73101522571324 
5278.540323989163 8543055.147902306 3639.864485347657 
6919.725881440661 555521.749729199 136.26529825440878 
7255.313332866812 470757.0598421471 114.5307518082379 
5799.959015898995 1022867.802613464 593.2710381127476 
5297.858945456448 4097239.706483111 2387.6311909370042 
5365.400214754415 2072656.1699892124 1390.5039766837197 
5327.661645396787 2977655.5074893017 1959.083270630018 
5855.667738392086 915635.9559552216 573.567919841914 
5315.619016950245 5388195.375664482 1771.2274844231192 
7213.302270012611 439412.11572669796 166.21438469734989 
6854.341977782213 457804.15641566215 200.54816558432614 
5277.838859612714 9400079.83134436 3629.0126139094355 
5408.294007865695 1957361.8918125408 1214.25398167589 
6806.6254463161295 497325.03898626164 179.25735860607435 
5466.742061667208 1415307.9896270395 1034.9079195778363 
6142.501191242517 782225.843294582 339.5564468422331 
5678.277570558363 978836.3604916653 763.1163012162053 
5279.258355923598 7443635.424095534 3570.8228893271535 
6745.15590683853 534304.5186138443 173.4576369947341 
5342.408547447146 2706160.924250358 2347.1492927010972 
5740.422791734787 720935.2753190818 733.5570270431375 
5822.534777330292 817532.5978722108 625.1970876349216 
6637.804125405513 527209.4334537187 283.3651943969285 
5287.057092621726 7642630.422579729 2235.945842911269 
5286.13940286908 7987536.829840432 2319.958448177333 
6695.129432827306 526934.1305583108 338.86836724399774 
5295.438297584497 4430785.494722422 2515.408172168215 
5295.197615570453 6110087.033344424 2049.1705001864266 
5788.58210978972 940881.8659969725 664.2479994893806 
5334.784971367169 3219321.7163152336 1540.4417988304233 
5303.384022653588 4396840.219936233 1992.0161808746527 
5278.777494253127 10007370.751779374 3589.0431214698533 
5275.446643866766 8953156.04478586 3733.598197454836 
5353.288999108975 2103503.1263833633 1348.5278011830194 
5621.560541943539 1369710.4770412084 925.1521505290413 
5290.133971228909 9914019.600251077 2185.586305056635 
5329.139252326734 2722985.2949750945 1635.5211139191854 
5310.7998911576415 3377718.0889829826 1799.9833216712507 
5671.494705909029 4025614.287182438 819.6794269374761 
7714.187868090281 429671.92045770463 149.48786582150618 
5280.857132247213 7794228.604496254 2738.753434886191 
5387.052009899438 1793936.0394076735 1229.241017904372 
5277.908703001533 9350973.214690274 3616.9697787370137 
5276.96761770893 6747311.925735205 3717.470138810587 
7649.388253218863 512072.3083763125 80.9905993002944 
5304.100882244043 3937569.017144091 2003.5278258402989 
6604.170373724084 558915.4753665429 188.22631561010218 
5405.661888257749 1404956.1726653052 1496.674560195512 
5278.821232131461 10385140.0225256 3571.289101852063 
