8707.15639633325 365632.59977144236 21.724574277139602 
8915.744247414219 310585.4755429139 135.136337423406 
8957.384575149335 310619.35109496035 128.83766921288364 
5249.423181805083 31362552.691855323 8725.085754416246 
5249.721346263168 29765640.16985931 8211.484539426141 
5250.352846161826 10413593.700095909 5292.651388787711 
6525.018649969562 424666.14815774077 159.16058348386713 
6302.878127901804 450297.197662664 184.37639558036034 
8145.750695109906 355817.72230730543 52.44874568332274 
5250.571400887197 10048156.253272494 5144.272511631867 
5250.394056205689 9417654.275662076 5271.594914673978 
8007.890138001629 351885.9507383871 133.75003251634632 
8270.238055177248 333338.6022412918 41.26266362366117 
8499.119125971623 329005.65857513674 29.634371583606544 
5250.771305757355 8423284.96591802 4946.963020306262 
7101.1801733957045 399075.16616182844 90.02661476770236 
6951.100913043741 425716.1034826163 97.6160037984609 
6852.269999614116 448479.125813234 118.83527315995929 
8386.701332690003 329904.9284815136 42.12925847310218 
5254.494316703012 5186122.435369846 3705.1633060672575 
6032.362298997324 690572.7096973674 322.3015764130925 
6694.787698128196 444859.2695869544 143.82372401723396 
5815.808135192604 922215.2823156642 535.3143377657727 
5882.879665074902 575410.0272069831 454.887498419077 
8828.809032592164 359991.8383681192 21.78588369051925 
5263.114179757686 7936089.826927661 2877.527101769239 
6666.7676474742275 460422.09195059113 149.72104690632128 
7219.763129747635 401153.29009954253 84.47426714950572 
5251.6021366286 8453264.752313036 4683.631650272434 
6106.83687941039 476120.4240333239 281.087229992894 
7901.281367809238 367043.3525068476 54.30699898299319 
7633.8575926384765 378337.9241740969 69.99238374921869 
7528.106294720639 401902.1864596361 59.36844655517931 
5960.824158290959 882163.5394098818 356.0694554442281 
6216.413657473382 477998.5301731321 205.78001717202912 
5255.189789666207 5022999.613458146 3501.3299387640172 
5508.989729396273 1253887.9154805462 1191.6925106955448 
5257.521934614781 5412373.992257905 3246.6573843440856 
5256.173784099864 4838410.554966223 3423.104520497361 
5251.623246215191 7663656.868904563 4718.302211822963 
5260.007349559695 3999069.898767425 3030.547614280363 
5339.0624242861795 2515307.8153952844 1589.1479815393868 
7355.151669800084 412616.5797379631 72.09168336409967 
5427.349731444206 1910597.2794698763 1058.2901255592647 
7334.162142636679 399058.03052860685 74.79945077965576 
5755.092842735061 717587.4345957314 585.6065991467837 
5368.442136713522 1588125.6027307145 1281.797437349117 
5254.226994004281 6003478.093795844 3861.5809179562493 
5325.343991630572 2241819.2957019103 1821.4292458496902 
6173.246611575623 491780.107198269 267.66804525745965 
5268.063673084762 4320918.098398775 2578.6675976364563 
5325.7022677964815 2951158.2140887757 1648.8049553840228 
7473.044764671812 385940.6361980216 80.44087873502806 
5924.567656638779 527655.137927124 389.6763536294925 
5658.904831458567 1139922.6900694044 742.4617565673217 
5252.217503134281 6617160.1158117 4291.433444404269 
5257.605264192678 4661314.697517569 3191.775748117964 
5722.196315268997 746986.2221912546 628.4534603586695 
7851.490729070977 363785.9607967146 85.23001058272162 
8733.335737763637 315798.7424585486 133.9202756228424 
5284.6620464525995 2686159.0154233486 2118.010784142901 
5275.454535555396 3204946.6715541705 2192.2061936933783 
7162.191176978773 411896.1011082679 83.97988006392691 
5347.063274302519 2367467.095480554 1419.7636748321395 
5253.572142042249 6478090.330904537 4151.279388452892 
5471.950950777881 2022060.8521942736 1035.1363160821134 
5515.160850266961 2166338.2203319343 964.9113688677455 
8477.04639374919 322676.6309726882 34.52654156015644 
7679.791005241819 371464.9854596474 105.1292684264167 
5568.866155903047 912861.2748996564 838.8978227325601 
5568.858825919256 1431257.9612886831 957.8418170952581 
5253.80984323466 6339526.77312292 3967.786163347715 
5635.109603406141 983108.7041728941 792.0738356576512 
7779.437923103393 371668.0929559765 59.91657079549979 
5458.610057540125 1448394.5010967245 1101.9493409210372 
5688.541986398484 1373468.1895308828 679.476300596283 
6896.7579748706485 421617.0872709341 174.0921926597697 
5610.307724056323 1543148.0365710563 692.4114334860238 
5259.537462873524 4216610.801683674 3098.615527505761 
5251.6710635056825 7441515.90743089 4599.468355274251 
5366.659696821841 1826143.0647024922 1298.1486441115158 
7741.504107053215 382912.18460492743 43.41120248128823 
5350.286832130529 3375272.2413230035 1397.4816152248372 
5267.278032988004 3484969.5322819436 2692.868699047353 
5273.089949286564 3721981.3141869614 2516.4096641286988 
5271.730900918878 3827859.0369324177 2432.0061761793404 
5281.5858607122855 2955247.158235178 2277.188803599907 
5253.674341868445 5752722.173417235 4045.7876472169405 
5265.409164147872 3777162.610654909 2720.695095224141 
5273.248506710648 8080905.939218556 2332.6476244601545 
5295.984267713611 5577797.657238393 2015.329681478559 
5252.017845977543 7056693.822017696 4462.642723901674 
5252.395111694006 6166449.06786124 4423.361574895799 
5253.644001308578 7143714.254855993 4087.3627938167615 
5252.852369824718 5955875.175372375 4344.445066606275 
5251.736164847724 7709904.244198453 4560.754416725267 
5322.766650607989 2478939.1768718064 1905.5971518229792 
7479.493685902138 366784.8528888053 234.04849865651954 
5277.244847264992 2792975.904052615 2358.6617066419276 
5301.7589368584795 4946997.916215447 1916.7655109987777 
