11016.113169830816 92125.65089136953 2.103112931597471 
11015.70658480974 88909.09140920718 2.1765125509260845 
8010.984721435074 64166672.144217744 4937.1298490192585 
10721.027891850164 108282.12460447426 14.382138699050724 
8520.957629447035 237960.0577356403 7.437958898804404 
8011.041063820047 63452709.66649307 4063.617828779309 
8011.302857054696 51153070.63638994 2995.653459338271 
8011.210324802077 39667747.90853921 3623.2928057640647 
8011.110753368993 34307843.28955295 3799.391556298676 
8011.531770686464 47929168.74213097 2218.0520520133846 
8011.0514117163975 27071762.78510918 3900.223691614588 
8011.531770686464 47929168.74213097 2218.0520520133846 
8208.135563101256 298443.0237946259 66.81057095635302 
8511.338191752682 325243.54395154957 34.9292992455352 
8011.220660751849 16656915.173478259 3525.210575676299 
8011.285261894424 15374611.12503885 3138.42595254838 
8011.270340176738 12506042.2244708 3322.7471462997564 
10990.507500510863 91182.26926451371 2.1765125509260845 
10815.295541908159 91976.32309373043 2.1765125509260845 
8011.125268814522 26401542.96512137 3717.5847756250023 
8011.543649509056 24240338.10202606 2071.9038230984274 
8011.339238459616 11519535.512204356 3286.166615566747 
8011.059401333525 18543265.052221633 3827.0695074133323 
8011.561894991914 14114119.29077551 2110.3232418579437 
8011.5734217795225 21242346.41391173 2001.082211797343 
8011.677399688183 17651639.066616878 1899.7374094387787 
8011.470602204574 13872031.64010292 3053.134002232151 
8011.745470082475 6786556.376414676 1745.3610083087965 
8011.739337398579 10287137.311992042 1815.8325787415788 
8016.240838063102 8296453.207257547 724.0252790122157 
8011.564632403832 24331702.65685885 2007.4976485925968 
8011.5655727934545 20688874.469484936 2072.15106565803 
8011.5680030218855 16027181.920382699 2012.7374752370015 
8011.860931247248 4239226.48950038 1647.094813528262 
8011.520643842714 10106511.680954028 3050.976466754307 
8107.25080972103 525040.671020401 135.0445323742601 
8011.19748734973 18153094.95318974 3629.118478433558 
8029.829524011304 1451221.383508138 328.9124475813705 
8011.57918689013 8598364.531275574 1958.7110154722977 
8011.3379899767315 12002083.935931131 3294.811417556924 
8012.077831348201 6671132.6461534705 1596.405032263446 
8011.175347507807 18297207.76719923 3733.724286776443 
10794.804905627963 97454.43042657322 7.441996239691855 
8146.848310727844 320273.6017220545 95.17025635487117 
8027.934069351296 1035591.5457826878 380.30826827836376 
8012.102979466958 6493666.213475174 1509.1339205582872 
8012.719092868947 5088240.916571833 1240.3901315822536 
8048.254375392563 566063.1390998457 415.75919440704837 
8017.331096325981 1718135.9489214364 691.4525552538562 
8014.654177692739 2107170.9111744375 1048.5541723645283 
8013.56700840464 3013534.0252634417 1108.5736166409306 
8012.378963310881 3781821.9062681245 1395.2855877701552 
8091.296639961567 700091.3803628511 112.17384616888573 
8011.824909096518 9395159.342768202 1714.4428894902821 
8013.2554858193525 4790947.794943383 1131.2889777291407 
8016.6039240594655 2019853.668059074 646.2881456674172 
8012.228705000167 5683742.842129578 1453.5196799972418 
8012.939036590022 5012813.634910966 1169.9519310966248 
8014.5100221159255 2371646.9543522624 976.8325488603276 
8180.774246619575 508661.6387426977 58.66588872838568 
8011.700345525993 9169515.26727416 1830.470213790201 
8147.285588309136 301673.53106646263 80.42480525387118 
8012.262784186975 5378188.761073591 1464.4573438295479 
8011.5734217795225 21242346.41391173 2001.082211797343 
8065.110224898968 1049391.642016044 162.97215564557203 
8012.362636016638 3349597.7043389245 1425.3375139618208 
8015.70935807781 1660589.8097287915 771.350705821585 
8067.079670437039 825784.9673936171 177.9070104538236 
8014.5396928927 2238730.0422271444 870.8570324202793 
8012.738952543918 3889949.7821918745 1195.2918962006152 
8012.505208012773 3925400.6837031753 1360.5370107915458 
8011.5655727934545 20688874.469484936 2072.15106565803 
8011.611704106549 6008390.8264629645 1955.158959193147 
8021.417742119169 1147479.4776092847 529.5214184536577 
8015.288578520539 2397025.272021752 804.265934650436 
8012.602379413636 5296979.90777145 1306.3852972211757 
8040.518813219842 785772.3797050826 251.09374312979918 
8012.297846852478 2994635.758298926 1557.689107344271 
8014.078412580989 2728673.5543372706 1016.7051650942016 
8079.789850019665 905650.4561676013 134.71452465467772 
8196.459714005665 408270.16830133204 34.51338406147063 
8014.337469215407 3132631.5449352786 941.7216508031613 
8024.127982536711 1261681.144551824 457.0736070550308 
8012.2595508370705 4054930.646422275 1540.060360784321 
8019.686018603277 1913242.8795459373 570.4977482858038 
10755.018327451655 97940.8321534489 8.095728965406606 
8015.090134932319 1955642.6111760614 836.4356783694931 
8019.400527576015 2538713.585881108 595.3295472581491 
8021.9799922644515 1564450.477918246 485.7219450715752 
8012.641207451021 3440548.642480751 1327.4064810272562 
8012.7376905408 3001704.861261401 1271.5541240421608 
8011.8003849513525 9412389.049364218 1720.8427679246674 
8014.887528356732 2076060.3503410553 897.7605746966011 
8031.3280342107855 791584.3586643827 290.83478135586483 
8031.899506012697 589784.724336921 269.93603898162297 
8017.337637141627 1980109.8248395869 610.3281497003209 
8011.700345525993 9169515.26727416 1830.470213790201 
8015.523706079501 1868088.6264965753 928.4649451831261 
8024.719662042471 1002804.3052456236 438.96966263445773 
8013.805766665748 3528668.417156448 1027.878557926097 
