9983.28953755638 297052.6261252286 75.64697017094197 
5226.948812431081 120630239.59892298 88141.6068148927 
10517.319997478766 300928.4437847091 64.30719329651095 
5226.955395113181 120396767.68443148 90382.56555957305 
5226.954729815952 165712082.17336756 76159.48216680586 
5226.956668166359 130226440.30126624 77365.57277511257 
5226.965839171251 98178618.22979465 58185.33695917713 
5226.955164533486 121477587.3906824 72545.54103583006 
5226.955091006666 121522593.53432296 86570.6820802285 
5226.953455653181 124731302.61654925 79031.0730599046 
5226.967191246561 67520152.2259085 60686.22131420552 
5227.0046223317 59040450.29364873 47061.46232566293 
5226.9601208597915 88831683.17411637 68324.42650075347 
5227.034278509879 47093727.157808 36606.85583732892 
5226.966014133977 96770247.80919553 60733.709349696735 
9557.903577792275 339911.20345971815 72.69396703421481 
5226.9955348344765 74300716.73010616 43581.17012872068 
5227.211056669489 28172713.3162621 31176.454607391013 
5226.955563684838 92925144.31304406 76121.36715952003 
6455.666023137217 651693.5108471583 362.99402820070316 
6092.984606969339 1006247.7428290937 463.5375875412817 
5227.123769093828 44277382.31332031 27404.007088832845 
9395.863988712043 303725.7634805707 124.89217487775345 
5227.782069287238 16965352.883605674 11679.160671156429 
10260.990364356276 304102.1539594192 73.03870150719071 
8106.517268955002 357178.2779034188 112.90114917860085 
5226.9603920726595 87349260.97225271 68809.0990823826 
5226.9968070352015 56228964.78930646 48864.16015307007 
6527.241991689652 646962.9102971111 310.528388016112 
8404.75705049956 355563.0079392039 187.89520345068954 
5285.72966757167 7130316.572096099 3117.019760497298 
9778.215526922982 303908.02133446594 89.42681226712621 
5694.1299902874525 2723416.7894757884 938.668804070243 
6768.286844069255 543640.9472911408 322.75694267582185 
5524.76460995463 2152638.6287314044 1165.4707203963128 
5260.166174385791 13529289.226006405 3283.5963619856097 
8837.233483361362 333873.947113656 171.43371678603 
5944.331055377917 1738169.4820309563 733.6449930371571 
5226.970742838886 78873977.67799035 56632.65635988245 
5226.988661289748 78846037.09716496 48729.13091353372 
5226.979308323077 76283440.27903482 52997.75360187825 
5226.96246946139 100183369.11436838 62270.83936430937 
5227.0396299957365 41374812.60179067 34779.4215631519 
5226.978705650652 78353143.01294942 55031.50639351839 
5226.983619427624 70436823.43492366 65157.924037632736 
5767.704372620664 1933567.8573796717 817.8035933901349 
7363.934635756135 492932.2033712907 170.76196284372983 
5227.597882301353 25624594.155325547 14901.600352196632 
5237.337141346174 14537674.678976208 5403.725036140478 
7614.913739248979 409995.7395877943 201.77789086152276 
5227.15457639655 31966577.44999549 25247.2399953797 
5226.96716949348 82601662.01892251 51822.88588259884 
8407.094737268673 364281.7511720821 101.13423312717471 
5227.252699486298 34662888.45545819 21434.339601072963 
5227.023579495235 55090100.76127709 44970.52277552343 
5227.225783036066 39266705.52347081 23978.193680953773 
6965.479224462608 560473.6722763617 290.16196710325147 
7203.103813474602 482995.46132875 185.38925722875967 
7906.066216202358 387856.581491335 149.99507513513836 
5227.015783890854 49852473.13352445 52497.4546207418 
9841.463543221766 306076.41342930775 92.40875452820629 
10132.195533585042 339367.9327913359 68.50851714350765 
5227.294701399563 36505408.65158852 20004.68358389302 
5227.067787607339 48250556.78128349 32269.99463227335 
6849.056421116653 733554.993430435 264.79944668740904 
5440.908944436449 6680391.98930433 1644.3115399593098 
5231.709715074275 19161251.969867136 6265.320138019622 
5231.15604028103 22932477.407418046 8678.517892608052 
5256.217886047747 6223105.251446472 3987.4413312829734 
8025.638262814034 447365.74794304726 127.27217559503707 
5231.4748445821615 23275685.731779788 7572.640596376652 
5227.660010295486 23007589.507261563 14553.811042132096 
5289.862376033295 4509643.344685778 2090.4800437968793 
8979.86177399868 337940.7810500515 95.27845298336501 
5228.881847536348 26624463.444899384 10578.977630965841 
5227.286259667642 51441434.859013304 20942.380253409916 
6044.078911917284 1505721.7856344073 532.892960497318 
5227.077585340881 39226364.68581712 33654.74472029455 
7784.712692301531 403168.07061746286 181.53298742629627 
5227.0513839305995 46703423.74488783 37880.15629579757 
9157.772539704869 331676.33523033676 76.90212996947999 
5383.761545313664 4928022.5377003625 1856.1979888198384 
8757.726771433592 334389.71834502975 110.04023233959931 
9041.318017810127 329428.28726464056 106.14892216836333 
5227.382177297157 21722351.939208545 18303.57475697771 
5227.1541546433145 35358956.16789701 26654.997671547633 
7476.462605678282 434011.7514069602 223.4403914225409 
5228.395015518273 20288627.997046035 10592.96859329915 
10037.610019547976 339636.7341761107 72.68769459408935 
5227.091515552185 45711834.67084094 33203.95486486712 
5226.956532784402 77016410.7588937 79364.34849444423 
8841.5760170083 333310.9966177753 170.0274934121696 
5227.364707114003 22932686.082179308 17147.485495896595 
5341.993903369354 13706605.58219913 1963.6426102098505 
7524.536481539176 436381.51361562416 203.39253349982314 
10000.813433947078 302460.71254043153 76.93815918490706 
5227.2997334627 32034191.52613 19363.797848481263 
7080.35328031536 487971.41017057176 281.1288883088215 
5227.235608116489 19181817.537603788 25854.517715551494 
7801.296795630318 389560.3839215697 182.78342182825773 
