5226.95016636755 123170257.10789707 85624.34683475133 
10619.14200071648 297200.0881039624 122.90991560177596 
9296.377887569093 313231.1605798699 82.08927741135426 
5226.966429463083 135009821.9637429 61526.07673938937 
5226.966515592208 76171507.46294516 66905.81340135878 
5226.957922486588 81667178.48967329 76609.10372315251 
5226.974365931961 80818166.36938229 51304.55127143805 
5226.967083291355 118260640.6851299 59393.06766269051 
5227.029581466873 107903863.71504831 41124.41214768845 
10343.910618889717 299143.43067016604 90.41473044659125 
5226.9681156505085 101072886.40014538 63417.45260488177 
9842.726433515618 300799.30314922775 86.42178135487006 
5226.994609734816 63350649.64091009 43528.617272018375 
5227.000047415358 60565867.27815709 47997.312221909575 
5226.9724027556085 84302454.22580181 52175.80677405626 
5226.991851933211 80173236.23275182 49736.677846685496 
5227.116552792499 61013705.62521857 28312.295234201476 
5227.608475415645 23907692.817024246 13834.64819815722 
9003.849374552126 307760.775240932 84.19779681692619 
5229.758475417739 15072462.422661826 8751.211776792392 
5720.43402303017 7103216.607089848 1089.5861989125597 
5227.126884534283 55100016.92565754 25317.526493209192 
5227.017303190105 69746834.44937631 40591.993978140126 
7776.145109596928 393455.6107766958 134.32015275752968 
5346.846224584646 9194297.49069865 1829.325950584339 
6997.664787377115 535616.3629894985 263.1562053632315 
5227.173699569896 36697510.54004386 34319.39105227802 
5227.036009063824 87508779.01870736 40054.41995915976 
5797.728263644501 2242925.7890418186 880.2258537297961 
5227.040137261854 69122842.68033841 37916.989671379895 
5227.94375804122 38230990.6450213 11785.559235383025 
5227.619290438574 20954471.498480123 18446.91553393142 
5525.639920727115 2156994.0748540116 1168.3474012285833 
9168.807620493608 309495.0496566759 82.49661792476033 
5227.237986741396 49980102.12853986 20189.57614259532 
7677.045568700432 392089.1195498038 129.30646566605213 
5227.391181861684 22175789.52121655 16046.748754887052 
7963.660691568623 373920.8172360171 161.940897126962 
5227.12980990428 39746352.21734676 37626.3660049215 
5228.011618683905 17301263.822020784 13479.67360158872 
5227.196991900983 38948611.98580147 31912.272472947727 
5231.592586347814 9097409.628793702 7182.868842255425 
5438.388113860974 3597005.363801957 1602.6490061401587 
5227.283134168694 33086590.52538446 29129.940854785775 
5227.368606226654 22841290.670234717 16858.676480277943 
5227.072853277734 53438848.413759656 32742.788974705003 
5227.041668608262 55630722.09831473 42536.90482081332 
9051.26797882837 324527.9646984208 112.29165189893554 
5227.216631205149 43370212.62161436 25122.406691459175 
10046.966768078983 297542.21188654273 85.241443756969 
8304.6804414005 334521.1777198376 135.2731034283268 
5226.989759157224 106573993.9197492 49622.70848531717 
6178.276322505675 1101294.5047233303 564.5082304608036 
5227.3060800250505 41053426.052831955 20895.47139857702 
5227.096409909243 43813389.702914834 40705.46110631354 
5227.777476755753 15566368.803206798 14467.16177945749 
5228.593308448795 19995204.18192972 8807.384711152752 
5289.854786132604 68837426.29836176 2858.8165216171833 
5488.30741078248 8324989.270128834 1507.9060488486834 
9216.644934760283 307444.4673049897 82.92401569805035 
8099.984881803959 381181.47899091383 119.99257749712861 
7179.575438884968 490157.98337635933 247.06127774561216 
6339.223022320876 716009.5358801031 349.10623735312333 
5227.326750197329 34514405.92865792 19931.523421498103 
8546.701314398235 346955.86640821886 131.54311938254418 
5228.227922461774 16029005.198764985 10746.881305299466 
5227.155992820593 63781830.04757666 28385.335233828268 
6265.597946039934 687950.6797527667 391.6720399472746 
5228.068791283268 33851681.83794035 10370.186890328692 
6868.581431552933 532201.3082516835 348.8312441361123 
8979.082476741221 325821.9970140595 126.7027464588765 
5259.968766644666 5462808.111938851 3027.908724727911 
7563.0281508838 457813.6993543374 145.54582935342967 
6062.498777451732 1567029.1025434064 645.8020915196843 
5271.349963351389 5303995.389744315 4059.5981752677862 
5246.5179089793 5106020.746433932 4815.617304833809 
8095.034136741642 352691.42035553785 168.62464531515377 
8420.589872724877 375822.7956248962 101.55788462460325 
5379.677587650746 5616591.495956096 1897.7839194845697 
6097.8101787383985 1281918.701564523 728.8772944464126 
7480.96361619352 458609.22111175815 231.07582100276483 
6741.9374949711855 565732.541032592 269.9343207572599 
5235.332032862205 6494394.087767774 5566.194386009624 
7316.505987732128 492574.7227207024 219.70386327396326 
6434.215856299684 661953.0060960231 365.983972709446 
6830.580027698575 545952.6421148103 305.6406654484931 
6610.211487602413 589756.958115946 322.3375498899157 
5235.656034564658 37818061.726979464 4655.042027001599 
5227.134062595208 44264939.124848895 24943.3017535178 
5235.234562176254 7565109.933152908 6221.656372538486 
5228.15684022598 22311616.75850044 13715.29416220411 
5227.001974463581 59191733.95000387 49200.013082112564 
5226.994301682834 114407348.43108988 45921.995868187376 
5227.091688888241 45381647.515457146 37607.36861788012 
5923.12396536445 1402849.183525866 821.526325294506 
5229.713026941809 15054462.006461155 8761.735050196261 
5229.814853907337 14196315.81140295 8537.299253445295 
5226.9571884127145 82618439.56163512 77401.79933235026 
9142.306808299762 315030.2750743991 88.93857284695406 
9927.794613098786 303775.3768895369 88.86836834760237 
