5226.945828791363 315652141.27992135 106172.78310712113 
10163.155405480597 285304.68112885475 77.29912355870721 
10085.278273118132 290166.4531737687 73.13971934441282 
5226.952879520406 127824192.76439501 81158.6004704907 
9448.129224783239 303467.2323988841 91.36742170961716 
8566.852779925257 339677.839634979 153.44250430795114 
5226.958291373696 248075148.33983642 70148.46775098112 
5227.018257632046 173022494.6071493 42047.23892413598 
8114.0677685731625 457673.19442140503 122.17968770264696 
8641.356790866228 331177.7864738771 130.51159766676275 
6775.860645846568 529228.6841764664 322.8445334547761 
7035.07007074051 525303.5705971329 255.57551853777744 
7868.5918076904145 390546.8276552825 195.85923118499778 
5226.96567040964 92551007.45992336 60585.11764446951 
5227.003218927423 52052219.797476575 47727.42907767225 
5226.993867887129 73596048.14766827 44907.01079490865 
9500.165621501808 310841.5284377266 88.07123435781432 
5226.992452257129 91232255.9702883 51100.33568026269 
8794.945336794191 337612.0125096995 93.1872790293072 
5935.107113034806 1654709.158414009 714.6023208543303 
5227.0661255179575 55930509.84845542 31660.52441180739 
5227.790993242642 24935965.19222178 11714.991450772199 
5765.421163156985 1957545.8142148317 831.4626747560567 
5227.237741522925 52326008.16299972 23539.22784813638 
6109.017587287939 1113069.425377191 574.2085005824154 
8237.714668706132 379821.4403831926 125.97718542972916 
6555.1443642833965 672777.9178891539 339.9799523546679 
5227.048547252927 53984817.66189915 35151.71043937489 
7238.151888652386 463303.6909500677 246.65952610028532 
5227.077907154813 35425216.082225084 30861.059892983223 
6257.441216543911 779573.4069474008 359.9802546879856 
5718.016421500261 8247061.594668343 1106.5830678745676 
5260.039980856089 5778687.885505798 3078.113036629757 
5227.083709077092 44053151.64829618 28623.54029163819 
5227.364304629944 20755179.484011993 16862.865971928983 
6064.272380682378 1575459.7028281817 759.7990213257486 
5227.254148991597 33115536.302327637 21600.171617927168 
5527.2202417722165 2174246.893075926 1165.589682485184 
5227.335854824856 31448307.558751777 19168.284482731866 
6607.590124884942 790087.3588815571 326.1816475906111 
5246.488047197865 5306956.199097772 4822.105764933147 
5226.985307327421 113312599.28214198 52949.26868301036 
5228.614374605219 22689545.104422174 9119.449750597989 
5227.0665171490045 45252775.13647101 33812.89254337243 
5289.8580496365585 4509940.9133978905 2093.465311445347 
5959.861985442686 1586414.8773151687 815.2428608639517 
5235.282718926303 6448320.0920034135 5672.988303241142 
7240.371153542959 471647.75524905307 212.246807153435 
5341.8959738955955 13694116.451791419 1961.7881601552895 
5441.025125270671 3871463.152782103 1604.7837598549334 
5227.204367919772 40153377.47831236 27881.38335235635 
5226.97471019371 113190255.30429617 54046.242954811794 
7058.1326507990525 486049.005749969 207.6279863664451 
5227.783070657879 16077948.728777826 15433.508194621927 
9536.668104918306 303981.016599709 89.76942473544955 
5383.743789933732 4935812.909246665 1856.7214632240511 
5231.240576451522 10316925.96771349 7053.950896905919 
5227.617613771337 17896499.22609193 13355.76766108465 
5227.155461439906 40441137.37579075 26402.60913365172 
5227.189713607274 52908203.29926366 25336.25534308363 
5479.905822030891 2666774.7958501102 1260.0899028911656 
8187.096253671922 415457.8206455611 114.11244443834634 
5226.998592722956 77814412.4463088 43840.673423877546 
6735.348789355869 567282.8149210124 364.29053205434707 
5227.315117954434 29887598.208566286 20024.857984856215 
5231.15239734693 14911329.579389378 7649.6097852371395 
7282.1416186170045 429460.5105462086 224.78231666864892 
5227.557672899164 27201486.519623317 15734.302818586975 
5228.628357042747 23264383.83096749 8953.56983830962 
5228.087693575568 19517664.13330901 13203.86505990255 
5227.2947584284775 35891254.900129706 19875.143597794 
8852.371858014694 327934.2395376829 98.55366294420438 
8847.818422066244 324910.4495911157 110.30072563802905 
5227.251891488047 41725773.52303371 25520.100273049124 
6223.794557028496 745982.1862089518 367.1749575944037 
7393.687472600737 455857.4607262614 161.0963046043674 
5227.088125870194 47470745.89418633 28062.27168329691 
5227.052193854143 42550577.291332446 35403.66181548154 
7412.293869027158 419299.2862043987 155.54897377428682 
5227.030848706336 48388787.46660815 37955.42982793181 
6090.221200969547 1089167.488772763 663.9696070308664 
5227.003272735998 75650860.97189857 42989.45787020421 
5227.235292358908 60023281.56999317 25266.953685608896 
8033.57134647961 489155.8346069808 128.48577576974932 
6435.872880204302 663614.4939073321 347.48360737155133 
5227.009137919361 62551400.02529937 39519.723303105864 
5237.3338302678585 8619860.218252778 5169.675427146648 
5226.987358505421 77913025.74409199 52198.52747666552 
9036.557100349739 316822.4375132561 114.24940548777444 
5226.990610886539 334474707.3271164 50991.533467088004 
5256.136525172191 6242431.056713011 4075.141675709976 
6728.067317088638 595196.8926792555 386.20653740006355 
6886.732838697306 709055.2046052766 222.52192355767002 
5227.0028460694175 61817828.81010643 45960.701968072 
8162.653288235737 418264.86034738366 126.34447082851814 
5226.969796576519 82343233.67105098 54648.97750840366 
5226.946002216142 357391757.14293665 106223.59701415861 
5226.954672622915 201466704.71949783 108526.28650676615 
9809.25840552642 344848.94032568845 91.59131423383354 
10026.008931671788 322323.6692057566 97.25950245665635 
