5226.950498106133 1516838742.3971977 244249.88788517448 
8048.135973573704 388361.1721154147 125.37614201571236 
9165.330073058478 316138.8343022725 101.91322220779732 
9349.878021142855 321153.1954049764 92.44596277353496 
5226.955285149586 535502143.87731934 90770.78958696024 
5226.951368203384 335672783.9219499 129080.53633610281 
5226.951842195619 314973457.5580051 110992.53719230686 
5226.956337795497 207879243.29806536 76272.62159623708 
5226.953371405825 172913666.90251762 98645.10018217152 
5226.951368213312 335630113.2013696 129006.6188116251 
5226.955610122079 131677125.95546536 81741.14343425515 
9039.75209021099 325653.40454532526 97.3754102262223 
9272.20458615077 314235.0751767149 81.10323153702767 
6259.185072791672 1034478.5615502114 401.2719953290034 
8961.72467879762 317914.3321387049 100.24265070837068 
5895.967490968432 1233591.3226745173 530.8336384489035 
8463.454408408339 350258.8555746483 106.2604295314814 
7512.131294983216 419659.3131548491 174.97724207937594 
5226.959637346561 782558949.2998888 74176.79355345225 
5227.032322240425 89597615.81926845 46393.217237155746 
8255.939029745192 397686.3666823495 108.30028980764476 
5226.993700362268 172565568.50522667 63815.76848359486 
7136.1759810733265 453192.7975174475 224.12274233772814 
7920.108352790165 513913.21568350913 181.62096635796846 
5227.144089075048 55802976.218378544 34095.51968077908 
5227.157326550656 46357569.06959574 29391.955842765503 
6438.2713607032 656279.0055159251 352.42441247941497 
6324.350818034175 757916.5202466808 400.27887934137254 
5227.048068182098 46044065.09705816 39137.623242003065 
6983.634185768097 462922.7211043831 237.0535199807661 
5227.013953949341 88211745.56978005 53259.37539166206 
7357.556339579951 406620.24524368416 241.5051893969083 
8314.35733736984 359967.2178749886 120.95251674332367 
5226.960350964882 95935207.89201432 66416.7930360671 
5227.026502653293 67200812.68112959 49768.878889713254 
6765.9189353931415 565175.2044483146 331.42543771068387 
7858.276644516925 374096.8813351182 147.00922991112103 
5227.009213952409 100657119.01278159 58067.43739581557 
5226.978158364241 88022583.49135698 68794.18778386129 
7920.970802697833 373322.93857855245 139.19591822457812 
8039.300705979524 389627.97177705297 128.09184279395464 
5611.4047598492525 2544642.1068243133 1206.7207145388745 
7744.4241534474495 437064.1612271004 131.54118375220875 
6691.634603246471 523920.953290172 335.6309329927048 
7589.194859464157 449582.8652535187 147.31089524356557 
5227.521360703622 25696509.826145735 15516.32276410729 
6886.027553179772 514889.6831785508 295.7065271073972 
6843.489563525591 523947.0502542149 266.38744015873453 
5528.073540722895 2349392.008265623 1228.048848598334 
7263.221870075357 458414.04488160403 201.34165597767216 
5226.97263135437 96800121.0139134 62351.123034402364 
5227.153797242815 46320415.753695354 24911.864139012414 
7183.741608434289 486039.0901384819 210.96349109562294 
5826.78236905945 1677369.5783941029 796.7872954336253 
5228.088973633245 20086252.71501083 11841.766084628887 
6609.599315340549 590765.322612416 369.65430658796197 
5751.670324964146 1803014.5165547216 819.053768261972 
6934.92820186249 473131.07448680094 326.90529405489235 
5423.608567356623 5260782.855192285 1426.1727365863721 
6256.661981635161 791191.2508780778 676.1777515283432 
5227.084070525894 104335640.65114315 37372.57665140261 
6303.1902208338815 936018.622403633 406.347245363078 
7682.259469987491 527329.1728950988 216.6060628008497 
5662.49243628031 2890569.2578093167 850.3380178637901 
5298.861115586702 11161236.317608066 2549.577169664611 
7300.453366901784 446333.33268037665 193.87262187030032 
6604.07390799718 801919.3165991529 288.2747067738907 
5231.1590199062775 47710462.069495134 7400.260377490395 
5480.696134613932 3478015.2029361944 1442.098446943739 
7656.676570535779 444734.90933758905 137.5443611912525 
5693.5884461047135 2668269.983822721 1082.3912869377364 
5343.587960517876 10489006.151861314 1946.0732110464335 
5858.429460130795 1625703.7053996134 729.1501252917233 
6540.840725248403 627972.7375750187 387.2381881617999 
5236.4573939675765 7641356.59898085 5825.472976817748 
5252.20720791014 24778937.315572422 4939.179001230053 
5227.228381792282 34948442.39912461 23572.886781881036 
5228.73392998716 54130802.965024784 9527.104709074427 
7896.304865159949 391895.2904597456 122.54110483975282 
5227.195400901956 51404792.63430955 22832.919989605107 
5227.392100554872 29693296.518793438 17572.364227779693 
5393.198519996059 4215233.59190652 1643.0837634904733 
6554.308447336089 766821.0008066323 301.149885523409 
5226.99108554855 73568898.71908894 60862.77786528321 
5731.079617294439 1617844.0158210332 843.661062243151 
5228.340734372977 13001138.616809696 10794.64170475394 
5233.9273865109735 14050048.012745583 8544.035683377002 
5227.372452130272 37283924.27936907 19129.029734623302 
5256.409808636117 6065595.516249971 4229.8449556407395 
5227.348364302156 41141904.82835873 20131.154402968783 
5227.470823005521 38016859.4271563 17267.233539465997 
5227.232890309745 45365508.10848254 20971.575048270814 
5494.21633651576 2891778.763750676 1273.679402995278 
5279.434038358642 10402687.57673223 3413.998913806835 
5227.049104717153 54877173.5762053 37321.837342574094 
6274.068213459753 720751.1133621772 515.5014481772018 
7332.969283556217 460718.00179089175 177.96101328898445 
5358.103629449255 6996422.101429755 2163.2709151208946 
5377.022073691852 6397208.172452296 2320.643052753534 
7620.974302821854 417590.23224408476 194.670728017706 
