5226.944211949483 1697612532.8752244 220558.44966136623 
11009.76468482409 351561.87838123355 92.55647852761066 
9363.495419641113 311940.0635239191 104.58660492533483 
5226.949991856842 325661047.25751114 129407.5149649507 
5226.951847878951 314982505.9540267 110740.58639442611 
5226.95387122531 168648256.57251632 98079.31782262716 
5226.957626153162 98567792.40543967 77197.42982238682 
8555.084366645538 343894.2328919776 114.99165958652404 
5226.957203877649 200476710.95206183 74611.16605993542 
8812.136791931129 322749.8449976847 90.03916211378986 
9127.283147934442 317091.835629265 102.89499496195093 
6185.940060758567 1018502.5842908444 391.3587277010936 
8959.819754088914 318945.9306460211 100.92282961932679 
5895.454470084965 1213009.0336643693 530.8580184385213 
8274.0417844796 371837.83570048556 87.69161731877105 
5226.974608342664 104668018.4132255 60063.690229757325 
5227.033367049712 77931247.99631687 44328.40833637663 
5227.1529160475175 50024930.38710306 27260.872737974103 
6964.428235666254 474176.7246146039 310.1906180532991 
7631.538271083618 498843.8865682059 178.21181236998316 
5226.964201943371 108590485.57004231 70297.49468546054 
5662.522229990113 2890245.2262962894 850.2875985680312 
5226.961094907254 97510823.83540669 67884.85283808697 
5226.976642322752 76681159.48323984 62669.30999682993 
5528.162604036294 2348589.180832043 1227.6911073307083 
5227.026502653293 67200812.68112959 49768.878889713254 
6728.072082051083 593434.8454598447 324.98809826816563 
5227.007364595101 84386554.85383984 53103.29492528912 
8147.215350407546 385048.64097030286 119.95987269817493 
7858.276644516925 374096.8813351182 147.00922991112103 
7715.854274979244 414898.3248362251 168.47588290669583 
7156.5589908682505 448357.6533843629 218.31283297005496 
5227.20973187719 44258214.77358664 35447.36653849471 
7348.852378456362 405800.12449594424 241.65037727891064 
5227.0488657929045 46958513.90304969 39232.45954320195 
7245.356362199204 464361.19459374325 204.74524989138058 
6856.107150080647 536101.00644187 266.426840304795 
6539.301661402965 623352.0044746791 452.6109013454858 
8248.592483529957 362472.44564133656 106.4449077441495 
6361.992649669431 713375.6833916509 375.2316535803107 
7227.060101572062 469839.5459309318 193.35965751037082 
6640.91883162452 602627.7359272377 352.14786950363526 
7967.433204508965 417303.5224454092 137.17295582035374 
7744.4241534474495 437064.1612271004 131.54118375220875 
8039.117707522064 389869.4970743854 126.13005140971218 
5227.228291879168 34845330.22114241 23174.312864329528 
5227.9862956063325 61363862.385908745 15650.907715981866 
6848.492660047668 593463.9552457588 395.6283506556459 
5826.04773962461 1630192.325919603 788.7995268281397 
5227.064868595995 181545137.086392 39849.433316425064 
5227.085263213825 74975236.64362088 36941.15453133924 
5285.800206725498 7784277.008921517 3522.4593261750792 
7427.006837611541 431980.8594581046 177.50651783193675 
5228.090038494771 20067603.418292042 11831.898069052724 
5226.99108554855 73568898.71908894 60862.77786528321 
6377.752638371495 791221.5941158768 396.62802783555486 
5751.670324964146 1803014.5165547216 819.053768261972 
5227.142747210579 56136489.30450421 34295.401269780195 
8061.839682434669 422896.73445938603 110.2257938166062 
7694.323316998133 439146.8969456524 136.98200247409042 
5731.115535154383 1617476.0523772708 844.6018072595598 
6256.661981635161 791191.2508780778 676.1777515283432 
5343.587960517876 10489006.151861314 1946.0732110464335 
6303.456183616989 935485.468752213 406.32815254961304 
5226.972709901011 92924919.32902302 61444.39846309424 
5282.151177296288 15604685.285257358 2344.8981072046668 
7089.170373857273 469552.1136636167 236.66794329869086 
5481.15916215106 3467952.184400654 1408.6021931713753 
5236.4573939675765 7641356.59898085 5825.472976817748 
5423.608567356623 5260782.855192285 1426.1727365863721 
7589.194859464157 449582.8652535187 147.31089524356557 
5231.1590199062775 47710462.069495134 7400.260377490395 
5227.233070285135 44950176.234445825 20860.195572121134 
5252.212531675915 24455888.692539845 4909.017260814947 
5227.52009478755 24592767.713199712 15283.86287228855 
5228.731564498028 53745051.527067535 9475.306177083552 
5228.340734372977 13001138.616809696 10794.64170475394 
5858.429460130795 1625703.7053996134 729.1501252917233 
6732.66668895012 652361.6682781118 435.7879502078098 
5256.44137457328 5894663.539428053 4184.739082155378 
5227.392100554872 29693296.518793438 17572.364227779693 
5227.3724199926555 36469388.278348595 18982.604612991618 
7865.725520180304 424307.7563748184 136.2791401546825 
7920.970802697833 373322.93857855245 139.19591822457812 
5227.470823005521 38016859.4271563 17267.233539465997 
5233.9338471158735 19136414.962465707 8476.903765842706 
5227.348364302156 41141904.82835873 20131.154402968783 
7643.4818866704345 399634.90108920453 235.88240716999857 
5227.196227612069 45318121.7339626 22750.450321738703 
5358.103629449255 6996422.101429755 2163.2709151208946 
6609.614200510112 590859.3937535789 369.68845789456196 
6571.746075582285 783629.7351152917 297.63949967271765 
7646.776466680019 434039.1294756318 140.50072064855684 
5494.21633651576 2891778.763750676 1273.679402995278 
5383.978865653171 8964482.581742993 1861.3766889541125 
7737.629942118974 428700.862318418 139.64935592462786 
6274.068213459753 720751.1133621772 515.5014481772018 
5393.336629479526 4212400.598835997 1641.2358326333742 
5888.723188673532 1401179.0451977649 645.4300242651643 
6837.539517719448 520946.39589412056 269.03147573521227 
