5226.959557413648 155952895.01135314 81780.36002777888 
12847.81703167398 301211.8670993157 64.23161715870862 
5226.963219862782 127155263.07362887 82484.90958984218 
13278.36555653748 303421.40057970706 59.949214306866104 
11167.765203326207 348738.53156063764 58.47905909322375 
5226.966265722677 123122436.13849863 72963.52091700555 
5226.975384681627 138863999.9180819 61147.2108597066 
12265.786694309187 325345.7884500009 88.50646803262582 
5227.007828953172 93310854.68482426 46758.239234979905 
5227.0159914743845 66777949.394037664 39970.083305087464 
5226.98236888702 113144825.561233 64275.64011995045 
5227.0843406744925 43984438.51671498 26679.437200138025 
5226.965370262333 133438267.88656414 67200.68785799354 
11226.878136563002 324191.0968563085 68.7449486685432 
5227.046871552816 74486932.4908809 37042.820192261526 
5227.062213546925 61665118.78996367 33159.0888584845 
5226.984705541254 108318969.70864154 61724.39053370068 
5227.001871078133 75423331.78151412 48127.375257774154 
5226.99000925273 100091064.40875432 51832.40090202192 
5226.99141784343 85496702.56817187 54658.50213708172 
9690.505613288764 336077.846239832 90.52694928464845 
5227.031514180366 56498271.6062712 38708.574916566584 
5227.0170096898055 86250811.47881421 40340.9552662825 
5227.141647113826 38247076.45518221 36448.72266496788 
5226.9917509562065 89523067.49549542 52097.329175606836 
5227.491448362539 52258284.94188869 17621.86632870332 
5226.990236077232 127044263.167408 55721.44892182801 
8328.108072416617 388595.41868296685 121.40101024815789 
10560.638710409394 380920.2187718156 76.7701983474593 
10118.981863543726 344909.34009179845 84.9660404183309 
5227.151924904502 62887123.61840681 24434.842502845942 
9181.924457787774 382037.7551465977 69.55326470910622 
8898.20161141783 340788.63563270366 144.5942605216232 
5229.801180091393 14174680.026324032 8867.49416836282 
5227.10225142512 47960688.163559325 25255.011000075567 
7007.841369566315 662840.8539945454 250.30160554522382 
5227.82683279922 29988671.900764536 13456.585523912021 
5227.180686291378 36897903.51737772 22114.656902045735 
5228.570115184196 18351131.22413093 10011.41406160739 
12852.426503103925 306913.34279805294 62.765638127325 
6005.68702049073 1711709.9438124355 741.2324859859085 
5227.04917067723 62545080.78188367 34494.77440299711 
6694.600894719419 558452.5549969021 302.7846021444036 
5741.950707331546 2129833.5118667344 879.6703892286266 
5227.200827213523 34204496.5069828 20759.19041072147 
5438.0264218211805 3097446.874912118 1318.7372148767186 
5227.032283042717 86098490.13606258 38600.54279496963 
5227.364811928221 31834544.110716168 21644.076555562628 
5227.604544052579 31851758.735246547 16464.875844707745 
5231.274342018953 23803921.409097552 7669.911040076218 
5228.079965082253 19737436.53126603 11791.904586002285 
8150.683666137046 408172.9550084977 148.85537549124948 
10805.915033021902 349420.98917903 72.48124227500733 
7186.808153195993 487837.7095181763 226.24008989168064 
5248.475107865386 7937797.090570953 4650.787090441662 
5378.218813189348 13015030.06847956 1914.0238167255316 
5227.6577563861265 22315690.238467768 14792.307284351511 
9904.992843975739 346015.5069000677 82.06008263442762 
5228.220642472996 22255533.516210694 10871.394709307619 
5607.389998701923 2308120.159416265 1047.4789124334002 
5318.503607483616 5884611.072874571 3174.629927067574 
7553.616661761729 445862.1678054788 176.33373778027064 
11033.448592655199 346149.6394867933 66.7363412011217 
5271.9086871168 5125757.84452068 3410.315962833974 
5232.29063176176 12407338.688204337 6779.198525440991 
5242.824065585538 8489712.433012899 5765.338015190385 
5331.44748641603 4650061.780983734 2486.366114962899 
5682.504365057365 3673841.435710909 918.5402737042027 
5227.4353846464755 35758921.25194673 17929.129662498875 
5232.063353117407 10735834.304900793 7235.292080420063 
5227.615668348465 20853262.893203154 16315.337194223086 
7324.534120812823 476698.67322875775 175.96119819919267 
6150.7839514450225 2658745.6085674954 543.6432035880846 
5227.971284606667 18873352.63783973 12342.523777714669 
7966.387105459537 413682.6084682221 166.31041819202005 
5246.978205694406 9443597.755940633 4970.947294350003 
6345.812820684884 693437.2130154645 315.78033307722944 
5227.451248348081 27450548.897980414 17572.611796567562 
7783.250665656148 431297.4393642221 170.4376292465679 
5227.314352484826 34210668.27500424 19628.631757790437 
9067.562819043633 480193.697687304 97.78568761342558 
6269.629865039275 901661.6206119065 400.938524537872 
6090.458177170556 1402483.0068821162 585.0374784305479 
10012.61248738959 346409.9041960357 81.40824546847954 
6535.261116276549 629385.3126808698 366.61561608254556 
8026.845269862972 439843.85676013574 170.75709850507457 
7616.200235746687 470983.3061858755 152.0357727663752 
9014.611427692162 348632.5611852816 108.543299915622 
7724.180095919159 453942.9712040144 162.03586923763817 
5227.170922082331 36636716.81052727 26022.587582074546 
10693.757192613477 365082.18101505394 68.35891339436652 
7313.568867650764 467234.53487100033 192.39111845514765 
6631.587623563591 654450.4362683618 307.87037931180953 
8291.007172955638 375528.86206492776 129.63464480664615 
9143.966211194327 423522.73874750925 83.0048520581426 
6315.181141082778 838635.6942714605 374.65099961894 
10713.826670726019 319853.39808650926 77.4619571138142 
8285.17157116665 396565.521589208 129.11389011947296 
6558.7060082418175 652651.5436510637 314.29514982137374 
5227.306332221508 36166875.40540302 19502.850837463702 
