5226.965510022698 216812315.74899906 73440.16372878088 
11161.809028481492 366144.3068162564 63.22622868863494 
13118.943453558364 314061.39793992497 69.95856078073794 
5226.971061405144 203303826.4997048 65455.75032340626 
5226.981793537531 191610233.206428 77740.68510465769 
5226.994997609041 153935420.28720298 69070.87705668254 
12743.10159574015 317413.0423594443 70.91195608841554 
5227.028301056835 68932642.40103744 46716.249010788226 
5226.984459218483 109533075.63869615 60921.52789881104 
5227.0425219601675 105285461.16804443 40955.49434090782 
5227.046752550852 95846544.09774198 37921.268788290574 
5227.031798718497 113045032.04021466 40495.0378218394 
10234.181395694479 346009.5187566322 85.53279590181806 
5227.18301963491 43136393.97866909 23186.490988569898 
9969.833287879801 349545.09454664635 93.72088616634288 
5227.050439790399 126824450.03552678 39531.83494010511 
5226.998250347239 80031826.87517264 45754.8123337962 
5227.203440328905 34214924.42359986 19891.840425287868 
9729.07217669757 355345.0993895949 89.83528535376125 
13040.907451932215 327792.54962855973 70.65616129191062 
5227.313443052381 40437884.78141115 18443.642844463386 
10724.938297458877 346232.84271322546 69.69649159331334 
5227.0448452177925 76616400.56742671 44021.89508980281 
5227.12453281388 43826023.19373878 29760.742364490012 
5227.762376570938 18818443.054171767 13787.01832507125 
5227.065104001674 87465915.71530083 32423.84842441529 
5227.074708162377 67728535.73612121 34758.21488373935 
5227.144963116917 53255681.560582906 27202.706929258977 
5231.265138742001 23986878.318682976 7726.705662562842 
5227.0925567515 57198251.381162144 36220.371756041 
5227.6189009136 22968936.924770676 15753.525999471502 
5227.0133998213705 87452515.67000656 44076.658978069376 
5228.085843622297 17110295.14417072 11599.036964531871 
5227.444641482632 28226397.43271196 17221.119453747146 
5227.063054821741 64243183.19589807 39202.72793421324 
9435.10458960832 418531.53782397445 74.85731135348271 
5227.102925550604 51337284.69891973 29061.46131726338 
5227.138504477565 62282045.5702155 26622.97923830961 
5227.058208634661 72946333.01634087 33681.207027972014 
10490.06390525045 347186.2275682923 68.98720123684609 
5232.295266096838 11969671.718768274 6725.236486477447 
7418.416394903092 470616.9354620388 153.34831799890037 
5227.078183769708 54019211.28686996 38458.984569390304 
5227.139796051644 49579411.176656224 29527.314590226393 
7587.269123710959 455415.5948888835 155.88359937493271 
5448.546473409261 3544380.70027793 1280.9326936673683 
5227.233516343909 32980680.69625069 24580.016599540268 
8920.06005521367 358352.20638116664 114.14243656906582 
5228.6308900540935 16714630.642885108 9339.825647488098 
7300.91688282135 462635.1787544962 193.01549989383443 
5614.325828068455 2098747.6598850843 993.3251215422486 
8288.339160122454 401338.2153597018 124.8568374134506 
5228.222213930208 21273128.51700579 10881.431507873613 
5247.076324290056 7419859.760772387 4932.940077767261 
5873.388977877081 1946833.2610669625 890.334418041066 
6853.209033316 538621.9867482174 261.8853930305596 
9989.268408118318 355593.0534084386 96.35165930525903 
5227.380038394494 33014885.621838227 17735.724567623212 
8078.467027442654 412275.2532386404 140.50985122590967 
7721.495162257976 454244.32155847765 162.24979800335524 
8736.530591424189 343298.34605180565 130.55700638259302 
8675.085977384546 384484.5962559348 105.66910204214729 
7130.950889553126 478602.2052023612 190.71695579258272 
9030.12215647065 343337.70928247256 108.65945857528668 
5318.262957341876 5868041.175145027 3171.669467968346 
6150.7839514450225 2658745.6085674954 543.6432035880846 
5301.881037771844 8903243.580219941 3399.0599435196305 
5271.9134830516805 5298520.777657328 3673.7895847955992 
6377.315939535794 685164.8536156594 297.23356128966435 
5765.812739228768 2142608.086632096 866.8542242513608 
7866.42377581865 436297.2744327459 163.30319965282712 
6533.742190229338 630750.4359473445 364.83006018195874 
6269.629865039275 901661.6206119065 400.938524537872 
9296.771381387969 422294.6363308565 75.71542560856572 
5248.480267063134 7486677.762955976 4635.209665245559 
5345.6172388601735 5397020.986839661 2205.2167030623723 
5228.575720338933 18019914.995757606 9979.405874904065 
8491.747803111657 368300.72301754315 107.337881777965 
5680.813456876884 2989664.5179938506 917.2082790264706 
6989.908088680035 521433.4476105699 249.7323014297253 
8368.957989548475 391816.70173876977 120.84574968267493 
6694.517645783147 558398.4768651152 302.7400040700492 
6007.00335498509 2044116.2235180712 793.8196406156834 
7936.8085792652155 416035.5964513265 173.2024706952312 
5231.48582270557 11577570.653806133 9693.117861625962 
6090.458177170556 1402483.0068821162 585.0374784305479 
5227.067938908289 58723390.19810463 40110.560908851345 
5378.212409118684 12975585.662028722 1913.7860195123644 
7063.006758813038 470491.0376075945 224.50039467317438 
5227.071816857991 68512146.9332049 29681.925371689114 
5424.942034919326 3439009.1773835076 1528.3749809773242 
6580.776639657783 734336.458037823 273.28531452463625 
8490.369486726031 398501.0349251644 116.84466646843224 
6020.668206441286 1514807.222883594 634.8610661615708 
6650.191210141695 611295.5971724022 338.4222170984558 
5385.211578838345 12422727.159800258 2045.2005212201152 
6994.973284798898 508434.89629614475 237.2488187453568 
6316.906731850354 710753.5161699783 310.0098781398168 
8032.215519344857 409346.730400075 171.39582113437393 
5227.172167836434 33751186.06722304 25049.513062267186 
