5226.948717288258 445208831.5973185 112699.14297057918 
5226.947366096232 389049950.6617001 119372.63383992834 
9871.23426592163 303231.0894133112 64.52840643422891 
5226.949858079384 302556193.0824548 88460.67575038472 
5226.9520742194045 94958604.7057019 76097.89708681477 
5226.950858732407 196670056.27620184 97015.44322889397 
5227.032727198632 58810817.29600993 39604.23318642711 
5226.980804983028 252313434.97945827 67405.92511723166 
5226.977707864805 274297491.46086764 57698.44605094733 
5227.01425989862 182998346.89205807 43700.05966330467 
9164.863638484656 371895.44053057575 74.66104756059666 
5226.952688987171 235884219.25649315 107245.81117290507 
5226.954256687671 73754743.35630181 65357.8248481327 
9631.15866379442 306223.1827736111 90.65819531885536 
5226.987712020687 70147598.6279858 53876.937587558416 
5227.016571012826 78946198.15352356 45136.92944424685 
5227.029729252821 111384437.12639686 42949.324224215874 
8870.680378330871 354772.11423353176 86.86754709388792 
8656.660820558813 344066.9267719431 103.42518197299032 
5227.152445918853 66299421.34521162 27057.913519279107 
7214.84328878979 475865.6024020485 176.48376769903518 
8793.071046718216 325111.14256166015 145.24441087439408 
8365.190130962841 362317.72112704965 128.964448243967 
6236.720373664884 827113.6873957809 484.49139327762083 
5227.12841314986 79040898.09953672 29971.40174487548 
6053.768113058396 859324.0053432966 463.0985533692455 
9794.183106262211 309840.4359219 65.57223689178159 
5226.987124100292 88545253.54474168 56720.71312733691 
7506.731314538703 474087.3856087852 130.41052622438923 
9632.623678553075 305554.5532323432 67.49226900849335 
7314.165314081494 411050.4361003047 187.0951896224604 
6588.866059103404 680932.3703195318 289.63401026537275 
7904.196972815624 408221.2769422264 107.89511606246958 
5226.9812897313395 72316002.9996455 58578.42112157229 
5226.963989448663 99916852.84504887 61376.554233700735 
5227.1035869637 42564793.50547474 35155.944317434405 
6688.42651917184 661368.6307992944 384.1296476575295 
5227.349416372457 38619868.2298428 18731.23299142469 
5227.037716362509 88930926.7074001 41512.672228870935 
8159.893199265663 368661.8907779897 101.53278397853087 
6888.928074870598 445628.9796617599 250.78393862263155 
5227.120492729322 46950953.3404255 29682.00964345668 
5227.074394939271 58916463.100732535 34074.44715635963 
5239.923686615517 15984528.10005714 5636.223360165673 
5227.09155145536 49411750.982118286 34126.77313937266 
5340.533467210709 12242142.938259179 1951.919932913854 
6410.359680990058 782770.0671677486 357.7382660960112 
6473.587739014111 716771.6754686736 347.50677699467053 
5228.359816767785 18433706.19378835 12094.780279766492 
7292.903077192264 432754.89905455784 173.74087473513845 
6306.650102618556 715905.4372634433 398.80410576228326 
5649.641910132378 1832058.8073499072 927.6735399983772 
5227.195032629213 33473419.49278926 24977.055507597186 
7647.884047177077 406910.52099327714 186.1958116092674 
8421.435800557518 387469.1315994341 89.3485556227879 
5232.833335895547 39842033.86766506 9202.978975439437 
5731.6022686637525 1850777.8761344752 774.5716858357655 
5234.845912273336 20455507.647234894 7538.411103315291 
5227.477714320263 28549960.017130535 20826.238105263088 
6771.494167677865 549867.3179442196 270.4402975693945 
5402.71441753297 6126046.009257707 2181.7766448993393 
5226.984185731719 72206493.91209586 58530.21628972577 
7539.484506934597 418534.10396349 182.7530253279085 
5227.636170195337 46168601.85371808 15638.788400562433 
5227.090747391565 48712391.358069554 41740.34811085831 
5228.1779877028375 25089105.0455354 13485.467914443627 
7022.877854923687 449286.934665398 221.8423172022076 
7080.4139082560505 470906.6676444473 173.41104137183848 
5428.920309538061 9397268.086468838 1676.923237371141 
5228.415085904844 15507166.549337605 9802.50914507201 
8017.291394350687 390875.12798534095 103.80580819711065 
5846.204160671266 1307412.96571722 634.8231102975476 
5227.176190319882 67077608.45068754 23998.068028779504 
5252.625358202585 6145294.020047652 4281.5609016562 
5789.6270902097285 1786981.6372637446 723.0299909214945 
5227.432882411229 57102027.01741731 17661.865966889305 
5467.3786260258885 3083701.9422163037 1352.8639946281528 
5499.322154193653 8227268.486795958 1347.0633917117077 
6008.078625683826 1711793.6831694602 521.209078460753 
6826.668537219664 517481.68869723397 313.8338648530856 
8061.737148987586 371047.50620088645 143.66119038233094 
5589.568140109246 2391007.194490592 1195.2356107161118 
5227.3556313442805 30200582.425374627 21290.53539764166 
5276.169137315726 14920261.609835433 3451.0595111365196 
5282.576621379281 53434699.49234522 2731.722465351106 
7770.66727850218 420413.61779309093 127.268105095693 
5941.419534152439 1238918.7328017931 551.3213750028906 
7758.257034404993 403553.46172486397 127.48368217745073 
5552.14372609521 2485308.7115746504 1274.7334195269939 
8136.717724944512 401377.8692188789 100.4105386376189 
5228.03398159417 23148553.925508898 15930.251729077292 
5298.836166508972 6314612.317143582 2506.586705880009 
7805.416143829852 384788.5532446117 140.66170557421685 
5908.120994275942 1270517.2227379715 570.2710848253637 
5232.915324515934 13612726.148072952 7884.47510879162 
8495.336016499927 353782.25209254463 105.17827591212276 
8515.246822830311 327970.6234740682 116.8898653978563 
5227.702508346655 30027220.124794014 16963.34158101501 
5228.200635048225 17830649.764987294 13222.296689877763 
5227.386409304097 23883462.62090583 22173.685053854784 
