5226.9452528304355 1850736754.192705 216071.25179637392 
9535.37210482371 331943.50263792364 104.79167115922799 
5226.947254024983 3145938049.252073 215571.30017923366 
5226.948062352442 110049299.26342593 87459.27723279202 
9450.060539658964 314516.5919969791 114.83007413478529 
5226.9499862775765 154805922.58874947 75186.81901726178 
9078.332270272349 321421.6652650583 104.39051502841754 
8642.832020707607 341973.98302168475 108.71341950928124 
8424.875426752054 358024.373436196 96.60018397041196 
5226.95656917594 149875522.3701227 72741.99787545794 
8998.414451619064 334314.25921818626 121.51738295658707 
5226.956665534902 101753893.05621792 72753.72260361002 
6654.183482961941 648451.6058111691 363.0685959930888 
8179.725438671188 354045.8159019275 122.87295167859332 
7982.314147981007 359364.96555028483 123.52797357282084 
6886.752214868613 770698.9738278047 260.60971459733764 
5757.513085493981 1769528.2618672922 777.2402692405362 
7119.5408856599215 721055.1353986559 266.6297089113201 
6915.572293805282 536284.524580853 269.34702470229075 
5227.074106810475 40735362.88920095 27707.319866169542 
8636.463716775608 356415.64325184963 97.49628205078122 
5227.05951731649 64630142.47486948 36225.770071484905 
5226.96310865157 83329713.14977774 62900.68722375719 
5226.953459415437 108623799.84804286 85250.98223945258 
6444.363937363305 800063.5419435046 383.6615316951197 
6640.104569574016 627448.4345325406 370.536811496184 
6275.113836311683 741960.517270981 486.82401723463653 
5227.239516299244 41854020.644723535 20671.513730925355 
7431.032579587307 484777.06229875435 190.98410119965848 
5227.382197589768 33455590.01793733 25437.458533623158 
5227.031716560055 54595101.526256 42545.78273864315 
6161.236216803171 1313177.5319352178 614.0784155843644 
5227.052883752266 81508188.78538139 37208.45870931393 
8281.213753570097 359070.4277496699 116.40055396634436 
5986.154959590307 1483350.7778375805 642.3685672689393 
5624.257684113212 2626693.190301733 1115.1448594494634 
5285.720742216681 7186808.810910004 3413.1154793382157 
5870.556259020063 1515336.072230415 705.9934021668763 
7531.48769133942 423740.99480097945 184.69352869623032 
5526.8890955171455 2204430.0119258035 1211.5659363692178 
6466.660265718618 676825.3210819304 490.4266459995996 
5418.894692965032 4650292.616677638 1594.2952083291423 
5228.34404018781 15381317.859881599 11050.02217524344 
5491.705313436187 2886820.145688644 1243.948196870502 
5343.447167719223 50727183.0840756 2157.5851661104216 
5227.015136843502 76338175.21250275 46676.69465802093 
5895.283763886312 2288157.1458829576 687.112782699902 
6260.632331509827 810850.4760966271 417.24612699207813 
5226.965511670806 83354693.14655764 60274.232265800325 
5226.975408685887 95592170.30294298 57873.93643128833 
7319.171687409935 520497.59463103575 192.7119409561408 
5226.993220415298 60111601.44400479 49766.38739207019 
7359.896441249494 471003.2922942459 224.78676364128225 
7246.084776316529 466553.0435895386 231.168267305536 
5227.028958284211 65596797.375593886 43127.3985874706 
5227.376989402833 63809796.95204536 18965.557667568268 
5226.9842999038565 64448544.16063133 54513.93092394607 
5621.691829323158 2052303.5188310426 1184.0229676029464 
7729.960102272262 394022.13644159405 204.3288111517848 
5256.281429853299 6176384.2584561575 3986.1985029244956 
7836.647498565496 408928.4738067094 127.2580174190455 
5226.986222261363 97765827.426395 48508.832226092694 
5226.983874005767 91076937.28372002 52196.54253985129 
6055.343051133788 1720979.0985407068 594.7313618330854 
5226.958806481661 108103307.13376777 76815.31852388335 
8268.642545992097 492583.76410672814 113.92805326805227 
7670.13677431575 416317.1485930623 192.61880988922283 
5231.162623032911 11329987.416070212 7338.599144973664 
5228.726085060792 15890873.39011533 8827.219566988473 
5226.977365189026 90074082.33875675 59076.638238752574 
6109.862603240883 1773369.3539612754 557.612229792588 
7901.741266060102 379633.3256862609 122.16944258410719 
5226.954624082883 111593682.6087899 73947.59959748028 
5226.978006104187 76925795.7781096 53907.617026730404 
5227.3918567084875 22294645.769668538 17032.35642665729 
5227.287125504399 26651875.766461566 27092.002134421582 
8957.268039093655 342850.8847809681 86.83143049465002 
5237.3221875470845 34528277.41240948 5385.4335529348555 
7867.943503908918 391413.33211243845 147.97372267254644 
5382.427183780393 4743431.081188042 1854.7122579458226 
7564.0853289085335 544217.3760822817 161.6295671882665 
7623.093052786748 419340.8969274985 143.3952232419979 
5227.623345152424 24009751.684525464 16039.71441885403 
5226.994535806012 78560108.08019125 45883.3716469063 
5358.1532167668065 7085943.042999916 2168.0788194308834 
5227.911747802872 16127285.735457469 13560.991381601576 
8637.632888988932 342575.36222778144 93.69780002287852 
6079.702524397734 1771631.2607532924 560.2694063192602 
5231.6328522027325 15775534.111295428 6022.66619338754 
7637.237216617521 431683.23064082453 148.0779121213676 
5226.959463980116 91640203.82984316 63795.78900952419 
5227.638221408461 23058448.777467582 14256.285703196456 
7773.914970381016 384396.7744302432 160.1636379870687 
7159.215628979038 594520.0240628035 226.91359730827241 
7769.2908562479815 431515.19154174894 145.59581233927787 
7212.660320894101 546781.7257057871 204.68403139334632 
7174.732445050876 501090.5079132151 259.31359943314135 
7204.352748808249 576869.3889070485 184.63656531414205 
7898.588205901087 407313.5532101117 147.47835863546277 
5226.956909577766 109144138.69128928 76301.84559958108 
