6083.281855297999 2593334.5496817674 912.8718155636716 
5720.95668192824 4204448.8392698085 1148.5332046125397 
5579.763139292707 4463678.081593199 1457.3520619157064 
5245.860699003093 16591610.844465295 5075.392609678192 
5687.350849489577 3251058.115295762 1226.4379271522496 
5443.268575632626 3735943.998436053 2157.7706622460923 
6039.003457182629 4390062.033728578 1066.465682402974 
5491.750639368091 3512047.3732751943 1845.9329620772096 
5484.994285274388 4451872.984612627 1622.5952966475888 
5604.552162508243 3544922.7490067147 1353.9918156403887 
6073.563314426416 2050096.9508209443 1080.260599483247 
5510.656254299267 3430818.4424688327 1715.5698856591928 
6024.185835388352 2348791.8297623578 1110.8748710026377 
8368.629003605109 843932.126332104 205.27334079009887 
5228.809201935151 38159046.52508364 14653.345277314413 
5245.026565357362 9514669.069342138 5829.456143067018 
5510.406905271392 4165485.102442935 1526.2682206292675 
7454.311270361395 967471.7646742037 338.8967531472853 
6689.012962646253 922112.0099008525 507.01820547486295 
5228.2016587642265 51577074.98717342 18219.81773195705 
5404.683663077809 5553655.330636408 1938.4949233988737 
8190.178520438904 788762.0884865914 233.91642060225684 
5236.0678854237985 15019592.788880521 8361.91146479922 
5764.409052340015 2415066.2891368023 1205.4732309484434 
5383.044100897338 4965535.343236863 1586.2830218105091 
6041.742709149248 2444389.722313186 1010.1172049146257 
6048.853686451502 2976415.7250773013 966.8201460947694 
7474.075452821534 1053591.7238817466 460.4541226833521 
5625.928085886568 3640715.5095240534 1266.8351075102867 
5969.917767822848 2691439.3856087467 1086.297226775831 
6511.390588781687 1406704.081449476 655.8132469403009 
10017.650723094535 1043957.0479860664 169.1202495245806 
5228.892849142842 67898420.54923533 14266.463150985193 
5237.747663314913 14317179.419507321 6183.806826109464 
5232.230671777556 26255156.27001084 9860.541090514102 
5234.465773128421 21663561.25531111 8548.551189238797 
5228.547087020131 41244822.67531754 15119.301273868634 
5235.453791083181 12477502.21426885 8970.700539105897 
5268.998048795307 7584274.680072473 4124.973930088244 
5303.375535343712 6244414.716931202 2819.0841158226954 
5235.111404283018 13686592.744115386 9047.732967191876 
5239.017789811759 10352134.017139338 6615.748594954901 
5390.149366922584 4771898.728894813 2026.8699808685947 
6888.152297065832 985306.0600296161 436.7213972383997 
5230.263654398927 28159872.014890812 11580.961947937874 
5235.0741045967625 52693200.99141487 8678.234525059755 
5324.936178519585 9173671.159923956 2102.4753215688556 
5239.200455806309 12226219.35875336 6166.275595962984 
5417.722818388724 6306540.159013132 1817.8023478267096 
6207.308036066101 1720735.8595643323 809.8242904318258 
5229.4532034540925 24579409.372324947 12120.526301258364 
5242.996070810159 8075219.990548981 5859.002753427707 
5266.15185377736 8947165.49885169 4280.421715997071 
5230.268617500706 28057383.42864423 11585.081322182341 
5228.1889430710835 54675765.43081522 15752.34135871313 
5641.9993026451075 3302975.4308841187 1357.3632321131176 
9174.759943619987 840786.6636575933 302.10877303269615 
5245.17233007901 9037071.31526392 5520.688092749293 
5474.8549299005945 5851548.561666099 1756.5637014982465 
5230.555012070805 20250520.881284904 10271.082149950518 
7197.523192327313 991366.4424579774 358.3919804920854 
5304.427982100064 6162722.405834479 2968.3965893747786 
5252.125437478922 10803392.376037328 4887.828903099714 
5406.499792087916 7903370.723926957 1726.7659371662055 
6150.382319613172 2719887.3836720153 870.1337363733098 
5236.028401893691 14885359.621425478 8522.550008886763 
5228.176047944564 58573498.36216354 19214.063773590962 
5228.708236315229 40713198.13765428 15964.365536584406 
5228.39154271274 49226191.82387239 16946.783035616783 
5232.258341673982 19996526.7433273 9136.463397709644 
7159.2259534717505 1441244.7901570455 409.8772895737585 
5286.254126306955 6011748.194484667 3455.5657758454095 
5234.485146295157 16239512.71086284 8737.797868194211 
5259.1895774318555 6041894.983017823 4479.76607711143 
6314.46900416431 1422139.1116841522 645.5196873477415 
5238.209430368713 11831238.475936493 5693.436470884381 
5474.89348315686 5851542.6417923 1756.5677696292312 
5474.773559660042 5852506.262282257 1756.8291171349372 
8639.304793112833 924095.527244556 269.74166699743677 
9006.496622339097 1410692.011940969 227.9834311273474 
7561.633884947744 976884.8938784671 427.2359312549888 
5228.287024781787 61302299.17882398 19727.206641102315 
5229.505409280917 41442153.93058152 13691.439584169917 
8644.90139873462 977649.4302026283 276.2056990266082 
5228.636750004312 49356093.01637402 15416.736455613694 
5228.43079865674 52632586.69765704 18058.148356401136 
7655.260124592333 1185678.2733216812 397.02030799602016 
5233.211726703769 29174802.44498113 9677.70998511925 
6958.879931871621 1094820.7311388117 456.788445917808 
5631.881359215943 9506002.625589997 2351.748426292967 
5236.689050648763 16995273.325392425 8338.75540964051 
5230.2924361397445 31432696.920931432 11558.31161740994 
6091.135515108347 25822002.82690753 1576.9165836292252 
5228.599825008332 50539483.209815934 17079.08524303478 
6606.882426307933 2164211.538757434 707.8700131474128 
5232.4056761454485 23180052.08435534 9764.214722166424 
5230.900333499213 23260243.36865009 10442.632964079776 
5229.5906831781695 25628532.14123409 12414.957506299445 
5296.474511140989 15106293.95836309 4267.117470292171 
6248.927751487763 5160029.579151466 840.4000485314682 
