5226.958915552172 215872389.73556924 80882.72933141349 
11544.97286777129 303492.23626602604 84.64985990483694 
10631.56201654885 319841.87005265354 65.60494070938746 
5226.960598286087 211064200.52090627 80161.26370058428 
5227.000614046999 128659553.98850785 39076.149627596074 
5226.963854386449 105273082.05931135 67610.57189261357 
5226.97908389694 66778591.90277138 50836.24749792108 
5226.97623423568 215381029.65479013 68565.04888616243 
9934.049108764988 339639.5952766448 70.66880048351858 
5226.990227478189 86548234.45108747 49505.342877196716 
5227.0092531211285 56343402.654669344 44613.61440594697 
10865.979325707214 311947.04097362846 72.66521201780787 
5227.070870135325 59690998.88490172 28134.644355004228 
5227.078935418534 32901329.636842493 31072.02542627358 
5226.993111137253 61712162.323584765 45108.531832396184 
5748.141646319964 2307488.8728532507 882.1059652779427 
5226.991931021357 64710768.97295368 51130.486931374784 
10478.567499697849 379519.9319425677 66.41557978775695 
5227.113271574702 74448619.83328398 23423.65828877112 
5227.027356055221 82249919.21163253 36830.71457866068 
6014.273379440847 1274746.3362600638 637.4135454773026 
9455.499348801404 333522.39326948137 96.34115485231891 
5529.092219705277 2408221.0483543095 1162.7868887277532 
5227.009016942883 74607894.59932968 38956.08293311288 
5227.038558075025 46073348.44000267 34009.13178588691 
9244.85119338878 366221.8643577227 72.93642722987396 
5227.118096286042 33074112.64623757 28951.192607193938 
8660.48821135319 350542.9424157077 101.44806856971536 
6704.666075269463 586291.7949978467 338.28567585498575 
5227.115762660187 30121279.698312175 33860.56250892546 
5227.227250444701 22489037.44827055 25000.73645606514 
5227.143071090446 29131437.31324827 20101.784043618623 
6949.1985266980355 516622.99280402716 302.1825477860525 
6613.663108438135 732025.8486561608 368.6943461202921 
10370.822349758873 325363.1316158886 93.04698071734305 
5228.465097145508 29664057.366996318 10162.643621042658 
6116.90195537748 1094294.0566571183 531.0916363703861 
9303.808009070093 338545.4630940831 97.46367206231014 
7358.340325537264 443774.9609788404 241.43743677572138 
8913.682051843029 363386.41275811096 86.1590695777939 
5227.281240336295 27783461.007003263 18163.291338294457 
8925.855238281272 352266.40557539964 93.3201034242744 
6319.379098226308 729933.1239705055 392.7621999554822 
5227.572940716559 21740645.919341534 13762.610779974873 
5415.564818694492 2628823.352716043 1363.6705002188162 
5229.280948247064 16677707.36118355 9308.673719965658 
5228.67527658681 18095848.64679101 11198.231180313087 
5243.273503316746 7225372.70480681 6592.4688252596225 
5227.012387263814 45377916.989849895 36908.72385778098 
6269.529248330293 942453.8130128762 425.2674333868829 
7216.8534597690705 464382.90878668975 234.2383199187779 
8557.937082599587 383199.71912653645 94.59464603098932 
8279.531443629501 377738.2355117825 114.54275351799532 
5227.971486685348 22974237.996702947 11822.995833330435 
7639.859566676242 556270.567469097 149.97783713578292 
5248.482676895476 15923431.745848926 4748.510310175782 
5228.500814260872 14198754.155476343 17548.90440673048 
5370.855799036783 5027684.12728253 3306.5972016826818 
5229.79617501704 13256879.391901085 8006.0363019286415 
8166.015473138204 386991.8054189827 127.11358338156323 
5227.078589538232 42094581.28150068 27823.323631850726 
5227.049387486213 43990508.52875471 33349.456698092865 
5230.656185721786 11920114.070341889 7729.542496600689 
5302.758566793604 6963982.676167261 2380.814751449577 
5227.423780284529 23630139.059410177 15000.07698407605 
5353.407999699869 6267549.24829676 2121.602693403273 
7748.863131798831 437998.8217513857 147.9544593561508 
5253.400041845047 10422483.784688655 6170.141432802196 
5227.16174572883 28068183.38142027 23497.85824810548 
7030.9669356411105 628569.9829583473 289.5951739972123 
5227.389234229526 24314238.83066368 16218.79178840555 
5227.955165383586 24068611.201889742 13462.845569568219 
5227.192181401208 23294268.765787397 19305.593248562476 
6607.50425325407 595188.7759744333 354.8165605330738 
9517.762382263661 342269.88754066895 76.77853650774557 
8450.545390626734 372063.9531090351 99.52712781670671 
8024.051431622296 413486.7642177437 122.16811701538506 
5272.094707127636 6140173.576798705 3494.6210887612474 
8495.574118496439 357403.53306224715 99.94933180130587 
7483.408614643927 448851.44514193456 230.9031855210213 
7827.809221821604 408433.9433165482 143.40845954722522 
5237.776902618504 10909285.830321364 5249.655788945554 
7104.101752008681 522500.4812678124 223.80608350283217 
7147.133714993255 511541.8608272265 283.54450157113325 
8046.944803339078 418561.60207215906 112.24533839716824 
5295.049399634396 4132024.4747009706 3431.380295429811 
5227.3764204744475 28810533.255288854 16431.92362164624 
5227.499409497068 23357443.201806292 15868.578619717371 
5231.6178224588 10582638.482437469 5939.233436734503 
5266.9899674605995 5775830.002743149 4896.329250251194 
7562.599630169763 428362.0252291495 158.88037602054797 
7804.091489744135 424693.15436609 167.51685724861974 
8123.740544057642 394738.5991083057 140.77784227954513 
8127.875362676943 388552.2959699673 137.0974942950832 
8006.8098783780215 395533.25910420873 192.8932960103133 
7491.70501121611 434422.3595888454 220.39977634576545 
7555.846804287356 468253.0642319476 197.59009283771184 
7972.668361057087 404083.50811886496 122.89814586155981 
5228.027080080108 22325351.165097453 11278.662788943566 
6315.118939464248 825519.4537816725 508.1933031418042 
