10282.1720838212 303220.65104083397 62.94703281352217 
5226.952002218611 242004049.18182024 120698.78701041907 
5226.952007377985 228372622.78381968 111684.2999591388 
9392.608390497684 305135.17070505855 90.41185447095835 
5226.954150913907 101312470.67516753 72211.44527116443 
5226.970669840608 61978212.18511817 54590.88506905123 
5226.966405856085 80700702.86941867 68197.1038263789 
5227.035715844969 44613894.94834815 34662.72402221773 
7537.54636560714 388259.30066121166 118.40176104754232 
8525.86070122126 331932.89222483366 116.66209753991176 
5227.011400009146 56505548.251660384 43104.78567419056 
7836.335821619105 401622.9476391502 111.89906981652143 
5227.064919882987 42097238.668950185 42541.99661809674 
8848.239184695725 326159.3650920922 136.24968592894297 
5227.200802274772 34976156.646454826 25564.396637854035 
5227.090475969367 53093352.22565538 29381.98231252811 
5227.067408720567 42342300.769984074 30471.510396212503 
5227.1472373133565 44639379.25594401 24710.518582136996 
7358.925884309227 428064.86335175287 136.5376483913736 
5728.183826297013 1609186.0575689636 787.519365125887 
5877.99101610971 1086665.9028667505 591.9368647879108 
7200.457915400299 490211.8998495571 195.5385223614707 
8150.884528604072 362019.1138854195 111.10969104090057 
8407.990254808441 330802.12872419966 131.9796578653651 
9188.945040217752 319186.55659071374 99.41712477792572 
5232.919814000304 9391293.369492939 7779.028269197517 
5227.009500616035 54313163.216525115 43544.24776589656 
7080.024176446538 465482.58382132393 198.98656346856242 
5237.096888578856 11076395.306909576 5481.827059642056 
9073.11180420035 312831.93299535534 100.74394055394978 
6097.395943994231 969279.4908679875 491.641084683593 
6579.0245786840505 569571.6945905766 383.65783425749345 
7279.209430575111 484141.7226994584 179.838821358191 
7018.306269161494 495679.2272061412 205.38769005788322 
8281.915306096183 341707.25395666226 116.96487010950355 
8963.073024163867 308160.8060641012 123.12745372178603 
6688.904425509996 517850.5524922203 308.18790386908637 
5988.408187822644 1046606.8850088893 487.79945425766465 
6943.385634766268 470689.8786052021 319.94241446502735 
8257.999724369058 350253.6335653367 162.85177928566802 
5227.210195237768 28198143.34977474 22165.883068533803 
5227.220670559108 32622480.48357809 21241.438500324744 
9270.885722493593 311629.45071973506 88.37929392712903 
5228.231241637183 21918400.04990521 12488.21957492056 
5954.524800960621 1113085.1636371638 532.3067407642887 
5447.755133786005 2865787.9707912873 1339.9060653938045 
5340.587892598354 12202194.143107178 1947.5967692186146 
5295.175395313702 6203331.909582385 2419.127772555987 
5227.64107003201 19987411.02358735 13793.144155397531 
5353.914199562201 3644431.2044585804 1799.4295142369351 
6224.912893128609 811807.5768696453 401.59513993769013 
6492.625267699965 622608.9292469075 293.53022444049145 
5228.425732981718 18963952.015238583 10073.181030138812 
5276.136655910629 14947815.002896016 3449.8986972242237 
6854.097231501613 764647.0790498429 240.82083281588515 
5387.182730354497 6228932.261961501 1604.5212363819235 
9766.393443092802 304733.7720870066 93.14813186016885 
6378.654385519221 737585.3328870008 367.597024521344 
5232.607878614747 14872582.414960437 9068.619423229446 
6722.432183649107 716502.9429737431 257.9277702032844 
8042.457005045183 359899.9845318677 139.602513146815 
9017.061310954501 322787.0352685655 79.31928098364821 
5227.2875565741415 29817485.60495085 18714.164096849392 
5294.900601033403 7754476.273982556 2773.7918631243165 
7938.69739621723 366424.87216950645 135.5905578739141 
7941.913474257862 375918.6667921361 116.28338455920812 
5231.114733944092 18197677.419958692 15545.766200524722 
6287.806175170123 626814.2982099154 377.92682084472364 
5647.998838127697 2075257.4250716898 915.4942435395158 
6412.093683457057 613537.0572139861 425.88536725449455 
5227.286744383182 26940824.548234425 19856.376363729214 
5227.368976451593 24546829.825868603 17024.528009232465 
8057.010408476735 361226.3061196706 114.59562450102115 
6798.4805758946495 498986.2293123591 262.2516811948304 
5231.352405375115 13349742.916335305 13322.45696285155 
5231.777728774392 15733475.412217598 11697.707005812617 
5227.602363103321 29669774.939820305 15223.511185809795 
6525.920869385579 571204.5513704653 409.5927174857481 
5491.897585228696 2832051.5385552305 1348.7215750133169 
5228.202615799272 24867518.996944398 11252.541653972918 
6818.06711277813 495332.08781480254 238.78769189269224 
5227.3423311716915 29174395.37966868 17688.077513593395 
9265.934196422539 310065.30330727703 89.68744639868649 
5227.366007804743 25924230.455760393 16410.70636902299 
6148.039326454336 713548.2982585746 471.426466744518 
5244.519563775988 6516081.613134312 4406.66607997946 
5252.669907671079 6421683.797572721 4496.251584912305 
5227.101560103354 32229238.90620227 29607.099863016858 
5553.148424161197 2809349.7860811483 1066.2797389749185 
5523.366027850853 2349975.006848364 1246.8070266114973 
6149.357022738926 938198.0495158645 487.8439741512949 
5609.648565779943 2641874.3014388243 1194.301305752781 
5227.937331878309 27286645.55046547 12090.897336322429 
5585.006414082178 2404551.4048965815 1226.4845949407465 
5227.33791658503 26395068.82623499 18114.696887131748 
6278.377868401215 658930.7425262467 423.7872223616027 
5640.3822718003585 1969878.9520122563 1016.7577040427961 
6392.555961646314 729550.7552745545 352.2978143154405 
8850.516824033142 319114.5642046568 111.87053806587664 
8052.642148806521 355662.19625300326 141.53762636284944 
